3 0 0.027921 0.37831 0.001708 0.359917 0.835088 0 
3 0.021277 0.02633 0.323267 0.001394 0.323925 0.814035 0 
3 0.042553 0.034586 0.272092 0.001653 0.380373 0.729825 0 
3 0.06383 0.027291 0.242934 0.001653 0.351113 0.729825 0 
3 0.085106 0.023838 0.210503 0.00108 0.286898 0.798684 0 
3 0.106383 0.021226 0.201726 0.000845 0.256344 0.842544 0 
3 0.12766 0.021226 0.195329 0.000841 0.235629 0.842544 0 
3 0.148936 0.023508 0.20485 0.000841 0.23796 0.842544 0 
3 0.170213 0.030353 0.235644 0.000841 0.255049 0.842544 0 
3 0.191489 0.042392 0.271348 0.001292 0.286898 0.852632 1 
3 0.212766 0.040891 0.35183 0.001988 0.347488 0.860965 1 
3 0.234043 0.05245 0.426064 0.002314 0.41274 0.770175 1 
3 0.255319 0.025339 0.459387 0.001614 0.503884 0.722807 0 
3 0.276596 0.027621 0.535406 0.001776 0.57768 0.659211 0 
3 0.297872 0.027531 0.575573 0.001759 0.542206 0.767982 0 
3 0.319149 0.027741 0.619756 0.001753 0.548938 0.815351 0 
3 0.340426 0.033746 0.679857 0.00215 0.561626 0.738596 0 
3 0.361702 0.028011 0.714817 0.001797 0.565251 0.725439 0 
3 0.382979 0.028552 0.729098 0.001809 0.572501 0.759211 0 
3 0.404255 0.107572 0.741297 0.00683 0.590109 0.775877 1 
3 0.425532 0.072715 0.759447 0.004659 0.599689 0.741228 1 
3 0.446809 0.057163 0.780571 0.003673 0.604091 0.716667 1 
3 0.468085 0.054912 0.787712 0.003544 0.600207 0.704825 1 
3 0.489362 0.235469 0.797233 0.01523 0.60668 0.764474 1 
3 0.510638 0.059265 0.807944 0.00386 0.612377 0.687719 1 
3 0.531915 0.053981 0.806159 0.003529 0.62144 0.678947 1 
3 0.553191 0.055362 0.812705 0.003614 0.621699 0.68114 1 
3 0.574468 0.046475 0.809432 0.003051 0.617038 0.65307 1 
3 0.595745 0.043503 0.810622 0.002873 0.612895 0.655263 0 
3 0.617021 0.047316 0.811961 0.003124 0.614966 0.622807 1 
3 0.638298 0.060706 0.816126 0.004013 0.620145 0.651316 1 
3 0.659574 0.057073 0.813597 0.003774 0.626359 0.647368 1 
3 0.680851 0.040141 0.785778 0.002669 0.615743 0.595175 0 
3 0.702128 0.034556 0.758554 0.002277 0.596323 0.667544 0 
3 0.723404 0.028462 0.707081 0.001843 0.547126 0.765789 0 
3 0.744681 0.027411 0.675097 0.001737 0.492491 0.902632 0 
3 0.765957 0.02681 0.637459 0.001683 0.451838 0.928509 0 
3 0.787234 0.02657 0.604582 0.001653 0.408597 0.915789 0 
3 0.808511 0.027261 0.606218 0.001653 0.400311 0.915789 0 
3 0.829787 0.027321 0.601012 0.001653 0.420508 0.89386 0 
3 0.851064 0.02654 0.564267 0.001653 0.431124 0.846491 0 
3 0.87234 0.02609 0.512645 0.001653 0.408079 0.784649 0 
3 0.893617 0.027051 0.524695 0.001653 0.360435 0.890351 0 
3 0.914894 0.02654 0.513538 0.001653 0.321854 0.850439 0 
3 0.93617 0.02678 0.510562 0.001653 0.31072 0.907018 0 
3 0.957447 0.027261 0.493603 0.001653 0.303988 0.926754 0 
3 0.978723 0.047286 0.46266 0.001969 0.386328 0.826316 1 
3 1 0.027981 0.419369 0.001653 0.382185 0.826316 0 
