2 0 0.054612 0.415501 0.003467 0.422915 0.414912 0 
2 0.021277 0.058725 0.390955 0.003467 0.422915 0.414912 1 
2 0.042553 0.058725 0.365516 0.003467 0.422915 0.414912 1 
2 0.06383 0.053621 0.310771 0.003467 0.422915 0.414912 0 
2 0.085106 0.053621 0.256769 0.003467 0.422915 0.414912 0 
2 0.106383 0.048037 0.221958 0.003467 0.422915 0.414912 0 
2 0.12766 0.058725 0.184469 0.003467 0.422915 0.414912 1 
2 0.148936 0.053621 0.16022 0.003467 0.422915 0.414912 0 
2 0.170213 0.046655 0.145939 0.003467 0.422915 0.414912 0 
2 0.191489 0.046836 0.146236 0.003467 0.422915 0.414912 0 
2 0.212766 0.047766 0.176733 0.003467 0.422915 0.414912 0 
2 0.234043 0.047766 0.222702 0.003467 0.422915 0.414912 0 
2 0.255319 0.051759 0.311514 0.003467 0.422915 0.414912 0 
2 0.276596 0.053321 0.399732 0.003467 0.422915 0.414912 0 
2 0.297872 0.053321 0.398245 0.003467 0.422915 0.414912 0 
2 0.319149 0.053321 0.444511 0.003467 0.422915 0.414912 0 
2 0.340426 0.057974 0.467569 0.003467 0.422915 0.414912 0 
2 0.361702 0.057974 0.473669 0.003467 0.422915 0.414912 0 
2 0.382979 0.058815 0.512943 0.003467 0.422915 0.414912 1 
2 0.404255 0.064309 0.527819 0.003467 0.422915 0.414912 1 
2 0.425532 0.057974 0.52291 0.003467 0.422915 0.414912 1 
2 0.446809 0.054612 0.502231 0.003467 0.422915 0.414912 0 
2 0.468085 0.053321 0.50238 0.003467 0.422915 0.414912 0 
2 0.489362 0.054612 0.50238 0.003467 0.422915 0.414912 0 
2 0.510638 0.054612 0.502231 0.003467 0.422915 0.414912 0 
2 0.531915 0.057974 0.49881 0.003467 0.422915 0.414912 1 
2 0.553191 0.053321 0.50119 0.003467 0.422915 0.414912 0 
2 0.574468 0.053321 0.498959 0.003467 0.422915 0.414912 0 
2 0.595745 0.053321 0.497025 0.003467 0.422915 0.414912 0 
2 0.617021 0.053321 0.492115 0.003467 0.422915 0.414912 0 
2 0.638298 0.053321 0.481702 0.003467 0.422915 0.414912 0 
2 0.659574 0.053321 0.480363 0.003467 0.422915 0.414912 0 
2 0.680851 0.053321 0.483933 0.003467 0.422915 0.414912 0 
2 0.702128 0.053321 0.498512 0.003467 0.422915 0.414912 0 
2 0.723404 0.054612 0.525736 0.003467 0.422915 0.414912 0 
2 0.744681 0.080851 0.585242 0.003467 0.422915 0.414912 1 
2 0.765957 0.110034 0.578846 0.003467 0.422915 0.414912 1 
2 0.787234 0.088597 0.546712 0.003467 0.422915 0.414912 1 
2 0.808511 0.054612 0.502231 0.003467 0.422915 0.414912 0 
2 0.829787 0.054612 0.45909 0.003467 0.422915 0.414912 0 
2 0.851064 0.054612 0.437072 0.003467 0.422915 0.414912 0 
2 0.87234 0.053321 0.41089 0.003467 0.422915 0.414912 0 
2 0.893617 0.053321 0.375186 0.003467 0.422915 0.414912 0 
2 0.914894 0.053321 0.349598 0.003467 0.422915 0.414912 0 
2 0.93617 0.053291 0.403303 0.003467 0.422915 0.414912 0 
2 0.957447 0.051759 0.430229 0.003467 0.422915 0.414912 0 
2 0.978723 0.053291 0.43737 0.003467 0.422915 0.414912 0 
2 1 0.053321 0.43856 0.003467 0.422915 0.414912 0 
