3 0 0.028161 0.353913 0.001049 0.347488 0.727193 1 
3 0.021277 0.027111 0.298572 0.000935 0.307872 0.771053 0 
3 0.042553 0.027111 0.243082 0.00156 0.367426 0.661404 0 
3 0.06383 0.026991 0.210354 0.001749 0.337908 0.702632 0 
3 0.085106 0.026991 0.181791 0.001169 0.29363 0.727193 0 
3 0.106383 0.02669 0.172121 0.000841 0.255049 0.733772 0 
3 0.12766 0.02567 0.163195 0.000841 0.237183 0.755702 0 
3 0.148936 0.02669 0.172865 0.000841 0.230709 0.771053 0 
3 0.170213 0.030443 0.195478 0.000858 0.246763 0.771053 1 
3 0.191489 0.034496 0.231181 0.001913 0.258156 0.774561 1 
3 0.212766 0.037468 0.294555 0.002366 0.317452 0.694737 1 
3 0.234043 0.03957 0.358524 0.002588 0.364578 0.613158 1 
3 0.255319 0.034526 0.391699 0.002283 0.434231 0.519737 1 
3 0.276596 0.030053 0.458494 0.002 0.493527 0.482895 1 
3 0.297872 0.029062 0.502975 0.001924 0.486794 0.545614 1 
3 0.319149 0.029002 0.553258 0.001907 0.500518 0.560965 1 
3 0.340426 0.034676 0.619905 0.002266 0.520197 0.554386 1 
3 0.361702 0.035097 0.644451 0.002285 0.520456 0.583772 1 
3 0.382979 0.033295 0.64698 0.00216 0.531331 0.566667 1 
3 0.404255 0.033686 0.651145 0.002183 0.541688 0.572807 1 
3 0.425532 0.033956 0.656501 0.0022 0.544019 0.582895 1 
3 0.446809 0.035247 0.673609 0.002279 0.556706 0.588596 1 
3 0.468085 0.033836 0.684023 0.002177 0.540394 0.631579 1 
3 0.489362 0.036418 0.700536 0.002335 0.556189 0.608333 1 
3 0.510638 0.035997 0.706189 0.002304 0.570689 0.587719 1 
3 0.531915 0.037198 0.710503 0.002393 0.584671 0.554825 1 
3 0.553191 0.036508 0.711693 0.002341 0.577939 0.585965 1 
3 0.574468 0.035157 0.695775 0.002262 0.592957 0.583333 1 
3 0.595745 0.033926 0.686403 0.002206 0.598136 0.599561 1 
3 0.617021 0.033415 0.672865 0.002146 0.599689 0.584649 1 
3 0.638298 0.033656 0.662898 0.002162 0.59943 0.592105 1 
3 0.659574 0.031494 0.659774 0.001994 0.59943 0.589474 1 
3 0.680851 0.030083 0.628979 0.001946 0.592439 0.622368 0 
3 0.702128 0.030203 0.615739 0.001959 0.573278 0.657456 0 
3 0.723404 0.029723 0.584201 0.001813 0.535733 0.675877 0 
3 0.744681 0.028762 0.546861 0.001878 0.486277 0.757895 0 
3 0.765957 0.028251 0.509223 0.00183 0.44666 0.815351 0 
3 0.787234 0.027471 0.481256 0.001616 0.413257 0.783772 0 
3 0.808511 0.027531 0.463255 0.001413 0.391766 0.700439 0 
3 0.829787 0.027741 0.473669 0.001244 0.393061 0.696053 0 
3 0.851064 0.027771 0.444064 0.001111 0.408079 0.659211 0 
3 0.87234 0.027501 0.413567 0.00124 0.401088 0.657018 0 
3 0.893617 0.028011 0.440345 0.001043 0.36898 0.661404 0 
3 0.914894 0.027741 0.444213 0.000877 0.337131 0.705263 0 
3 0.93617 0.028191 0.454478 0.001014 0.323666 0.705263 0 
3 0.957447 0.028191 0.447486 0.001012 0.314604 0.705263 0 
3 0.978723 0.028822 0.433353 0.001352 0.408597 0.639474 0 
3 1 0.028822 0.396162 0.001014 0.394873 0.639474 0 
