1 0 0.047526 0.274323 0.003467 0.422915 0.414912 0 
1 0.021277 0.047526 0.249777 0.003467 0.422915 0.414912 0 
1 0.042553 0.047526 0.232966 0.003467 0.422915 0.414912 0 
1 0.06383 0.045965 0.195478 0.003467 0.422915 0.414912 0 
1 0.085106 0.044494 0.160815 0.003467 0.422915 0.414912 0 
1 0.106383 0.044494 0.141625 0.003467 0.422915 0.414912 0 
1 0.12766 0.057464 0.120054 0.003467 0.422915 0.414912 0 
1 0.148936 0.061277 0.106813 0.003467 0.422915 0.414912 0 
1 0.170213 0.059926 0.103392 0.003467 0.422915 0.414912 0 
1 0.191489 0.059926 0.114996 0.003467 0.422915 0.414912 0 
1 0.212766 0.046445 0.13731 0.003467 0.422915 0.414912 0 
1 0.234043 0.046445 0.182535 0.003467 0.422915 0.414912 0 
1 0.255319 0.059926 0.279084 0.003467 0.422915 0.414912 0 
1 0.276596 0.074847 0.371021 0.003467 0.422915 0.414912 1 
1 0.297872 0.059926 0.359714 0.003467 0.422915 0.414912 0 
1 0.319149 0.074847 0.414609 0.003467 0.422915 0.414912 1 
1 0.340426 0.076468 0.435882 0.003467 0.422915 0.414912 1 
1 0.361702 0.076468 0.446147 0.003467 0.422915 0.414912 1 
1 0.382979 0.074847 0.492562 0.003467 0.422915 0.414912 1 
1 0.404255 0.082353 0.51562 0.003467 0.422915 0.414912 1 
1 0.425532 0.082353 0.502975 0.003467 0.422915 0.414912 1 
1 0.446809 0.074847 0.487206 0.003467 0.422915 0.414912 1 
1 0.468085 0.059926 0.486016 0.003467 0.422915 0.414912 0 
1 0.489362 0.059926 0.484677 0.003467 0.422915 0.414912 0 
1 0.510638 0.059926 0.484826 0.003467 0.422915 0.414912 0 
1 0.531915 0.059926 0.475454 0.003467 0.422915 0.414912 0 
1 0.553191 0.057464 0.476346 0.003467 0.422915 0.414912 0 
1 0.574468 0.059926 0.473966 0.003467 0.422915 0.414912 0 
1 0.595745 0.059505 0.464148 0.003467 0.422915 0.414912 0 
1 0.617021 0.082353 0.459685 0.003467 0.422915 0.414912 1 
1 0.638298 0.086376 0.452841 0.003467 0.422915 0.414912 1 
1 0.659574 0.082353 0.454627 0.003467 0.422915 0.414912 1 
1 0.680851 0.086376 0.45909 0.003467 0.422915 0.414912 1 
1 0.702128 0.087937 0.464148 0.003467 0.422915 0.414912 1 
1 0.723404 0.086376 0.462809 0.003467 0.422915 0.414912 1 
1 0.744681 0.089618 0.480958 0.003467 0.422915 0.414912 1 
1 0.765957 0.089618 0.494793 0.003467 0.422915 0.414912 1 
1 0.787234 0.089618 0.515025 0.003467 0.422915 0.414912 1 
1 0.808511 0.076468 0.484082 0.003467 0.422915 0.414912 1 
1 0.829787 0.074847 0.443767 0.003467 0.422915 0.414912 1 
1 0.851064 0.074847 0.421154 0.003467 0.422915 0.414912 1 
1 0.87234 0.074607 0.396757 0.003467 0.422915 0.414912 1 
1 0.893617 0.059926 0.359268 0.003467 0.422915 0.414912 0 
1 0.914894 0.047286 0.322374 0.003467 0.422915 0.414912 0 
1 0.93617 0.057794 0.373996 0.003467 0.422915 0.414912 0 
1 0.957447 0.074607 0.401815 0.003467 0.422915 0.414912 1 
1 0.978723 0.057794 0.415799 0.003467 0.422915 0.414912 0 
1 1 0.057464 0.412972 0.003467 0.422915 0.414912 0 
