2 0 0.047766 0.314936 0.003151 0.34464 0.572807 1 
2 0.021277 0.043653 0.27953 0.002887 0.31564 0.573246 0 
2 0.042553 0.044164 0.253198 0.002939 0.372605 0.511404 0 
2 0.06383 0.042542 0.219726 0.002831 0.339461 0.548684 0 
2 0.085106 0.043443 0.191015 0.002877 0.312015 0.573246 0 
2 0.106383 0.041582 0.16751 0.00274 0.264371 0.60307 0 
2 0.12766 0.029002 0.143112 0.001911 0.227861 0.613596 0 
2 0.148936 0.02648 0.135971 0.001739 0.195495 0.635088 0 
2 0.170213 0.032905 0.140732 0.002167 0.185137 0.620175 0 
2 0.191489 0.031134 0.145939 0.002044 0.179441 0.625877 0 
2 0.212766 0.035097 0.180452 0.002302 0.189798 0.676316 0 
2 0.234043 0.036298 0.218982 0.002389 0.217504 0.615789 0 
2 0.255319 0.05311 0.304522 0.003535 0.291818 0.597368 1 
2 0.276596 0.047796 0.398245 0.003197 0.380891 0.479825 1 
2 0.297872 0.040891 0.408361 0.00274 0.42957 0.489474 0 
2 0.319149 0.074577 0.475305 0.004969 0.492491 0.482895 1 
2 0.340426 0.085745 0.50848 0.005708 0.527965 0.491667 1 
2 0.361702 0.084244 0.525885 0.005602 0.538322 0.492105 1 
2 0.382979 0.090399 0.574234 0.005947 0.551787 0.495175 1 
2 0.404255 0.089438 0.590449 0.005852 0.551787 0.478509 1 
2 0.425532 0.089138 0.582416 0.005835 0.544278 0.510526 1 
2 0.446809 0.089288 0.574085 0.005856 0.553599 0.456579 1 
2 0.468085 0.086946 0.559952 0.00571 0.545831 0.512719 1 
2 0.489362 0.086946 0.556233 0.0057 0.516054 0.594298 1 
2 0.510638 0.085805 0.552663 0.005596 0.480321 0.570175 1 
2 0.531915 0.089138 0.553109 0.00581 0.539617 0.529825 1 
2 0.553191 0.089138 0.547605 0.00582 0.554117 0.493421 1 
2 0.574468 0.089618 0.550431 0.005835 0.568358 0.471491 1 
2 0.595745 0.090068 0.542696 0.005881 0.57276 0.461404 1 
2 0.617021 0.089288 0.530497 0.005843 0.575091 0.477632 1 
2 0.638298 0.088057 0.523802 0.005762 0.562403 0.55 1 
2 0.659574 0.088597 0.539274 0.005777 0.567323 0.519298 1 
2 0.680851 0.089768 0.55906 0.005872 0.573278 0.513596 1 
2 0.702128 0.090849 0.568878 0.005953 0.586484 0.42807 1 
2 0.723404 0.090249 0.576465 0.005908 0.612895 0.398684 1 
2 0.744681 0.090999 0.595359 0.005955 0.643967 0.400439 1 
2 0.765957 0.090399 0.598334 0.005922 0.624806 0.421053 1 
2 0.787234 0.089498 0.593127 0.005858 0.616261 0.386842 1 
2 0.808511 0.088057 0.547754 0.005831 0.623252 0.387719 1 
2 0.829787 0.084124 0.511901 0.005629 0.610564 0.389474 1 
2 0.851064 0.054431 0.480661 0.003671 0.573537 0.393421 0 
2 0.87234 0.046866 0.456114 0.003162 0.545313 0.384649 0 
2 0.893617 0.043353 0.412526 0.002919 0.502589 0.361842 0 
2 0.914894 0.041552 0.382029 0.002811 0.470741 0.355263 0 
2 0.93617 0.088177 0.433799 0.005937 0.438892 0.501754 1 
2 0.957447 0.055812 0.458941 0.003762 0.426981 0.460526 0 
2 0.978723 0.086616 0.472181 0.005883 0.52175 0.394737 1 
2 1 0.083043 0.462957 0.00564 0.513206 0.450877 1 
