4 0 0.028822 0.350193 0.001685 0.382703 0.75307 1 
4 0.021277 0.029242 0.293216 0.001685 0.34956 0.750439 1 
4 0.042553 0.030593 0.236834 0.001685 0.399016 0.692982 1 
4 0.06383 0.035187 0.200684 0.000841 0.36173 0.666667 1 
4 0.085106 0.030533 0.165724 0.000839 0.321077 0.688596 1 
4 0.106383 0.027321 0.157245 0.000829 0.279648 0.710526 0 
4 0.12766 0.028582 0.150104 0.000829 0.260746 0.697368 1 
4 0.148936 0.029783 0.155162 0.000827 0.261005 0.697368 1 
4 0.170213 0.03945 0.187295 0.001689 0.276282 0.699561 1 
4 0.191489 0.048877 0.226867 0.002661 0.2913 0.737281 1 
4 0.212766 0.05269 0.30482 0.003033 0.363801 0.750877 1 
4 0.234043 0.051819 0.39155 0.002925 0.422838 0.662719 1 
4 0.255319 0.027321 0.412824 0.001645 0.528224 0.606579 0 
4 0.276596 0.027831 0.468908 0.001809 0.608493 0.591667 0 
4 0.297872 0.0263 0.490628 0.001685 0.582859 0.594737 0 
4 0.319149 0.02687 0.509521 0.001712 0.593216 0.663158 0 
4 0.340426 0.043383 0.558911 0.002757 0.612118 0.65 1 
4 0.361702 0.028011 0.585242 0.00178 0.634127 0.627193 0 
4 0.382979 0.02669 0.581375 0.001689 0.636458 0.570175 0 
4 0.404255 0.027021 0.579441 0.001712 0.698084 0.54386 0 
4 0.425532 0.027651 0.584647 0.001764 0.718281 0.516228 0 
4 0.446809 0.028432 0.591491 0.001813 0.724754 0.535965 0 
4 0.468085 0.028792 0.588218 0.00184 0.739772 0.531579 0 
4 0.489362 0.029542 0.591193 0.001894 0.743656 0.37807 0 
4 0.510638 0.033085 0.602648 0.00215 0.776023 0.305702 1 
4 0.531915 0.032335 0.607111 0.002108 0.786121 0.302193 1 
4 0.553191 0.036778 0.610533 0.002414 0.79363 0.284649 1 
4 0.574468 0.034286 0.607855 0.002258 0.790782 0.266228 1 
4 0.595745 0.034286 0.615144 0.002256 0.790523 0.260965 1 
4 0.617021 0.032575 0.620054 0.002135 0.789228 0.254825 1 
4 0.638298 0.037649 0.633294 0.002528 0.804505 0.210965 1 
4 0.659574 0.034046 0.637757 0.002235 0.793889 0.223246 1 
4 0.680851 0.033085 0.614698 0.002164 0.773175 0.294298 1 
4 0.702128 0.029993 0.604136 0.001951 0.726567 0.407895 0 
4 0.723404 0.029332 0.559209 0.001903 0.648369 0.496491 0 
4 0.744681 0.027531 0.534365 0.001784 0.577939 0.597807 0 
4 0.765957 0.027081 0.497173 0.001764 0.519679 0.625 0 
4 0.787234 0.027741 0.481107 0.001809 0.490937 0.609649 0 
4 0.808511 0.028221 0.501339 0.001843 0.474883 0.62807 0 
4 0.829787 0.028221 0.502975 0.001845 0.488607 0.597368 0 
4 0.851064 0.02648 0.472032 0.001732 0.480321 0.635526 0 
4 0.87234 0.026 0.424725 0.001691 0.439669 0.656579 0 
4 0.893617 0.028762 0.445552 0.001874 0.406525 0.718421 0 
4 0.914894 0.027021 0.44942 0.001747 0.363542 0.752193 0 
4 0.93617 0.028792 0.454627 0.001689 0.342828 0.782895 0 
4 0.957447 0.029362 0.451205 0.001689 0.337131 0.816228 0 
4 0.978723 0.046115 0.434246 0.003 0.412998 0.689474 1 
4 1 0.034796 0.397054 0.002179 0.402641 0.772368 1 
