6 0 0.094031 0.60845 0.006138 0.51217 0.688158 1 
6 0.021277 0.096043 0.586135 0.006236 0.491196 0.674123 1 
6 0.042553 0.083914 0.549241 0.005501 0.548938 0.625 1 
6 0.06383 0.05254 0.498661 0.003427 0.535733 0.609649 0 
6 0.085106 0.037889 0.443767 0.002464 0.497152 0.628509 0 
6 0.106383 0.06542 0.392145 0.004225 0.466857 0.662281 0 
6 0.12766 0.072475 0.341714 0.004649 0.454687 0.685965 0 
6 0.148936 0.03933 0.312258 0.002513 0.431642 0.705263 0 
6 0.170213 0.074306 0.286373 0.004715 0.421284 0.790789 0 
6 0.191489 0.047076 0.284737 0.002987 0.407043 0.792544 0 
6 0.212766 0.064909 0.316275 0.004117 0.413516 0.796491 0 
6 0.234043 0.060856 0.366558 0.003895 0.438892 0.727193 0 
6 0.255319 0.10517 0.479768 0.006807 0.504143 0.690789 1 
6 0.276596 0.137054 0.615888 0.008932 0.588296 0.665351 1 
6 0.297872 0.103639 0.680303 0.007015 0.635681 0.49693 1 
6 0.319149 0.400024 0.777298 0.027266 0.71854 0.482018 1 
6 0.340426 0.866068 0.800357 0.059229 0.766442 0.332895 1 
6 0.361702 0.540981 0.777745 0.037148 0.761264 0.35614 1 
6 0.382979 0.218356 0.775811 0.014971 0.772139 0.314912 1 
6 0.404255 0.110904 0.75186 0.007588 0.771362 0.307895 1 
6 0.425532 0.116609 0.731032 0.00802 0.775764 0.276316 1 
6 0.446809 0.112015 0.697263 0.007754 0.757121 0.24386 1 
6 0.468085 0.096854 0.67465 0.006734 0.734335 0.259649 0 
6 0.489362 0.050318 0.652336 0.003517 0.702745 0.269737 0 
6 0.510638 0.06596 0.63255 0.004612 0.657172 0.273684 0 
6 0.531915 0.051549 0.617673 0.003635 0.668824 0.194737 0 
6 0.553191 0.060166 0.589854 0.004258 0.698861 0.181579 0 
6 0.574468 0.051969 0.582118 0.003687 0.702486 0.15 0 
6 0.595745 0.028822 0.56144 0.002056 0.689798 0.181579 0 
6 0.617021 0.032905 0.548051 0.002349 0.675039 0.160965 0 
6 0.638298 0.028792 0.536745 0.002061 0.659244 0.20307 0 
6 0.659574 0.027501 0.549985 0.001967 0.64552 0.186842 0 
6 0.680851 0.027261 0.581523 0.001955 0.632315 0.166667 0 
6 0.702128 0.068812 0.644154 0.004873 0.663646 0.235526 0 
6 0.723404 0.106311 0.753645 0.007879 0.737701 0.292982 0 
6 0.744681 0.137775 0.809729 0.009452 0.792077 0.271491 1 
6 0.765957 0.098685 0.819548 0.006705 0.765924 0.303509 0 
6 0.787234 0.088597 0.80482 0.006024 0.724495 0.288596 0 
6 0.808511 0.062808 0.766587 0.004325 0.67711 0.250439 0 
6 0.829787 0.061967 0.745611 0.004287 0.645262 0.325439 0 
6 0.851064 0.045425 0.713924 0.003145 0.607198 0.353509 0 
6 0.87234 0.057884 0.687891 0.003995 0.584153 0.361404 0 
6 0.893617 0.05326 0.652782 0.003675 0.544795 0.398684 0 
6 0.914894 0.028522 0.610681 0.00199 0.509581 0.382456 0 
6 0.93617 0.086766 0.634781 0.005947 0.480839 0.529825 0 
6 0.957447 0.10472 0.636418 0.007083 0.46116 0.520614 0 
6 0.978723 0.133812 0.630616 0.009094 0.529518 0.464035 1 
6 1 0.130659 0.615293 0.008781 0.510098 0.551754 1 
