5 0 0.075868 0.459833 0.003467 0.422915 0.414912 1 
5 0.021277 0.075868 0.434543 0.003467 0.422915 0.414912 1 
5 0.042553 0.074517 0.395567 0.003467 0.422915 0.414912 1 
5 0.06383 0.075267 0.327879 0.003467 0.422915 0.414912 1 
5 0.085106 0.075868 0.273282 0.003467 0.422915 0.414912 1 
5 0.106383 0.074517 0.232223 0.003467 0.422915 0.414912 1 
5 0.12766 0.073976 0.187295 0.003467 0.422915 0.414912 1 
5 0.148936 0.073976 0.164237 0.003467 0.422915 0.414912 1 
5 0.170213 0.076948 0.154418 0.003467 0.422915 0.414912 1 
5 0.191489 0.074367 0.159625 0.003467 0.422915 0.414912 1 
5 0.212766 0.074367 0.182981 0.003467 0.422915 0.414912 1 
5 0.234043 0.076948 0.226867 0.003467 0.422915 0.414912 1 
5 0.255319 0.077999 0.314192 0.003467 0.422915 0.414912 1 
5 0.276596 0.077039 0.401517 0.003467 0.422915 0.414912 1 
5 0.297872 0.089798 0.405832 0.003467 0.422915 0.414912 1 
5 0.319149 0.089798 0.457751 0.003467 0.422915 0.414912 1 
5 0.340426 0.089798 0.496727 0.003467 0.422915 0.414912 1 
5 0.361702 0.089798 0.500595 0.003467 0.422915 0.414912 1 
5 0.382979 0.149664 0.542101 0.003467 0.422915 0.414912 1 
5 0.404255 0.089798 0.550878 0.003467 0.422915 0.414912 1 
5 0.425532 0.089798 0.535257 0.003467 0.422915 0.414912 1 
5 0.446809 0.089798 0.516662 0.003467 0.422915 0.414912 1 
5 0.468085 0.047676 0.50476 0.003467 0.422915 0.414912 0 
5 0.489362 0.146902 0.495537 0.003467 0.422915 0.414912 1 
5 0.510638 0.193287 0.485272 0.003467 0.422915 0.414912 1 
5 0.531915 0.193287 0.482594 0.003467 0.422915 0.414912 1 
5 0.553191 0.194548 0.473371 0.003467 0.422915 0.414912 1 
5 0.574468 0.193287 0.468164 0.003467 0.422915 0.414912 1 
5 0.595745 0.139636 0.461619 0.003467 0.422915 0.414912 1 
5 0.617021 0.149664 0.456709 0.003467 0.422915 0.414912 1 
5 0.638298 0.089798 0.439453 0.003467 0.422915 0.414912 1 
5 0.659574 0.089798 0.438411 0.003467 0.422915 0.414912 1 
5 0.680851 0.06626 0.441684 0.003467 0.422915 0.414912 0 
5 0.702128 0.089798 0.458792 0.003467 0.422915 0.414912 1 
5 0.723404 0.089798 0.499554 0.003467 0.422915 0.414912 1 
5 0.744681 0.077039 0.54939 0.003467 0.422915 0.414912 0 
5 0.765957 0.047586 0.53377 0.003467 0.422915 0.414912 0 
5 0.787234 0.076948 0.505504 0.003467 0.422915 0.414912 0 
5 0.808511 0.076948 0.458346 0.003467 0.422915 0.414912 0 
5 0.829787 0.074036 0.429485 0.003467 0.422915 0.414912 0 
5 0.851064 0.047586 0.399137 0.003467 0.422915 0.414912 0 
5 0.87234 0.047586 0.376525 0.003467 0.422915 0.414912 0 
5 0.893617 0.072835 0.352127 0.003467 0.422915 0.414912 0 
5 0.914894 0.047586 0.309283 0.003467 0.422915 0.414912 0 
5 0.93617 0.072835 0.381434 0.003467 0.422915 0.414912 0 
5 0.957447 0.074367 0.408956 0.003467 0.422915 0.414912 0 
5 0.978723 0.093611 0.43856 0.003467 0.422915 0.414912 1 
5 1 0.149664 0.435436 0.003467 0.422915 0.414912 1 
