3 0 0.07854 0.481702 0.005152 0.462196 0.627632 1 
3 0.021277 0.075447 0.477685 0.004828 0.435526 0.678509 1 
3 0.042553 0.081032 0.448527 0.005343 0.496116 0.527632 1 
3 0.06383 0.074336 0.397352 0.004867 0.474107 0.604825 1 
3 0.085106 0.066621 0.339631 0.004364 0.43216 0.628947 0 
3 0.106383 0.063288 0.290539 0.004138 0.388918 0.659649 0 
3 0.12766 0.045394 0.24576 0.002956 0.351113 0.627632 0 
3 0.148936 0.042572 0.218536 0.002781 0.315122 0.637719 0 
3 0.170213 0.044584 0.199345 0.002908 0.292077 0.697368 0 
3 0.191489 0.042933 0.197411 0.002777 0.279648 0.748684 0 
3 0.212766 0.05203 0.219131 0.003357 0.296996 0.770614 0 
3 0.234043 0.048637 0.280274 0.003157 0.327033 0.697807 0 
3 0.255319 0.069563 0.390062 0.004616 0.410409 0.569737 1 
3 0.276596 0.073946 0.487504 0.004917 0.478767 0.525 1 
3 0.297872 0.045755 0.491372 0.003047 0.513206 0.465789 0 
3 0.319149 0.073106 0.544035 0.004902 0.576126 0.453947 1 
3 0.340426 0.071664 0.550878 0.004813 0.604868 0.432456 1 
3 0.361702 0.051309 0.532282 0.003473 0.605904 0.407895 0 
3 0.382979 0.06596 0.569027 0.004443 0.598136 0.523246 0 
3 0.404255 0.071785 0.571556 0.004794 0.591662 0.476316 1 
3 0.425532 0.066561 0.555638 0.004454 0.581823 0.498246 0 
3 0.446809 0.070734 0.541208 0.004736 0.57535 0.474123 1 
3 0.468085 0.059535 0.494347 0.004017 0.568876 0.473246 0 
3 0.489362 0.074156 0.51324 0.004942 0.56551 0.499123 1 
3 0.510638 0.068722 0.502529 0.004574 0.549974 0.50614 1 
3 0.531915 0.071544 0.495686 0.004765 0.545572 0.490351 1 
3 0.553191 0.072235 0.486909 0.004823 0.56059 0.480263 1 
3 0.574468 0.074847 0.480065 0.004992 0.562144 0.486404 1 
3 0.595745 0.074997 0.478727 0.004973 0.551787 0.500877 1 
3 0.617021 0.061066 0.464743 0.004069 0.540911 0.52193 0 
3 0.638298 0.056083 0.463999 0.003747 0.527188 0.511842 0 
3 0.659574 0.05326 0.469057 0.003556 0.52175 0.518421 0 
3 0.680851 0.05308 0.473073 0.003556 0.520197 0.516667 0 
3 0.702128 0.072055 0.482297 0.004817 0.525634 0.519298 1 
3 0.723404 0.055242 0.505802 0.003702 0.53392 0.495175 0 
3 0.744681 0.061096 0.568581 0.004086 0.562144 0.493421 0 
3 0.765957 0.078179 0.624368 0.005208 0.607198 0.454825 1 
3 0.787234 0.074547 0.617078 0.005014 0.618591 0.377193 1 
3 0.808511 0.063618 0.581672 0.004306 0.580787 0.437719 0 
3 0.829787 0.044374 0.550431 0.002993 0.548938 0.505702 0 
3 0.851064 0.057494 0.526927 0.003878 0.524858 0.489474 0 
3 0.87234 0.045124 0.513091 0.00306 0.494045 0.491228 0 
3 0.893617 0.043833 0.47352 0.002958 0.460124 0.482456 0 
3 0.914894 0.042542 0.437072 0.002858 0.430088 0.478509 0 
3 0.93617 0.055152 0.476941 0.003673 0.401346 0.61886 0 
3 0.957447 0.053621 0.485719 0.003544 0.390212 0.592982 0 
3 0.978723 0.07881 0.493752 0.005197 0.480839 0.642105 1 
3 1 0.075567 0.493901 0.004923 0.481098 0.649123 1 
