7 0 0.035037 0.453139 0.002329 0.375194 0.592544 1 
7 0.021277 0.032725 0.43737 0.002173 0.348783 0.587719 0 
7 0.042553 0.051279 0.398988 0.003425 0.396945 0.557456 1 
7 0.06383 0.035667 0.340821 0.002358 0.371828 0.590351 1 
7 0.085106 0.028942 0.274026 0.001824 0.324702 0.590351 0 
7 0.106383 0.028281 0.226569 0.001838 0.300104 0.624561 0 
7 0.12766 0.027411 0.186403 0.00177 0.26696 0.650439 0 
7 0.148936 0.0263 0.155013 0.001735 0.247022 0.624561 0 
7 0.170213 0.017383 0.13374 0.00103 0.226567 0.713158 0 
7 0.191489 0.013871 0.124963 0.000904 0.218799 0.769737 0 
7 0.212766 0.014321 0.132847 0.000929 0.20637 0.762281 0 
7 0.234043 0.020416 0.146831 0.001319 0.213102 0.778509 0 
7 0.255319 0.025399 0.184171 0.001643 0.220611 0.745614 0 
7 0.276596 0.029032 0.21571 0.001878 0.243656 0.730702 0 
7 0.297872 0.048577 0.268373 0.002792 0.235111 0.746491 1 
7 0.319149 0.043683 0.340821 0.00216 0.2768 0.738596 1 
7 0.340426 0.044674 0.409253 0.002904 0.315122 0.700877 1 
7 0.361702 0.102798 0.452544 0.006691 0.342828 0.711404 1 
7 0.382979 0.135853 0.487652 0.008872 0.370274 0.724123 1 
7 0.404255 0.096974 0.487652 0.003932 0.377784 0.694737 1 
7 0.425532 0.157079 0.488099 0.008116 0.388141 0.707456 1 
7 0.446809 0.19776 0.475007 0.002312 0.384257 0.694737 1 
7 0.468085 0.212952 0.464891 0.002335 0.380632 0.694737 1 
7 0.489362 0.121532 0.450164 0.00603 0.375453 0.738596 1 
7 0.510638 0.135973 0.446445 0.003961 0.369757 0.738596 1 
7 0.531915 0.196199 0.430973 0.003386 0.36406 0.738596 1 
7 0.553191 0.156539 0.41208 0.003691 0.369757 0.738596 1 
7 0.574468 0.06623 0.400922 0.004265 0.359658 0.777632 1 
7 0.595745 0.082323 0.384409 0.002509 0.346453 0.738596 1 
7 0.617021 0.037318 0.375632 0.002123 0.340756 0.738596 0 
7 0.638298 0.041311 0.374888 0.002152 0.330658 0.738596 0 
7 0.659574 0.05224 0.383814 0.002088 0.336613 0.738596 0 
7 0.680851 0.056293 0.39884 0.003639 0.353444 0.760965 0 
7 0.702128 0.525219 0.446445 0.002462 0.392543 0.694737 1 
7 0.723404 0.082953 0.497471 0.005341 0.440186 0.704825 1 
7 0.744681 0.374204 0.559804 0.024831 0.497152 0.62807 1 
7 0.765957 0.082293 0.548646 0.005469 0.489125 0.667982 1 
7 0.787234 0.071424 0.518744 0.004713 0.467374 0.609649 0 
7 0.808511 0.087456 0.476644 0.005835 0.410927 0.586404 1 
7 0.829787 0.087727 0.439453 0.005829 0.407561 0.592105 1 
7 0.851064 0.074397 0.410295 0.004904 0.3739 0.680702 0 
7 0.87234 0.064969 0.389021 0.004252 0.352926 0.653509 0 
7 0.893617 0.059685 0.368492 0.003901 0.331693 0.695175 0 
7 0.914894 0.036358 0.341565 0.002362 0.316157 0.690789 0 
7 0.93617 0.141167 0.367599 0.002908 0.309943 0.694737 1 
7 0.957447 0.097244 0.371318 0.002952 0.309425 0.694737 1 
7 0.978723 0.114117 0.374888 0.007341 0.362506 0.649123 1 
7 1 0.054341 0.35064 0.003573 0.358105 0.612281 0 
