4 0 0.056923 0.222702 0.003467 0.422915 0.414912 0 
4 0.021277 0.055242 0.161857 0.003467 0.422915 0.414912 0 
4 0.042553 0.040351 0.114698 0.003467 0.422915 0.414912 0 
4 0.06383 0.045965 0.08435 0.003467 0.422915 0.414912 0 
4 0.085106 0.040351 0.059209 0.003467 0.422915 0.414912 0 
4 0.106383 0.040351 0.041952 0.003467 0.422915 0.414912 0 
4 0.12766 0.040351 0.030794 0.003467 0.422915 0.414912 0 
4 0.148936 0.040231 0.031092 0.003467 0.422915 0.414912 0 
4 0.170213 0.040261 0.042696 0.003467 0.422915 0.414912 0 
4 0.191489 0.040351 0.061291 0.003467 0.422915 0.414912 0 
4 0.212766 0.055242 0.105028 0.003467 0.422915 0.414912 0 
4 0.234043 0.055242 0.153526 0.003467 0.422915 0.414912 0 
4 0.255319 0.056923 0.161708 0.003467 0.422915 0.414912 1 
4 0.276596 0.056923 0.205891 0.003467 0.422915 0.414912 1 
4 0.297872 0.055242 0.241148 0.003467 0.422915 0.414912 0 
4 0.319149 0.055242 0.278042 0.003467 0.422915 0.414912 0 
4 0.340426 0.056923 0.338738 0.003467 0.422915 0.414912 1 
4 0.361702 0.058394 0.357185 0.003467 0.422915 0.414912 1 
4 0.382979 0.058394 0.357929 0.003467 0.422915 0.414912 1 
4 0.404255 0.058394 0.35302 0.003467 0.422915 0.414912 1 
4 0.425532 0.058394 0.349747 0.003467 0.422915 0.414912 1 
4 0.446809 0.058394 0.350937 0.003467 0.422915 0.414912 1 
4 0.468085 0.058394 0.348259 0.003467 0.422915 0.414912 1 
4 0.489362 0.058394 0.344838 0.003467 0.422915 0.414912 1 
4 0.510638 0.058394 0.346177 0.003467 0.422915 0.414912 1 
4 0.531915 0.058394 0.343053 0.003467 0.422915 0.414912 1 
4 0.553191 0.058394 0.329217 0.003467 0.422915 0.414912 1 
4 0.574468 0.058394 0.331151 0.003467 0.422915 0.414912 1 
4 0.595745 0.058394 0.32773 0.003467 0.422915 0.414912 1 
4 0.617021 0.058394 0.33368 0.003467 0.422915 0.414912 1 
4 0.638298 0.058394 0.3313 0.003467 0.422915 0.414912 1 
4 0.659574 0.058394 0.332193 0.003467 0.422915 0.414912 1 
4 0.680851 0.058394 0.326242 0.003467 0.422915 0.414912 1 
4 0.702128 0.058394 0.332639 0.003467 0.422915 0.414912 1 
4 0.723404 0.056923 0.31449 0.003467 0.422915 0.414912 1 
4 0.744681 0.056923 0.299762 0.003467 0.422915 0.414912 1 
4 0.765957 0.056923 0.279381 0.003467 0.422915 0.414912 1 
4 0.787234 0.055242 0.261381 0.003467 0.422915 0.414912 0 
4 0.808511 0.056923 0.270753 0.003467 0.422915 0.414912 1 
4 0.829787 0.056923 0.293216 0.003467 0.422915 0.414912 1 
4 0.851064 0.056923 0.275216 0.003467 0.422915 0.414912 1 
4 0.87234 0.056923 0.252901 0.003467 0.422915 0.414912 1 
4 0.893617 0.058394 0.286819 0.003467 0.422915 0.414912 1 
4 0.914894 0.058394 0.307498 0.003467 0.422915 0.414912 1 
4 0.93617 0.059865 0.337251 0.003467 0.422915 0.414912 1 
4 0.957447 0.059865 0.334871 0.003467 0.422915 0.414912 1 
4 0.978723 0.074817 0.325796 0.003467 0.422915 0.414912 1 
4 1 0.058094 0.306456 0.003467 0.422915 0.414912 1 
