1 0 0.064819 0.387682 0.004265 0.33972 0.719298 1 
1 0.021277 0.067671 0.331449 0.004416 0.325738 0.679825 1 
1 0.042553 0.083974 0.323862 0.005521 0.379855 0.592544 1 
1 0.06383 0.069683 0.27105 0.004566 0.36173 0.649123 1 
1 0.085106 0.050769 0.22404 0.00329 0.324443 0.704825 1 
1 0.106383 0.034856 0.198007 0.00225 0.29855 0.740789 0 
1 0.12766 0.031944 0.160518 0.002063 0.274728 0.75307 0 
1 0.148936 0.029062 0.142517 0.001882 0.252978 0.750439 0 
1 0.170213 0.02579 0.128831 0.001668 0.229933 0.798684 0 
1 0.191489 0.02597 0.122731 0.001678 0.209477 0.803509 0 
1 0.212766 0.02654 0.131211 0.001712 0.191869 0.789912 0 
1 0.234043 0.027501 0.140286 0.001774 0.178405 0.790351 0 
1 0.255319 0.029092 0.159625 0.001876 0.174521 0.79386 0 
1 0.276596 0.029272 0.181642 0.001882 0.169601 0.791667 0 
1 0.297872 0.032365 0.214817 0.001473 0.155101 0.798246 0 
1 0.319149 0.045425 0.283547 0.002914 0.162869 0.807018 0 
1 0.340426 0.057974 0.349152 0.003731 0.194718 0.789474 1 
1 0.361702 0.094872 0.408361 0.006109 0.225272 0.82193 1 
1 0.382979 0.062898 0.447486 0.004036 0.247799 0.720614 1 
1 0.404255 0.077099 0.45909 0.005052 0.264371 0.704825 1 
1 0.425532 0.069203 0.450312 0.004545 0.272657 0.710526 1 
1 0.446809 0.064039 0.432609 0.004219 0.27421 0.63114 1 
1 0.468085 0.037829 0.413865 0.002489 0.278871 0.675439 0 
1 0.489362 0.037438 0.398542 0.002451 0.282496 0.698684 0 
1 0.510638 0.033175 0.381137 0.002169 0.286639 0.699561 0 
1 0.531915 0.035187 0.362392 0.002295 0.280943 0.705702 0 
1 0.553191 0.032275 0.338738 0.002102 0.294925 0.732018 0 
1 0.574468 0.028762 0.32044 0.001861 0.283532 0.772807 0 
1 0.595745 0.028672 0.309283 0.001843 0.273951 0.791228 0 
1 0.617021 0.028882 0.302737 0.001853 0.270067 0.795614 0 
1 0.638298 0.028011 0.3072 0.001224 0.278353 0.809649 0 
1 0.659574 0.027711 0.307349 0.001653 0.298291 0.809649 0 
1 0.680851 0.027591 0.33859 0.001791 0.300363 0.757456 0 
1 0.702128 0.032154 0.398096 0.002104 0.34231 0.699123 0 
1 0.723404 0.057944 0.484826 0.003806 0.425427 0.659649 1 
1 0.744681 0.066831 0.553407 0.004429 0.491973 0.599123 1 
1 0.765957 0.068512 0.570366 0.004568 0.506732 0.589912 1 
1 0.787234 0.046986 0.544183 0.003116 0.480839 0.649123 0 
1 0.808511 0.040261 0.508628 0.002644 0.463231 0.660088 0 
1 0.829787 0.045364 0.498959 0.002964 0.440963 0.706579 0 
1 0.851064 0.040261 0.472478 0.002615 0.421025 0.714912 0 
1 0.87234 0.038069 0.461172 0.002453 0.402123 0.732456 0 
1 0.893617 0.030053 0.421154 0.001926 0.381926 0.778509 0 
1 0.914894 0.028312 0.384112 0.001801 0.345417 0.792544 0 
1 0.93617 0.029242 0.398393 0.001863 0.331952 0.809649 0 
1 0.957447 0.028582 0.390955 0.001809 0.317452 0.799561 0 
1 0.978723 0.031464 0.387831 0.002034 0.368203 0.757018 0 
1 1 0.028312 0.366706 0.001824 0.35914 0.744298 0 
