4 0 0.087336 0.547456 0.005679 0.49275 0.504386 1 
4 0.021277 0.085445 0.523207 0.005571 0.450026 0.512281 1 
4 0.042553 0.087847 0.489586 0.005773 0.513465 0.465789 1 
4 0.06383 0.085925 0.434097 0.005634 0.491455 0.52193 1 
4 0.085106 0.084724 0.378905 0.005555 0.457017 0.597368 1 
4 0.106383 0.067311 0.326391 0.004395 0.416365 0.636842 0 
4 0.12766 0.044164 0.280422 0.002719 0.379078 0.658772 0 
4 0.148936 0.037198 0.244124 0.00242 0.348524 0.688596 0 
4 0.170213 0.055632 0.224189 0.003606 0.332211 0.704825 0 
4 0.191489 0.06575 0.223892 0.00424 0.328327 0.747807 0 
4 0.212766 0.050048 0.250223 0.003243 0.329363 0.714474 0 
4 0.234043 0.058094 0.305713 0.003797 0.355515 0.646053 0 
4 0.255319 0.089258 0.414014 0.005866 0.443035 0.580702 1 
4 0.276596 0.088958 0.520976 0.00591 0.526411 0.487281 1 
4 0.297872 0.05239 0.537638 0.003542 0.566287 0.365351 0 
4 0.319149 0.090429 0.603094 0.006103 0.649663 0.312719 1 
4 0.340426 0.095983 0.602202 0.006493 0.679182 0.247368 1 
4 0.361702 0.093881 0.588813 0.006358 0.682289 0.287719 1 
4 0.382979 0.096764 0.622434 0.006537 0.697825 0.289912 1 
4 0.404255 0.096223 0.633442 0.006448 0.687209 0.299561 1 
4 0.425532 0.096223 0.622285 0.006396 0.674521 0.323246 1 
4 0.446809 0.091239 0.606962 0.00607 0.658726 0.332456 1 
4 0.468085 0.090068 0.590896 0.005955 0.648628 0.337281 1 
4 0.489362 0.09145 0.584499 0.006047 0.641895 0.355702 1 
4 0.510638 0.09169 0.574234 0.005991 0.617297 0.39386 1 
4 0.531915 0.090459 0.562481 0.005914 0.606163 0.413158 1 
4 0.553191 0.090849 0.562481 0.005937 0.619627 0.434211 1 
4 0.574468 0.090068 0.558316 0.005883 0.600984 0.442105 1 
4 0.595745 0.088537 0.55058 0.005336 0.58001 0.468421 1 
4 0.617021 0.07854 0.538679 0.004815 0.56784 0.468421 0 
4 0.638298 0.080041 0.542101 0.00517 0.554117 0.522368 0 
4 0.659574 0.087426 0.560547 0.005052 0.549197 0.529386 1 
4 0.680851 0.088597 0.582267 0.005766 0.549974 0.564912 1 
4 0.702128 0.089198 0.625558 0.005798 0.562921 0.527632 1 
4 0.723404 0.086886 0.671973 0.005719 0.592439 0.504386 1 
4 0.744681 0.091209 0.753942 0.005989 0.659503 0.451754 1 
4 0.765957 0.093071 0.780571 0.006076 0.707405 0.404386 1 
4 0.787234 0.09229 0.762422 0.006051 0.694718 0.442982 1 
4 0.808511 0.075808 0.726272 0.005006 0.65769 0.46886 0 
4 0.829787 0.074877 0.694436 0.004931 0.63102 0.527632 0 
4 0.851064 0.056503 0.663344 0.003683 0.599171 0.500877 0 
4 0.87234 0.054161 0.633889 0.003517 0.576903 0.537281 0 
4 0.893617 0.05239 0.58911 0.003407 0.55101 0.555263 0 
4 0.914894 0.055542 0.532728 0.002966 0.515277 0.562281 0 
4 0.93617 0.084905 0.564267 0.004383 0.4855 0.662719 1 
4 0.957447 0.084724 0.560399 0.001668 0.44666 0.640789 1 
4 0.978723 0.086496 0.562928 0.005226 0.539099 0.595614 1 
4 1 0.084844 0.555489 0.004823 0.524858 0.61886 1 
