5 0 0.029212 0.377417 0.001992 0.282237 0.571491 0 
5 0.021277 0.02687 0.319845 0.001818 0.259451 0.607456 0 
5 0.042553 0.027201 0.263166 0.001845 0.311238 0.516228 0 
5 0.06383 0.02675 0.220619 0.001809 0.283273 0.576316 0 
5 0.085106 0.02621 0.17227 0.00177 0.240808 0.587281 0 
5 0.106383 0.025369 0.150402 0.00171 0.197048 0.575 0 
5 0.12766 0.023718 0.137162 0.001604 0.165199 0.583333 0 
5 0.148936 0.023568 0.138203 0.001589 0.148628 0.587281 0 
5 0.170213 0.024739 0.161559 0.00167 0.154583 0.626316 0 
5 0.191489 0.02579 0.201428 0.001739 0.1797 0.627632 0 
5 0.212766 0.036208 0.27834 0.002453 0.245987 0.519737 0 
5 0.234043 0.034526 0.356442 0.002364 0.312791 0.469298 0 
5 0.255319 0.043893 0.375483 0.003029 0.425945 0.330263 0 
5 0.276596 0.040591 0.439453 0.002821 0.500777 0.29693 0 
5 0.297872 0.030833 0.461321 0.002144 0.469446 0.362719 0 
5 0.319149 0.03897 0.47828 0.00273 0.468151 0.340351 0 
5 0.340426 0.047106 0.527522 0.003286 0.472035 0.379386 0 
5 0.361702 0.055422 0.549093 0.003843 0.481875 0.370175 1 
5 0.382979 0.058665 0.546712 0.004065 0.491455 0.364912 1 
5 0.404255 0.056293 0.534216 0.003905 0.50233 0.336842 1 
5 0.425532 0.05218 0.533323 0.003675 0.505179 0.327193 1 
5 0.446809 0.055482 0.539869 0.003855 0.502589 0.332018 1 
5 0.468085 0.05299 0.53615 0.003681 0.487312 0.344298 1 
5 0.489362 0.049087 0.532282 0.003417 0.489902 0.333772 1 
5 0.510638 0.056653 0.53853 0.003941 0.504143 0.345175 1 
5 0.531915 0.056413 0.536001 0.003911 0.505438 0.340789 1 
5 0.553191 0.053471 0.531389 0.003712 0.504402 0.319298 1 
5 0.574468 0.050769 0.530199 0.003538 0.506214 0.317105 1 
5 0.595745 0.050588 0.526331 0.003527 0.497929 0.318421 1 
5 0.617021 0.049568 0.530051 0.003448 0.487053 0.346053 1 
5 0.638298 0.053291 0.529753 0.003704 0.479803 0.359211 1 
5 0.659574 0.059175 0.527968 0.004094 0.501036 0.325 1 
5 0.680851 0.056953 0.518744 0.003934 0.50492 0.325877 1 
5 0.702128 0.054762 0.516215 0.003803 0.510098 0.280702 1 
5 0.723404 0.045034 0.493157 0.003145 0.478767 0.303509 1 
5 0.744681 0.038309 0.479917 0.002678 0.454946 0.330263 0 
5 0.765957 0.031584 0.470991 0.0022 0.431901 0.367105 0 
5 0.787234 0.045394 0.495835 0.003174 0.437856 0.307456 1 
5 0.808511 0.054131 0.491818 0.003768 0.433972 0.325439 1 
5 0.829787 0.048907 0.467123 0.003386 0.413516 0.327632 1 
5 0.851064 0.030143 0.421601 0.002092 0.386587 0.397807 0 
5 0.87234 0.029182 0.382624 0.002013 0.356551 0.426754 0 
5 0.893617 0.029242 0.41565 0.002009 0.314863 0.500439 0 
5 0.914894 0.029182 0.424576 0.001994 0.269808 0.558772 0 
5 0.93617 0.035367 0.44094 0.00243 0.261523 0.532895 0 
5 0.957447 0.029753 0.444362 0.002044 0.25738 0.522807 0 
5 0.978723 0.030113 0.434841 0.002073 0.349819 0.441228 0 
5 1 0.029933 0.408658 0.002059 0.350337 0.465789 0 
