2 0 0.077039 0.459685 0.003467 0.422915 0.414912 0 
2 0.021277 0.088327 0.438857 0.003467 0.422915 0.414912 0 
2 0.042553 0.047256 0.409551 0.003467 0.422915 0.414912 0 
2 0.06383 0.047106 0.341416 0.003467 0.422915 0.414912 0 
2 0.085106 0.047106 0.279232 0.003467 0.422915 0.414912 0 
2 0.106383 0.046956 0.236686 0.003467 0.422915 0.414912 0 
2 0.12766 0.046956 0.193692 0.003467 0.422915 0.414912 0 
2 0.148936 0.062417 0.167361 0.003467 0.422915 0.414912 0 
2 0.170213 0.077999 0.157542 0.003467 0.422915 0.414912 0 
2 0.191489 0.077999 0.158137 0.003467 0.422915 0.414912 0 
2 0.212766 0.077999 0.186105 0.003467 0.422915 0.414912 0 
2 0.234043 0.083794 0.233115 0.003467 0.422915 0.414912 0 
2 0.255319 0.085415 0.323862 0.003467 0.422915 0.414912 0 
2 0.276596 0.162093 0.436626 0.003467 0.422915 0.414912 1 
2 0.297872 0.162093 0.447188 0.003467 0.422915 0.414912 1 
2 0.319149 0.179596 0.505802 0.003467 0.422915 0.414912 1 
2 0.340426 0.179596 0.528265 0.003467 0.422915 0.414912 1 
2 0.361702 0.179596 0.523654 0.003467 0.422915 0.414912 1 
2 0.382979 0.179596 0.558762 0.003467 0.422915 0.414912 1 
2 0.404255 0.179596 0.5723 0.003467 0.422915 0.414912 1 
2 0.425532 0.162093 0.553704 0.003467 0.422915 0.414912 1 
2 0.446809 0.10475 0.533621 0.003467 0.422915 0.414912 0 
2 0.468085 0.162093 0.516513 0.003467 0.422915 0.414912 1 
2 0.489362 0.143389 0.509223 0.003467 0.422915 0.414912 1 
2 0.510638 0.13105 0.497173 0.003467 0.422915 0.414912 1 
2 0.531915 0.143389 0.499851 0.003467 0.422915 0.414912 1 
2 0.553191 0.143389 0.502083 0.003467 0.422915 0.414912 1 
2 0.574468 0.143389 0.491372 0.003467 0.422915 0.414912 1 
2 0.595745 0.143389 0.479768 0.003467 0.422915 0.414912 1 
2 0.617021 0.13105 0.47471 0.003467 0.422915 0.414912 1 
2 0.638298 0.13105 0.468015 0.003467 0.422915 0.414912 1 
2 0.659574 0.13105 0.484826 0.003467 0.422915 0.414912 1 
2 0.680851 0.162093 0.498959 0.003467 0.422915 0.414912 1 
2 0.702128 0.179596 0.540762 0.003467 0.422915 0.414912 1 
2 0.723404 0.194548 0.612169 0.003467 0.422915 0.414912 1 
2 0.744681 0.194548 0.678667 0.003467 0.422915 0.414912 1 
2 0.765957 0.194548 0.665873 0.003467 0.422915 0.414912 1 
2 0.787234 0.188904 0.635228 0.003467 0.422915 0.414912 1 
2 0.808511 0.179596 0.585242 0.003467 0.422915 0.414912 1 
2 0.829787 0.179596 0.562035 0.003467 0.422915 0.414912 1 
2 0.851064 0.143389 0.535852 0.003467 0.422915 0.414912 1 
2 0.87234 0.121713 0.508033 0.003467 0.422915 0.414912 0 
2 0.893617 0.10475 0.463106 0.003467 0.422915 0.414912 0 
2 0.914894 0.10475 0.422047 0.003467 0.422915 0.414912 0 
2 0.93617 0.13105 0.458941 0.003467 0.422915 0.414912 1 
2 0.957447 0.121713 0.470098 0.003467 0.422915 0.414912 0 
2 0.978723 0.090759 0.488396 0.003467 0.422915 0.414912 0 
2 1 0.121713 0.480661 0.003467 0.422915 0.414912 0 
