4 0 0.092981 0.541506 0.003467 0.422915 0.414912 1 
4 0.021277 0.092981 0.518149 0.003467 0.422915 0.414912 1 
4 0.042553 0.090068 0.490628 0.003467 0.422915 0.414912 1 
4 0.06383 0.041281 0.427551 0.003467 0.422915 0.414912 0 
4 0.085106 0.041281 0.365665 0.003467 0.422915 0.414912 0 
4 0.106383 0.060496 0.318358 0.003467 0.422915 0.414912 1 
4 0.12766 0.041281 0.273728 0.003467 0.422915 0.414912 0 
4 0.148936 0.041281 0.234603 0.003467 0.422915 0.414912 0 
4 0.170213 0.041281 0.212288 0.003467 0.422915 0.414912 0 
4 0.191489 0.048787 0.209164 0.003467 0.422915 0.414912 0 
4 0.212766 0.060496 0.237578 0.003467 0.422915 0.414912 1 
4 0.234043 0.064519 0.282654 0.003467 0.422915 0.414912 1 
4 0.255319 0.078059 0.395418 0.003467 0.422915 0.414912 1 
4 0.276596 0.048787 0.507289 0.003467 0.422915 0.414912 1 
4 0.297872 0.048787 0.541357 0.003467 0.422915 0.414912 1 
4 0.319149 0.041732 0.618863 0.003467 0.422915 0.414912 0 
4 0.340426 0.041732 0.644451 0.003467 0.422915 0.414912 0 
4 0.361702 0.041732 0.629575 0.003467 0.422915 0.414912 0 
4 0.382979 0.041732 0.655162 0.003467 0.422915 0.414912 0 
4 0.404255 0.041732 0.654716 0.003467 0.422915 0.414912 0 
4 0.425532 0.048787 0.627641 0.003467 0.422915 0.414912 1 
4 0.446809 0.041732 0.599226 0.003467 0.422915 0.414912 0 
4 0.468085 0.048787 0.572151 0.003467 0.422915 0.414912 1 
4 0.489362 0.041732 0.564118 0.003467 0.422915 0.414912 0 
4 0.510638 0.041732 0.547456 0.003467 0.422915 0.414912 0 
4 0.531915 0.041732 0.530497 0.003467 0.422915 0.414912 0 
4 0.553191 0.041732 0.524249 0.003467 0.422915 0.414912 0 
4 0.574468 0.041732 0.514579 0.003467 0.422915 0.414912 0 
4 0.595745 0.041281 0.50119 0.003467 0.422915 0.414912 0 
4 0.617021 0.041281 0.493306 0.003467 0.422915 0.414912 0 
4 0.638298 0.041281 0.48557 0.003467 0.422915 0.414912 0 
4 0.659574 0.078059 0.493306 0.003467 0.422915 0.414912 1 
4 0.680851 0.082773 0.508628 0.003467 0.422915 0.414912 1 
4 0.702128 0.078059 0.536745 0.003467 0.422915 0.414912 1 
4 0.723404 0.082773 0.591044 0.003467 0.422915 0.414912 1 
4 0.744681 0.048787 0.691163 0.003467 0.422915 0.414912 0 
4 0.765957 0.041732 0.705147 0.003467 0.422915 0.414912 0 
4 0.787234 0.041732 0.693395 0.003467 0.422915 0.414912 0 
4 0.808511 0.041732 0.665873 0.003467 0.422915 0.414912 0 
4 0.829787 0.041582 0.643707 0.003467 0.422915 0.414912 0 
4 0.851064 0.048787 0.628087 0.003467 0.422915 0.414912 0 
4 0.87234 0.041732 0.606516 0.003467 0.422915 0.414912 0 
4 0.893617 0.041732 0.555489 0.003467 0.422915 0.414912 0 
4 0.914894 0.041281 0.498364 0.003467 0.422915 0.414912 0 
4 0.93617 0.048787 0.535109 0.003467 0.422915 0.414912 0 
4 0.957447 0.048787 0.547456 0.003467 0.422915 0.414912 0 
4 0.978723 0.078059 0.552812 0.003467 0.422915 0.414912 1 
4 1 0.078059 0.545968 0.003467 0.422915 0.414912 1 
