7 0 0.028822 0.332788 0.001475 0.308131 0.769298 1 
7 0.021277 0.02621 0.267034 0.000989 0.287157 0.769298 0 
7 0.042553 0.02582 0.216602 0.001568 0.348524 0.727632 0 
7 0.06383 0.024889 0.173163 0.001307 0.327292 0.725439 0 
7 0.085106 0.021076 0.139542 0.00108 0.280425 0.769298 0 
7 0.106383 0.022997 0.12288 0.000881 0.236665 0.747368 0 
7 0.12766 0.019185 0.112615 0.000885 0.214915 0.791228 0 
7 0.148936 0.016483 0.11083 0.000924 0.209218 0.835088 0 
7 0.170213 0.021016 0.117227 0.000841 0.209736 0.834649 0 
7 0.191489 0.023058 0.134037 0.00085 0.205593 0.834649 0 
7 0.212766 0.023868 0.158881 0.000864 0.220093 0.812719 0 
7 0.234043 0.025399 0.188634 0.000893 0.238477 0.790789 0 
7 0.255319 0.029392 0.219429 0.000866 0.259192 0.76886 1 
7 0.276596 0.031284 0.271943 0.001458 0.286898 0.754825 1 
7 0.297872 0.031884 0.326391 0.001456 0.287157 0.819737 1 
7 0.319149 0.033505 0.36745 0.002077 0.31072 0.819737 1 
7 0.340426 0.033596 0.409997 0.002077 0.331952 0.819737 1 
7 0.361702 0.033505 0.424427 0.002077 0.341792 0.812281 1 
7 0.382979 0.032875 0.41565 0.002077 0.343086 0.832895 1 
7 0.404255 0.032995 0.407766 0.002077 0.346194 0.821491 1 
7 0.425532 0.032335 0.397203 0.00161 0.339979 0.812719 1 
7 0.446809 0.031344 0.388575 0.001608 0.333506 0.803947 1 
7 0.468085 0.030413 0.379203 0.001373 0.323666 0.803947 1 
7 0.489362 0.029933 0.367004 0.000995 0.308907 0.834649 1 
7 0.510638 0.029572 0.352871 0.001091 0.304764 0.834649 1 
7 0.531915 0.029002 0.336209 0.000856 0.295184 0.834649 1 
7 0.553191 0.028822 0.323118 0.000839 0.287157 0.834649 1 
7 0.574468 0.02681 0.314787 0.000949 0.277059 0.834649 0 
7 0.595745 0.02612 0.30601 0.000956 0.272398 0.834649 0 
7 0.617021 0.02672 0.306605 0.000939 0.26463 0.834649 0 
7 0.638298 0.028071 0.304076 0.000848 0.266701 0.790789 1 
7 0.659574 0.028161 0.307051 0.000837 0.275764 0.76886 1 
7 0.680851 0.028071 0.29396 0.000837 0.272916 0.76886 1 
7 0.702128 0.028131 0.311961 0.000858 0.275505 0.812719 1 
7 0.723404 0.028762 0.313746 0.000856 0.277317 0.812719 1 
7 0.744681 0.028822 0.32044 0.000893 0.271362 0.812719 1 
7 0.765957 0.028762 0.316572 0.000829 0.264889 0.812719 1 
7 0.787234 0.029753 0.341267 0.000831 0.264371 0.790789 1 
7 0.808511 0.029933 0.340524 0.000843 0.301916 0.790789 1 
7 0.829787 0.029753 0.319548 0.000889 0.314863 0.812719 1 
7 0.851064 0.029933 0.302291 0.000866 0.287416 0.812719 1 
7 0.87234 0.029572 0.285183 0.000837 0.264889 0.812719 1 
7 0.893617 0.029753 0.297084 0.000866 0.24754 0.812719 1 
7 0.914894 0.029933 0.304076 0.000723 0.228897 0.812719 1 
7 0.93617 0.029933 0.310919 0.000827 0.222941 0.812719 1 
7 0.957447 0.029572 0.296043 0.000829 0.21595 0.812719 1 
7 0.978723 0.029933 0.282505 0.000864 0.28638 0.76886 1 
7 1 0.02612 0.240702 0.000956 0.280943 0.790789 0 
