6 0 0.087727 0.473222 0.00582 0.500518 0.584211 1 
6 0.021277 0.076948 0.454032 0.005089 0.459347 0.632456 1 
6 0.042553 0.081812 0.41922 0.005444 0.520197 0.549561 1 
6 0.06383 0.056353 0.362987 0.00376 0.482134 0.56886 0 
6 0.085106 0.045875 0.311961 0.003049 0.442517 0.567105 0 
6 0.106383 0.043623 0.263314 0.002879 0.389436 0.61886 0 
6 0.12766 0.036177 0.216156 0.002376 0.342569 0.692105 0 
6 0.148936 0.027981 0.192502 0.001826 0.309684 0.728947 0 
6 0.170213 0.029302 0.177179 0.001942 0.2913 0.733772 0 
6 0.191489 0.028582 0.180006 0.001843 0.277317 0.740351 0 
6 0.212766 0.042632 0.204552 0.002757 0.294148 0.778947 0 
6 0.234043 0.049718 0.26019 0.003126 0.330399 0.767982 0 
6 0.255319 0.068302 0.3554 0.004456 0.402641 0.703509 1 
6 0.276596 0.056023 0.443172 0.003685 0.459865 0.61886 0 
6 0.297872 0.030023 0.458941 0.001998 0.476178 0.567982 0 
6 0.319149 0.076588 0.521273 0.005083 0.536769 0.562281 1 
6 0.340426 0.088357 0.549093 0.00571 0.576126 0.516667 1 
6 0.361702 0.074997 0.56025 0.00494 0.586743 0.504825 1 
6 0.382979 0.090309 0.603689 0.005958 0.590886 0.488158 1 
6 0.404255 0.088057 0.617673 0.005723 0.570689 0.510526 1 
6 0.425532 0.087426 0.601904 0.0057 0.549456 0.569298 1 
6 0.446809 0.083133 0.578994 0.005461 0.548421 0.558772 1 
6 0.468085 0.087426 0.565457 0.005748 0.539876 0.523246 1 
6 0.489362 0.087426 0.555043 0.005771 0.539358 0.547368 1 
6 0.510638 0.057524 0.540464 0.003816 0.516054 0.550877 0 
6 0.531915 0.069803 0.526034 0.004614 0.506732 0.56886 1 
6 0.553191 0.071304 0.515918 0.004703 0.508545 0.549123 1 
6 0.574468 0.076108 0.50357 0.005019 0.506214 0.592544 1 
6 0.595745 0.050588 0.491818 0.003346 0.491973 0.525 0 
6 0.617021 0.046355 0.476495 0.003093 0.479026 0.491228 0 
6 0.638298 0.043773 0.463999 0.002931 0.46841 0.477193 0 
6 0.659574 0.043743 0.468015 0.002925 0.455205 0.489474 0 
6 0.680851 0.043773 0.473073 0.002929 0.445106 0.486842 0 
6 0.702128 0.045064 0.491074 0.003018 0.449508 0.489035 0 
6 0.723404 0.047796 0.49881 0.003207 0.469446 0.481579 0 
6 0.744681 0.049027 0.539572 0.003303 0.489125 0.467105 0 
6 0.765957 0.070704 0.584796 0.004747 0.526411 0.446053 1 
6 0.787234 0.085355 0.599226 0.005681 0.553858 0.503509 1 
6 0.808511 0.059775 0.570068 0.004003 0.537027 0.460526 1 
6 0.829787 0.045274 0.537935 0.003049 0.511911 0.417544 0 
6 0.851064 0.053981 0.511306 0.003644 0.483428 0.454825 0 
6 0.87234 0.044104 0.497917 0.002973 0.459606 0.475439 0 
6 0.893617 0.043683 0.459536 0.002921 0.419472 0.488596 0 
6 0.914894 0.03927 0.415948 0.002619 0.378301 0.499561 0 
6 0.93617 0.056653 0.470991 0.003731 0.367167 0.639474 0 
6 0.957447 0.061367 0.48795 0.003997 0.35914 0.650877 1 
6 0.978723 0.085145 0.496132 0.005571 0.44407 0.591228 1 
6 1 0.073856 0.495537 0.004867 0.43216 0.638596 1 
