4 0 0.090219 0.564118 0.003467 0.422915 0.414912 0 
4 0.021277 0.090939 0.544183 0.003467 0.422915 0.414912 0 
4 0.042553 0.090219 0.519935 0.003467 0.422915 0.414912 0 
4 0.06383 0.090219 0.458048 0.003467 0.422915 0.414912 0 
4 0.085106 0.084064 0.402261 0.003467 0.422915 0.414912 0 
4 0.106383 0.07869 0.354508 0.003467 0.422915 0.414912 0 
4 0.12766 0.041341 0.305118 0.003467 0.422915 0.414912 0 
4 0.148936 0.074457 0.27105 0.003467 0.422915 0.414912 0 
4 0.170213 0.071694 0.242487 0.003467 0.422915 0.414912 0 
4 0.191489 0.071694 0.236537 0.003467 0.422915 0.414912 0 
4 0.212766 0.071694 0.254537 0.003467 0.422915 0.414912 0 
4 0.234043 0.077609 0.307647 0.003467 0.422915 0.414912 0 
4 0.255319 0.090159 0.406873 0.003467 0.422915 0.414912 0 
4 0.276596 0.090159 0.508182 0.003467 0.422915 0.414912 0 
4 0.297872 0.045304 0.539274 0.003467 0.422915 0.414912 0 
4 0.319149 0.090159 0.628236 0.003467 0.422915 0.414912 0 
4 0.340426 0.090159 0.679708 0.003467 0.422915 0.414912 0 
4 0.361702 0.045635 0.695775 0.003467 0.422915 0.414912 0 
4 0.382979 0.090159 0.731479 0.003467 0.422915 0.414912 0 
4 0.404255 0.090159 0.732223 0.003467 0.422915 0.414912 0 
4 0.425532 0.058514 0.707081 0.003467 0.422915 0.414912 0 
4 0.446809 0.090159 0.668849 0.003467 0.422915 0.414912 0 
4 0.468085 0.045304 0.636418 0.003467 0.422915 0.414912 0 
4 0.489362 0.045304 0.61202 0.003467 0.422915 0.414912 0 
4 0.510638 0.045304 0.594317 0.003467 0.422915 0.414912 0 
4 0.531915 0.045304 0.578102 0.003467 0.422915 0.414912 0 
4 0.553191 0.043833 0.570812 0.003467 0.422915 0.414912 0 
4 0.574468 0.043833 0.559655 0.003467 0.422915 0.414912 0 
4 0.595745 0.043833 0.553704 0.003467 0.422915 0.414912 0 
4 0.617021 0.045304 0.54463 0.003467 0.422915 0.414912 0 
4 0.638298 0.043833 0.550134 0.003467 0.422915 0.414912 0 
4 0.659574 0.045304 0.567539 0.003467 0.422915 0.414912 0 
4 0.680851 0.090159 0.586879 0.003467 0.422915 0.414912 1 
4 0.702128 0.097244 0.637905 0.003467 0.422915 0.414912 1 
4 0.723404 0.090159 0.719726 0.003467 0.422915 0.414912 1 
4 0.744681 0.045304 0.806308 0.003467 0.422915 0.414912 0 
4 0.765957 0.045635 0.81568 0.003467 0.422915 0.414912 0 
4 0.787234 0.045304 0.799316 0.003467 0.422915 0.414912 0 
4 0.808511 0.044134 0.763166 0.003467 0.422915 0.414912 0 
4 0.829787 0.043833 0.733413 0.003467 0.422915 0.414912 0 
4 0.851064 0.090159 0.728206 0.003467 0.422915 0.414912 1 
4 0.87234 0.045304 0.704552 0.003467 0.422915 0.414912 0 
4 0.893617 0.044134 0.649955 0.003467 0.422915 0.414912 0 
4 0.914894 0.042032 0.58911 0.003467 0.422915 0.414912 0 
4 0.93617 0.090159 0.619458 0.003467 0.422915 0.414912 1 
4 0.957447 0.090159 0.613359 0.003467 0.422915 0.414912 1 
4 0.978723 0.090159 0.609194 0.003467 0.422915 0.414912 1 
4 1 0.090159 0.593276 0.003467 0.422915 0.414912 1 
