2 0 0.103008 0.323416 0.003467 0.422915 0.414912 1 
2 0.021277 0.088207 0.257066 0.003467 0.422915 0.414912 0 
2 0.042553 0.081932 0.203957 0.003467 0.422915 0.414912 0 
2 0.06383 0.080611 0.165576 0.003467 0.422915 0.414912 0 
2 0.085106 0.07866 0.134186 0.003467 0.422915 0.414912 0 
2 0.106383 0.07866 0.124517 0.003467 0.422915 0.414912 0 
2 0.12766 0.081932 0.115591 0.003467 0.422915 0.414912 0 
2 0.148936 0.080611 0.116632 0.003467 0.422915 0.414912 0 
2 0.170213 0.080611 0.135376 0.003467 0.422915 0.414912 0 
2 0.191489 0.085445 0.159923 0.003467 0.422915 0.414912 0 
2 0.212766 0.100096 0.213776 0.003467 0.422915 0.414912 1 
2 0.234043 0.100276 0.275811 0.003467 0.422915 0.414912 1 
2 0.255319 0.107842 0.292472 0.003467 0.422915 0.414912 1 
2 0.276596 0.121352 0.341863 0.003467 0.422915 0.414912 1 
2 0.297872 0.100096 0.384409 0.003467 0.422915 0.414912 0 
2 0.319149 0.121352 0.423832 0.003467 0.422915 0.414912 1 
2 0.340426 0.116639 0.475454 0.003467 0.422915 0.414912 1 
2 0.361702 0.137685 0.499851 0.003467 0.422915 0.414912 1 
2 0.382979 0.200733 0.500446 0.003467 0.422915 0.414912 1 
2 0.404255 0.187042 0.485421 0.003467 0.422915 0.414912 1 
2 0.425532 0.137685 0.474264 0.003467 0.422915 0.414912 1 
2 0.446809 0.136904 0.469354 0.003467 0.422915 0.414912 1 
2 0.468085 0.100096 0.459685 0.003467 0.422915 0.414912 0 
2 0.489362 0.074817 0.450312 0.003467 0.422915 0.414912 0 
2 0.510638 0.082833 0.453883 0.003467 0.422915 0.414912 0 
2 0.531915 0.082833 0.456709 0.003467 0.422915 0.414912 0 
2 0.553191 0.074817 0.459387 0.003467 0.422915 0.414912 0 
2 0.574468 0.082833 0.451205 0.003467 0.422915 0.414912 0 
2 0.595745 0.082833 0.446296 0.003467 0.422915 0.414912 0 
2 0.617021 0.082833 0.44332 0.003467 0.422915 0.414912 0 
2 0.638298 0.074817 0.425766 0.003467 0.422915 0.414912 0 
2 0.659574 0.058394 0.444064 0.003467 0.422915 0.414912 0 
2 0.680851 0.062838 0.429039 0.003467 0.422915 0.414912 0 
2 0.702128 0.058394 0.416989 0.003467 0.422915 0.414912 0 
2 0.723404 0.058394 0.387087 0.003467 0.422915 0.414912 0 
2 0.744681 0.058394 0.368343 0.003467 0.422915 0.414912 0 
2 0.765957 0.056923 0.339631 0.003467 0.422915 0.414912 0 
2 0.787234 0.056923 0.321482 0.003467 0.422915 0.414912 0 
2 0.808511 0.056923 0.321035 0.003467 0.422915 0.414912 0 
2 0.829787 0.062838 0.332044 0.003467 0.422915 0.414912 0 
2 0.851064 0.058394 0.31925 0.003467 0.422915 0.414912 0 
2 0.87234 0.074817 0.293811 0.003467 0.422915 0.414912 0 
2 0.893617 0.085235 0.324159 0.003467 0.422915 0.414912 0 
2 0.914894 0.062838 0.342606 0.003467 0.422915 0.414912 0 
2 0.93617 0.085235 0.370277 0.003467 0.422915 0.414912 0 
2 0.957447 0.058394 0.362392 0.003467 0.422915 0.414912 0 
2 0.978723 0.058394 0.362243 0.003467 0.422915 0.414912 0 
2 1 0.080611 0.335317 0.003467 0.422915 0.414912 0 
