4 0 0.083674 0.43008 0.005636 0.452874 0.464912 1 
4 0.021277 0.059865 0.378608 0.00404 0.431383 0.442544 0 
4 0.042553 0.076348 0.323118 0.005164 0.491196 0.412281 1 
4 0.06383 0.059085 0.272835 0.003984 0.461678 0.42807 0 
4 0.085106 0.068632 0.229694 0.004605 0.41999 0.462281 1 
4 0.106383 0.049928 0.205147 0.003336 0.363024 0.526316 0 
4 0.12766 0.050528 0.188932 0.003351 0.336872 0.577193 0 
4 0.148936 0.050919 0.188932 0.003351 0.317452 0.613158 0 
4 0.170213 0.053531 0.220321 0.003513 0.316157 0.667544 0 
4 0.191489 0.074757 0.264356 0.004859 0.353444 0.660526 1 
4 0.212766 0.081752 0.350788 0.00537 0.425945 0.646053 1 
4 0.234043 0.177555 0.446445 0.011824 0.5145 0.52193 1 
4 0.255319 0.230455 0.472627 0.01564 0.631797 0.373684 1 
4 0.276596 0.39441 0.518596 0.026886 0.738477 0.269737 1 
4 0.297872 0.114597 0.532431 0.0079 0.677369 0.267544 1 
4 0.319149 0.090489 0.518893 0.006232 0.655878 0.277193 1 
4 0.340426 0.080881 0.554894 0.005521 0.652512 0.312719 1 
4 0.361702 0.064249 0.567539 0.004377 0.629984 0.317105 0 
4 0.382979 0.049658 0.548944 0.003415 0.629467 0.260526 0 
4 0.404255 0.044344 0.527819 0.003056 0.618591 0.233333 0 
4 0.425532 0.048547 0.51443 0.003357 0.618591 0.209211 0 
4 0.446809 0.045064 0.508033 0.003126 0.604091 0.234211 0 
4 0.468085 0.042602 0.493157 0.002943 0.584412 0.233772 0 
4 0.489362 0.042602 0.486611 0.002943 0.570689 0.228509 0 
4 0.510638 0.03963 0.480512 0.00338 0.568099 0.32807 0 
4 0.531915 0.042002 0.478132 0.00345 0.571466 0.32807 0 
4 0.553191 0.042002 0.470396 0.003415 0.576903 0.32807 0 
4 0.574468 0.042002 0.464594 0.003295 0.562144 0.32807 0 
4 0.595745 0.042002 0.446296 0.003484 0.549974 0.324123 0 
4 0.617021 0.043983 0.455817 0.003135 0.540653 0.324123 0 
4 0.638298 0.042302 0.459833 0.003336 0.538063 0.322807 0 
4 0.659574 0.042002 0.460875 0.003378 0.543242 0.322807 0 
4 0.680851 0.042602 0.45299 0.003434 0.540911 0.321491 0 
4 0.702128 0.043893 0.459536 0.003481 0.530554 0.321491 0 
4 0.723404 0.042002 0.439899 0.00318 0.501036 0.32807 0 
4 0.744681 0.040771 0.447188 0.002765 0.468151 0.37807 0 
4 0.765957 0.041942 0.46266 0.002831 0.45624 0.411404 0 
4 0.787234 0.043323 0.500893 0.002908 0.467115 0.375439 0 
4 0.808511 0.043233 0.501488 0.003357 0.521491 0.353509 0 
4 0.829787 0.042752 0.482892 0.003351 0.527447 0.353509 0 
4 0.851064 0.042933 0.44823 0.002908 0.499223 0.37807 0 
4 0.87234 0.041161 0.419964 0.002775 0.474883 0.372368 0 
4 0.893617 0.041732 0.436626 0.002794 0.425168 0.436404 0 
4 0.914894 0.036358 0.4277 0.00242 0.3739 0.478509 0 
4 0.93617 0.087306 0.452246 0.005719 0.348006 0.601316 1 
4 0.957447 0.044284 0.471437 0.002958 0.338685 0.549123 0 
4 0.978723 0.080881 0.468164 0.005426 0.460124 0.540351 1 
4 1 0.080371 0.453883 0.005372 0.470999 0.548684 1 
