4 0 0.033385 0.316721 0.002241 0.25971 0.566667 0 
4 0.021277 0.029542 0.262422 0.00198 0.234852 0.588158 0 
4 0.042553 0.030173 0.20961 0.002025 0.288969 0.491228 0 
4 0.06383 0.029272 0.169741 0.001959 0.258415 0.595614 0 
4 0.085106 0.028462 0.141625 0.001892 0.221647 0.64693 0 
4 0.106383 0.02639 0.122285 0.001743 0.188503 0.717982 0 
4 0.12766 0.024829 0.113359 0.001635 0.165976 0.733772 0 
4 0.148936 0.024799 0.117673 0.001629 0.152512 0.767982 0 
4 0.170213 0.026 0.138352 0.001705 0.156137 0.763158 0 
4 0.191489 0.027111 0.162154 0.001778 0.166753 0.739035 0 
4 0.212766 0.031344 0.218685 0.002071 0.210254 0.684649 0 
4 0.234043 0.029482 0.276108 0.001963 0.243656 0.60614 0 
4 0.255319 0.033265 0.298126 0.002239 0.309943 0.451754 0 
4 0.276596 0.034646 0.344689 0.002358 0.354221 0.462281 0 
4 0.297872 0.031014 0.383219 0.002119 0.353185 0.454386 0 
4 0.319149 0.033776 0.422047 0.002316 0.37623 0.403947 0 
4 0.340426 0.036057 0.474561 0.002457 0.39073 0.399123 1 
4 0.361702 0.042722 0.495388 0.002889 0.403936 0.457456 1 
4 0.382979 0.040531 0.496281 0.00275 0.40782 0.442982 1 
4 0.404255 0.041341 0.489884 0.002813 0.419472 0.419298 1 
4 0.425532 0.046595 0.488099 0.003176 0.419213 0.394298 1 
4 0.446809 0.044224 0.493603 0.003014 0.420766 0.400439 1 
4 0.468085 0.038549 0.488099 0.002624 0.425945 0.404386 1 
4 0.489362 0.036418 0.485272 0.002478 0.422061 0.384211 1 
4 0.510638 0.036778 0.475751 0.002503 0.430865 0.361842 1 
4 0.531915 0.036057 0.470247 0.002457 0.425945 0.364474 1 
4 0.553191 0.036177 0.475156 0.002464 0.424133 0.375439 1 
4 0.574468 0.036057 0.471883 0.002462 0.412998 0.371053 1 
4 0.595745 0.036057 0.463255 0.002466 0.411445 0.389474 1 
4 0.617021 0.036057 0.464296 0.00247 0.398239 0.395614 1 
4 0.638298 0.035847 0.463106 0.002455 0.401864 0.392544 1 
4 0.659574 0.036057 0.460428 0.002462 0.401088 0.397368 1 
4 0.680851 0.036057 0.446445 0.002464 0.406525 0.386404 1 
4 0.702128 0.033175 0.432758 0.002275 0.381409 0.426316 0 
4 0.723404 0.029332 0.407617 0.002007 0.352667 0.472807 0 
4 0.744681 0.028522 0.388129 0.001942 0.317193 0.553947 0 
4 0.765957 0.028071 0.367004 0.001899 0.282237 0.590789 0 
4 0.787234 0.027951 0.350342 0.001884 0.264112 0.614474 0 
4 0.808511 0.028101 0.357483 0.001892 0.261781 0.597368 0 
4 0.829787 0.028131 0.362392 0.001897 0.268255 0.57807 0 
4 0.851064 0.028101 0.340375 0.001894 0.267996 0.589912 0 
4 0.87234 0.027621 0.305861 0.001855 0.250129 0.627632 0 
4 0.893617 0.028251 0.341267 0.001894 0.225013 0.657895 0 
4 0.914894 0.028131 0.357334 0.00188 0.200155 0.714912 0 
4 0.93617 0.030743 0.382475 0.002029 0.198084 0.712719 0 
4 0.957447 0.031224 0.385004 0.001786 0.195236 0.702193 0 
4 0.978723 0.03894 0.378756 0.002594 0.285603 0.573684 1 
4 1 0.038339 0.351086 0.002545 0.287416 0.600877 1 
