1 0 0.048337 0.27224 0.003467 0.422915 0.414912 0 
1 0.021277 0.048337 0.239363 0.003467 0.422915 0.414912 0 
1 0.042553 0.048337 0.217346 0.003467 0.422915 0.414912 0 
1 0.06383 0.048037 0.175989 0.003467 0.422915 0.414912 0 
1 0.085106 0.047046 0.149658 0.003467 0.422915 0.414912 0 
1 0.106383 0.047046 0.129872 0.003467 0.422915 0.414912 0 
1 0.12766 0.047046 0.112615 0.003467 0.422915 0.414912 0 
1 0.148936 0.047046 0.102053 0.003467 0.422915 0.414912 0 
1 0.170213 0.048037 0.100268 0.003467 0.422915 0.414912 0 
1 0.191489 0.053621 0.106962 0.003467 0.422915 0.414912 1 
1 0.212766 0.047046 0.136715 0.003467 0.422915 0.414912 0 
1 0.234043 0.048037 0.186552 0.003467 0.422915 0.414912 0 
1 0.255319 0.049898 0.279827 0.003467 0.422915 0.414912 1 
1 0.276596 0.051759 0.36626 0.003467 0.422915 0.414912 1 
1 0.297872 0.051759 0.368194 0.003467 0.422915 0.414912 1 
1 0.319149 0.053321 0.426807 0.003467 0.422915 0.414912 1 
1 0.340426 0.057974 0.442725 0.003467 0.422915 0.414912 1 
1 0.361702 0.064309 0.447337 0.003467 0.422915 0.414912 1 
1 0.382979 0.074967 0.487206 0.003467 0.422915 0.414912 1 
1 0.404255 0.069653 0.500298 0.003467 0.422915 0.414912 1 
1 0.425532 0.074967 0.490628 0.003467 0.422915 0.414912 1 
1 0.446809 0.064309 0.482743 0.003467 0.422915 0.414912 1 
1 0.468085 0.064309 0.483338 0.003467 0.422915 0.414912 1 
1 0.489362 0.064309 0.478132 0.003467 0.422915 0.414912 1 
1 0.510638 0.057974 0.472181 0.003467 0.422915 0.414912 1 
1 0.531915 0.057974 0.45909 0.003467 0.422915 0.414912 1 
1 0.553191 0.054612 0.459982 0.003467 0.422915 0.414912 1 
1 0.574468 0.057974 0.457453 0.003467 0.422915 0.414912 1 
1 0.595745 0.054612 0.452098 0.003467 0.422915 0.414912 1 
1 0.617021 0.054612 0.451056 0.003467 0.422915 0.414912 1 
1 0.638298 0.057974 0.446742 0.003467 0.422915 0.414912 1 
1 0.659574 0.058725 0.450461 0.003467 0.422915 0.414912 1 
1 0.680851 0.064309 0.453734 0.003467 0.422915 0.414912 1 
1 0.702128 0.054612 0.465189 0.003467 0.422915 0.414912 1 
1 0.723404 0.074967 0.487355 0.003467 0.422915 0.414912 1 
1 0.744681 0.080281 0.559357 0.003467 0.422915 0.414912 1 
1 0.765957 0.080281 0.556977 0.003467 0.422915 0.414912 1 
1 0.787234 0.069653 0.518298 0.003467 0.422915 0.414912 1 
1 0.808511 0.058965 0.472181 0.003467 0.422915 0.414912 1 
1 0.829787 0.054612 0.43618 0.003467 0.422915 0.414912 0 
1 0.851064 0.054612 0.410295 0.003467 0.422915 0.414912 0 
1 0.87234 0.053321 0.392443 0.003467 0.422915 0.414912 0 
1 0.893617 0.053591 0.351979 0.003467 0.422915 0.414912 0 
1 0.914894 0.051759 0.336061 0.003467 0.422915 0.414912 0 
1 0.93617 0.053621 0.387236 0.003467 0.422915 0.414912 0 
1 0.957447 0.049898 0.407617 0.003467 0.422915 0.414912 0 
1 0.978723 0.051759 0.426212 0.003467 0.422915 0.414912 0 
1 1 0.051759 0.421898 0.003467 0.422915 0.414912 0 
