5 0 0.095773 0.47828 0.003467 0.422915 0.414912 1 
5 0.021277 0.044134 0.457007 0.003467 0.422915 0.414912 0 
5 0.042553 0.044104 0.435138 0.003467 0.422915 0.414912 0 
5 0.06383 0.044104 0.373996 0.003467 0.422915 0.414912 0 
5 0.085106 0.044104 0.317763 0.003467 0.422915 0.414912 0 
5 0.106383 0.044104 0.276406 0.003467 0.422915 0.414912 0 
5 0.12766 0.044104 0.23133 0.003467 0.422915 0.414912 0 
5 0.148936 0.044104 0.201577 0.003467 0.422915 0.414912 0 
5 0.170213 0.044104 0.182386 0.003467 0.422915 0.414912 0 
5 0.191489 0.081122 0.182237 0.003467 0.422915 0.414912 1 
5 0.212766 0.081122 0.204255 0.003467 0.422915 0.414912 1 
5 0.234043 0.087366 0.256769 0.003467 0.422915 0.414912 1 
5 0.255319 0.124204 0.355995 0.003467 0.422915 0.414912 1 
5 0.276596 0.124204 0.458941 0.003467 0.422915 0.414912 1 
5 0.297872 0.095473 0.493454 0.003467 0.422915 0.414912 1 
5 0.319149 0.124204 0.561291 0.003467 0.422915 0.414912 1 
5 0.340426 0.095473 0.580036 0.003467 0.422915 0.414912 1 
5 0.361702 0.095473 0.567539 0.003467 0.422915 0.414912 1 
5 0.382979 0.124204 0.591044 0.003467 0.422915 0.414912 1 
5 0.404255 0.095473 0.589705 0.003467 0.422915 0.414912 1 
5 0.425532 0.095473 0.567093 0.003467 0.422915 0.414912 1 
5 0.446809 0.083103 0.542398 0.003467 0.422915 0.414912 1 
5 0.468085 0.095473 0.52053 0.003467 0.422915 0.414912 1 
5 0.489362 0.095473 0.514877 0.003467 0.422915 0.414912 1 
5 0.510638 0.044224 0.503273 0.003467 0.422915 0.414912 0 
5 0.531915 0.044224 0.490777 0.003467 0.422915 0.414912 0 
5 0.553191 0.044224 0.479768 0.003467 0.422915 0.414912 0 
5 0.574468 0.044224 0.470693 0.003467 0.422915 0.414912 0 
5 0.595745 0.044224 0.461321 0.003467 0.422915 0.414912 0 
5 0.617021 0.044224 0.448378 0.003467 0.422915 0.414912 0 
5 0.638298 0.044224 0.438709 0.003467 0.422915 0.414912 0 
5 0.659574 0.044224 0.445403 0.003467 0.422915 0.414912 0 
5 0.680851 0.049628 0.458941 0.003467 0.422915 0.414912 0 
5 0.702128 0.095473 0.488545 0.003467 0.422915 0.414912 1 
5 0.723404 0.124204 0.566201 0.003467 0.422915 0.414912 1 
5 0.744681 0.124204 0.625707 0.003467 0.422915 0.414912 1 
5 0.765957 0.124234 0.613657 0.003467 0.422915 0.414912 1 
5 0.787234 0.095473 0.588069 0.003467 0.422915 0.414912 1 
5 0.808511 0.044224 0.54582 0.003467 0.422915 0.414912 0 
5 0.829787 0.044134 0.508331 0.003467 0.422915 0.414912 0 
5 0.851064 0.095473 0.500298 0.003467 0.422915 0.414912 1 
5 0.87234 0.095473 0.480661 0.003467 0.422915 0.414912 1 
5 0.893617 0.044224 0.443618 0.003467 0.422915 0.414912 0 
5 0.914894 0.10535 0.399732 0.003467 0.422915 0.414912 1 
5 0.93617 0.161553 0.450461 0.003467 0.422915 0.414912 1 
5 0.957447 0.124204 0.467272 0.003467 0.422915 0.414912 1 
5 0.978723 0.132491 0.487206 0.003467 0.422915 0.414912 1 
5 1 0.124204 0.485272 0.003467 0.422915 0.414912 1 
