1 0 0.042572 0.386938 0.003467 0.422915 0.414912 0 
1 0.021277 0.056173 0.341416 0.003467 0.422915 0.414912 0 
1 0.042553 0.042572 0.326093 0.003467 0.422915 0.414912 0 
1 0.06383 0.056173 0.276406 0.003467 0.422915 0.414912 0 
1 0.085106 0.061637 0.238024 0.003467 0.422915 0.414912 0 
1 0.106383 0.056173 0.202767 0.003467 0.422915 0.414912 0 
1 0.12766 0.061637 0.181791 0.003467 0.422915 0.414912 0 
1 0.148936 0.061637 0.162898 0.003467 0.422915 0.414912 0 
1 0.170213 0.059295 0.154716 0.003467 0.422915 0.414912 0 
1 0.191489 0.074727 0.160518 0.003467 0.422915 0.414912 1 
1 0.212766 0.056173 0.195329 0.003467 0.422915 0.414912 0 
1 0.234043 0.056173 0.246206 0.003467 0.422915 0.414912 0 
1 0.255319 0.056173 0.35421 0.003467 0.422915 0.414912 0 
1 0.276596 0.056173 0.469652 0.003467 0.422915 0.414912 0 
1 0.297872 0.074817 0.510562 0.003467 0.422915 0.414912 1 
1 0.319149 0.089798 0.588962 0.003467 0.422915 0.414912 1 
1 0.340426 0.10475 0.613954 0.003467 0.422915 0.414912 1 
1 0.361702 0.089798 0.612169 0.003467 0.422915 0.414912 1 
1 0.382979 0.089798 0.642368 0.003467 0.422915 0.414912 1 
1 0.404255 0.089798 0.652484 0.003467 0.422915 0.414912 1 
1 0.425532 0.089798 0.633889 0.003467 0.422915 0.414912 1 
1 0.446809 0.074937 0.60964 0.003467 0.422915 0.414912 0 
1 0.468085 0.089798 0.590003 0.003467 0.422915 0.414912 1 
1 0.489362 0.089798 0.589557 0.003467 0.422915 0.414912 1 
1 0.510638 0.074997 0.575722 0.003467 0.422915 0.414912 0 
1 0.531915 0.074997 0.563969 0.003467 0.422915 0.414912 0 
1 0.553191 0.074997 0.560994 0.003467 0.422915 0.414912 0 
1 0.574468 0.089798 0.55296 0.003467 0.422915 0.414912 1 
1 0.595745 0.089798 0.539572 0.003467 0.422915 0.414912 1 
1 0.617021 0.075207 0.527373 0.003467 0.422915 0.414912 0 
1 0.638298 0.089798 0.526927 0.003467 0.422915 0.414912 1 
1 0.659574 0.10475 0.543737 0.003467 0.422915 0.414912 1 
1 0.680851 0.106161 0.574085 0.003467 0.422915 0.414912 1 
1 0.702128 0.164615 0.637459 0.003467 0.422915 0.414912 1 
1 0.723404 0.166777 0.716453 0.003467 0.422915 0.414912 1 
1 0.744681 0.166777 0.780422 0.003467 0.422915 0.414912 1 
1 0.765957 0.149664 0.768968 0.003467 0.422915 0.414912 1 
1 0.787234 0.140417 0.733561 0.003467 0.422915 0.414912 1 
1 0.808511 0.106161 0.693395 0.003467 0.422915 0.414912 1 
1 0.829787 0.089798 0.662005 0.003467 0.422915 0.414912 1 
1 0.851064 0.139726 0.62526 0.003467 0.422915 0.414912 1 
1 0.87234 0.120151 0.601904 0.003467 0.422915 0.414912 1 
1 0.893617 0.10475 0.549093 0.003467 0.422915 0.414912 1 
1 0.914894 0.081452 0.496727 0.003467 0.422915 0.414912 0 
1 0.93617 0.106161 0.531836 0.003467 0.422915 0.414912 1 
1 0.957447 0.106161 0.516067 0.003467 0.422915 0.414912 1 
1 0.978723 0.106161 0.530943 0.003467 0.422915 0.414912 1 
1 1 0.106161 0.523951 0.003467 0.422915 0.414912 1 
