7 0 0.090219 0.353169 0.003467 0.422915 0.414912 0 
7 0.021277 0.090939 0.304671 0.003467 0.422915 0.414912 0 
7 0.042553 0.083644 0.276555 0.003467 0.422915 0.414912 0 
7 0.06383 0.083644 0.227016 0.003467 0.422915 0.414912 0 
7 0.085106 0.083644 0.185361 0.003467 0.422915 0.414912 0 
7 0.106383 0.081122 0.151294 0.003467 0.422915 0.414912 0 
7 0.12766 0.081122 0.12526 0.003467 0.422915 0.414912 0 
7 0.148936 0.076618 0.101904 0.003467 0.422915 0.414912 0 
7 0.170213 0.076018 0.090152 0.003467 0.422915 0.414912 0 
7 0.191489 0.076018 0.085094 0.003467 0.422915 0.414912 0 
7 0.212766 0.081122 0.090598 0.003467 0.422915 0.414912 0 
7 0.234043 0.081122 0.100565 0.003467 0.422915 0.414912 0 
7 0.255319 0.081122 0.123178 0.003467 0.422915 0.414912 0 
7 0.276596 0.081962 0.147873 0.003467 0.422915 0.414912 0 
7 0.297872 0.083884 0.175841 0.003467 0.422915 0.414912 0 
7 0.319149 0.083884 0.23371 0.003467 0.422915 0.414912 0 
7 0.340426 0.089798 0.292472 0.003467 0.422915 0.414912 0 
7 0.361702 0.117029 0.341267 0.003467 0.422915 0.414912 1 
7 0.382979 0.122703 0.385004 0.003467 0.422915 0.414912 1 
7 0.404255 0.122703 0.396608 0.003467 0.422915 0.414912 1 
7 0.425532 0.122703 0.383814 0.003467 0.422915 0.414912 1 
7 0.446809 0.122703 0.366558 0.003467 0.422915 0.414912 1 
7 0.468085 0.122703 0.348111 0.003467 0.422915 0.414912 1 
7 0.489362 0.102978 0.329515 0.003467 0.422915 0.414912 0 
7 0.510638 0.089798 0.312258 0.003467 0.422915 0.414912 0 
7 0.531915 0.087426 0.29515 0.003467 0.422915 0.414912 0 
7 0.553191 0.087426 0.274026 0.003467 0.422915 0.414912 0 
7 0.574468 0.087426 0.254686 0.003467 0.422915 0.414912 0 
7 0.595745 0.083884 0.240405 0.003467 0.422915 0.414912 0 
7 0.617021 0.083884 0.229694 0.003467 0.422915 0.414912 0 
7 0.638298 0.083884 0.234157 0.003467 0.422915 0.414912 0 
7 0.659574 0.087426 0.245611 0.003467 0.422915 0.414912 0 
7 0.680851 0.089798 0.270009 0.003467 0.422915 0.414912 0 
7 0.702128 0.13192 0.32892 0.003467 0.422915 0.414912 1 
7 0.723404 0.156989 0.430824 0.003467 0.422915 0.414912 1 
7 0.744681 0.15759 0.517406 0.003467 0.422915 0.414912 1 
7 0.765957 0.15759 0.533472 0.003467 0.422915 0.414912 1 
7 0.787234 0.122703 0.521571 0.003467 0.422915 0.414912 1 
7 0.808511 0.13093 0.497173 0.003467 0.422915 0.414912 1 
7 0.829787 0.122703 0.469206 0.003467 0.422915 0.414912 1 
7 0.851064 0.13093 0.453436 0.003467 0.422915 0.414912 1 
7 0.87234 0.126606 0.436626 0.003467 0.422915 0.414912 1 
7 0.893617 0.122703 0.394972 0.003467 0.422915 0.414912 1 
7 0.914894 0.122703 0.349598 0.003467 0.422915 0.414912 1 
7 0.93617 0.117029 0.371616 0.003467 0.422915 0.414912 1 
7 0.957447 0.122703 0.370723 0.003467 0.422915 0.414912 1 
7 0.978723 0.122703 0.378161 0.003467 0.422915 0.414912 1 
7 1 0.102978 0.354508 0.003467 0.422915 0.414912 0 
