4 0 0.062477 0.436924 0.004265 0.485241 0.378947 0 
4 0.021277 0.048817 0.411931 0.003328 0.447695 0.35 0 
4 0.042553 0.058004 0.3795 0.003976 0.49508 0.262719 0 
4 0.06383 0.042482 0.324308 0.002927 0.469964 0.267544 0 
4 0.085106 0.044464 0.273282 0.003047 0.414293 0.354386 0 
4 0.106383 0.041431 0.229098 0.002827 0.366649 0.42807 0 
4 0.12766 0.040951 0.188783 0.002763 0.323666 0.480702 0 
4 0.148936 0.037919 0.171675 0.002547 0.291041 0.520175 0 
4 0.170213 0.036958 0.162005 0.00247 0.257897 0.568421 0 
4 0.191489 0.034346 0.164832 0.002291 0.256603 0.601754 0 
4 0.212766 0.038789 0.195775 0.002584 0.268255 0.581579 0 
4 0.234043 0.041642 0.239512 0.002792 0.318488 0.531579 0 
4 0.255319 0.06575 0.323713 0.004483 0.424133 0.444737 0 
4 0.276596 0.07878 0.388277 0.005409 0.555412 0.342544 1 
4 0.297872 0.031794 0.387682 0.002212 0.639047 0.196053 0 
4 0.319149 0.06641 0.441386 0.004634 0.739254 0.176316 0 
4 0.340426 0.088417 0.47114 0.00613 0.778871 0.175439 1 
4 0.361702 0.086466 0.486909 0.005976 0.773951 0.201754 1 
4 0.382979 0.115798 0.537935 0.008014 0.7768 0.200439 1 
4 0.404255 0.091389 0.549836 0.006321 0.768255 0.221491 1 
4 0.425532 0.084875 0.531985 0.005881 0.75479 0.247368 1 
4 0.446809 0.061367 0.507587 0.004225 0.720352 0.232895 0 
4 0.468085 0.082593 0.502231 0.005679 0.718022 0.285088 1 
4 0.489362 0.085055 0.5 0.00581 0.716986 0.294737 1 
4 0.510638 0.053381 0.482594 0.003658 0.695236 0.260965 0 
4 0.531915 0.046896 0.470098 0.003228 0.671414 0.226316 0 
4 0.553191 0.070373 0.47114 0.004834 0.688503 0.274561 1 
4 0.574468 0.070223 0.465486 0.004823 0.701191 0.243421 1 
4 0.595745 0.068002 0.46623 0.004661 0.693682 0.251754 1 
4 0.617021 0.072415 0.46385 0.00495 0.681771 0.266228 1 
4 0.638298 0.075147 0.457453 0.005135 0.676075 0.272368 1 
4 0.659574 0.076948 0.462511 0.005249 0.677628 0.244737 1 
4 0.680851 0.047676 0.463999 0.003288 0.702486 0.198684 0 
4 0.702128 0.075477 0.47947 0.005245 0.743915 0.187719 1 
4 0.723404 0.084214 0.497471 0.005872 0.794925 0.132018 1 
4 0.744681 0.083313 0.533472 0.005806 0.847229 0.124561 1 
4 0.765957 0.086946 0.573341 0.005974 0.875712 0.151754 1 
4 0.787234 0.124475 0.602202 0.008594 0.91507 0.104386 1 
4 0.808511 0.102408 0.575424 0.007094 0.906266 0.126316 1 
4 0.829787 0.093161 0.540315 0.00645 0.874935 0.126754 1 
4 0.851064 0.090879 0.518596 0.0063 0.828068 0.116667 1 
4 0.87234 0.112946 0.498215 0.007796 0.781978 0.198684 1 
4 0.893617 0.125105 0.461619 0.008604 0.731745 0.208772 1 
4 0.914894 0.082623 0.426659 0.0057 0.661056 0.270175 1 
4 0.93617 0.074607 0.464743 0.00511 0.597359 0.380702 1 
4 0.957447 0.072145 0.473966 0.004933 0.537804 0.309211 1 
4 0.978723 0.098325 0.489586 0.006764 0.596841 0.36886 1 
4 1 0.076648 0.486462 0.005197 0.563439 0.419298 1 
