1 0 0.028372 0.214222 0.001888 0.260487 0.59386 0 
1 0.021277 0.028011 0.179262 0.001865 0.245728 0.557456 0 
1 0.042553 0.028011 0.145195 0.001867 0.304764 0.480702 0 
1 0.06383 0.027381 0.122434 0.001826 0.272139 0.464912 0 
1 0.085106 0.027921 0.094317 0.001859 0.243397 0.528509 0 
1 0.106383 0.025579 0.077804 0.001697 0.200155 0.557018 0 
1 0.12766 0.024709 0.066201 0.001645 0.15769 0.582456 0 
1 0.148936 0.023868 0.067242 0.001587 0.132574 0.619298 0 
1 0.170213 0.023328 0.068878 0.001552 0.124547 0.644737 0 
1 0.191489 0.023208 0.069176 0.001543 0.111341 0.625439 0 
1 0.212766 0.023868 0.081821 0.001585 0.103314 0.661404 0 
1 0.234043 0.024409 0.10726 0.001616 0.110047 0.642982 0 
1 0.255319 0.024499 0.130913 0.001616 0.127654 0.687281 0 
1 0.276596 0.025579 0.180006 0.001685 0.157172 0.712281 0 
1 0.297872 0.02636 0.229545 0.001728 0.149404 0.785088 0 
1 0.319149 0.02654 0.276852 0.001735 0.163646 0.808772 0 
1 0.340426 0.027861 0.325498 0.00182 0.179182 0.794737 0 
1 0.361702 0.027921 0.350342 0.001828 0.192128 0.742982 0 
1 0.382979 0.027921 0.350491 0.001834 0.205075 0.732895 0 
1 0.404255 0.027921 0.353169 0.001834 0.203521 0.747368 0 
1 0.425532 0.028402 0.352276 0.001863 0.208182 0.757018 0 
1 0.446809 0.029272 0.347813 0.001915 0.205593 0.746053 1 
1 0.468085 0.028642 0.3374 0.001872 0.204298 0.735526 0 
1 0.489362 0.028432 0.333532 0.001857 0.197566 0.76886 0 
1 0.510638 0.028552 0.326093 0.001867 0.190316 0.761404 0 
1 0.531915 0.027951 0.317168 0.001828 0.186432 0.730702 0 
1 0.553191 0.028071 0.311217 0.001834 0.175557 0.750439 0 
1 0.574468 0.028462 0.312853 0.001859 0.175816 0.736842 0 
1 0.595745 0.033235 0.305713 0.002173 0.180735 0.745614 1 
1 0.617021 0.030833 0.306456 0.002015 0.170378 0.757895 1 
1 0.638298 0.029572 0.305118 0.001934 0.185137 0.735526 1 
1 0.659574 0.042692 0.309878 0.002792 0.207664 0.688158 1 
1 0.680851 0.028402 0.304374 0.001867 0.224754 0.639035 0 
1 0.702128 0.036688 0.319101 0.002428 0.276023 0.582456 1 
1 0.723404 0.034136 0.322374 0.002266 0.289228 0.607895 1 
1 0.744681 0.041071 0.331895 0.002727 0.30088 0.570614 1 
1 0.765957 0.030083 0.325796 0.002 0.2913 0.564474 1 
1 0.787234 0.036298 0.342755 0.002412 0.291041 0.583333 1 
1 0.808511 0.046265 0.375632 0.00306 0.30347 0.579825 1 
1 0.829787 0.048307 0.376525 0.003187 0.315122 0.539035 1 
1 0.851064 0.042422 0.339185 0.0028 0.293371 0.577632 1 
1 0.87234 0.036238 0.308688 0.002403 0.275246 0.569298 1 
1 0.893617 0.035397 0.318358 0.002345 0.243397 0.63114 1 
1 0.914894 0.028972 0.316721 0.001909 0.208182 0.624123 0 
1 0.93617 0.036057 0.324011 0.002376 0.208441 0.67807 1 
1 0.957447 0.036748 0.312556 0.002414 0.203263 0.662281 1 
1 0.978723 0.03975 0.295299 0.002628 0.281978 0.538596 1 
1 1 0.029783 0.257364 0.001984 0.286898 0.482456 0 
