5 0 0.084724 0.543439 0.003612 0.498705 0.61886 1 
5 0.021277 0.084724 0.520232 0.002935 0.474625 0.61886 1 
5 0.042553 0.083644 0.482148 0.005486 0.528483 0.544737 1 
5 0.06383 0.069083 0.433948 0.004429 0.507509 0.618421 0 
5 0.085106 0.055392 0.369087 0.002715 0.464008 0.654386 0 
5 0.106383 0.036568 0.313151 0.002366 0.421543 0.673246 0 
5 0.12766 0.036268 0.279381 0.002339 0.382444 0.740789 0 
5 0.148936 0.029482 0.246504 0.001894 0.354738 0.742105 0 
5 0.170213 0.032815 0.231776 0.001992 0.342828 0.764474 0 
5 0.191489 0.041672 0.224487 0.00194 0.319006 0.772368 0 
5 0.212766 0.050829 0.252455 0.002071 0.33014 0.750439 0 
5 0.234043 0.046265 0.306456 0.001919 0.357069 0.706579 0 
5 0.255319 0.077909 0.419072 0.005127 0.438115 0.662281 1 
5 0.276596 0.084844 0.526331 0.005534 0.530813 0.614035 1 
5 0.297872 0.051249 0.552217 0.003132 0.573796 0.535526 0 
5 0.319149 0.059986 0.612913 0.004001 0.643708 0.473246 0 
5 0.340426 0.072565 0.612467 0.00485 0.680218 0.410088 0 
5 0.361702 0.054311 0.595359 0.003635 0.677369 0.37807 0 
5 0.382979 0.082503 0.626897 0.005498 0.678923 0.449123 1 
5 0.404255 0.068362 0.627492 0.00453 0.666753 0.439474 0 
5 0.425532 0.055212 0.607855 0.003635 0.639047 0.433772 0 
5 0.446809 0.059655 0.580333 0.003945 0.631538 0.489912 0 
5 0.468085 0.058004 0.562928 0.003803 0.62144 0.545614 0 
5 0.489362 0.075297 0.549539 0.004923 0.60668 0.589474 1 
5 0.510638 0.072865 0.538381 0.004726 0.587778 0.619737 1 
5 0.531915 0.058544 0.517108 0.003787 0.578975 0.564474 0 
5 0.553191 0.067071 0.505504 0.004368 0.592698 0.54386 0 
5 0.574468 0.058364 0.493603 0.00377 0.595287 0.552632 0 
5 0.595745 0.061817 0.493306 0.004013 0.580269 0.565789 0 
5 0.617021 0.061697 0.488991 0.003995 0.573278 0.567982 0 
5 0.638298 0.056443 0.486165 0.003635 0.567582 0.580702 0 
5 0.659574 0.056503 0.500298 0.003635 0.558001 0.632895 0 
5 0.680851 0.062057 0.525736 0.004019 0.557224 0.657895 0 
5 0.702128 0.058575 0.561291 0.003781 0.563698 0.600877 0 
5 0.723404 0.058364 0.614252 0.003824 0.595287 0.577193 0 
5 0.744681 0.088717 0.701428 0.005854 0.645262 0.535526 1 
5 0.765957 0.091269 0.73133 0.00597 0.688244 0.52807 1 
5 0.787234 0.089378 0.720619 0.00585 0.668566 0.575 1 
5 0.808511 0.06623 0.687147 0.004354 0.63827 0.519737 1 
5 0.829787 0.064309 0.659625 0.004221 0.60202 0.498684 0 
5 0.851064 0.054762 0.632847 0.003587 0.573796 0.481579 0 
5 0.87234 0.05323 0.610533 0.003484 0.541429 0.554386 0 
5 0.893617 0.05239 0.566201 0.003288 0.519161 0.575 0 
5 0.914894 0.045695 0.519935 0.00297 0.482393 0.532895 0 
5 0.93617 0.069293 0.560994 0.003631 0.459347 0.694298 1 
5 0.957447 0.054882 0.559506 0.003413 0.44407 0.640789 0 
5 0.978723 0.074847 0.555192 0.004896 0.531849 0.621053 1 
5 1 0.068962 0.546415 0.004325 0.517607 0.649123 1 
