3 0 0.090399 0.413716 0.003467 0.422915 0.414912 1 
3 0.021277 0.091119 0.395418 0.003467 0.422915 0.414912 1 
3 0.042553 0.084814 0.371764 0.003467 0.422915 0.414912 1 
3 0.06383 0.060316 0.318209 0.003467 0.422915 0.414912 0 
3 0.085106 0.060316 0.259 0.003467 0.422915 0.414912 0 
3 0.106383 0.067761 0.208718 0.003467 0.422915 0.414912 0 
3 0.12766 0.067761 0.175245 0.003467 0.422915 0.414912 0 
3 0.148936 0.067761 0.148616 0.003467 0.422915 0.414912 0 
3 0.170213 0.046085 0.138054 0.003467 0.422915 0.414912 0 
3 0.191489 0.068422 0.135079 0.003467 0.422915 0.414912 0 
3 0.212766 0.068422 0.16022 0.003467 0.422915 0.414912 0 
3 0.234043 0.072055 0.198304 0.003467 0.422915 0.414912 0 
3 0.255319 0.084814 0.291729 0.003467 0.422915 0.414912 1 
3 0.276596 0.090219 0.384558 0.003467 0.422915 0.414912 1 
3 0.297872 0.046085 0.380988 0.003467 0.422915 0.414912 0 
3 0.319149 0.050648 0.430824 0.003467 0.422915 0.414912 0 
3 0.340426 0.051399 0.446891 0.003467 0.422915 0.414912 0 
3 0.361702 0.050648 0.456412 0.003467 0.422915 0.414912 0 
3 0.382979 0.053981 0.492115 0.003467 0.422915 0.414912 0 
3 0.404255 0.060796 0.513835 0.003467 0.422915 0.414912 0 
3 0.425532 0.053471 0.503124 0.003467 0.422915 0.414912 0 
3 0.446809 0.05257 0.483636 0.003467 0.422915 0.414912 0 
3 0.468085 0.05257 0.477536 0.003467 0.422915 0.414912 0 
3 0.489362 0.07911 0.472032 0.003467 0.422915 0.414912 1 
3 0.510638 0.060796 0.467123 0.003467 0.422915 0.414912 0 
3 0.531915 0.084814 0.460875 0.003467 0.422915 0.414912 1 
3 0.553191 0.053981 0.46028 0.003467 0.422915 0.414912 0 
3 0.574468 0.060796 0.455073 0.003467 0.422915 0.414912 0 
3 0.595745 0.05257 0.450461 0.003467 0.422915 0.414912 0 
3 0.617021 0.053981 0.444213 0.003467 0.422915 0.414912 0 
3 0.638298 0.060796 0.437072 0.003467 0.422915 0.414912 0 
3 0.659574 0.05257 0.445254 0.003467 0.422915 0.414912 0 
3 0.680851 0.060796 0.443172 0.003467 0.422915 0.414912 0 
3 0.702128 0.060796 0.445998 0.003467 0.422915 0.414912 0 
3 0.723404 0.050648 0.446891 0.003467 0.422915 0.414912 0 
3 0.744681 0.060796 0.458941 0.003467 0.422915 0.414912 0 
3 0.765957 0.060796 0.468164 0.003467 0.422915 0.414912 0 
3 0.787234 0.060796 0.508182 0.003467 0.422915 0.414912 0 
3 0.808511 0.068422 0.485867 0.003467 0.422915 0.414912 1 
3 0.829787 0.049117 0.457007 0.003467 0.422915 0.414912 0 
3 0.851064 0.050648 0.437519 0.003467 0.422915 0.414912 0 
3 0.87234 0.057464 0.415353 0.003467 0.422915 0.414912 0 
3 0.893617 0.049117 0.378905 0.003467 0.422915 0.414912 0 
3 0.914894 0.047076 0.33859 0.003467 0.422915 0.414912 0 
3 0.93617 0.053981 0.391253 0.003467 0.422915 0.414912 0 
3 0.957447 0.05257 0.418923 0.003467 0.422915 0.414912 0 
3 0.978723 0.05257 0.428444 0.003467 0.422915 0.414912 0 
3 1 0.057464 0.426956 0.003467 0.422915 0.414912 0 
