1 0 0.045965 0.240702 0.003467 0.422915 0.414912 0 
1 0.021277 0.045965 0.200833 0.003467 0.422915 0.414912 0 
1 0.042553 0.045965 0.190271 0.003467 0.422915 0.414912 0 
1 0.06383 0.044494 0.144749 0.003467 0.422915 0.414912 0 
1 0.085106 0.056263 0.11202 0.003467 0.422915 0.414912 0 
1 0.106383 0.056263 0.087028 0.003467 0.422915 0.414912 0 
1 0.12766 0.040351 0.070812 0.003467 0.422915 0.414912 0 
1 0.148936 0.040351 0.055936 0.003467 0.422915 0.414912 0 
1 0.170213 0.062057 0.049093 0.003467 0.422915 0.414912 0 
1 0.191489 0.062057 0.048349 0.003467 0.422915 0.414912 0 
1 0.212766 0.062057 0.058316 0.003467 0.422915 0.414912 0 
1 0.234043 0.062057 0.064713 0.003467 0.422915 0.414912 0 
1 0.255319 0.06635 0.091342 0.003467 0.422915 0.414912 1 
1 0.276596 0.056263 0.127789 0.003467 0.422915 0.414912 0 
1 0.297872 0.045965 0.138352 0.003467 0.422915 0.414912 0 
1 0.319149 0.067191 0.187295 0.003467 0.422915 0.414912 1 
1 0.340426 0.067221 0.231627 0.003467 0.422915 0.414912 1 
1 0.361702 0.068302 0.267331 0.003467 0.422915 0.414912 1 
1 0.382979 0.077429 0.310324 0.003467 0.422915 0.414912 1 
1 0.404255 0.077429 0.341267 0.003467 0.422915 0.414912 1 
1 0.425532 0.073586 0.339929 0.003467 0.422915 0.414912 1 
1 0.446809 0.073256 0.329961 0.003467 0.422915 0.414912 1 
1 0.468085 0.081542 0.322672 0.003467 0.422915 0.414912 1 
1 0.489362 0.086406 0.317911 0.003467 0.422915 0.414912 1 
1 0.510638 0.081542 0.308093 0.003467 0.422915 0.414912 1 
1 0.531915 0.073586 0.294853 0.003467 0.422915 0.414912 1 
1 0.553191 0.073586 0.280571 0.003467 0.422915 0.414912 1 
1 0.574468 0.073256 0.27105 0.003467 0.422915 0.414912 1 
1 0.595745 0.073256 0.259595 0.003467 0.422915 0.414912 1 
1 0.617021 0.073256 0.252157 0.003467 0.422915 0.414912 1 
1 0.638298 0.073256 0.246653 0.003467 0.422915 0.414912 1 
1 0.659574 0.073256 0.253198 0.003467 0.422915 0.414912 1 
1 0.680851 0.073256 0.261678 0.003467 0.422915 0.414912 1 
1 0.702128 0.073586 0.281315 0.003467 0.422915 0.414912 1 
1 0.723404 0.081542 0.30958 0.003467 0.422915 0.414912 1 
1 0.744681 0.103248 0.361648 0.003467 0.422915 0.414912 1 
1 0.765957 0.10538 0.41803 0.003467 0.422915 0.414912 1 
1 0.787234 0.10496 0.43499 0.003467 0.422915 0.414912 1 
1 0.808511 0.101357 0.413865 0.003467 0.422915 0.414912 1 
1 0.829787 0.081542 0.390658 0.003467 0.422915 0.414912 1 
1 0.851064 0.086406 0.369235 0.003467 0.422915 0.414912 1 
1 0.87234 0.077429 0.350045 0.003467 0.422915 0.414912 1 
1 0.893617 0.073586 0.318655 0.003467 0.422915 0.414912 1 
1 0.914894 0.073256 0.277447 0.003467 0.422915 0.414912 1 
1 0.93617 0.075327 0.312556 0.003467 0.422915 0.414912 1 
1 0.957447 0.073256 0.326391 0.003467 0.422915 0.414912 1 
1 0.978723 0.075327 0.344243 0.003467 0.422915 0.414912 1 
1 1 0.068302 0.333234 0.003467 0.422915 0.414912 0 
