1 0 0.055242 0.201428 0.003467 0.422915 0.414912 0 
1 0.021277 0.055242 0.15546 0.003467 0.422915 0.414912 0 
1 0.042553 0.055242 0.123178 0.003467 0.422915 0.414912 0 
1 0.06383 0.055242 0.100268 0.003467 0.422915 0.414912 0 
1 0.085106 0.055242 0.084647 0.003467 0.422915 0.414912 0 
1 0.106383 0.055242 0.077358 0.003467 0.422915 0.414912 0 
1 0.12766 0.055242 0.073788 0.003467 0.422915 0.414912 0 
1 0.148936 0.055242 0.081375 0.003467 0.422915 0.414912 0 
1 0.170213 0.055242 0.104433 0.003467 0.422915 0.414912 0 
1 0.191489 0.055242 0.132847 0.003467 0.422915 0.414912 0 
1 0.212766 0.058394 0.185957 0.003467 0.422915 0.414912 0 
1 0.234043 0.058394 0.243826 0.003467 0.422915 0.414912 0 
1 0.255319 0.058394 0.259595 0.003467 0.422915 0.414912 0 
1 0.276596 0.074817 0.320143 0.003467 0.422915 0.414912 1 
1 0.297872 0.062838 0.364475 0.003467 0.422915 0.414912 0 
1 0.319149 0.085235 0.405088 0.003467 0.422915 0.414912 1 
1 0.340426 0.103008 0.471883 0.003467 0.422915 0.414912 1 
1 0.361702 0.103008 0.498512 0.003467 0.422915 0.414912 1 
1 0.382979 0.103399 0.491372 0.003467 0.422915 0.414912 1 
1 0.404255 0.103399 0.497322 0.003467 0.422915 0.414912 1 
1 0.425532 0.103008 0.501041 0.003467 0.422915 0.414912 1 
1 0.446809 0.10508 0.516364 0.003467 0.422915 0.414912 1 
1 0.468085 0.103008 0.51562 0.003467 0.422915 0.414912 1 
1 0.489362 0.114987 0.524695 0.003467 0.422915 0.414912 1 
1 0.510638 0.10508 0.533621 0.003467 0.422915 0.414912 1 
1 0.531915 0.11862 0.540762 0.003467 0.422915 0.414912 1 
1 0.553191 0.114987 0.545076 0.003467 0.422915 0.414912 1 
1 0.574468 0.133812 0.546117 0.003467 0.422915 0.414912 1 
1 0.595745 0.11862 0.555341 0.003467 0.422915 0.414912 1 
1 0.617021 0.133812 0.555936 0.003467 0.422915 0.414912 1 
1 0.638298 0.125465 0.559952 0.003467 0.422915 0.414912 1 
1 0.659574 0.133812 0.566944 0.003467 0.422915 0.414912 1 
1 0.680851 0.133812 0.552217 0.003467 0.422915 0.414912 1 
1 0.702128 0.115588 0.533621 0.003467 0.422915 0.414912 1 
1 0.723404 0.103399 0.492859 0.003467 0.422915 0.414912 1 
1 0.744681 0.085985 0.473073 0.003467 0.422915 0.414912 0 
1 0.765957 0.085235 0.435733 0.003467 0.422915 0.414912 0 
1 0.787234 0.085235 0.411633 0.003467 0.422915 0.414912 0 
1 0.808511 0.074817 0.409104 0.003467 0.422915 0.414912 0 
1 0.829787 0.074817 0.422493 0.003467 0.422915 0.414912 0 
1 0.851064 0.100276 0.406724 0.003467 0.422915 0.414912 1 
1 0.87234 0.085985 0.372954 0.003467 0.422915 0.414912 0 
1 0.893617 0.14438 0.385153 0.003467 0.422915 0.414912 1 
1 0.914894 0.114987 0.391699 0.003467 0.422915 0.414912 1 
1 0.93617 0.133842 0.407617 0.003467 0.422915 0.414912 1 
1 0.957447 0.11862 0.397203 0.003467 0.422915 0.414912 1 
1 0.978723 0.114987 0.37831 0.003467 0.422915 0.414912 1 
1 1 0.114687 0.347516 0.003467 0.422915 0.414912 1 
