6 0 0.027711 0.382773 0.001674 0.366908 0.821053 0 
6 0.021277 0.025369 0.325498 0.001259 0.340756 0.770175 0 
6 0.042553 0.025069 0.279084 0.001631 0.400829 0.779386 0 
6 0.06383 0.025009 0.245611 0.001498 0.379337 0.798684 0 
6 0.085106 0.024469 0.2169 0.001126 0.329622 0.842544 0 
6 0.106383 0.024138 0.204701 0.000841 0.29622 0.842544 0 
6 0.12766 0.024138 0.202172 0.000841 0.267478 0.842544 0 
6 0.148936 0.024138 0.208271 0.000841 0.268255 0.842544 0 
6 0.170213 0.027981 0.234752 0.001533 0.279648 0.895614 0 
6 0.191489 0.0266 0.271199 0.0014 0.30347 0.927632 0 
6 0.212766 0.03945 0.353317 0.002524 0.364319 0.840351 1 
6 0.234043 0.047706 0.436626 0.003058 0.426204 0.736842 1 
6 0.255319 0.028522 0.482743 0.001834 0.522527 0.66886 0 
6 0.276596 0.027801 0.543439 0.00178 0.600725 0.617982 0 
6 0.297872 0.028011 0.583309 0.001784 0.574314 0.683333 0 
6 0.319149 0.028732 0.610979 0.00183 0.581305 0.639912 0 
6 0.340426 0.033325 0.671824 0.002144 0.596841 0.617982 0 
6 0.361702 0.041912 0.687444 0.002736 0.604609 0.54386 1 
6 0.382979 0.037769 0.689973 0.002486 0.58493 0.534649 0 
6 0.404255 0.033626 0.682981 0.002231 0.612377 0.542544 0 
6 0.425532 0.037679 0.684469 0.002503 0.61885 0.494737 0 
6 0.446809 0.034046 0.688783 0.002266 0.625842 0.532456 0 
6 0.468085 0.034316 0.692502 0.002275 0.61885 0.549561 0 
6 0.489362 0.035337 0.703957 0.002341 0.625065 0.58114 0 
6 0.510638 0.034917 0.701279 0.002312 0.637752 0.536404 0 
6 0.531915 0.034887 0.695329 0.002304 0.646038 0.534649 0 
6 0.553191 0.032124 0.697709 0.002117 0.649146 0.542105 0 
6 0.574468 0.034496 0.698453 0.002273 0.653806 0.542982 0 
6 0.595745 0.027561 0.688337 0.001805 0.638788 0.580263 0 
6 0.617021 0.031734 0.693395 0.002071 0.643708 0.592544 0 
6 0.638298 0.056323 0.692949 0.003693 0.649663 0.514474 1 
6 0.659574 0.03882 0.700238 0.002578 0.65044 0.534211 1 
6 0.680851 0.031254 0.675989 0.002075 0.63827 0.530702 0 
6 0.702128 0.027681 0.631657 0.001822 0.627654 0.590351 0 
6 0.723404 0.02588 0.578251 0.001672 0.577421 0.649561 0 
6 0.744681 0.02597 0.549836 0.001672 0.538322 0.720175 0 
6 0.765957 0.02615 0.518744 0.001672 0.499223 0.711404 0 
6 0.787234 0.024108 0.494644 0.001504 0.467892 0.738158 0 
6 0.808511 0.024198 0.509521 0.001467 0.442517 0.740351 0 
6 0.829787 0.025189 0.510414 0.001533 0.459089 0.686842 0 
6 0.851064 0.024108 0.47471 0.001475 0.450544 0.705263 0 
6 0.87234 0.025429 0.433502 0.001606 0.421284 0.783333 0 
6 0.893617 0.02609 0.459685 0.00166 0.387623 0.886842 0 
6 0.914894 0.02648 0.463106 0.001539 0.348524 0.817982 0 
6 0.93617 0.027801 0.480214 0.001672 0.32755 0.884649 0 
6 0.957447 0.028281 0.477685 0.001672 0.315381 0.896491 0 
6 0.978723 0.030713 0.440494 0.001672 0.398757 0.810526 1 
6 1 0.027411 0.408807 0.001672 0.393837 0.873246 0 
