5 0 0.051849 0.377417 0.003467 0.422915 0.414912 0 
5 0.021277 0.049838 0.307498 0.003467 0.422915 0.414912 0 
5 0.042553 0.049838 0.256174 0.003467 0.422915 0.414912 0 
5 0.06383 0.044434 0.214371 0.003467 0.422915 0.414912 0 
5 0.085106 0.044434 0.191758 0.003467 0.422915 0.414912 0 
5 0.106383 0.061517 0.167658 0.003467 0.422915 0.414912 0 
5 0.12766 0.058364 0.165129 0.003467 0.422915 0.414912 0 
5 0.148936 0.067041 0.168253 0.003467 0.422915 0.414912 0 
5 0.170213 0.071694 0.19161 0.003467 0.422915 0.414912 0 
5 0.191489 0.073226 0.223892 0.003467 0.422915 0.414912 1 
5 0.212766 0.077459 0.30958 0.003467 0.422915 0.414912 1 
5 0.234043 0.077999 0.396311 0.003467 0.422915 0.414912 1 
5 0.255319 0.084214 0.432907 0.003467 0.422915 0.414912 1 
5 0.276596 0.077999 0.490181 0.003467 0.422915 0.414912 1 
5 0.297872 0.073226 0.517108 0.003467 0.422915 0.414912 0 
5 0.319149 0.076888 0.532282 0.003467 0.422915 0.414912 1 
5 0.340426 0.087907 0.583755 0.003467 0.422915 0.414912 1 
5 0.361702 0.087907 0.602946 0.003467 0.422915 0.414912 1 
5 0.382979 0.085925 0.579887 0.003467 0.422915 0.414912 1 
5 0.404255 0.083914 0.581821 0.003467 0.422915 0.414912 1 
5 0.425532 0.084214 0.588515 0.003467 0.422915 0.414912 1 
5 0.446809 0.084214 0.578399 0.003467 0.422915 0.414912 1 
5 0.468085 0.080551 0.575126 0.003467 0.422915 0.414912 1 
5 0.489362 0.080551 0.572151 0.003467 0.422915 0.414912 1 
5 0.510638 0.084214 0.565308 0.003467 0.422915 0.414912 1 
5 0.531915 0.080551 0.559209 0.003467 0.422915 0.414912 1 
5 0.553191 0.076888 0.555638 0.003467 0.422915 0.414912 1 
5 0.574468 0.076888 0.544183 0.003467 0.422915 0.414912 1 
5 0.595745 0.076888 0.544183 0.003467 0.422915 0.414912 1 
5 0.617021 0.084214 0.547307 0.003467 0.422915 0.414912 1 
5 0.638298 0.080551 0.548646 0.003467 0.422915 0.414912 1 
5 0.659574 0.084214 0.545968 0.003467 0.422915 0.414912 1 
5 0.680851 0.076888 0.527522 0.003467 0.422915 0.414912 1 
5 0.702128 0.073226 0.506546 0.003467 0.422915 0.414912 1 
5 0.723404 0.062838 0.462214 0.003467 0.422915 0.414912 0 
5 0.744681 0.054251 0.433948 0.003467 0.422915 0.414912 0 
5 0.765957 0.054251 0.414758 0.003467 0.422915 0.414912 0 
5 0.787234 0.062838 0.406724 0.003467 0.422915 0.414912 0 
5 0.808511 0.067131 0.432312 0.003467 0.422915 0.414912 0 
5 0.829787 0.062838 0.431419 0.003467 0.422915 0.414912 0 
5 0.851064 0.062838 0.40122 0.003467 0.422915 0.414912 0 
5 0.87234 0.054251 0.36983 0.003467 0.422915 0.414912 0 
5 0.893617 0.062838 0.395864 0.003467 0.422915 0.414912 0 
5 0.914894 0.062838 0.415204 0.003467 0.422915 0.414912 0 
5 0.93617 0.062838 0.441238 0.003467 0.422915 0.414912 0 
5 0.957447 0.062838 0.435138 0.003467 0.422915 0.414912 0 
5 0.978723 0.062838 0.417287 0.003467 0.422915 0.414912 0 
5 1 0.062838 0.39036 0.003467 0.422915 0.414912 0 
