1 0 0.041131 0.475305 0.002476 0.465562 0.654825 0 
1 0.021277 0.03939 0.424427 0.002086 0.443294 0.701754 0 
1 0.042553 0.044974 0.383814 0.002435 0.502848 0.603947 0 
1 0.06383 0.044164 0.342755 0.002241 0.480839 0.647807 0 
1 0.085106 0.037348 0.286968 0.001975 0.444329 0.649561 0 
1 0.106383 0.034046 0.252008 0.001932 0.402641 0.627632 0 
1 0.12766 0.030053 0.216156 0.001894 0.375453 0.65 0 
1 0.148936 0.028912 0.194585 0.001799 0.352149 0.706579 0 
1 0.170213 0.021947 0.178072 0.001425 0.326515 0.764474 0 
1 0.191489 0.018464 0.172121 0.001203 0.296996 0.78114 0 
1 0.212766 0.02597 0.181047 0.001695 0.271362 0.768421 0 
1 0.234043 0.027711 0.186998 0.001786 0.256603 0.758772 0 
1 0.255319 0.028942 0.213329 0.001865 0.242879 0.796053 0 
1 0.276596 0.028822 0.240107 0.001843 0.241585 0.815351 0 
1 0.297872 0.027411 0.275662 0.001739 0.209995 0.820614 0 
1 0.319149 0.029212 0.356144 0.001843 0.225272 0.82807 0 
1 0.340426 0.053441 0.443618 0.002692 0.261264 0.832018 0 
1 0.361702 0.093911 0.506546 0.006028 0.296737 0.750439 0 
1 0.382979 0.075267 0.555043 0.004877 0.323149 0.762281 0 
1 0.404255 0.055933 0.571705 0.002892 0.332988 0.69386 0 
1 0.425532 0.121382 0.575722 0.004545 0.353185 0.70614 0 
1 0.446809 0.092771 0.545076 0.003172 0.352926 0.70307 0 
1 0.468085 0.03996 0.518893 0.002619 0.360953 0.66886 0 
1 0.489362 0.094182 0.493157 0.006186 0.364319 0.649123 0 
1 0.510638 0.089888 0.470098 0.004161 0.364578 0.699123 0 
1 0.531915 0.082623 0.444957 0.004227 0.354738 0.688158 0 
1 0.553191 0.06527 0.41446 0.004186 0.376748 0.657018 0 
1 0.574468 0.042632 0.391401 0.002781 0.37856 0.638158 0 
1 0.595745 0.037589 0.380095 0.002459 0.370016 0.649561 0 
1 0.617021 0.036628 0.369533 0.002395 0.373641 0.623246 0 
1 0.638298 0.036568 0.369235 0.002393 0.374935 0.613158 0 
1 0.659574 0.032064 0.379798 0.002106 0.366649 0.639912 0 
1 0.680851 0.032635 0.411187 0.002146 0.358105 0.672368 0 
1 0.702128 0.069323 0.483338 0.004618 0.400311 0.547807 0 
1 0.723404 0.098985 0.591937 0.00657 0.46349 0.581579 0 
1 0.744681 0.280143 0.692651 0.019032 0.533661 0.528947 1 
1 0.765957 0.281104 0.718982 0.019075 0.540653 0.553509 1 
1 0.787234 0.111775 0.709164 0.007603 0.525634 0.560088 1 
1 0.808511 0.128318 0.685213 0.008702 0.505697 0.570175 1 
1 0.829787 0.107632 0.668849 0.007221 0.483946 0.632018 1 
1 0.851064 0.137565 0.654121 0.009142 0.46116 0.667982 1 
1 0.87234 0.1442 0.629277 0.00956 0.445883 0.702193 1 
1 0.893617 0.10499 0.594168 0.006853 0.415329 0.731579 1 
1 0.914894 0.062718 0.543737 0.003779 0.39073 0.75 0 
1 0.93617 0.648223 0.55296 0.002422 0.374676 0.662281 1 
1 0.957447 0.283145 0.525736 0.002009 0.348783 0.618421 1 
1 0.978723 0.214963 0.49762 0.002009 0.401864 0.574561 1 
1 1 0.072655 0.465338 0.002009 0.364319 0.584649 0 
