7 0 0.030473 0.492413 0.00194 0.390989 0.603509 1 
7 0.021277 0.029723 0.473073 0.001865 0.360176 0.612281 1 
7 0.042553 0.031134 0.439155 0.00194 0.409632 0.550877 1 
7 0.06383 0.029933 0.375781 0.001843 0.38348 0.537719 1 
7 0.085106 0.029512 0.319548 0.001464 0.338944 0.555263 1 
7 0.106383 0.031884 0.264207 0.001433 0.306318 0.564035 1 
7 0.12766 0.033566 0.223594 0.001425 0.270844 0.581579 1 
7 0.148936 0.029062 0.185957 0.000841 0.254531 0.612281 1 
7 0.170213 0.02663 0.163642 0.001012 0.237442 0.74386 0 
7 0.191489 0.016843 0.156799 0.001088 0.223459 0.786404 0 
7 0.212766 0.021346 0.160369 0.001377 0.215173 0.816228 0 
7 0.234043 0.023838 0.176882 0.001338 0.208959 0.809649 0 
7 0.255319 0.027291 0.20723 0.001477 0.231486 0.775877 0 
7 0.276596 0.028372 0.247694 0.000885 0.217245 0.72193 1 
7 0.297872 0.031074 0.296638 0.001228 0.23304 0.672807 1 
7 0.319149 0.032935 0.3795 0.001813 0.264889 0.620175 1 
7 0.340426 0.038189 0.44704 0.002009 0.310979 0.598246 1 
7 0.361702 0.034586 0.493454 0.002009 0.341274 0.570175 1 
7 0.382979 0.040591 0.520976 0.002009 0.373382 0.57193 1 
7 0.404255 0.057824 0.519786 0.002009 0.387364 0.576316 1 
7 0.425532 0.030833 0.498066 0.002009 0.393837 0.563596 1 
7 0.446809 0.030924 0.476198 0.002009 0.390212 0.555702 1 
7 0.468085 0.031374 0.44704 0.001921 0.393837 0.590351 1 
7 0.489362 0.028942 0.422047 0.00187 0.391248 0.634211 0 
7 0.510638 0.029152 0.401517 0.001872 0.391766 0.651754 0 
7 0.531915 0.029152 0.385748 0.001874 0.386069 0.660526 0 
7 0.553191 0.029092 0.366558 0.00188 0.396945 0.651754 0 
7 0.574468 0.029092 0.341119 0.001886 0.388141 0.660526 0 
7 0.595745 0.028912 0.329069 0.001872 0.377007 0.673684 0 
7 0.617021 0.028942 0.321928 0.001718 0.361471 0.67807 0 
7 0.638298 0.028732 0.313895 0.00187 0.359658 0.666667 0 
7 0.659574 0.027981 0.321333 0.001838 0.367167 0.657895 0 
7 0.680851 0.028131 0.35064 0.001859 0.390212 0.65614 0 
7 0.702128 0.028972 0.412824 0.001924 0.432418 0.599123 0 
7 0.723404 0.033956 0.489735 0.002273 0.493268 0.49693 1 
7 0.744681 0.040261 0.554299 0.002736 0.528742 0.470175 1 
7 0.765957 0.038489 0.546712 0.002613 0.528483 0.505702 1 
7 0.787234 0.029392 0.521571 0.00198 0.492491 0.547807 0 
7 0.808511 0.029002 0.486611 0.00194 0.461937 0.574561 0 
7 0.829787 0.028972 0.451503 0.001934 0.440963 0.574123 0 
7 0.851064 0.028041 0.427849 0.001872 0.414034 0.619737 0 
7 0.87234 0.028522 0.419518 0.001886 0.396945 0.638596 0 
7 0.893617 0.029512 0.398988 0.001589 0.377007 0.634211 0 
7 0.914894 0.029152 0.376227 0.001793 0.34956 0.634211 0 
7 0.93617 0.029633 0.397054 0.001905 0.343086 0.672807 0 
7 0.957447 0.028792 0.399137 0.001857 0.344899 0.687281 0 
7 0.978723 0.030353 0.40241 0.00199 0.416106 0.595614 0 
7 1 0.028522 0.378459 0.001874 0.406525 0.607895 0 
