4 0 0.176474 0.613657 0.011793 0.520715 0.635526 1 
4 0.021277 0.124445 0.593425 0.00828 0.505697 0.650439 1 
4 0.042553 0.141798 0.564862 0.009468 0.56551 0.620175 1 
4 0.06383 0.099225 0.51205 0.006612 0.554635 0.635526 1 
4 0.085106 0.095142 0.457899 0.006284 0.523563 0.67193 1 
4 0.106383 0.071905 0.398393 0.004693 0.494045 0.72193 0 
4 0.12766 0.063168 0.347962 0.004071 0.46608 0.752632 0 
4 0.148936 0.050588 0.314639 0.003247 0.439669 0.771053 0 
4 0.170213 0.057163 0.286819 0.003656 0.423874 0.807456 0 
4 0.191489 0.0529 0.281018 0.003384 0.41274 0.779825 0 
4 0.212766 0.05266 0.306903 0.003392 0.420249 0.754825 0 
4 0.234043 0.057944 0.357929 0.003749 0.443811 0.710965 0 
4 0.255319 0.054131 0.455668 0.003535 0.513465 0.627632 0 
4 0.276596 0.072805 0.547605 0.004844 0.604609 0.446491 0 
4 0.297872 0.056683 0.583606 0.003868 0.653806 0.398684 0 
4 0.319149 0.076108 0.682237 0.005239 0.744951 0.30307 0 
4 0.340426 0.083614 0.725826 0.005762 0.779907 0.292105 0 
4 0.361702 0.090819 0.747099 0.006219 0.79855 0.258333 1 
4 0.382979 0.103879 0.781166 0.007131 0.806059 0.282456 1 
4 0.404255 0.099466 0.777001 0.006824 0.792077 0.291667 1 
4 0.425532 0.090159 0.742785 0.006115 0.769291 0.314035 1 
4 0.446809 0.083133 0.707676 0.005654 0.746763 0.359649 0 
4 0.468085 0.075688 0.679262 0.005133 0.719575 0.37807 0 
4 0.489362 0.073076 0.658881 0.004933 0.682548 0.44693 0 
4 0.510638 0.073166 0.641922 0.00494 0.684619 0.426754 0 
4 0.531915 0.072655 0.616037 0.004931 0.676334 0.364912 0 
4 0.553191 0.06575 0.600565 0.004493 0.700155 0.364912 0 
4 0.574468 0.061187 0.587325 0.004179 0.694459 0.384211 0 
4 0.595745 0.047226 0.574531 0.003214 0.681771 0.419737 0 
4 0.617021 0.041462 0.561291 0.002804 0.664164 0.460965 0 
4 0.638298 0.03888 0.559952 0.00259 0.654583 0.564912 0 
4 0.659574 0.042632 0.569771 0.002813 0.664682 0.514474 0 
4 0.680851 0.056863 0.587176 0.003814 0.67478 0.444737 0 
4 0.702128 0.070524 0.648319 0.004796 0.710254 0.362719 0 
4 0.723404 0.077009 0.74576 0.005299 0.76204 0.368421 0 
4 0.744681 0.088357 0.850342 0.006097 0.823666 0.353509 1 
4 0.765957 0.090309 0.86269 0.006151 0.809166 0.369298 1 
4 0.787234 0.087036 0.849896 0.005881 0.765407 0.428947 1 
4 0.808511 0.076498 0.822821 0.005162 0.722424 0.458772 0 
4 0.829787 0.075477 0.796043 0.005091 0.693682 0.479386 0 
4 0.851064 0.074096 0.777447 0.004994 0.65769 0.510965 0 
4 0.87234 0.069653 0.747843 0.004672 0.626618 0.521491 0 
4 0.893617 0.064069 0.703362 0.00429 0.595287 0.546053 0 
4 0.914894 0.048517 0.645492 0.003236 0.560849 0.54386 0 
4 0.93617 0.061667 0.660369 0.003976 0.52175 0.633333 0 
4 0.957447 0.047946 0.644154 0.002833 0.491714 0.610965 0 
4 0.978723 0.068392 0.629872 0.004373 0.542724 0.625877 0 
4 1 0.072835 0.614252 0.004732 0.534697 0.639912 0 
