7 0 0.043203 0.574234 0.002939 0.479803 0.41886 0 
7 0.021277 0.050709 0.552365 0.003463 0.44899 0.431579 1 
7 0.042553 0.042452 0.519042 0.002887 0.492491 0.400877 0 
7 0.06383 0.042452 0.457602 0.002844 0.45391 0.517544 0 
7 0.085106 0.034917 0.39155 0.002291 0.41274 0.634649 0 
7 0.106383 0.023088 0.343796 0.001489 0.363283 0.706579 0 
7 0.12766 0.011529 0.294853 0.000742 0.313309 0.584649 0 
7 0.148936 0.01264 0.25186 0.000816 0.270844 0.52193 0 
7 0.170213 0.01285 0.228057 0.000833 0.230451 0.55614 0 
7 0.191489 0.011979 0.216305 0.000781 0.215432 0.551754 0 
7 0.212766 0.0127 0.216305 0.000827 0.209477 0.547807 0 
7 0.234043 0.01363 0.226718 0.000885 0.211807 0.639035 0 
7 0.255319 0.028432 0.264951 0.00157 0.232004 0.765789 0 
7 0.276596 0.03996 0.299762 0.00214 0.270844 0.765789 0 
7 0.297872 0.041071 0.361202 0.001934 0.264112 0.765789 0 
7 0.319149 0.041822 0.463999 0.002759 0.294148 0.73114 0 
7 0.340426 0.049658 0.549985 0.003351 0.353962 0.56886 1 
7 0.361702 0.043593 0.606218 0.003035 0.394355 0.480263 1 
7 0.382979 0.049388 0.651443 0.00349 0.424909 0.429386 1 
7 0.404255 0.049598 0.644897 0.003515 0.429311 0.390789 1 
7 0.425532 0.044704 0.612615 0.003153 0.428276 0.419737 1 
7 0.446809 0.043833 0.571854 0.003072 0.406784 0.439035 1 
7 0.468085 0.042843 0.533918 0.002987 0.388659 0.464035 1 
7 0.489362 0.042392 0.49762 0.002941 0.372346 0.476316 1 
7 0.510638 0.042032 0.476941 0.0029 0.349301 0.503509 1 
7 0.531915 0.041852 0.449717 0.002877 0.336613 0.525877 1 
7 0.553191 0.041822 0.429783 0.002877 0.345935 0.491228 1 
7 0.574468 0.041702 0.415799 0.002865 0.334283 0.525439 1 
7 0.595745 0.041822 0.40122 0.002871 0.326515 0.484211 1 
7 0.617021 0.041822 0.394525 0.002873 0.317452 0.486404 1 
7 0.638298 0.041822 0.396459 0.002881 0.310202 0.492982 1 
7 0.659574 0.041822 0.413865 0.002875 0.311497 0.508333 1 
7 0.680851 0.041401 0.44213 0.002848 0.313309 0.506579 1 
7 0.702128 0.042332 0.518893 0.002946 0.360694 0.392544 1 
7 0.723404 0.055692 0.624517 0.003968 0.447954 0.311404 1 
7 0.744681 0.069983 0.705594 0.004981 0.513982 0.248684 1 
7 0.765957 0.072145 0.709759 0.005164 0.513465 0.272807 1 
7 0.787234 0.062357 0.689229 0.004628 0.479285 0.284649 1 
7 0.808511 0.044944 0.641029 0.003249 0.43941 0.31886 1 
7 0.829787 0.044073 0.606665 0.00312 0.400829 0.373246 1 
7 0.851064 0.054011 0.571259 0.003797 0.385293 0.399123 1 
7 0.87234 0.072775 0.556382 0.005037 0.365096 0.500439 1 
7 0.893617 0.045394 0.522464 0.003093 0.340238 0.500439 1 
7 0.914894 0.040921 0.485123 0.002742 0.33247 0.575 0 
7 0.93617 0.041912 0.5 0.002779 0.33247 0.564474 1 
7 0.957447 0.03936 0.49524 0.00259 0.339979 0.595175 0 
7 0.978723 0.041972 0.493157 0.002769 0.421025 0.466667 1 
7 1 0.041431 0.456709 0.00275 0.416106 0.517982 1 
