7 0 0.047106 0.30244 0.003467 0.422915 0.414912 0 
7 0.021277 0.047106 0.259 0.003467 0.422915 0.414912 0 
7 0.042553 0.047106 0.234157 0.003467 0.422915 0.414912 0 
7 0.06383 0.047106 0.182089 0.003467 0.422915 0.414912 0 
7 0.085106 0.046956 0.140732 0.003467 0.422915 0.414912 0 
7 0.106383 0.062417 0.111425 0.003467 0.422915 0.414912 1 
7 0.12766 0.062417 0.087176 0.003467 0.422915 0.414912 1 
7 0.148936 0.062417 0.07349 0.003467 0.422915 0.414912 1 
7 0.170213 0.062417 0.058167 0.003467 0.422915 0.414912 1 
7 0.191489 0.062417 0.052812 0.003467 0.422915 0.414912 1 
7 0.212766 0.063889 0.064267 0.003467 0.422915 0.414912 1 
7 0.234043 0.062417 0.074383 0.003467 0.422915 0.414912 1 
7 0.255319 0.062417 0.090747 0.003467 0.422915 0.414912 1 
7 0.276596 0.046956 0.091937 0.003467 0.422915 0.414912 0 
7 0.297872 0.046956 0.127938 0.003467 0.422915 0.414912 0 
7 0.319149 0.047256 0.180452 0.003467 0.422915 0.414912 0 
7 0.340426 0.047256 0.230884 0.003467 0.422915 0.414912 0 
7 0.361702 0.047256 0.277298 0.003467 0.422915 0.414912 0 
7 0.382979 0.047376 0.327581 0.003467 0.422915 0.414912 0 
7 0.404255 0.047376 0.351235 0.003467 0.422915 0.414912 0 
7 0.425532 0.047256 0.355251 0.003467 0.422915 0.414912 0 
7 0.446809 0.047256 0.345582 0.003467 0.422915 0.414912 0 
7 0.468085 0.071694 0.337251 0.003467 0.422915 0.414912 1 
7 0.489362 0.054131 0.323416 0.003467 0.422915 0.414912 0 
7 0.510638 0.071694 0.308242 0.003467 0.422915 0.414912 1 
7 0.531915 0.069383 0.281018 0.003467 0.422915 0.414912 1 
7 0.553191 0.047256 0.263612 0.003467 0.422915 0.414912 0 
7 0.574468 0.047256 0.244868 0.003467 0.422915 0.414912 0 
7 0.595745 0.047256 0.235049 0.003467 0.422915 0.414912 0 
7 0.617021 0.047106 0.231479 0.003467 0.422915 0.414912 0 
7 0.638298 0.047256 0.23252 0.003467 0.422915 0.414912 0 
7 0.659574 0.047106 0.240405 0.003467 0.422915 0.414912 0 
7 0.680851 0.047256 0.240702 0.003467 0.422915 0.414912 0 
7 0.702128 0.047256 0.263761 0.003467 0.422915 0.414912 0 
7 0.723404 0.047286 0.311068 0.003467 0.422915 0.414912 0 
7 0.744681 0.047436 0.387682 0.003467 0.422915 0.414912 0 
7 0.765957 0.069383 0.403898 0.003467 0.422915 0.414912 1 
7 0.787234 0.047376 0.383071 0.003467 0.422915 0.414912 0 
7 0.808511 0.047256 0.366706 0.003467 0.422915 0.414912 0 
7 0.829787 0.047256 0.346772 0.003467 0.422915 0.414912 0 
7 0.851064 0.047256 0.328771 0.003467 0.422915 0.414912 0 
7 0.87234 0.047106 0.311068 0.003467 0.422915 0.414912 0 
7 0.893617 0.047106 0.280571 0.003467 0.422915 0.414912 0 
7 0.914894 0.047106 0.252455 0.003467 0.422915 0.414912 0 
7 0.93617 0.047106 0.287414 0.003467 0.422915 0.414912 0 
7 0.957447 0.047256 0.298869 0.003467 0.422915 0.414912 0 
7 0.978723 0.047256 0.316424 0.003467 0.422915 0.414912 0 
7 1 0.047106 0.293663 0.003467 0.422915 0.414912 0 
