7 0 0.055242 0.202767 0.003467 0.422915 0.414912 0 
7 0.021277 0.055242 0.158733 0.003467 0.422915 0.414912 0 
7 0.042553 0.040801 0.118268 0.003467 0.422915 0.414912 0 
7 0.06383 0.040801 0.088664 0.003467 0.422915 0.414912 0 
7 0.085106 0.040351 0.067539 0.003467 0.422915 0.414912 0 
7 0.106383 0.055242 0.052514 0.003467 0.422915 0.414912 0 
7 0.12766 0.055242 0.043142 0.003467 0.422915 0.414912 0 
7 0.148936 0.066801 0.046415 0.003467 0.422915 0.414912 0 
7 0.170213 0.058394 0.043291 0.003467 0.422915 0.414912 0 
7 0.191489 0.056923 0.046266 0.003467 0.422915 0.414912 0 
7 0.212766 0.058394 0.054151 0.003467 0.422915 0.414912 0 
7 0.234043 0.058394 0.062928 0.003467 0.422915 0.414912 0 
7 0.255319 0.069623 0.082416 0.003467 0.422915 0.414912 1 
7 0.276596 0.077789 0.120946 0.003467 0.422915 0.414912 1 
7 0.297872 0.077789 0.17227 0.003467 0.422915 0.414912 1 
7 0.319149 0.085235 0.2169 0.003467 0.422915 0.414912 1 
7 0.340426 0.085235 0.264207 0.003467 0.422915 0.414912 1 
7 0.361702 0.086286 0.290836 0.003467 0.422915 0.414912 1 
7 0.382979 0.087787 0.296787 0.003467 0.422915 0.414912 1 
7 0.404255 0.085235 0.295299 0.003467 0.422915 0.414912 1 
7 0.425532 0.080611 0.29634 0.003467 0.422915 0.414912 1 
7 0.446809 0.080611 0.292919 0.003467 0.422915 0.414912 1 
7 0.468085 0.080611 0.284737 0.003467 0.422915 0.414912 1 
7 0.489362 0.077789 0.273282 0.003467 0.422915 0.414912 1 
7 0.510638 0.066981 0.259298 0.003467 0.422915 0.414912 0 
7 0.531915 0.077789 0.246504 0.003467 0.422915 0.414912 1 
7 0.553191 0.058394 0.232966 0.003467 0.422915 0.414912 0 
7 0.574468 0.058394 0.227611 0.003467 0.422915 0.414912 0 
7 0.595745 0.058394 0.228206 0.003467 0.422915 0.414912 0 
7 0.617021 0.066981 0.22895 0.003467 0.422915 0.414912 0 
7 0.638298 0.058394 0.221363 0.003467 0.422915 0.414912 0 
7 0.659574 0.058394 0.224933 0.003467 0.422915 0.414912 0 
7 0.680851 0.058394 0.225528 0.003467 0.422915 0.414912 0 
7 0.702128 0.058394 0.251711 0.003467 0.422915 0.414912 0 
7 0.723404 0.077789 0.263761 0.003467 0.422915 0.414912 1 
7 0.744681 0.066981 0.261083 0.003467 0.422915 0.414912 1 
7 0.765957 0.056923 0.258405 0.003467 0.422915 0.414912 0 
7 0.787234 0.056923 0.256174 0.003467 0.422915 0.414912 0 
7 0.808511 0.066981 0.265248 0.003467 0.422915 0.414912 1 
7 0.829787 0.066981 0.289348 0.003467 0.422915 0.414912 1 
7 0.851064 0.056923 0.286522 0.003467 0.422915 0.414912 0 
7 0.87234 0.056923 0.264653 0.003467 0.422915 0.414912 0 
7 0.893617 0.066981 0.272835 0.003467 0.422915 0.414912 1 
7 0.914894 0.066981 0.272092 0.003467 0.422915 0.414912 1 
7 0.93617 0.058394 0.282803 0.003467 0.422915 0.414912 0 
7 0.957447 0.077789 0.263314 0.003467 0.422915 0.414912 1 
7 0.978723 0.077789 0.25781 0.003467 0.422915 0.414912 1 
7 1 0.072895 0.225974 0.003467 0.422915 0.414912 1 
