5 0 0.027501 0.351979 0.001863 0.346194 0.595175 1 
5 0.021277 0.02648 0.298572 0.001791 0.312791 0.615789 0 
5 0.042553 0.02621 0.238173 0.001778 0.371569 0.528947 0 
5 0.06383 0.02588 0.199197 0.001753 0.342051 0.517105 0 
5 0.085106 0.023208 0.165724 0.001568 0.286639 0.539035 0 
5 0.106383 0.021496 0.143707 0.001448 0.242879 0.597807 0 
5 0.12766 0.020926 0.138947 0.001408 0.219575 0.645175 0 
5 0.148936 0.021166 0.139839 0.001423 0.213361 0.636842 0 
5 0.170213 0.024829 0.167063 0.00167 0.227084 0.621053 0 
5 0.191489 0.02588 0.19875 0.001739 0.240808 0.668421 0 
5 0.212766 0.036208 0.28429 0.002443 0.301139 0.568421 1 
5 0.234043 0.040441 0.357185 0.002754 0.375712 0.460526 1 
5 0.255319 0.033175 0.37474 0.002273 0.477991 0.352193 1 
5 0.276596 0.042993 0.43975 0.002954 0.550751 0.230702 1 
5 0.297872 0.030323 0.47114 0.002098 0.532626 0.308772 1 
5 0.319149 0.029542 0.488396 0.00205 0.540135 0.30307 1 
5 0.340426 0.038069 0.537489 0.002615 0.567064 0.307456 1 
5 0.361702 0.031824 0.551622 0.002173 0.57535 0.295175 1 
5 0.382979 0.029572 0.547159 0.002011 0.587519 0.304386 1 
5 0.404255 0.028762 0.536001 0.001944 0.612636 0.287281 1 
5 0.425532 0.029182 0.536001 0.001969 0.626877 0.252193 1 
5 0.446809 0.029753 0.542696 0.002013 0.639824 0.219298 1 
5 0.468085 0.030323 0.543142 0.002052 0.634127 0.203947 1 
5 0.489362 0.029933 0.542547 0.002027 0.63594 0.220175 1 
5 0.510638 0.03897 0.55177 0.002644 0.664423 0.166667 1 
5 0.531915 0.042933 0.552812 0.002914 0.691869 0.162281 1 
5 0.553191 0.05266 0.544481 0.003604 0.69653 0.159211 1 
5 0.574468 0.06563 0.551622 0.00451 0.703263 0.166228 1 
5 0.595745 0.049628 0.548349 0.003407 0.711289 0.159649 1 
5 0.617021 0.054612 0.551622 0.003754 0.725013 0.136404 1 
5 0.638298 0.073976 0.551919 0.005071 0.740549 0.155263 1 
5 0.659574 0.075447 0.549688 0.005168 0.738736 0.146053 1 
5 0.680851 0.058605 0.53496 0.004022 0.734852 0.137719 1 
5 0.702128 0.048787 0.522017 0.003359 0.722941 0.060088 1 
5 0.723404 0.032365 0.490033 0.002235 0.667789 0.171053 0 
5 0.744681 0.028281 0.46623 0.001948 0.606939 0.260965 0 
5 0.765957 0.027951 0.43737 0.001917 0.57768 0.267105 0 
5 0.787234 0.027561 0.42532 0.001884 0.54609 0.30614 0 
5 0.808511 0.028071 0.447337 0.001915 0.513465 0.323684 0 
5 0.829787 0.028281 0.463106 0.001934 0.523563 0.305702 0 
5 0.851064 0.034526 0.43737 0.00237 0.535992 0.252193 1 
5 0.87234 0.029542 0.400179 0.002025 0.501295 0.342105 0 
5 0.893617 0.029362 0.426361 0.002002 0.455981 0.409649 0 
5 0.914894 0.027981 0.432312 0.001897 0.409114 0.551754 0 
5 0.93617 0.028071 0.442279 0.001884 0.382703 0.602193 0 
5 0.957447 0.02678 0.440494 0.001786 0.365096 0.691228 0 
5 0.978723 0.028462 0.43127 0.001911 0.444588 0.561404 0 
5 1 0.02678 0.398542 0.001801 0.433195 0.634211 0 
