3 0 0.046625 0.40241 0.003097 0.402382 0.591228 0 
3 0.021277 0.044614 0.345879 0.002935 0.360176 0.607456 0 
3 0.042553 0.054011 0.294555 0.003567 0.430088 0.575439 1 
3 0.06383 0.044344 0.242785 0.002912 0.390989 0.614035 0 
3 0.085106 0.043983 0.194287 0.002885 0.343863 0.603509 0 
3 0.106383 0.042933 0.172716 0.002796 0.294666 0.723684 0 
3 0.12766 0.042632 0.159328 0.002746 0.277576 0.745175 0 
3 0.148936 0.042632 0.162154 0.002736 0.275246 0.786842 0 
3 0.170213 0.041191 0.191163 0.002644 0.281201 0.742544 0 
3 0.191489 0.042783 0.2349 0.002771 0.295961 0.688596 0 
3 0.212766 0.06566 0.320143 0.004294 0.356551 0.738596 1 
3 0.234043 0.067701 0.407766 0.004441 0.443035 0.619298 1 
3 0.255319 0.063378 0.426361 0.004215 0.554635 0.450439 1 
3 0.276596 0.070193 0.48319 0.004697 0.626618 0.428947 1 
3 0.297872 0.050648 0.49152 0.003376 0.590109 0.448684 0 
3 0.319149 0.050679 0.497471 0.003361 0.566028 0.470175 0 
3 0.340426 0.077759 0.541208 0.005114 0.566028 0.532895 1 
3 0.361702 0.082443 0.560101 0.005415 0.564215 0.517982 1 
3 0.382979 0.069353 0.549093 0.004574 0.566805 0.445175 1 
3 0.404255 0.055302 0.535555 0.003671 0.568099 0.437719 1 
3 0.425532 0.054882 0.529009 0.003646 0.575091 0.448684 1 
3 0.446809 0.054041 0.524546 0.003587 0.577421 0.415351 1 
3 0.468085 0.050318 0.513389 0.003355 0.571466 0.421491 0 
3 0.489362 0.050108 0.515174 0.003346 0.568876 0.390789 0 
3 0.510638 0.064939 0.517108 0.004329 0.583635 0.445175 1 
3 0.531915 0.063318 0.516662 0.004204 0.588555 0.442544 1 
3 0.553191 0.076288 0.50967 0.005068 0.59943 0.436842 1 
3 0.574468 0.063708 0.505504 0.004231 0.60202 0.414474 1 
3 0.595745 0.050048 0.497322 0.003351 0.587778 0.370175 0 
3 0.617021 0.067161 0.505207 0.0043 0.592439 0.437719 1 
3 0.638298 0.054311 0.504017 0.003627 0.588814 0.400877 1 
3 0.659574 0.059385 0.508331 0.00397 0.589073 0.402632 1 
3 0.680851 0.045635 0.504017 0.003062 0.582341 0.376316 0 
3 0.702128 0.044854 0.500298 0.003012 0.562144 0.39693 0 
3 0.723404 0.043563 0.472627 0.002902 0.51709 0.480263 0 
3 0.744681 0.043293 0.459685 0.00285 0.477991 0.53114 0 
3 0.765957 0.042632 0.450907 0.002796 0.441999 0.512719 0 
3 0.787234 0.042722 0.461321 0.002802 0.430088 0.547368 0 
3 0.808511 0.044284 0.469949 0.002906 0.45391 0.500439 0 
3 0.829787 0.043413 0.457304 0.002858 0.460124 0.483333 0 
3 0.851064 0.042632 0.421898 0.0028 0.440963 0.510526 0 
3 0.87234 0.037709 0.383814 0.002468 0.403936 0.535965 0 
3 0.893617 0.041612 0.402559 0.002698 0.369239 0.635965 0 
3 0.914894 0.042242 0.418625 0.002719 0.328068 0.698684 0 
3 0.93617 0.044704 0.44213 0.002873 0.308389 0.699561 0 
3 0.957447 0.046235 0.451205 0.002975 0.303988 0.690789 0 
3 0.978723 0.093131 0.445552 0.005345 0.423097 0.571053 1 
3 1 0.05314 0.433353 0.00354 0.428793 0.525 0 
