6 0 0.085085 0.539274 0.005565 0.460901 0.633772 1 
6 0.021277 0.086135 0.51681 0.005598 0.430865 0.613158 1 
6 0.042553 0.087847 0.492562 0.005754 0.48783 0.626316 1 
6 0.06383 0.074847 0.440791 0.004873 0.467892 0.649561 0 
6 0.085106 0.059325 0.383814 0.003855 0.424909 0.638158 0 
6 0.106383 0.057794 0.331151 0.003772 0.381409 0.661842 0 
6 0.12766 0.047166 0.275811 0.003068 0.340497 0.682895 0 
6 0.148936 0.042212 0.249777 0.002744 0.314604 0.667105 0 
6 0.170213 0.042993 0.232966 0.0028 0.287675 0.670175 0 
6 0.191489 0.042032 0.228206 0.002746 0.271103 0.666228 0 
6 0.212766 0.044944 0.261678 0.002931 0.293371 0.710088 0 
6 0.234043 0.045334 0.315977 0.002968 0.316934 0.691667 0 
6 0.255319 0.056623 0.427105 0.003752 0.406266 0.625877 0 
6 0.276596 0.07902 0.529307 0.005222 0.479544 0.54693 0 
6 0.297872 0.056143 0.551026 0.003714 0.527188 0.497368 0 
6 0.319149 0.089348 0.615888 0.005901 0.595287 0.389474 1 
6 0.340426 0.09157 0.622731 0.006047 0.628949 0.353509 1 
6 0.361702 0.090189 0.598929 0.00598 0.633351 0.345614 1 
6 0.382979 0.093491 0.629277 0.006203 0.638788 0.389474 1 
6 0.404255 0.090309 0.626004 0.005989 0.623252 0.36886 1 
6 0.425532 0.090699 0.603243 0.006007 0.613931 0.352193 1 
6 0.446809 0.088507 0.575573 0.00587 0.610564 0.345175 1 
6 0.468085 0.09157 0.551919 0.006072 0.603573 0.351754 1 
6 0.489362 0.088777 0.543291 0.005879 0.599689 0.301316 1 
6 0.510638 0.087126 0.523802 0.00576 0.5826 0.317105 1 
6 0.531915 0.087907 0.517108 0.005802 0.56059 0.289474 1 
6 0.553191 0.087697 0.507736 0.005789 0.591144 0.292982 1 
6 0.574468 0.087216 0.493454 0.005766 0.593993 0.294737 1 
6 0.595745 0.086826 0.482743 0.00576 0.588037 0.275877 1 
6 0.617021 0.086616 0.457602 0.005754 0.568099 0.327632 1 
6 0.638298 0.084995 0.445552 0.005667 0.551787 0.340789 1 
6 0.659574 0.084995 0.45418 0.005661 0.536769 0.351316 1 
6 0.680851 0.085535 0.465338 0.005717 0.532108 0.274123 1 
6 0.702128 0.084995 0.483041 0.005717 0.536769 0.298246 1 
6 0.723404 0.084784 0.525439 0.005781 0.578457 0.230263 1 
6 0.744681 0.086466 0.612913 0.005889 0.625583 0.228509 1 
6 0.765957 0.087847 0.634484 0.005972 0.673744 0.198246 1 
6 0.787234 0.087366 0.623475 0.005928 0.656655 0.280263 1 
6 0.808511 0.085295 0.588515 0.005787 0.622216 0.286842 1 
6 0.829787 0.084724 0.561738 0.005783 0.588296 0.304825 1 
6 0.851064 0.083223 0.545076 0.005698 0.564992 0.308333 1 
6 0.87234 0.075838 0.52767 0.00517 0.533143 0.337281 0 
6 0.893617 0.075027 0.501339 0.00511 0.504402 0.34693 0 
6 0.914894 0.042272 0.459238 0.002914 0.467374 0.272807 0 
6 0.93617 0.076318 0.510265 0.005216 0.445106 0.44693 0 
6 0.957447 0.084935 0.527373 0.005667 0.436044 0.466667 1 
6 0.978723 0.086946 0.53258 0.005806 0.530813 0.365351 1 
6 1 0.086676 0.52053 0.005777 0.52667 0.432018 1 
