2 0 0.094332 0.542696 0.003467 0.422915 0.414912 1 
2 0.021277 0.088777 0.515472 0.003467 0.422915 0.414912 1 
2 0.042553 0.088777 0.496281 0.003467 0.422915 0.414912 1 
2 0.06383 0.075267 0.434841 0.003467 0.422915 0.414912 1 
2 0.085106 0.071454 0.373698 0.003467 0.422915 0.414912 1 
2 0.106383 0.056173 0.325498 0.003467 0.422915 0.414912 1 
2 0.12766 0.044824 0.276555 0.003467 0.422915 0.414912 0 
2 0.148936 0.044824 0.234305 0.003467 0.422915 0.414912 0 
2 0.170213 0.047286 0.212139 0.003467 0.422915 0.414912 0 
2 0.191489 0.047286 0.211395 0.003467 0.422915 0.414912 0 
2 0.212766 0.047286 0.237429 0.003467 0.422915 0.414912 0 
2 0.234043 0.071454 0.285778 0.003467 0.422915 0.414912 1 
2 0.255319 0.071454 0.402856 0.003467 0.422915 0.414912 1 
2 0.276596 0.082863 0.526331 0.003467 0.422915 0.414912 1 
2 0.297872 0.075267 0.553704 0.003467 0.422915 0.414912 1 
2 0.319149 0.075267 0.632699 0.003467 0.422915 0.414912 1 
2 0.340426 0.060526 0.652633 0.003467 0.422915 0.414912 1 
2 0.361702 0.048006 0.644749 0.003467 0.422915 0.414912 0 
2 0.382979 0.082863 0.669444 0.003467 0.422915 0.414912 1 
2 0.404255 0.075267 0.665427 0.003467 0.422915 0.414912 1 
2 0.425532 0.082863 0.639839 0.003467 0.422915 0.414912 1 
2 0.446809 0.075267 0.603094 0.003467 0.422915 0.414912 1 
2 0.468085 0.07887 0.590896 0.003467 0.422915 0.414912 1 
2 0.489362 0.071454 0.579143 0.003467 0.422915 0.414912 1 
2 0.510638 0.07887 0.560845 0.003467 0.422915 0.414912 1 
2 0.531915 0.075267 0.547902 0.003467 0.422915 0.414912 1 
2 0.553191 0.075267 0.538828 0.003467 0.422915 0.414912 1 
2 0.574468 0.048006 0.525141 0.003467 0.422915 0.414912 0 
2 0.595745 0.047286 0.509075 0.003467 0.422915 0.414912 0 
2 0.617021 0.047286 0.499702 0.003467 0.422915 0.414912 0 
2 0.638298 0.048006 0.490925 0.003467 0.422915 0.414912 0 
2 0.659574 0.075267 0.499405 0.003467 0.422915 0.414912 1 
2 0.680851 0.076318 0.519042 0.003467 0.422915 0.414912 1 
2 0.702128 0.047286 0.557572 0.003467 0.422915 0.414912 0 
2 0.723404 0.047286 0.631062 0.003467 0.422915 0.414912 0 
2 0.744681 0.042062 0.74695 0.003467 0.422915 0.414912 0 
2 0.765957 0.047286 0.765695 0.003467 0.422915 0.414912 0 
2 0.787234 0.041732 0.75186 0.003467 0.422915 0.414912 0 
2 0.808511 0.041732 0.717792 0.003467 0.422915 0.414912 0 
2 0.829787 0.041732 0.684766 0.003467 0.422915 0.414912 0 
2 0.851064 0.047286 0.669295 0.003467 0.422915 0.414912 0 
2 0.87234 0.047286 0.637905 0.003467 0.422915 0.414912 0 
2 0.893617 0.047286 0.596102 0.003467 0.422915 0.414912 0 
2 0.914894 0.041732 0.532728 0.003467 0.422915 0.414912 0 
2 0.93617 0.047286 0.558316 0.003467 0.422915 0.414912 0 
2 0.957447 0.047286 0.557423 0.003467 0.422915 0.414912 0 
2 0.978723 0.071454 0.566201 0.003467 0.422915 0.414912 1 
2 1 0.048006 0.554894 0.003467 0.422915 0.414912 0 
