2 0 0.058394 0.27715 0.003467 0.422915 0.414912 0 
2 0.021277 0.058394 0.209313 0.003467 0.422915 0.414912 0 
2 0.042553 0.058394 0.155757 0.003467 0.422915 0.414912 0 
2 0.06383 0.056923 0.115442 0.003467 0.422915 0.414912 0 
2 0.085106 0.055242 0.083904 0.003467 0.422915 0.414912 0 
2 0.106383 0.055242 0.063076 0.003467 0.422915 0.414912 0 
2 0.12766 0.055242 0.052068 0.003467 0.422915 0.414912 0 
2 0.148936 0.055242 0.048497 0.003467 0.422915 0.414912 0 
2 0.170213 0.058394 0.060547 0.003467 0.422915 0.414912 0 
2 0.191489 0.058394 0.078994 0.003467 0.422915 0.414912 0 
2 0.212766 0.074817 0.115888 0.003467 0.422915 0.414912 1 
2 0.234043 0.058394 0.152336 0.003467 0.422915 0.414912 0 
2 0.255319 0.058394 0.154716 0.003467 0.422915 0.414912 0 
2 0.276596 0.058394 0.200833 0.003467 0.422915 0.414912 0 
2 0.297872 0.063408 0.234305 0.003467 0.422915 0.414912 0 
2 0.319149 0.063408 0.281761 0.003467 0.422915 0.414912 0 
2 0.340426 0.074817 0.322077 0.003467 0.422915 0.414912 1 
2 0.361702 0.074817 0.366706 0.003467 0.422915 0.414912 1 
2 0.382979 0.074817 0.363582 0.003467 0.422915 0.414912 1 
2 0.404255 0.074817 0.353913 0.003467 0.422915 0.414912 1 
2 0.425532 0.063408 0.353764 0.003467 0.422915 0.414912 0 
2 0.446809 0.074817 0.355549 0.003467 0.422915 0.414912 1 
2 0.468085 0.074817 0.3554 0.003467 0.422915 0.414912 1 
2 0.489362 0.082773 0.340375 0.003467 0.422915 0.414912 1 
2 0.510638 0.074817 0.348408 0.003467 0.422915 0.414912 1 
2 0.531915 0.074817 0.344838 0.003467 0.422915 0.414912 1 
2 0.553191 0.082773 0.338887 0.003467 0.422915 0.414912 1 
2 0.574468 0.063408 0.329664 0.003467 0.422915 0.414912 0 
2 0.595745 0.074817 0.321779 0.003467 0.422915 0.414912 1 
2 0.617021 0.074817 0.316424 0.003467 0.422915 0.414912 1 
2 0.638298 0.063408 0.314043 0.003467 0.422915 0.414912 0 
2 0.659574 0.063408 0.314043 0.003467 0.422915 0.414912 0 
2 0.680851 0.063408 0.30006 0.003467 0.422915 0.414912 0 
2 0.702128 0.059865 0.287414 0.003467 0.422915 0.414912 0 
2 0.723404 0.058394 0.257364 0.003467 0.422915 0.414912 0 
2 0.744681 0.059865 0.238471 0.003467 0.422915 0.414912 0 
2 0.765957 0.058394 0.218982 0.003467 0.422915 0.414912 0 
2 0.787234 0.058394 0.198304 0.003467 0.422915 0.414912 0 
2 0.808511 0.058394 0.194287 0.003467 0.422915 0.414912 0 
2 0.829787 0.058394 0.200833 0.003467 0.422915 0.414912 0 
2 0.851064 0.058394 0.18194 0.003467 0.422915 0.414912 0 
2 0.87234 0.056923 0.174502 0.003467 0.422915 0.414912 0 
2 0.893617 0.058394 0.226421 0.003467 0.422915 0.414912 0 
2 0.914894 0.063408 0.263463 0.003467 0.422915 0.414912 0 
2 0.93617 0.088237 0.311961 0.003467 0.422915 0.414912 1 
2 0.957447 0.089798 0.332044 0.003467 0.422915 0.414912 1 
2 0.978723 0.089798 0.335168 0.003467 0.422915 0.414912 1 
2 1 0.091089 0.319399 0.003467 0.422915 0.414912 1 
