6 0 0.076498 0.478727 0.003467 0.422915 0.414912 0 
6 0.021277 0.044224 0.447337 0.003467 0.422915 0.414912 0 
6 0.042553 0.044073 0.412824 0.003467 0.422915 0.414912 0 
6 0.06383 0.045214 0.339929 0.003467 0.422915 0.414912 0 
6 0.085106 0.044104 0.280571 0.003467 0.422915 0.414912 0 
6 0.106383 0.045214 0.227611 0.003467 0.422915 0.414912 0 
6 0.12766 0.074877 0.185808 0.003467 0.422915 0.414912 0 
6 0.148936 0.074877 0.153377 0.003467 0.422915 0.414912 0 
6 0.170213 0.044104 0.132996 0.003467 0.422915 0.414912 0 
6 0.191489 0.067311 0.123326 0.003467 0.422915 0.414912 0 
6 0.212766 0.068302 0.126897 0.003467 0.422915 0.414912 0 
6 0.234043 0.068302 0.141922 0.003467 0.422915 0.414912 0 
6 0.255319 0.068302 0.171526 0.003467 0.422915 0.414912 0 
6 0.276596 0.07932 0.209461 0.003467 0.422915 0.414912 0 
6 0.297872 0.084364 0.254389 0.003467 0.422915 0.414912 0 
6 0.319149 0.084364 0.328176 0.003467 0.422915 0.414912 0 
6 0.340426 0.084364 0.394674 0.003467 0.422915 0.414912 0 
6 0.361702 0.102978 0.431866 0.003467 0.422915 0.414912 0 
6 0.382979 0.119731 0.468164 0.003467 0.422915 0.414912 1 
6 0.404255 0.119731 0.468164 0.003467 0.422915 0.414912 1 
6 0.425532 0.119731 0.453288 0.003467 0.422915 0.414912 1 
6 0.446809 0.117029 0.435733 0.003467 0.422915 0.414912 1 
6 0.468085 0.084544 0.420857 0.003467 0.422915 0.414912 0 
6 0.489362 0.084364 0.405088 0.003467 0.422915 0.414912 0 
6 0.510638 0.084364 0.395716 0.003467 0.422915 0.414912 0 
6 0.531915 0.07932 0.379649 0.003467 0.422915 0.414912 0 
6 0.553191 0.07932 0.368045 0.003467 0.422915 0.414912 0 
6 0.574468 0.07932 0.355995 0.003467 0.422915 0.414912 0 
6 0.595745 0.07932 0.347813 0.003467 0.422915 0.414912 0 
6 0.617021 0.07932 0.336805 0.003467 0.422915 0.414912 0 
6 0.638298 0.07932 0.338292 0.003467 0.422915 0.414912 0 
6 0.659574 0.084364 0.344689 0.003467 0.422915 0.414912 0 
6 0.680851 0.085895 0.356442 0.003467 0.422915 0.414912 0 
6 0.702128 0.085895 0.405385 0.003467 0.422915 0.414912 0 
6 0.723404 0.07932 0.467272 0.003467 0.422915 0.414912 0 
6 0.744681 0.102258 0.536745 0.003467 0.422915 0.414912 1 
6 0.765957 0.108262 0.53734 0.003467 0.422915 0.414912 1 
6 0.787234 0.099045 0.507587 0.003467 0.422915 0.414912 1 
6 0.808511 0.099045 0.462362 0.003467 0.422915 0.414912 1 
6 0.829787 0.099045 0.424278 0.003467 0.422915 0.414912 1 
6 0.851064 0.084364 0.400922 0.003467 0.422915 0.414912 1 
6 0.87234 0.07932 0.378756 0.003467 0.422915 0.414912 0 
6 0.893617 0.076168 0.347367 0.003467 0.422915 0.414912 0 
6 0.914894 0.076168 0.316275 0.003467 0.422915 0.414912 0 
6 0.93617 0.07932 0.35302 0.003467 0.422915 0.414912 0 
6 0.957447 0.076168 0.365665 0.003467 0.422915 0.414912 0 
6 0.978723 0.068302 0.381137 0.003467 0.422915 0.414912 0 
6 1 0.045214 0.349003 0.003467 0.422915 0.414912 0 
