4 0 0.037018 0.35183 0.002007 0.401088 0.734649 1 
4 0.021277 0.038009 0.295001 0.001911 0.343604 0.735965 1 
4 0.042553 0.038639 0.24695 0.00253 0.397204 0.701316 1 
4 0.06383 0.036358 0.210354 0.00178 0.364319 0.731579 1 
4 0.085106 0.033205 0.179262 0.001113 0.307354 0.749123 0 
4 0.106383 0.028041 0.1687 0.001165 0.282496 0.771053 0 
4 0.12766 0.02648 0.164088 0.001325 0.266442 0.788596 0 
4 0.148936 0.024318 0.167361 0.001169 0.261264 0.80614 0 
4 0.170213 0.030023 0.193097 0.001672 0.276023 0.814912 0 
4 0.191489 0.036057 0.229545 0.001178 0.297773 0.775439 1 
4 0.212766 0.038789 0.288605 0.001955 0.341533 0.755263 1 
4 0.234043 0.041161 0.352127 0.002665 0.4029 0.664912 1 
4 0.255319 0.03963 0.383219 0.002607 0.488866 0.532456 1 
4 0.276596 0.036688 0.443767 0.00242 0.571207 0.458772 1 
4 0.297872 0.031614 0.476049 0.002081 0.593734 0.494737 0 
4 0.319149 0.029422 0.517852 0.00193 0.629984 0.483333 0 
4 0.340426 0.036057 0.580482 0.002354 0.665199 0.430702 1 
4 0.361702 0.037018 0.603094 0.002428 0.678664 0.430263 1 
4 0.382979 0.036508 0.607111 0.002399 0.702486 0.399561 1 
4 0.404255 0.036057 0.602053 0.002366 0.721388 0.433333 1 
4 0.425532 0.037078 0.60964 0.002432 0.732263 0.401754 1 
4 0.446809 0.03906 0.629872 0.00257 0.754531 0.395175 1 
4 0.468085 0.040261 0.642071 0.002648 0.762817 0.397368 1 
4 0.489362 0.041281 0.648319 0.002713 0.786121 0.362281 1 
4 0.510638 0.043743 0.666022 0.002879 0.808907 0.317105 1 
4 0.531915 0.041762 0.660071 0.002759 0.827292 0.281579 1 
4 0.553191 0.041882 0.65784 0.002769 0.837908 0.253509 1 
4 0.574468 0.041221 0.640286 0.002732 0.841015 0.271491 1 
4 0.595745 0.03882 0.627492 0.002565 0.856292 0.253509 1 
4 0.617021 0.041311 0.626153 0.002736 0.853703 0.261404 1 
4 0.638298 0.041221 0.62288 0.002727 0.84956 0.286404 1 
4 0.659574 0.041131 0.618268 0.002713 0.839979 0.312281 1 
4 0.680851 0.038069 0.59283 0.002516 0.815122 0.307456 1 
4 0.702128 0.037288 0.573936 0.002472 0.750647 0.425439 1 
4 0.723404 0.034766 0.535257 0.002216 0.666494 0.457018 0 
4 0.744681 0.029693 0.504909 0.001753 0.605127 0.492105 0 
4 0.765957 0.028582 0.465486 0.001639 0.529777 0.533333 0 
4 0.787234 0.028522 0.450015 0.001666 0.484982 0.614035 0 
4 0.808511 0.028522 0.451056 0.001651 0.449767 0.641228 0 
4 0.829787 0.028522 0.461767 0.001666 0.435008 0.658772 0 
4 0.851064 0.028462 0.436477 0.001641 0.431383 0.659211 0 
4 0.87234 0.027771 0.404641 0.001695 0.41507 0.739912 0 
4 0.893617 0.029422 0.430378 0.001795 0.388918 0.821491 0 
4 0.914894 0.030113 0.43499 0.001683 0.345158 0.830263 0 
4 0.93617 0.037408 0.451354 0.001294 0.328068 0.834649 1 
4 0.957447 0.036718 0.443172 0.000858 0.307354 0.808333 1 
4 0.978723 0.036117 0.425915 0.001373 0.388918 0.773246 1 
4 1 0.035547 0.389765 0.001309 0.377784 0.751316 1 
