5 0 0.028161 0.349598 0.001564 0.34956 0.705263 0 
5 0.021277 0.027651 0.29396 0.000908 0.313568 0.705263 0 
5 0.042553 0.027291 0.238471 0.001604 0.36639 0.677632 0 
5 0.06383 0.027051 0.204106 0.001417 0.333506 0.639474 0 
5 0.085106 0.026 0.172568 0.001396 0.285603 0.792982 0 
5 0.106383 0.024349 0.15903 0.001224 0.25479 0.814912 0 
5 0.12766 0.023238 0.150402 0.000841 0.234852 0.814912 0 
5 0.148936 0.024048 0.162749 0.000841 0.230451 0.836842 0 
5 0.170213 0.02636 0.185361 0.000841 0.242361 0.82807 0 
5 0.191489 0.027021 0.224933 0.000841 0.262558 0.82807 0 
5 0.212766 0.028822 0.28429 0.001529 0.312791 0.733772 0 
5 0.234043 0.029062 0.343796 0.001703 0.356033 0.692105 1 
5 0.255319 0.027951 0.372508 0.001039 0.445624 0.618421 0 
5 0.276596 0.028402 0.433204 0.001824 0.523822 0.605702 0 
5 0.297872 0.028131 0.472032 0.001803 0.52667 0.603947 0 
5 0.319149 0.028221 0.510414 0.001801 0.566805 0.577632 0 
5 0.340426 0.029602 0.572895 0.001894 0.604868 0.55614 1 
5 0.361702 0.029332 0.594317 0.001884 0.627136 0.526754 1 
5 0.382979 0.029843 0.598631 0.001924 0.651735 0.510526 1 
5 0.404255 0.028762 0.595359 0.001845 0.679182 0.469737 0 
5 0.425532 0.029272 0.603392 0.001874 0.697048 0.467105 1 
5 0.446809 0.029813 0.611425 0.001913 0.718799 0.469298 1 
5 0.468085 0.029873 0.616334 0.001921 0.725272 0.445175 1 
5 0.489362 0.030083 0.622434 0.001936 0.740808 0.427632 1 
5 0.510638 0.032635 0.637757 0.002096 0.774469 0.414035 1 
5 0.531915 0.034466 0.632104 0.002216 0.800104 0.357895 1 
5 0.553191 0.034526 0.641029 0.002216 0.81564 0.336842 1 
5 0.574468 0.032815 0.648319 0.002102 0.812015 0.447807 1 
5 0.595745 0.035517 0.654567 0.002281 0.810202 0.403509 1 
5 0.617021 0.035157 0.662898 0.002264 0.804505 0.407895 1 
5 0.638298 0.034947 0.665278 0.002243 0.787934 0.461842 1 
5 0.659574 0.034496 0.665873 0.002208 0.753755 0.535088 1 
5 0.680851 0.030293 0.645641 0.001942 0.696789 0.593421 1 
5 0.702128 0.030533 0.637905 0.001963 0.656914 0.639035 1 
5 0.723404 0.031974 0.600863 0.002054 0.594252 0.659211 1 
5 0.744681 0.028762 0.579143 0.001872 0.535474 0.657018 0 
5 0.765957 0.028522 0.548646 0.001834 0.493527 0.733333 0 
5 0.787234 0.028522 0.530199 0.001816 0.464008 0.778947 0 
5 0.808511 0.029122 0.536299 0.00177 0.436302 0.626316 0 
5 0.829787 0.028882 0.55177 0.001859 0.44174 0.677193 0 
5 0.851064 0.028522 0.51324 0.001512 0.433454 0.683333 0 
5 0.87234 0.028191 0.465635 0.001224 0.408079 0.683333 0 
5 0.893617 0.029152 0.481702 0.001876 0.367685 0.672807 0 
5 0.914894 0.028672 0.47828 0.001182 0.321595 0.639474 0 
5 0.93617 0.028702 0.491967 0.00085 0.319524 0.792982 0 
5 0.957447 0.029332 0.477983 0.001703 0.312791 0.771053 0 
5 0.978723 0.029242 0.456858 0.001697 0.401346 0.735526 0 
5 1 0.028942 0.415501 0.001226 0.389953 0.727193 0 
