2 0 0.056293 0.343499 0.003725 0.33506 0.502193 1 
2 0.021277 0.046595 0.299464 0.003189 0.303211 0.509211 0 
2 0.042553 0.05233 0.279679 0.003446 0.352667 0.419737 1 
2 0.06383 0.045965 0.240107 0.003095 0.329622 0.521053 0 
2 0.085106 0.045455 0.210503 0.003027 0.292595 0.573684 0 
2 0.106383 0.043383 0.183279 0.002879 0.250129 0.655263 0 
2 0.12766 0.042332 0.158137 0.002769 0.222165 0.700877 0 
2 0.148936 0.03999 0.142666 0.002594 0.185914 0.707018 0 
2 0.170213 0.032725 0.143112 0.002135 0.171673 0.689474 0 
2 0.191489 0.029963 0.14579 0.001965 0.156396 0.678947 0 
2 0.212766 0.035367 0.177626 0.00231 0.165976 0.701754 0 
2 0.234043 0.03951 0.227165 0.002588 0.199637 0.677193 0 
2 0.255319 0.044704 0.323118 0.002946 0.276541 0.615351 0 
2 0.276596 0.048397 0.426956 0.003241 0.357587 0.560088 1 
2 0.297872 0.038519 0.447635 0.002393 0.396168 0.55 0 
2 0.319149 0.060856 0.523505 0.003988 0.468669 0.533772 1 
2 0.340426 0.050438 0.548051 0.003359 0.506214 0.512719 1 
2 0.361702 0.082743 0.556531 0.005544 0.508804 0.451316 1 
2 0.382979 0.101207 0.605475 0.006801 0.521491 0.538158 1 
2 0.404255 0.058665 0.623475 0.003938 0.516572 0.522368 1 
2 0.425532 0.077819 0.61321 0.005208 0.507509 0.560965 1 
2 0.446809 0.061997 0.602648 0.004155 0.498964 0.556579 1 
2 0.468085 0.064729 0.594912 0.004333 0.488348 0.587719 1 
2 0.489362 0.062628 0.589854 0.004194 0.484723 0.570175 1 
2 0.510638 0.055752 0.582416 0.003733 0.472035 0.564912 1 
2 0.531915 0.057193 0.575722 0.003833 0.469705 0.573246 1 
2 0.553191 0.06611 0.57111 0.004437 0.494821 0.54386 1 
2 0.574468 0.069653 0.567986 0.00468 0.49275 0.558772 1 
2 0.595745 0.058214 0.555489 0.003909 0.471776 0.575 1 
2 0.617021 0.054642 0.539572 0.003681 0.476437 0.521491 1 
2 0.638298 0.05299 0.529456 0.003575 0.46349 0.537719 0 
2 0.659574 0.051699 0.534365 0.003473 0.457276 0.580263 0 
2 0.680851 0.055872 0.564862 0.003752 0.464008 0.595614 1 
2 0.702128 0.058424 0.606516 0.003891 0.492491 0.613158 1 
2 0.723404 0.077639 0.687593 0.004958 0.557742 0.599123 1 
2 0.744681 0.143839 0.748587 0.009283 0.632315 0.640351 1 
2 0.765957 0.108472 0.735793 0.00716 0.616779 0.592544 1 
2 0.787234 0.119251 0.699197 0.008012 0.571207 0.540789 1 
2 0.808511 0.068152 0.657245 0.004514 0.529518 0.480263 1 
2 0.829787 0.075537 0.625409 0.005008 0.497152 0.478509 1 
2 0.851064 0.079621 0.601755 0.005274 0.465044 0.539474 1 
2 0.87234 0.077309 0.577209 0.005116 0.44174 0.559649 1 
2 0.893617 0.055272 0.535852 0.003693 0.401346 0.560526 0 
2 0.914894 0.051399 0.48319 0.003411 0.371828 0.565789 0 
2 0.93617 0.050588 0.526034 0.003398 0.362248 0.589035 0 
2 0.957447 0.053471 0.525439 0.003207 0.356292 0.588158 0 
2 0.978723 0.05269 0.517257 0.003625 0.437856 0.462281 0 
2 1 0.051579 0.50357 0.003513 0.424909 0.494298 0 
