5 0 0.056713 0.390658 0.003891 0.412222 0.410965 0 
5 0.021277 0.045425 0.335168 0.003087 0.377525 0.427632 0 
5 0.042553 0.053561 0.281464 0.003654 0.432677 0.370614 0 
5 0.06383 0.042783 0.234752 0.0029 0.392025 0.420614 0 
5 0.085106 0.042302 0.19042 0.002848 0.347747 0.478509 0 
5 0.106383 0.031674 0.161857 0.002123 0.296737 0.492982 0 
5 0.12766 0.020956 0.151889 0.001396 0.25971 0.539912 0 
5 0.148936 0.032515 0.158584 0.002164 0.242361 0.557018 0 
5 0.170213 0.042332 0.186254 0.002811 0.251424 0.578947 0 
5 0.191489 0.044584 0.226569 0.002948 0.280684 0.610088 0 
5 0.212766 0.076498 0.302737 0.005083 0.363024 0.560965 1 
5 0.234043 0.120301 0.388277 0.008006 0.446919 0.518421 1 
5 0.255319 0.098265 0.413716 0.006674 0.568876 0.398684 1 
5 0.276596 0.140207 0.47947 0.009555 0.656137 0.339035 1 
5 0.297872 0.085805 0.490479 0.005812 0.615225 0.329386 1 
5 0.319149 0.098235 0.504165 0.006653 0.617556 0.367544 1 
5 0.340426 0.151825 0.550283 0.010235 0.629467 0.380263 1 
5 0.361702 0.130359 0.568283 0.008756 0.615225 0.419737 1 
5 0.382979 0.109613 0.560845 0.007364 0.611082 0.372807 1 
5 0.404255 0.113967 0.554597 0.007752 0.620404 0.332456 1 
5 0.425532 0.14438 0.550431 0.009645 0.617556 0.336404 1 
5 0.446809 0.162333 0.548051 0.01107 0.63102 0.264474 1 
5 0.468085 0.15843 0.540762 0.010777 0.615225 0.341228 1 
5 0.489362 0.125886 0.536894 0.00855 0.604091 0.338158 1 
5 0.510638 0.119731 0.535109 0.008139 0.605127 0.337281 1 
5 0.531915 0.100546 0.526331 0.006851 0.606163 0.325877 1 
5 0.553191 0.080731 0.519042 0.005505 0.604868 0.315789 1 
5 0.574468 0.076618 0.51086 0.005228 0.598912 0.31886 0 
5 0.595745 0.07899 0.500446 0.005376 0.583376 0.339035 0 
5 0.617021 0.077009 0.503719 0.005222 0.575608 0.353509 0 
5 0.638298 0.070464 0.50848 0.004782 0.585189 0.358772 0 
5 0.659574 0.068062 0.50848 0.004634 0.599948 0.292982 0 
5 0.680851 0.058695 0.503719 0.004022 0.599689 0.285965 0 
5 0.702128 0.086826 0.505504 0.005931 0.617556 0.324123 1 
5 0.723404 0.050588 0.495686 0.003454 0.584412 0.282895 0 
5 0.744681 0.046535 0.484826 0.003187 0.560331 0.294737 0 
5 0.765957 0.045094 0.470396 0.00307 0.525893 0.329386 0 
5 0.787234 0.049688 0.475751 0.003376 0.530036 0.309649 0 
5 0.808511 0.046685 0.476644 0.003191 0.531072 0.265789 0 
5 0.829787 0.043173 0.453734 0.00295 0.525117 0.286404 0 
5 0.851064 0.043083 0.412526 0.002923 0.488089 0.360526 0 
5 0.87234 0.042722 0.373252 0.002867 0.449249 0.401316 0 
5 0.893617 0.043203 0.396311 0.002877 0.398239 0.475439 0 
5 0.914894 0.043293 0.41208 0.002856 0.350854 0.542982 0 
5 0.93617 0.060826 0.456709 0.003992 0.315898 0.599123 0 
5 0.957447 0.046716 0.463553 0.003089 0.307872 0.545175 0 
5 0.978723 0.106731 0.453288 0.007216 0.421025 0.39693 1 
5 1 0.071334 0.431122 0.0049 0.440704 0.361842 0 
