2 0 0.02639 0.228057 0.001363 0.274469 0.885526 0 
2 0.021277 0.024138 0.19875 0.001051 0.255308 0.872807 0 
2 0.042553 0.025129 0.168105 0.001477 0.317193 0.823684 0 
2 0.06383 0.020385 0.141178 0.001184 0.299068 0.841667 0 
2 0.085106 0.020055 0.124814 0.000974 0.258415 0.775877 0 
2 0.106383 0.019605 0.117376 0.000958 0.229933 0.797807 0 
2 0.12766 0.017623 0.115442 0.000995 0.217245 0.841667 0 
2 0.148936 0.019395 0.127938 0.000995 0.208182 0.841667 0 
2 0.170213 0.02576 0.161262 0.000885 0.225272 0.841667 0 
2 0.191489 0.030713 0.203065 0.000972 0.244951 0.841667 1 
2 0.212766 0.031194 0.282505 0.001662 0.314345 0.796491 1 
2 0.234043 0.049177 0.367599 0.002474 0.384516 0.717544 1 
2 0.255319 0.032515 0.400179 0.002115 0.487053 0.60307 1 
2 0.276596 0.034286 0.459238 0.002277 0.55101 0.566667 1 
2 0.297872 0.033085 0.483636 0.002189 0.523563 0.642105 1 
2 0.319149 0.033085 0.509223 0.001435 0.511134 0.659649 1 
2 0.340426 0.038549 0.571556 0.002572 0.530036 0.627632 1 
2 0.361702 0.034556 0.586135 0.002179 0.538322 0.659649 1 
2 0.382979 0.035367 0.587325 0.002368 0.545054 0.639035 1 
2 0.404255 0.035547 0.582713 0.002567 0.557742 0.637719 1 
2 0.425532 0.036268 0.585986 0.00259 0.568358 0.60307 1 
2 0.446809 0.038639 0.601012 0.002632 0.582082 0.560965 1 
2 0.468085 0.038669 0.599375 0.002594 0.575608 0.57193 1 
2 0.489362 0.03948 0.600565 0.002655 0.596064 0.544737 1 
2 0.510638 0.03897 0.604433 0.00263 0.608493 0.530702 1 
2 0.531915 0.03942 0.601309 0.002659 0.61652 0.530263 1 
2 0.553191 0.041702 0.611425 0.002823 0.632315 0.518421 1 
2 0.574468 0.03942 0.591788 0.002673 0.63594 0.480702 1 
2 0.595745 0.038639 0.60116 0.002621 0.628172 0.507018 1 
2 0.617021 0.041792 0.611723 0.00284 0.638011 0.42807 1 
2 0.638298 0.046475 0.619905 0.003182 0.647333 0.431579 1 
2 0.659574 0.047736 0.632104 0.003263 0.654065 0.432456 1 
2 0.680851 0.047736 0.618715 0.003243 0.65044 0.446491 1 
2 0.702128 0.03996 0.600417 0.002711 0.630761 0.493421 1 
2 0.723404 0.034196 0.56263 0.002293 0.579751 0.588158 1 
2 0.744681 0.033325 0.535109 0.002206 0.529001 0.685526 1 
2 0.765957 0.030833 0.499256 0.002015 0.483169 0.745614 0 
2 0.787234 0.032064 0.506546 0.002086 0.467892 0.767105 0 
2 0.808511 0.033085 0.51086 0.00216 0.476955 0.684211 0 
2 0.829787 0.030954 0.487206 0.002038 0.491973 0.708333 0 
2 0.851064 0.028822 0.4518 0.001462 0.460901 0.725439 0 
2 0.87234 0.027141 0.410295 0.00156 0.430088 0.769298 0 
2 0.893617 0.028822 0.427998 0.001288 0.385293 0.813158 0 
2 0.914894 0.028792 0.423237 0.001371 0.339202 0.813158 0 
2 0.93617 0.031134 0.444808 0.00124 0.321595 0.813158 0 
2 0.957447 0.035007 0.448081 0.001386 0.308648 0.813158 1 
2 0.978723 0.040681 0.433353 0.002545 0.386846 0.701316 1 
2 1 0.034556 0.400625 0.001913 0.385293 0.769298 1 
