5 0 0.044134 0.503422 0.003467 0.422915 0.414912 0 
5 0.021277 0.077999 0.482892 0.003467 0.422915 0.414912 1 
5 0.042553 0.044134 0.459238 0.003467 0.422915 0.414912 0 
5 0.06383 0.077999 0.392443 0.003467 0.422915 0.414912 1 
5 0.085106 0.077999 0.331003 0.003467 0.422915 0.414912 1 
5 0.106383 0.077999 0.286819 0.003467 0.422915 0.414912 1 
5 0.12766 0.077999 0.240553 0.003467 0.422915 0.414912 1 
5 0.148936 0.043833 0.210503 0.003467 0.422915 0.414912 0 
5 0.170213 0.078089 0.191312 0.003467 0.422915 0.414912 1 
5 0.191489 0.078089 0.186998 0.003467 0.422915 0.414912 1 
5 0.212766 0.082473 0.219726 0.003467 0.422915 0.414912 1 
5 0.234043 0.083313 0.271199 0.003467 0.422915 0.414912 1 
5 0.255319 0.087216 0.372657 0.003467 0.422915 0.414912 1 
5 0.276596 0.122703 0.48557 0.003467 0.422915 0.414912 1 
5 0.297872 0.043983 0.507587 0.003467 0.422915 0.414912 0 
5 0.319149 0.043983 0.584796 0.003467 0.422915 0.414912 0 
5 0.340426 0.044043 0.610235 0.003467 0.422915 0.414912 0 
5 0.361702 0.044043 0.612169 0.003467 0.422915 0.414912 0 
5 0.382979 0.044134 0.626004 0.003467 0.422915 0.414912 0 
5 0.404255 0.044134 0.625112 0.003467 0.422915 0.414912 0 
5 0.425532 0.044134 0.595061 0.003467 0.422915 0.414912 0 
5 0.446809 0.044043 0.561738 0.003467 0.422915 0.414912 0 
5 0.468085 0.043983 0.536001 0.003467 0.422915 0.414912 0 
5 0.489362 0.044134 0.518744 0.003467 0.422915 0.414912 0 
5 0.510638 0.044043 0.503868 0.003467 0.422915 0.414912 0 
5 0.531915 0.043983 0.482446 0.003467 0.422915 0.414912 0 
5 0.553191 0.043983 0.468313 0.003467 0.422915 0.414912 0 
5 0.574468 0.043983 0.458941 0.003467 0.422915 0.414912 0 
5 0.595745 0.043983 0.44704 0.003467 0.422915 0.414912 0 
5 0.617021 0.043833 0.433799 0.003467 0.422915 0.414912 0 
5 0.638298 0.043833 0.429932 0.003467 0.422915 0.414912 0 
5 0.659574 0.043833 0.432609 0.003467 0.422915 0.414912 0 
5 0.680851 0.043833 0.444659 0.003467 0.422915 0.414912 0 
5 0.702128 0.044013 0.488843 0.003467 0.422915 0.414912 0 
5 0.723404 0.049598 0.570663 0.003467 0.422915 0.414912 0 
5 0.744681 0.044134 0.642071 0.003467 0.422915 0.414912 0 
5 0.765957 0.044043 0.631657 0.003467 0.422915 0.414912 0 
5 0.787234 0.043983 0.606665 0.003467 0.422915 0.414912 0 
5 0.808511 0.043983 0.573639 0.003467 0.422915 0.414912 0 
5 0.829787 0.043833 0.543588 0.003467 0.422915 0.414912 0 
5 0.851064 0.043983 0.5241 0.003467 0.422915 0.414912 0 
5 0.87234 0.043833 0.505356 0.003467 0.422915 0.414912 0 
5 0.893617 0.043833 0.461916 0.003467 0.422915 0.414912 0 
5 0.914894 0.043683 0.417435 0.003467 0.422915 0.414912 0 
5 0.93617 0.043983 0.465784 0.003467 0.422915 0.414912 0 
5 0.957447 0.044134 0.480958 0.003467 0.422915 0.414912 0 
5 0.978723 0.044134 0.494496 0.003467 0.422915 0.414912 0 
5 1 0.043983 0.488396 0.003467 0.422915 0.414912 0 
