5 0 0.075087 0.605326 0.004676 0.518902 0.679825 1 
5 0.021277 0.070464 0.590301 0.003521 0.495598 0.697368 0 
5 0.042553 0.09157 0.559357 0.006076 0.563956 0.651316 1 
5 0.06383 0.070854 0.510562 0.004674 0.545831 0.643421 1 
5 0.085106 0.069563 0.45061 0.004589 0.519938 0.619737 0 
5 0.106383 0.062748 0.39884 0.004111 0.483169 0.704825 0 
5 0.12766 0.05293 0.344094 0.003421 0.455205 0.767982 0 
5 0.148936 0.045214 0.312109 0.002894 0.436561 0.795614 0 
5 0.170213 0.059715 0.288902 0.00286 0.41999 0.789912 0 
5 0.191489 0.059715 0.289348 0.002725 0.409632 0.789912 0 
5 0.212766 0.059265 0.314639 0.003508 0.415847 0.787281 0 
5 0.234043 0.059986 0.361648 0.002769 0.427499 0.721053 0 
5 0.255319 0.051729 0.455668 0.003382 0.486018 0.579386 0 
5 0.276596 0.060436 0.552663 0.003978 0.587002 0.535526 0 
5 0.297872 0.05272 0.59521 0.003548 0.628172 0.46886 0 
5 0.319149 0.073676 0.682386 0.004979 0.716209 0.442544 1 
5 0.340426 0.083824 0.728206 0.005667 0.746504 0.44693 1 
5 0.361702 0.083463 0.73609 0.005625 0.749353 0.407895 1 
5 0.382979 0.089798 0.770158 0.006047 0.7768 0.417544 1 
5 0.404255 0.084244 0.764802 0.005665 0.748576 0.446053 1 
5 0.425532 0.077699 0.72895 0.005199 0.729933 0.476754 1 
5 0.446809 0.074036 0.688188 0.004983 0.71595 0.435088 1 
5 0.468085 0.072535 0.658137 0.004902 0.704039 0.434649 1 
5 0.489362 0.072355 0.63374 0.004882 0.696271 0.45307 1 
5 0.510638 0.067371 0.617376 0.004528 0.669601 0.468421 1 
5 0.531915 0.059205 0.593573 0.003984 0.665199 0.440351 0 
5 0.553191 0.056263 0.578994 0.003808 0.687468 0.395175 0 
5 0.574468 0.060196 0.564267 0.004057 0.681253 0.4 0 
5 0.595745 0.059715 0.539423 0.004049 0.66986 0.417982 0 
5 0.617021 0.059715 0.537786 0.004044 0.646556 0.442105 0 
5 0.638298 0.055993 0.531092 0.003793 0.629726 0.440351 0 
5 0.659574 0.05302 0.539125 0.003589 0.620145 0.48114 0 
5 0.680851 0.054011 0.570961 0.003668 0.621699 0.497368 0 
5 0.702128 0.063198 0.638054 0.004269 0.643449 0.50614 0 
5 0.723404 0.066531 0.728206 0.004533 0.700155 0.471053 0 
5 0.744681 0.087336 0.831003 0.005953 0.797514 0.337281 1 
5 0.765957 0.089798 0.858971 0.006082 0.808389 0.344737 1 
5 0.787234 0.086796 0.848855 0.005881 0.775246 0.40307 1 
5 0.808511 0.079891 0.81925 0.005405 0.730709 0.429825 1 
5 0.829787 0.075958 0.795448 0.005135 0.704557 0.47193 1 
5 0.851064 0.075748 0.780422 0.005079 0.675039 0.531579 1 
5 0.87234 0.074517 0.756323 0.004958 0.64811 0.599123 1 
5 0.893617 0.064249 0.709015 0.004269 0.611341 0.550439 0 
5 0.914894 0.043773 0.653526 0.002916 0.571466 0.560088 0 
5 0.93617 0.067041 0.67465 0.004346 0.542983 0.655263 0 
5 0.957447 0.048157 0.666468 0.003184 0.503884 0.60307 0 
5 0.978723 0.073766 0.648319 0.004896 0.572501 0.614474 1 
5 1 0.064249 0.6385 0.004231 0.546608 0.629825 0 
