6 0 0.076888 0.341267 0.003467 0.422915 0.414912 1 
6 0.021277 0.073946 0.275811 0.003467 0.422915 0.414912 1 
6 0.042553 0.073946 0.216453 0.003467 0.422915 0.414912 1 
6 0.06383 0.076618 0.177477 0.003467 0.422915 0.414912 1 
6 0.085106 0.073946 0.137162 0.003467 0.422915 0.414912 1 
6 0.106383 0.062748 0.119756 0.003467 0.422915 0.414912 0 
6 0.12766 0.062748 0.099524 0.003467 0.422915 0.414912 0 
6 0.148936 0.062748 0.098631 0.003467 0.422915 0.414912 0 
6 0.170213 0.070163 0.104284 0.003467 0.422915 0.414912 1 
6 0.191489 0.073256 0.112467 0.003467 0.422915 0.414912 1 
6 0.212766 0.073256 0.129128 0.003467 0.422915 0.414912 1 
6 0.234043 0.062327 0.151741 0.003467 0.422915 0.414912 0 
6 0.255319 0.074727 0.186998 0.003467 0.422915 0.414912 1 
6 0.276596 0.07866 0.243082 0.003467 0.422915 0.414912 1 
6 0.297872 0.080611 0.297977 0.003467 0.422915 0.414912 1 
6 0.319149 0.083584 0.339631 0.003467 0.422915 0.414912 1 
6 0.340426 0.087787 0.381285 0.003467 0.422915 0.414912 1 
6 0.361702 0.083584 0.401666 0.003467 0.422915 0.414912 1 
6 0.382979 0.083584 0.399435 0.003467 0.422915 0.414912 1 
6 0.404255 0.080611 0.389021 0.003467 0.422915 0.414912 1 
6 0.425532 0.083584 0.380542 0.003467 0.422915 0.414912 1 
6 0.446809 0.074727 0.371021 0.003467 0.422915 0.414912 1 
6 0.468085 0.083584 0.360309 0.003467 0.422915 0.414912 1 
6 0.489362 0.074727 0.347516 0.003467 0.422915 0.414912 1 
6 0.510638 0.073256 0.340524 0.003467 0.422915 0.414912 1 
6 0.531915 0.074727 0.325647 0.003467 0.422915 0.414912 1 
6 0.553191 0.074727 0.315382 0.003467 0.422915 0.414912 1 
6 0.574468 0.073256 0.304522 0.003467 0.422915 0.414912 1 
6 0.595745 0.073256 0.299911 0.003467 0.422915 0.414912 1 
6 0.617021 0.073256 0.298423 0.003467 0.422915 0.414912 1 
6 0.638298 0.074727 0.299018 0.003467 0.422915 0.414912 1 
6 0.659574 0.073256 0.307051 0.003467 0.422915 0.414912 0 
6 0.680851 0.074727 0.295299 0.003467 0.422915 0.414912 1 
6 0.702128 0.073256 0.313746 0.003467 0.422915 0.414912 0 
6 0.723404 0.074727 0.324159 0.003467 0.422915 0.414912 1 
6 0.744681 0.073256 0.317911 0.003467 0.422915 0.414912 0 
6 0.765957 0.073256 0.308539 0.003467 0.422915 0.414912 0 
6 0.787234 0.073256 0.29634 0.003467 0.422915 0.414912 0 
6 0.808511 0.074727 0.30125 0.003467 0.422915 0.414912 1 
6 0.829787 0.074727 0.320292 0.003467 0.422915 0.414912 1 
6 0.851064 0.074727 0.308985 0.003467 0.422915 0.414912 1 
6 0.87234 0.073256 0.284588 0.003467 0.422915 0.414912 0 
6 0.893617 0.073256 0.296043 0.003467 0.422915 0.414912 0 
6 0.914894 0.080611 0.301993 0.003467 0.422915 0.414912 1 
6 0.93617 0.074727 0.313448 0.003467 0.422915 0.414912 0 
6 0.957447 0.07866 0.297828 0.003467 0.422915 0.414912 1 
6 0.978723 0.073256 0.274769 0.003467 0.422915 0.414912 0 
6 1 0.073256 0.235793 0.003467 0.422915 0.414912 0 
