4 0 0.086526 0.375632 0.003467 0.422915 0.414912 0 
4 0.021277 0.059865 0.3072 0.003467 0.422915 0.414912 0 
4 0.042553 0.049478 0.257066 0.003467 0.422915 0.414912 0 
4 0.06383 0.049478 0.218685 0.003467 0.422915 0.414912 0 
4 0.085106 0.049478 0.179411 0.003467 0.422915 0.414912 0 
4 0.106383 0.048607 0.15784 0.003467 0.422915 0.414912 0 
4 0.12766 0.059865 0.1446 0.003467 0.422915 0.414912 0 
4 0.148936 0.048607 0.147724 0.003467 0.422915 0.414912 0 
4 0.170213 0.073496 0.170931 0.003467 0.422915 0.414912 0 
4 0.191489 0.071845 0.206486 0.003467 0.422915 0.414912 0 
4 0.212766 0.09247 0.282952 0.003467 0.422915 0.414912 1 
4 0.234043 0.09247 0.371318 0.003467 0.422915 0.414912 1 
4 0.255319 0.104449 0.393484 0.003467 0.422915 0.414912 1 
4 0.276596 0.097184 0.462511 0.003467 0.422915 0.414912 1 
4 0.297872 0.053651 0.486909 0.003467 0.422915 0.414912 0 
4 0.319149 0.060046 0.511455 0.003467 0.422915 0.414912 0 
4 0.340426 0.108502 0.56992 0.003467 0.422915 0.414912 1 
4 0.361702 0.108502 0.598483 0.003467 0.422915 0.414912 1 
4 0.382979 0.120031 0.600565 0.003467 0.422915 0.414912 1 
4 0.404255 0.115918 0.599821 0.003467 0.422915 0.414912 1 
4 0.425532 0.124355 0.606813 0.003467 0.422915 0.414912 1 
4 0.446809 0.127207 0.617525 0.003467 0.422915 0.414912 1 
4 0.468085 0.130569 0.62169 0.003467 0.422915 0.414912 1 
4 0.489362 0.130569 0.622731 0.003467 0.422915 0.414912 1 
4 0.510638 0.147022 0.622583 0.003467 0.422915 0.414912 1 
4 0.531915 0.129759 0.613805 0.003467 0.422915 0.414912 1 
4 0.553191 0.130569 0.604731 0.003467 0.422915 0.414912 1 
4 0.574468 0.120031 0.590747 0.003467 0.422915 0.414912 1 
4 0.595745 0.127207 0.590003 0.003467 0.422915 0.414912 1 
4 0.617021 0.127207 0.595359 0.003467 0.422915 0.414912 1 
4 0.638298 0.133391 0.593573 0.003467 0.422915 0.414912 1 
4 0.659574 0.130569 0.596846 0.003467 0.422915 0.414912 1 
4 0.680851 0.130569 0.581672 0.003467 0.422915 0.414912 1 
4 0.702128 0.127207 0.579292 0.003467 0.422915 0.414912 1 
4 0.723404 0.115918 0.551026 0.003467 0.422915 0.414912 1 
4 0.744681 0.110724 0.528414 0.003467 0.422915 0.414912 1 
4 0.765957 0.108502 0.505356 0.003467 0.422915 0.414912 1 
4 0.787234 0.110724 0.50848 0.003467 0.422915 0.414912 1 
4 0.808511 0.111775 0.526034 0.003467 0.422915 0.414912 1 
4 0.829787 0.110724 0.509521 0.003467 0.422915 0.414912 1 
4 0.851064 0.104449 0.466379 0.003467 0.422915 0.414912 1 
4 0.87234 0.09247 0.419816 0.003467 0.422915 0.414912 0 
4 0.893617 0.110724 0.436477 0.003467 0.422915 0.414912 1 
4 0.914894 0.060046 0.43127 0.003467 0.422915 0.414912 0 
4 0.93617 0.108502 0.440196 0.003467 0.422915 0.414912 1 
4 0.957447 0.097184 0.437072 0.003467 0.422915 0.414912 0 
4 0.978723 0.09247 0.422345 0.003467 0.422915 0.414912 0 
4 1 0.097184 0.39765 0.003467 0.422915 0.414912 0 
