3 0 0.081632 0.601904 0.003467 0.422915 0.414912 0 
3 0.021277 0.081632 0.579143 0.003467 0.422915 0.414912 0 
3 0.042553 0.062357 0.555787 0.003467 0.422915 0.414912 0 
3 0.06383 0.062357 0.499702 0.003467 0.422915 0.414912 0 
3 0.085106 0.075267 0.441386 0.003467 0.422915 0.414912 0 
3 0.106383 0.062357 0.392889 0.003467 0.422915 0.414912 0 
3 0.12766 0.062357 0.342011 0.003467 0.422915 0.414912 0 
3 0.148936 0.060706 0.30482 0.003467 0.422915 0.414912 0 
3 0.170213 0.064789 0.28191 0.003467 0.422915 0.414912 0 
3 0.191489 0.064789 0.273282 0.003467 0.422915 0.414912 0 
3 0.212766 0.069173 0.293216 0.003467 0.422915 0.414912 0 
3 0.234043 0.077609 0.350937 0.003467 0.422915 0.414912 0 
3 0.255319 0.110124 0.467718 0.003467 0.422915 0.414912 1 
3 0.276596 0.13114 0.596846 0.003467 0.422915 0.414912 1 
3 0.297872 0.110124 0.644897 0.003467 0.422915 0.414912 1 
3 0.319149 0.119161 0.744421 0.003467 0.422915 0.414912 1 
3 0.340426 0.110124 0.775811 0.003467 0.422915 0.414912 0 
3 0.361702 0.096824 0.759149 0.003467 0.422915 0.414912 0 
3 0.382979 0.067731 0.783844 0.003467 0.422915 0.414912 0 
3 0.404255 0.106611 0.79039 0.003467 0.422915 0.414912 1 
3 0.425532 0.106611 0.764951 0.003467 0.422915 0.414912 1 
3 0.446809 0.13114 0.715263 0.003467 0.422915 0.414912 1 
3 0.468085 0.106611 0.6928 0.003467 0.422915 0.414912 1 
3 0.489362 0.106611 0.677179 0.003467 0.422915 0.414912 1 
3 0.510638 0.110124 0.659179 0.003467 0.422915 0.414912 1 
3 0.531915 0.106611 0.632699 0.003467 0.422915 0.414912 1 
3 0.553191 0.110124 0.628384 0.003467 0.422915 0.414912 1 
3 0.574468 0.110124 0.623475 0.003467 0.422915 0.414912 1 
3 0.595745 0.106611 0.604284 0.003467 0.422915 0.414912 1 
3 0.617021 0.106611 0.601607 0.003467 0.422915 0.414912 1 
3 0.638298 0.106611 0.593573 0.003467 0.422915 0.414912 1 
3 0.659574 0.106611 0.601309 0.003467 0.422915 0.414912 1 
3 0.680851 0.096824 0.629575 0.003467 0.422915 0.414912 0 
3 0.702128 0.069173 0.680006 0.003467 0.422915 0.414912 0 
3 0.723404 0.096824 0.778191 0.003467 0.422915 0.414912 0 
3 0.744681 0.13114 0.878012 0.003467 0.422915 0.414912 1 
3 0.765957 0.106611 0.896162 0.003467 0.422915 0.414912 1 
3 0.787234 0.106611 0.878756 0.003467 0.422915 0.414912 1 
3 0.808511 0.106611 0.845433 0.003467 0.422915 0.414912 1 
3 0.829787 0.059475 0.812705 0.003467 0.422915 0.414912 0 
3 0.851064 0.134742 0.785927 0.003467 0.422915 0.414912 1 
3 0.87234 0.106611 0.754984 0.003467 0.422915 0.414912 1 
3 0.893617 0.069173 0.698899 0.003467 0.422915 0.414912 0 
3 0.914894 0.041732 0.621244 0.003467 0.422915 0.414912 0 
3 0.93617 0.106611 0.641773 0.003467 0.422915 0.414912 1 
3 0.957447 0.064789 0.630021 0.003467 0.422915 0.414912 0 
3 0.978723 0.106611 0.623029 0.003467 0.422915 0.414912 1 
3 1 0.042122 0.607855 0.003467 0.422915 0.414912 0 
