7 0 0.090759 0.593871 0.003866 0.501813 0.622807 0 
7 0.021277 0.080461 0.591044 0.005102 0.478767 0.625877 0 
7 0.042553 0.115228 0.544778 0.007761 0.528483 0.570175 1 
7 0.06383 0.095082 0.487801 0.006369 0.50492 0.599123 1 
7 0.085106 0.077609 0.432014 0.005129 0.471258 0.643421 0 
7 0.106383 0.058544 0.375781 0.003822 0.435008 0.714474 0 
7 0.12766 0.050859 0.317614 0.003305 0.408856 0.730263 0 
7 0.148936 0.042422 0.277745 0.002736 0.370792 0.730702 0 
7 0.170213 0.044884 0.245909 0.00284 0.345417 0.804825 0 
7 0.191489 0.050288 0.229694 0.00275 0.252978 0.819737 0 
7 0.212766 0.053321 0.232669 0.00275 0.238995 0.841667 0 
7 0.234043 0.047436 0.24338 0.00275 0.294407 0.857018 0 
7 0.255319 0.049958 0.27834 0.00275 0.33014 0.857018 0 
7 0.276596 0.033505 0.315829 0.00205 0.332729 0.785526 0 
7 0.297872 0.027861 0.375781 0.001782 0.319006 0.732456 0 
7 0.319149 0.040981 0.475454 0.002308 0.339202 0.722807 0 
7 0.340426 0.057914 0.56025 0.003745 0.393837 0.727632 0 
7 0.361702 0.078269 0.626748 0.005019 0.440704 0.716667 1 
7 0.382979 0.081602 0.665576 0.005268 0.477473 0.707895 1 
7 0.404255 0.079741 0.671973 0.005129 0.483687 0.720614 1 
7 0.425532 0.081272 0.65903 0.005226 0.490419 0.714474 1 
7 0.446809 0.07851 0.635079 0.005012 0.481616 0.749123 1 
7 0.468085 0.082863 0.6205 0.005249 0.471776 0.760965 1 
7 0.489362 0.084634 0.607409 0.005268 0.462973 0.710965 1 
7 0.510638 0.085655 0.581077 0.005318 0.427758 0.701754 1 
7 0.531915 0.094632 0.556977 0.005422 0.41507 0.679825 1 
7 0.553191 0.07884 0.521868 0.004852 0.423097 0.685965 1 
7 0.574468 0.07926 0.500446 0.004852 0.405748 0.685965 1 
7 0.595745 0.073526 0.482297 0.004404 0.375971 0.657456 0 
7 0.617021 0.062688 0.470396 0.00403 0.356292 0.65614 0 
7 0.638298 0.063318 0.471288 0.00403 0.344122 0.694737 0 
7 0.659574 0.058064 0.470842 0.003373 0.350596 0.769298 0 
7 0.680851 0.056473 0.488248 0.003592 0.35448 0.807456 0 
7 0.702128 0.055933 0.551175 0.003585 0.389953 0.719298 0 
7 0.723404 0.056713 0.634037 0.003685 0.467374 0.579825 0 
7 0.744681 0.095112 0.734157 0.006311 0.556706 0.559211 1 
7 0.765957 0.089648 0.746653 0.005985 0.572242 0.589035 1 
7 0.787234 0.081212 0.726123 0.005366 0.549197 0.632018 1 
7 0.808511 0.074186 0.680452 0.004848 0.51709 0.661404 1 
7 0.829787 0.067521 0.646534 0.004375 0.486277 0.713596 0 
7 0.851064 0.069563 0.622285 0.004501 0.463231 0.725439 0 
7 0.87234 0.067792 0.599524 0.004354 0.447695 0.721053 0 
7 0.893617 0.066561 0.570961 0.004258 0.418177 0.696053 0 
7 0.914894 0.060856 0.533472 0.003176 0.395132 0.681579 0 
7 0.93617 0.0656 0.55296 0.004038 0.383739 0.720175 0 
7 0.957447 0.063588 0.543886 0.003816 0.382962 0.681579 0 
7 0.978723 0.069623 0.536001 0.004337 0.439927 0.703509 0 
7 1 0.060976 0.504909 0.003633 0.443294 0.681579 0 
