7 0 0.0399 0.550283 0.002742 0.449508 0.574123 0 
7 0.021277 0.038309 0.533918 0.002624 0.423874 0.592105 0 
7 0.042553 0.042122 0.503124 0.002898 0.464267 0.521053 1 
7 0.06383 0.035277 0.453436 0.002387 0.439927 0.612281 0 
7 0.085106 0.032665 0.384112 0.002088 0.400311 0.65614 0 
7 0.106383 0.03906 0.331895 0.000976 0.350337 0.634211 0 
7 0.12766 0.032034 0.282505 0.001149 0.301139 0.742544 0 
7 0.148936 0.024649 0.236239 0.001639 0.271362 0.763158 0 
7 0.170213 0.022457 0.211247 0.001491 0.24754 0.795614 0 
7 0.191489 0.022457 0.196668 0.0014 0.224754 0.853509 0 
7 0.212766 0.022457 0.19994 0.001483 0.219316 0.84693 0 
7 0.234043 0.022457 0.219875 0.001483 0.222165 0.846053 0 
7 0.255319 0.023328 0.26019 0.001543 0.241067 0.816228 0 
7 0.276596 0.025459 0.306456 0.001336 0.261264 0.809649 0 
7 0.297872 0.031074 0.368938 0.000767 0.236406 0.7 0 
7 0.319149 0.036057 0.453585 0.000953 0.266701 0.7 0 
7 0.340426 0.031794 0.530943 0.001103 0.317193 0.7 0 
7 0.361702 0.035757 0.570812 0.001867 0.34956 0.67807 0 
7 0.382979 0.032635 0.593127 0.001865 0.364578 0.681579 0 
7 0.404255 0.029182 0.583309 0.001934 0.358881 0.728947 0 
7 0.425532 0.031194 0.543737 0.001545 0.34956 0.741667 0 
7 0.446809 0.0263 0.508033 0.001666 0.337908 0.746491 0 
7 0.468085 0.027351 0.469503 0.001649 0.324961 0.754386 0 
7 0.489362 0.027231 0.441684 0.001645 0.311756 0.763596 0 
7 0.510638 0.036177 0.41446 0.001558 0.294925 0.738158 1 
7 0.531915 0.031974 0.39274 0.001558 0.285344 0.725439 0 
7 0.553191 0.034106 0.367153 0.001589 0.295702 0.7 0 
7 0.574468 0.031584 0.348706 0.001558 0.278871 0.7 0 
7 0.595745 0.028071 0.331449 0.001581 0.264889 0.72193 0 
7 0.617021 0.02681 0.320738 0.001458 0.253496 0.72193 0 
7 0.638298 0.02606 0.31687 0.00107 0.243656 0.72193 0 
7 0.659574 0.023898 0.318804 0.000976 0.237701 0.734649 0 
7 0.680851 0.024168 0.321779 0.001257 0.241326 0.747368 0 
7 0.702128 0.024018 0.351532 0.001458 0.257639 0.760088 0 
7 0.723404 0.021917 0.384856 0.001448 0.294666 0.763158 0 
7 0.744681 0.023388 0.503124 0.001521 0.371051 0.739912 0 
7 0.765957 0.024198 0.56992 0.001554 0.439151 0.689035 0 
7 0.787234 0.031524 0.563374 0.002038 0.429829 0.735526 0 
7 0.808511 0.027351 0.526778 0.001782 0.40782 0.737719 0 
7 0.829787 0.027771 0.492711 0.001818 0.379078 0.727632 0 
7 0.851064 0.033445 0.469801 0.0022 0.36173 0.747368 1 
7 0.87234 0.032605 0.459982 0.00215 0.34464 0.77193 1 
7 0.893617 0.029182 0.44094 0.001932 0.323149 0.769298 0 
7 0.914894 0.025459 0.417584 0.001685 0.306059 0.777632 0 
7 0.93617 0.028972 0.438709 0.001915 0.305282 0.799561 0 
7 0.957447 0.028462 0.443172 0.001743 0.310979 0.789035 0 
7 0.978723 0.037378 0.439006 0.002474 0.392025 0.661842 1 
7 1 0.031464 0.41565 0.002092 0.386328 0.711404 1 
