1 0 0.046806 0.281613 0.003467 0.422915 0.414912 0 
1 0.021277 0.046806 0.241 0.003467 0.422915 0.414912 0 
1 0.042553 0.046625 0.21809 0.003467 0.422915 0.414912 0 
1 0.06383 0.046806 0.189378 0.003467 0.422915 0.414912 0 
1 0.085106 0.046806 0.159774 0.003467 0.422915 0.414912 0 
1 0.106383 0.046806 0.136864 0.003467 0.422915 0.414912 0 
1 0.12766 0.046806 0.122285 0.003467 0.422915 0.414912 0 
1 0.148936 0.046806 0.107855 0.003467 0.422915 0.414912 0 
1 0.170213 0.047496 0.113805 0.003467 0.422915 0.414912 0 
1 0.191489 0.05263 0.122136 0.003467 0.422915 0.414912 1 
1 0.212766 0.05263 0.157542 0.003467 0.422915 0.414912 1 
1 0.234043 0.046445 0.201874 0.003467 0.422915 0.414912 0 
1 0.255319 0.044884 0.284737 0.003467 0.422915 0.414912 0 
1 0.276596 0.048337 0.360161 0.003467 0.422915 0.414912 0 
1 0.297872 0.049898 0.364029 0.003467 0.422915 0.414912 1 
1 0.319149 0.05263 0.422493 0.003467 0.422915 0.414912 1 
1 0.340426 0.0783 0.456263 0.003467 0.422915 0.414912 1 
1 0.361702 0.089678 0.472478 0.003467 0.422915 0.414912 1 
1 0.382979 0.095653 0.517852 0.003467 0.422915 0.414912 1 
1 0.404255 0.10583 0.535704 0.003467 0.422915 0.414912 1 
1 0.425532 0.095653 0.523951 0.003467 0.422915 0.414912 1 
1 0.446809 0.085475 0.509223 0.003467 0.422915 0.414912 1 
1 0.468085 0.089678 0.500298 0.003467 0.422915 0.414912 1 
1 0.489362 0.085475 0.49524 0.003467 0.422915 0.414912 1 
1 0.510638 0.085475 0.490479 0.003467 0.422915 0.414912 1 
1 0.531915 0.073136 0.487504 0.003467 0.422915 0.414912 1 
1 0.553191 0.0783 0.484975 0.003467 0.422915 0.414912 1 
1 0.574468 0.085475 0.479024 0.003467 0.422915 0.414912 1 
1 0.595745 0.073136 0.470544 0.003467 0.422915 0.414912 1 
1 0.617021 0.073136 0.462957 0.003467 0.422915 0.414912 1 
1 0.638298 0.085475 0.453734 0.003467 0.422915 0.414912 1 
1 0.659574 0.0783 0.455073 0.003467 0.422915 0.414912 1 
1 0.680851 0.073136 0.455222 0.003467 0.422915 0.414912 1 
1 0.702128 0.0783 0.469801 0.003467 0.422915 0.414912 1 
1 0.723404 0.095653 0.486462 0.003467 0.422915 0.414912 1 
1 0.744681 0.125465 0.532877 0.003467 0.422915 0.414912 1 
1 0.765957 0.125465 0.576465 0.003467 0.422915 0.414912 1 
1 0.787234 0.116008 0.558465 0.003467 0.422915 0.414912 1 
1 0.808511 0.10463 0.515025 0.003467 0.422915 0.414912 1 
1 0.829787 0.0783 0.478578 0.003467 0.422915 0.414912 1 
1 0.851064 0.073136 0.452544 0.003467 0.422915 0.414912 1 
1 0.87234 0.062898 0.431866 0.003467 0.422915 0.414912 0 
1 0.893617 0.068032 0.402112 0.003467 0.422915 0.414912 0 
1 0.914894 0.068032 0.369235 0.003467 0.422915 0.414912 0 
1 0.93617 0.05263 0.418477 0.003467 0.422915 0.414912 0 
1 0.957447 0.049898 0.432461 0.003467 0.422915 0.414912 0 
1 0.978723 0.05263 0.450461 0.003467 0.422915 0.414912 0 
1 1 0.05263 0.442428 0.003467 0.422915 0.414912 0 
