3 0 0.030413 0.281018 0.001562 0.261781 0.748684 1 
3 0.021277 0.028612 0.241892 0.001273 0.242879 0.761842 0 
3 0.042553 0.030023 0.19637 0.001784 0.296737 0.698246 1 
3 0.06383 0.028642 0.165129 0.001897 0.283791 0.738158 0 
3 0.085106 0.027951 0.133889 0.001774 0.238219 0.792544 0 
3 0.106383 0.027771 0.121839 0.001759 0.212066 0.814474 0 
3 0.12766 0.024889 0.119607 0.001631 0.188244 0.836404 0 
3 0.148936 0.025609 0.12645 0.001674 0.183843 0.857895 0 
3 0.170213 0.02693 0.14936 0.001764 0.192905 0.828947 0 
3 0.191489 0.028552 0.188634 0.001793 0.212843 0.824561 0 
3 0.212766 0.037438 0.256769 0.002451 0.262817 0.760088 1 
3 0.234043 0.034676 0.315085 0.002264 0.315381 0.725 1 
3 0.255319 0.030443 0.34216 0.002013 0.401605 0.609211 0 
3 0.276596 0.028612 0.402112 0.001882 0.464785 0.557018 0 
3 0.297872 0.028462 0.442874 0.001853 0.454687 0.579825 0 
3 0.319149 0.028462 0.485421 0.001828 0.472294 0.589912 0 
3 0.340426 0.029482 0.547754 0.001901 0.487571 0.612281 0 
3 0.361702 0.029482 0.572002 0.001909 0.490937 0.577193 0 
3 0.382979 0.029873 0.575275 0.001938 0.490419 0.54386 0 
3 0.404255 0.030263 0.574978 0.001969 0.512947 0.517982 0 
3 0.425532 0.030653 0.585838 0.001998 0.51709 0.494737 0 
3 0.446809 0.030653 0.585986 0.002002 0.531849 0.487719 0 
3 0.468085 0.030623 0.589408 0.002005 0.527706 0.498246 0 
3 0.489362 0.029963 0.590003 0.001955 0.539099 0.492105 0 
3 0.510638 0.029602 0.590896 0.00193 0.554376 0.491228 0 
3 0.531915 0.030653 0.594763 0.001998 0.56784 0.442105 0 
3 0.553191 0.030053 0.597739 0.001959 0.578198 0.444737 0 
3 0.574468 0.029092 0.593127 0.001894 0.582859 0.467982 0 
3 0.595745 0.029843 0.599673 0.001944 0.582082 0.484649 0 
3 0.617021 0.030503 0.60235 0.00199 0.591662 0.466228 0 
3 0.638298 0.029723 0.596846 0.00194 0.600207 0.472368 0 
3 0.659574 0.032635 0.600268 0.002133 0.607975 0.472368 1 
3 0.680851 0.029813 0.588069 0.001951 0.602279 0.460965 0 
3 0.702128 0.030863 0.567242 0.002029 0.585966 0.490789 0 
3 0.723404 0.040651 0.537043 0.002705 0.533661 0.497807 1 
3 0.744681 0.030233 0.508033 0.002025 0.474366 0.585965 0 
3 0.765957 0.028732 0.475156 0.001919 0.433713 0.639474 0 
3 0.787234 0.028582 0.454032 0.001894 0.392025 0.667544 0 
3 0.808511 0.028702 0.456858 0.001894 0.379596 0.74386 0 
3 0.829787 0.029392 0.480512 0.00194 0.400829 0.675439 0 
3 0.851064 0.028702 0.45418 0.001901 0.412481 0.63114 0 
3 0.87234 0.028432 0.41446 0.001878 0.392802 0.689474 0 
3 0.893617 0.028762 0.433353 0.001888 0.362248 0.725877 0 
3 0.914894 0.028191 0.433204 0.001849 0.329104 0.797807 0 
3 0.93617 0.029753 0.443618 0.001942 0.320041 0.788158 0 
3 0.957447 0.029242 0.437965 0.001909 0.311756 0.771053 0 
3 0.978723 0.035277 0.426064 0.00232 0.392025 0.660965 1 
3 1 0.030383 0.394823 0.001998 0.380891 0.725877 1 
