6 0 0.051039 0.359119 0.003467 0.422915 0.414912 0 
6 0.021277 0.045334 0.286819 0.003467 0.422915 0.414912 0 
6 0.042553 0.044013 0.23252 0.003467 0.422915 0.414912 0 
6 0.06383 0.043383 0.182981 0.003467 0.422915 0.414912 0 
6 0.085106 0.041251 0.153972 0.003467 0.422915 0.414912 0 
6 0.106383 0.041492 0.129575 0.003467 0.422915 0.414912 0 
6 0.12766 0.040801 0.113954 0.003467 0.422915 0.414912 0 
6 0.148936 0.040831 0.106665 0.003467 0.422915 0.414912 0 
6 0.170213 0.040351 0.117525 0.003467 0.422915 0.414912 0 
6 0.191489 0.042032 0.129575 0.003467 0.422915 0.414912 0 
6 0.212766 0.048367 0.162005 0.003467 0.422915 0.414912 0 
6 0.234043 0.043383 0.190568 0.003467 0.422915 0.414912 0 
6 0.255319 0.046295 0.225826 0.003467 0.422915 0.414912 0 
6 0.276596 0.073136 0.280422 0.003467 0.422915 0.414912 0 
6 0.297872 0.048367 0.340821 0.003467 0.422915 0.414912 0 
6 0.319149 0.051039 0.378905 0.003467 0.422915 0.414912 0 
6 0.340426 0.060736 0.427105 0.003467 0.422915 0.414912 0 
6 0.361702 0.051039 0.44213 0.003467 0.422915 0.414912 0 
6 0.382979 0.049538 0.439899 0.003467 0.422915 0.414912 0 
6 0.404255 0.048367 0.416691 0.003467 0.422915 0.414912 0 
6 0.425532 0.048367 0.417733 0.003467 0.422915 0.414912 0 
6 0.446809 0.048367 0.401369 0.003467 0.422915 0.414912 0 
6 0.468085 0.045334 0.385897 0.003467 0.422915 0.414912 0 
6 0.489362 0.045334 0.371913 0.003467 0.422915 0.414912 0 
6 0.510638 0.045364 0.362541 0.003467 0.422915 0.414912 0 
6 0.531915 0.045334 0.351235 0.003467 0.422915 0.414912 0 
6 0.553191 0.045334 0.337995 0.003467 0.422915 0.414912 0 
6 0.574468 0.045334 0.32654 0.003467 0.422915 0.414912 0 
6 0.595745 0.045334 0.313002 0.003467 0.422915 0.414912 0 
6 0.617021 0.045334 0.312853 0.003467 0.422915 0.414912 0 
6 0.638298 0.045334 0.317763 0.003467 0.422915 0.414912 0 
6 0.659574 0.045334 0.319697 0.003467 0.422915 0.414912 0 
6 0.680851 0.045334 0.307647 0.003467 0.422915 0.414912 0 
6 0.702128 0.044134 0.321333 0.003467 0.422915 0.414912 0 
6 0.723404 0.044134 0.330259 0.003467 0.422915 0.414912 0 
6 0.744681 0.045334 0.339185 0.003467 0.422915 0.414912 0 
6 0.765957 0.045334 0.351681 0.003467 0.422915 0.414912 0 
6 0.787234 0.071364 0.362243 0.003467 0.422915 0.414912 1 
6 0.808511 0.049628 0.347813 0.003467 0.422915 0.414912 1 
6 0.829787 0.045334 0.332342 0.003467 0.422915 0.414912 0 
6 0.851064 0.045334 0.3072 0.003467 0.422915 0.414912 0 
6 0.87234 0.045334 0.285778 0.003467 0.422915 0.414912 0 
6 0.893617 0.051879 0.294853 0.003467 0.422915 0.414912 1 
6 0.914894 0.045334 0.30601 0.003467 0.422915 0.414912 0 
6 0.93617 0.045334 0.323862 0.003467 0.422915 0.414912 0 
6 0.957447 0.045334 0.307795 0.003467 0.422915 0.414912 0 
6 0.978723 0.045334 0.281464 0.003467 0.422915 0.414912 0 
6 1 0.044134 0.238173 0.003467 0.422915 0.414912 0 
