7 0 0.05245 0.220768 0.003467 0.422915 0.414912 0 
7 0.021277 0.047556 0.173163 0.003467 0.422915 0.414912 0 
7 0.042553 0.047526 0.132104 0.003467 0.422915 0.414912 0 
7 0.06383 0.047526 0.103838 0.003467 0.422915 0.414912 0 
7 0.085106 0.047526 0.082862 0.003467 0.422915 0.414912 0 
7 0.106383 0.047526 0.066944 0.003467 0.422915 0.414912 0 
7 0.12766 0.047496 0.055489 0.003467 0.422915 0.414912 0 
7 0.148936 0.069443 0.051473 0.003467 0.422915 0.414912 0 
7 0.170213 0.050829 0.056531 0.003467 0.422915 0.414912 0 
7 0.191489 0.050829 0.05668 0.003467 0.422915 0.414912 0 
7 0.212766 0.069443 0.074383 0.003467 0.422915 0.414912 0 
7 0.234043 0.071394 0.098929 0.003467 0.422915 0.414912 1 
7 0.255319 0.077489 0.124665 0.003467 0.422915 0.414912 1 
7 0.276596 0.077489 0.165427 0.003467 0.422915 0.414912 1 
7 0.297872 0.083794 0.215412 0.003467 0.422915 0.414912 1 
7 0.319149 0.089828 0.250967 0.003467 0.422915 0.414912 1 
7 0.340426 0.089828 0.298572 0.003467 0.422915 0.414912 1 
7 0.361702 0.089828 0.319101 0.003467 0.422915 0.414912 1 
7 0.382979 0.089828 0.322672 0.003467 0.422915 0.414912 1 
7 0.404255 0.083794 0.320589 0.003467 0.422915 0.414912 1 
7 0.425532 0.089828 0.310176 0.003467 0.422915 0.414912 1 
7 0.446809 0.083794 0.310473 0.003467 0.422915 0.414912 1 
7 0.468085 0.083794 0.308837 0.003467 0.422915 0.414912 1 
7 0.489362 0.083794 0.299018 0.003467 0.422915 0.414912 1 
7 0.510638 0.077489 0.294109 0.003467 0.422915 0.414912 1 
7 0.531915 0.083794 0.284885 0.003467 0.422915 0.414912 1 
7 0.553191 0.083794 0.279827 0.003467 0.422915 0.414912 1 
7 0.574468 0.083794 0.274769 0.003467 0.422915 0.414912 1 
7 0.595745 0.089828 0.273431 0.003467 0.422915 0.414912 1 
7 0.617021 0.089828 0.277298 0.003467 0.422915 0.414912 1 
7 0.638298 0.083884 0.276555 0.003467 0.422915 0.414912 1 
7 0.659574 0.083794 0.288158 0.003467 0.422915 0.414912 1 
7 0.680851 0.089828 0.282505 0.003467 0.422915 0.414912 1 
7 0.702128 0.089828 0.299911 0.003467 0.422915 0.414912 1 
7 0.723404 0.093671 0.317465 0.003467 0.422915 0.414912 1 
7 0.744681 0.089828 0.327432 0.003467 0.422915 0.414912 1 
7 0.765957 0.089828 0.329664 0.003467 0.422915 0.414912 1 
7 0.787234 0.10565 0.350342 0.003467 0.422915 0.414912 1 
7 0.808511 0.10565 0.355846 0.003467 0.422915 0.414912 1 
7 0.829787 0.083794 0.347069 0.003467 0.422915 0.414912 1 
7 0.851064 0.083794 0.325052 0.003467 0.422915 0.414912 1 
7 0.87234 0.077489 0.285778 0.003467 0.422915 0.414912 1 
7 0.893617 0.083794 0.292919 0.003467 0.422915 0.414912 1 
7 0.914894 0.077489 0.293365 0.003467 0.422915 0.414912 1 
7 0.93617 0.074817 0.294109 0.003467 0.422915 0.414912 0 
7 0.957447 0.059265 0.266439 0.003467 0.422915 0.414912 0 
7 0.978723 0.059265 0.260042 0.003467 0.422915 0.414912 0 
7 1 0.059295 0.229545 0.003467 0.422915 0.414912 0 
