5 0 0.030773 0.3374 0.000841 0.35189 0.777193 1 
5 0.021277 0.028942 0.282208 0.000841 0.324702 0.802193 1 
5 0.042553 0.024859 0.225974 0.001209 0.38115 0.842982 0 
5 0.06383 0.025279 0.185957 0.000889 0.358105 0.824123 0 
5 0.085106 0.020986 0.154418 0.000845 0.311238 0.842105 0 
5 0.106383 0.016332 0.138947 0.000841 0.27421 0.864035 0 
5 0.12766 0.018284 0.135823 0.000841 0.252978 0.875 0 
5 0.148936 0.019125 0.142368 0.000841 0.250388 0.875 0 
5 0.170213 0.025279 0.167956 0.000841 0.259969 0.874561 0 
5 0.191489 0.02681 0.203808 0.000841 0.279648 0.863596 0 
5 0.212766 0.031254 0.284737 0.000966 0.350854 0.835088 1 
5 0.234043 0.055482 0.360012 0.000858 0.418177 0.747368 1 
5 0.255319 0.029813 0.38069 0.001539 0.509322 0.645614 1 
5 0.276596 0.028822 0.433204 0.001907 0.562921 0.641228 1 
5 0.297872 0.02687 0.448825 0.001772 0.53651 0.700877 0 
5 0.319149 0.028462 0.473371 0.001878 0.553081 0.660965 1 
5 0.340426 0.029062 0.532431 0.001913 0.571724 0.680702 1 
5 0.361702 0.029452 0.554002 0.001926 0.577939 0.675 1 
5 0.382979 0.029723 0.556531 0.001944 0.59218 0.642105 1 
5 0.404255 0.031494 0.559357 0.002061 0.608493 0.622807 1 
5 0.425532 0.029212 0.572449 0.001909 0.620404 0.635965 1 
5 0.446809 0.030623 0.582118 0.001996 0.625583 0.617982 1 
5 0.468085 0.029813 0.590003 0.001936 0.628431 0.645175 1 
5 0.489362 0.032214 0.605623 0.002086 0.632315 0.649123 1 
5 0.510638 0.034136 0.621244 0.002206 0.651217 0.63114 1 
5 0.531915 0.074967 0.634633 0.004811 0.665458 0.642544 1 
5 0.553191 0.069203 0.648468 0.004468 0.67711 0.589035 1 
5 0.574468 0.060796 0.655757 0.003972 0.684102 0.517982 1 
5 0.595745 0.041882 0.661857 0.002746 0.682289 0.581579 1 
5 0.617021 0.059565 0.682832 0.003893 0.692646 0.572807 1 
5 0.638298 0.266933 0.693097 0.017306 0.682548 0.540789 1 
5 0.659574 0.049718 0.703213 0.003251 0.684619 0.536404 1 
5 0.680851 0.062417 0.692502 0.004096 0.697048 0.526316 1 
5 0.702128 0.045635 0.687742 0.002989 0.673485 0.574561 1 
5 0.723404 0.033986 0.656055 0.002225 0.619627 0.660088 0 
5 0.744681 0.035097 0.628087 0.002295 0.554376 0.712719 0 
5 0.765957 0.033716 0.594615 0.002104 0.496893 0.791667 0 
5 0.787234 0.033866 0.576168 0.001703 0.465044 0.757018 0 
5 0.808511 0.035547 0.600863 0.001703 0.458571 0.757018 0 
5 0.829787 0.035157 0.588664 0.001728 0.484982 0.750877 0 
5 0.851064 0.034316 0.531985 0.002152 0.455463 0.757456 0 
5 0.87234 0.033085 0.47709 0.001973 0.427499 0.799123 0 
5 0.893617 0.033566 0.486016 0.001973 0.386846 0.838596 0 
5 0.914894 0.032935 0.473073 0.001973 0.344381 0.85614 0 
5 0.93617 0.034376 0.474115 0.001973 0.316675 0.838596 0 
5 0.957447 0.033175 0.459685 0.001973 0.312532 0.882456 0 
5 0.978723 0.034556 0.43737 0.001973 0.394355 0.816667 0 
5 1 0.034526 0.398988 0.001973 0.393837 0.816667 0 
