2 0 0.035367 0.3133 0.002387 0.334542 0.319298 1 
2 0.021277 0.032064 0.283844 0.002206 0.312791 0.360526 1 
2 0.042553 0.033025 0.261827 0.002279 0.365614 0.273246 1 
2 0.06383 0.030563 0.225528 0.002102 0.353703 0.356579 0 
2 0.085106 0.029693 0.193544 0.002032 0.320818 0.407456 0 
2 0.106383 0.027021 0.159625 0.001832 0.276282 0.448246 0 
2 0.12766 0.027021 0.143112 0.001822 0.246245 0.517982 0 
2 0.148936 0.0266 0.126004 0.001786 0.220093 0.600877 0 
2 0.170213 0.024108 0.122285 0.001614 0.203521 0.643421 0 
2 0.191489 0.022757 0.133591 0.001527 0.191611 0.626316 0 
2 0.212766 0.024018 0.1687 0.001612 0.207405 0.667982 0 
2 0.234043 0.02669 0.211098 0.001786 0.237701 0.63114 0 
2 0.255319 0.028762 0.306308 0.001886 0.29855 0.545175 0 
2 0.276596 0.030023 0.386343 0.002046 0.358622 0.482895 0 
2 0.297872 0.029723 0.378608 0.002025 0.3884 0.504825 0 
2 0.319149 0.031464 0.436031 0.002162 0.448472 0.395614 0 
2 0.340426 0.037559 0.476198 0.002607 0.496893 0.342982 1 
2 0.361702 0.042002 0.487057 0.002919 0.51217 0.276754 1 
2 0.382979 0.042813 0.529158 0.002937 0.524858 0.33114 1 
2 0.404255 0.043413 0.543291 0.002983 0.508545 0.337281 1 
2 0.425532 0.031494 0.517108 0.002144 0.497929 0.333333 0 
2 0.446809 0.031524 0.49881 0.002133 0.484982 0.361842 0 
2 0.468085 0.031374 0.488991 0.002121 0.475919 0.369737 0 
2 0.489362 0.031134 0.48438 0.00211 0.465303 0.375 0 
2 0.510638 0.031134 0.469354 0.002115 0.451062 0.357018 0 
2 0.531915 0.031134 0.462957 0.002123 0.448213 0.36886 0 
2 0.553191 0.031104 0.444808 0.002129 0.457794 0.339474 0 
2 0.574468 0.030743 0.442279 0.002113 0.44899 0.346053 0 
2 0.595745 0.030593 0.436775 0.002117 0.431642 0.3 0 
2 0.617021 0.031134 0.433353 0.002148 0.425168 0.167105 0 
2 0.638298 0.031134 0.424725 0.002119 0.416106 0.190789 0 
2 0.659574 0.031134 0.427849 0.002117 0.416106 0.191667 0 
2 0.680851 0.031134 0.428593 0.002127 0.410927 0.183772 0 
2 0.702128 0.031134 0.439453 0.002142 0.419213 0.165789 0 
2 0.723404 0.031134 0.452395 0.002142 0.430606 0.285965 0 
2 0.744681 0.031134 0.490777 0.002135 0.452874 0.383333 0 
2 0.765957 0.031374 0.556977 0.002115 0.473589 0.325877 0 
2 0.787234 0.032004 0.582713 0.00216 0.526929 0.289035 0 
2 0.808511 0.031644 0.556531 0.002129 0.515795 0.30307 0 
2 0.829787 0.031344 0.520678 0.002106 0.498705 0.336842 0 
2 0.851064 0.031134 0.505504 0.002102 0.470223 0.385088 0 
2 0.87234 0.031194 0.494942 0.002098 0.450285 0.323246 0 
2 0.893617 0.031134 0.460875 0.00211 0.420249 0.390789 0 
2 0.914894 0.030203 0.414609 0.002015 0.389694 0.429825 0 
2 0.93617 0.030893 0.464743 0.002117 0.370792 0.457895 0 
2 0.957447 0.031194 0.478727 0.002098 0.36173 0.451754 0 
2 0.978723 0.031464 0.486611 0.002104 0.444329 0.364035 0 
2 1 0.031464 0.481702 0.002096 0.438115 0.415789 1 
