1 0 0.02675 0.330854 0.001813 0.332211 0.489912 0 
1 0.021277 0.027231 0.298423 0.001849 0.307354 0.473246 0 
1 0.042553 0.029422 0.266439 0.002011 0.352926 0.39693 1 
1 0.06383 0.027201 0.232371 0.001857 0.321336 0.444737 0 
1 0.085106 0.02567 0.188783 0.001747 0.281719 0.510088 0 
1 0.106383 0.024769 0.15784 0.00168 0.236147 0.585965 0 
1 0.12766 0.022727 0.129277 0.001537 0.198343 0.630702 0 
1 0.148936 0.021166 0.105921 0.001425 0.174003 0.742982 0 
1 0.170213 0.020235 0.093871 0.00135 0.149663 0.789474 0 
1 0.191489 0.019515 0.091342 0.001296 0.126359 0.82807 0 
1 0.212766 0.015942 0.09283 0.001032 0.122993 0.897368 0 
1 0.234043 0.018764 0.106367 0.001061 0.117038 0.897368 0 
1 0.255319 0.020626 0.125112 0.001113 0.127913 0.892544 0 
1 0.276596 0.021106 0.154865 0.001047 0.128949 0.897368 0 
1 0.297872 0.021106 0.179411 0.000976 0.118074 0.897368 0 
1 0.319149 0.021827 0.235347 0.001261 0.143708 0.897368 0 
1 0.340426 0.023838 0.293811 0.001585 0.178923 0.864035 0 
1 0.361702 0.02588 0.3374 0.001732 0.211807 0.823684 1 
1 0.382979 0.02642 0.374591 0.001772 0.242103 0.770614 1 
1 0.404255 0.02627 0.383219 0.001762 0.258933 0.735526 1 
1 0.425532 0.02624 0.372508 0.001757 0.270067 0.769737 1 
1 0.446809 0.025459 0.356293 0.001703 0.281719 0.763158 0 
1 0.468085 0.024829 0.337697 0.001662 0.275246 0.772368 0 
1 0.489362 0.024499 0.322672 0.001639 0.279389 0.75307 0 
1 0.510638 0.025309 0.309729 0.001693 0.281719 0.748246 0 
1 0.531915 0.024078 0.291729 0.00161 0.278094 0.770614 0 
1 0.553191 0.0257 0.277745 0.001722 0.287675 0.715351 1 
1 0.574468 0.024589 0.261083 0.001649 0.282237 0.714474 0 
1 0.595745 0.023958 0.253942 0.00161 0.276282 0.719737 0 
1 0.617021 0.024469 0.245016 0.001641 0.279907 0.722807 0 
1 0.638298 0.024469 0.243975 0.001641 0.276541 0.720175 0 
1 0.659574 0.025129 0.252157 0.001687 0.284309 0.712719 1 
1 0.680851 0.02588 0.273282 0.001739 0.290264 0.716228 1 
1 0.702128 0.02669 0.310324 0.001799 0.328068 0.657018 1 
1 0.723404 0.02678 0.337548 0.001813 0.36173 0.590789 1 
1 0.744681 0.0269 0.403451 0.001818 0.403159 0.56886 1 
1 0.765957 0.028672 0.467123 0.00193 0.443553 0.567105 1 
1 0.787234 0.02588 0.468313 0.001747 0.447695 0.573684 1 
1 0.808511 0.02612 0.450907 0.001762 0.423874 0.592982 1 
1 0.829787 0.025009 0.419964 0.001683 0.404972 0.625 1 
1 0.851064 0.024469 0.40003 0.001643 0.391507 0.630702 0 
1 0.87234 0.024439 0.379054 0.001639 0.378301 0.674561 0 
1 0.893617 0.025069 0.345135 0.001674 0.342569 0.708772 1 
1 0.914894 0.024379 0.3133 0.001622 0.31797 0.722368 0 
1 0.93617 0.025429 0.336209 0.001691 0.312532 0.736842 1 
1 0.957447 0.024228 0.339036 0.001608 0.308907 0.732895 0 
1 0.978723 0.029182 0.347069 0.001953 0.390989 0.601754 1 
1 1 0.02576 0.329366 0.001722 0.386587 0.637719 1 
