3 0 0.041732 0.529604 0.003467 0.422915 0.414912 0 
3 0.021277 0.041732 0.500446 0.003467 0.422915 0.414912 0 
3 0.042553 0.041732 0.475156 0.003467 0.422915 0.414912 0 
3 0.06383 0.041732 0.419816 0.003467 0.422915 0.414912 0 
3 0.085106 0.041492 0.355103 0.003467 0.422915 0.414912 0 
3 0.106383 0.041431 0.304374 0.003467 0.422915 0.414912 0 
3 0.12766 0.041341 0.262273 0.003467 0.422915 0.414912 0 
3 0.148936 0.041341 0.219875 0.003467 0.422915 0.414912 0 
3 0.170213 0.041281 0.192502 0.003467 0.422915 0.414912 0 
3 0.191489 0.041281 0.188188 0.003467 0.422915 0.414912 0 
3 0.212766 0.046385 0.214222 0.003467 0.422915 0.414912 1 
3 0.234043 0.041732 0.260934 0.003467 0.422915 0.414912 0 
3 0.255319 0.046385 0.371318 0.003467 0.422915 0.414912 1 
3 0.276596 0.065089 0.498959 0.003467 0.422915 0.414912 1 
3 0.297872 0.041732 0.531241 0.003467 0.422915 0.414912 0 
3 0.319149 0.041732 0.60607 0.003467 0.422915 0.414912 0 
3 0.340426 0.041642 0.619905 0.003467 0.422915 0.414912 0 
3 0.361702 0.041341 0.602053 0.003467 0.422915 0.414912 0 
3 0.382979 0.041732 0.625707 0.003467 0.422915 0.414912 0 
3 0.404255 0.041642 0.627789 0.003467 0.422915 0.414912 0 
3 0.425532 0.041582 0.593871 0.003467 0.422915 0.414912 0 
3 0.446809 0.041341 0.570366 0.003467 0.422915 0.414912 0 
3 0.468085 0.041642 0.558465 0.003467 0.422915 0.414912 0 
3 0.489362 0.041642 0.550283 0.003467 0.422915 0.414912 0 
3 0.510638 0.041642 0.537489 0.003467 0.422915 0.414912 0 
3 0.531915 0.041642 0.524695 0.003467 0.422915 0.414912 0 
3 0.553191 0.041642 0.518596 0.003467 0.422915 0.414912 0 
3 0.574468 0.046385 0.508628 0.003467 0.422915 0.414912 1 
3 0.595745 0.041642 0.498661 0.003467 0.422915 0.414912 0 
3 0.617021 0.046385 0.485272 0.003467 0.422915 0.414912 1 
3 0.638298 0.046385 0.478578 0.003467 0.422915 0.414912 1 
3 0.659574 0.046385 0.487206 0.003467 0.422915 0.414912 1 
3 0.680851 0.065089 0.504314 0.003467 0.422915 0.414912 1 
3 0.702128 0.046385 0.53377 0.003467 0.422915 0.414912 1 
3 0.723404 0.044614 0.617822 0.003467 0.422915 0.414912 1 
3 0.744681 0.041732 0.716007 0.003467 0.422915 0.414912 0 
3 0.765957 0.041732 0.735644 0.003467 0.422915 0.414912 0 
3 0.787234 0.041732 0.718685 0.003467 0.422915 0.414912 0 
3 0.808511 0.041582 0.683576 0.003467 0.422915 0.414912 0 
3 0.829787 0.041582 0.663642 0.003467 0.422915 0.414912 0 
3 0.851064 0.041732 0.638649 0.003467 0.422915 0.414912 0 
3 0.87234 0.041732 0.619607 0.003467 0.422915 0.414912 0 
3 0.893617 0.041341 0.569473 0.003467 0.422915 0.414912 0 
3 0.914894 0.041221 0.509075 0.003467 0.422915 0.414912 0 
3 0.93617 0.045665 0.541059 0.003467 0.422915 0.414912 1 
3 0.957447 0.041732 0.543142 0.003467 0.422915 0.414912 0 
3 0.978723 0.041732 0.551622 0.003467 0.422915 0.414912 0 
3 1 0.046385 0.543588 0.003467 0.422915 0.414912 1 
