3 0 0.068632 0.360458 0.003467 0.422915 0.414912 0 
3 0.021277 0.051849 0.297828 0.003467 0.422915 0.414912 0 
3 0.042553 0.049838 0.236239 0.003467 0.422915 0.414912 0 
3 0.06383 0.041431 0.20604 0.003467 0.422915 0.414912 0 
3 0.085106 0.049838 0.171675 0.003467 0.422915 0.414912 0 
3 0.106383 0.041431 0.167956 0.003467 0.422915 0.414912 0 
3 0.12766 0.041431 0.161113 0.003467 0.422915 0.414912 0 
3 0.148936 0.068632 0.165724 0.003467 0.422915 0.414912 0 
3 0.170213 0.069593 0.194882 0.003467 0.422915 0.414912 0 
3 0.191489 0.073316 0.232669 0.003467 0.422915 0.414912 1 
3 0.212766 0.077369 0.316126 0.003467 0.422915 0.414912 1 
3 0.234043 0.07866 0.39512 0.003467 0.422915 0.414912 1 
3 0.255319 0.07866 0.42532 0.003467 0.422915 0.414912 1 
3 0.276596 0.083253 0.491669 0.003467 0.422915 0.414912 1 
3 0.297872 0.089498 0.512645 0.003467 0.422915 0.414912 1 
3 0.319149 0.089498 0.523356 0.003467 0.422915 0.414912 1 
3 0.340426 0.101957 0.581672 0.003467 0.422915 0.414912 1 
3 0.361702 0.101957 0.60607 0.003467 0.422915 0.414912 1 
3 0.382979 0.099075 0.597292 0.003467 0.422915 0.414912 1 
3 0.404255 0.095743 0.594615 0.003467 0.422915 0.414912 1 
3 0.425532 0.095743 0.588515 0.003467 0.422915 0.414912 1 
3 0.446809 0.089498 0.594168 0.003467 0.422915 0.414912 1 
3 0.468085 0.089498 0.594466 0.003467 0.422915 0.414912 1 
3 0.489362 0.095743 0.602202 0.003467 0.422915 0.414912 1 
3 0.510638 0.095743 0.616334 0.003467 0.422915 0.414912 1 
3 0.531915 0.095743 0.627641 0.003467 0.422915 0.414912 1 
3 0.553191 0.099135 0.623624 0.003467 0.422915 0.414912 1 
3 0.574468 0.095743 0.623773 0.003467 0.422915 0.414912 1 
3 0.595745 0.095743 0.62169 0.003467 0.422915 0.414912 1 
3 0.617021 0.095743 0.626153 0.003467 0.422915 0.414912 1 
3 0.638298 0.099075 0.62645 0.003467 0.422915 0.414912 1 
3 0.659574 0.095743 0.625409 0.003467 0.422915 0.414912 1 
3 0.680851 0.095743 0.600565 0.003467 0.422915 0.414912 1 
3 0.702128 0.083253 0.583011 0.003467 0.422915 0.414912 1 
3 0.723404 0.080851 0.535704 0.003467 0.422915 0.414912 1 
3 0.744681 0.073646 0.504314 0.003467 0.422915 0.414912 0 
3 0.765957 0.067341 0.479917 0.003467 0.422915 0.414912 0 
3 0.787234 0.073646 0.484826 0.003467 0.422915 0.414912 0 
3 0.808511 0.080851 0.498959 0.003467 0.422915 0.414912 1 
3 0.829787 0.072115 0.48438 0.003467 0.422915 0.414912 0 
3 0.851064 0.071244 0.443172 0.003467 0.422915 0.414912 0 
3 0.87234 0.068842 0.401666 0.003467 0.422915 0.414912 0 
3 0.893617 0.073646 0.421898 0.003467 0.422915 0.414912 0 
3 0.914894 0.071244 0.437816 0.003467 0.422915 0.414912 0 
3 0.93617 0.073736 0.448081 0.003467 0.422915 0.414912 0 
3 0.957447 0.073646 0.436328 0.003467 0.422915 0.414912 0 
3 0.978723 0.071244 0.419816 0.003467 0.422915 0.414912 0 
3 1 0.071244 0.387831 0.003467 0.422915 0.414912 0 
