6 0 0.064189 0.587325 0.004225 0.534697 0.598246 0 
6 0.021277 0.06611 0.56992 0.004188 0.511134 0.602632 0 
6 0.042553 0.068242 0.540613 0.004493 0.568876 0.555702 1 
6 0.06383 0.070343 0.491967 0.004653 0.553081 0.493421 1 
6 0.085106 0.06539 0.42889 0.004302 0.504661 0.592105 0 
6 0.106383 0.061457 0.376376 0.004005 0.477732 0.620614 0 
6 0.12766 0.063558 0.327284 0.004094 0.443553 0.665789 0 
6 0.148936 0.054371 0.291431 0.003336 0.423615 0.662719 0 
6 0.170213 0.049598 0.26986 0.002991 0.398757 0.722807 0 
6 0.191489 0.050588 0.266439 0.002792 0.394355 0.728509 0 
6 0.212766 0.05311 0.290985 0.002665 0.39332 0.713596 0 
6 0.234043 0.040561 0.331747 0.002644 0.420766 0.661404 0 
6 0.255319 0.057554 0.440196 0.003833 0.496116 0.558333 0 
6 0.276596 0.072745 0.560101 0.004877 0.583894 0.492982 1 
6 0.297872 0.068002 0.611574 0.004607 0.638011 0.410965 1 
6 0.319149 0.083043 0.698007 0.005631 0.702227 0.439912 1 
6 0.340426 0.086105 0.725974 0.00585 0.766183 0.374561 1 
6 0.361702 0.086075 0.717048 0.005866 0.773175 0.374561 1 
6 0.382979 0.087216 0.735198 0.005941 0.78638 0.364035 1 
6 0.404255 0.087456 0.746653 0.005916 0.775505 0.392544 1 
6 0.425532 0.084424 0.728652 0.005717 0.759969 0.415789 1 
6 0.446809 0.083734 0.700684 0.005661 0.741326 0.412719 1 
6 0.468085 0.082443 0.675394 0.005519 0.726567 0.470614 1 
6 0.489362 0.080791 0.663939 0.005372 0.705593 0.49386 1 
6 0.510638 0.073346 0.647575 0.004884 0.6797 0.538158 1 
6 0.531915 0.071574 0.644749 0.004761 0.644744 0.520614 1 
6 0.553191 0.074457 0.63612 0.004987 0.668824 0.500439 1 
6 0.574468 0.071274 0.621392 0.004788 0.652253 0.499123 1 
6 0.595745 0.068242 0.607111 0.004568 0.634645 0.479386 0 
6 0.617021 0.066891 0.588664 0.004497 0.608493 0.446491 0 
6 0.638298 0.061847 0.582565 0.004119 0.59477 0.465351 0 
6 0.659574 0.062748 0.597888 0.004173 0.578975 0.513158 0 
6 0.680851 0.068782 0.624517 0.004566 0.581564 0.55 0 
6 0.702128 0.074667 0.671526 0.004954 0.592439 0.640789 1 
6 0.723404 0.076708 0.738322 0.005093 0.644744 0.590789 1 
6 0.744681 0.086886 0.811068 0.005775 0.718281 0.510526 1 
6 0.765957 0.087036 0.814043 0.005796 0.738736 0.497807 1 
6 0.787234 0.084935 0.789646 0.005673 0.719834 0.504825 1 
6 0.808511 0.07938 0.754537 0.005301 0.677628 0.484211 1 
6 0.829787 0.066591 0.721363 0.004445 0.642931 0.509211 0 
6 0.851064 0.063738 0.694882 0.004258 0.613154 0.535088 0 
6 0.87234 0.062898 0.67837 0.004186 0.588555 0.488596 0 
6 0.893617 0.060586 0.637905 0.004032 0.547903 0.548246 0 
6 0.914894 0.055272 0.600565 0.003247 0.515536 0.544298 0 
6 0.93617 0.058845 0.628384 0.003747 0.496893 0.622368 0 
6 0.957447 0.061187 0.63136 0.00398 0.486535 0.607018 0 
6 0.978723 0.068872 0.619458 0.004576 0.576903 0.524561 0 
6 1 0.067311 0.604433 0.00446 0.559814 0.58114 0 
