5 0 0.064459 0.41565 0.004439 0.400311 0.389912 0 
5 0.021277 0.062688 0.359119 0.004306 0.361989 0.389035 0 
5 0.042553 0.068992 0.303779 0.004996 0.418695 0.351754 0 
5 0.06383 0.066861 0.255281 0.004591 0.379078 0.392105 0 
5 0.085106 0.044644 0.213329 0.003047 0.333506 0.440789 0 
5 0.106383 0.043173 0.185361 0.00291 0.28146 0.513596 0 
5 0.12766 0.042632 0.174948 0.002858 0.25246 0.560088 0 
5 0.148936 0.042662 0.176733 0.002842 0.238995 0.579386 0 
5 0.170213 0.043683 0.203065 0.002906 0.248835 0.599123 0 
5 0.191489 0.050138 0.241595 0.003349 0.265924 0.547368 0 
5 0.212766 0.0783 0.328027 0.005301 0.332729 0.464912 1 
5 0.234043 0.09223 0.41803 0.006331 0.415847 0.389474 1 
5 0.255319 0.070373 0.432163 0.004886 0.531849 0.265789 0 
5 0.276596 0.101117 0.483785 0.007038 0.619627 0.239035 1 
5 0.297872 0.050078 0.496578 0.003481 0.574573 0.271053 0 
5 0.319149 0.058094 0.500298 0.004024 0.576385 0.235088 0 
5 0.340426 0.115588 0.542844 0.007925 0.593475 0.364035 1 
5 0.361702 0.095503 0.560399 0.006498 0.61885 0.319298 1 
5 0.382979 0.084334 0.551175 0.005756 0.625324 0.322807 1 
5 0.404255 0.080972 0.539869 0.005552 0.631797 0.284649 1 
5 0.425532 0.07899 0.538233 0.005434 0.636199 0.286842 1 
5 0.446809 0.074186 0.535406 0.005098 0.654583 0.290789 1 
5 0.468085 0.066621 0.523802 0.004591 0.642931 0.286404 0 
5 0.489362 0.080371 0.51324 0.005509 0.650181 0.260088 1 
5 0.510638 0.101027 0.513835 0.00694 0.655619 0.260965 1 
5 0.531915 0.10586 0.514133 0.007262 0.684102 0.289912 1 
5 0.553191 0.101567 0.506992 0.006973 0.694718 0.244737 1 
5 0.574468 0.102978 0.506546 0.007086 0.69653 0.245614 1 
5 0.595745 0.106341 0.511009 0.00731 0.690057 0.269737 1 
5 0.617021 0.087517 0.513686 0.006988 0.699379 0.235088 1 
5 0.638298 0.089318 0.512348 0.009443 0.70145 0.235088 1 
5 0.659574 0.134562 0.513389 0.009289 0.706629 0.218421 1 
5 0.680851 0.109733 0.500595 0.007599 0.705334 0.165789 1 
5 0.702128 0.108412 0.503273 0.007524 0.690057 0.176754 1 
5 0.723404 0.07854 0.482297 0.005434 0.636976 0.210526 1 
5 0.744681 0.056923 0.46266 0.003903 0.578975 0.292105 0 
5 0.765957 0.051189 0.440048 0.003502 0.525634 0.244737 0 
5 0.787234 0.054311 0.440345 0.003737 0.503884 0.252193 0 
5 0.808511 0.057914 0.461619 0.003965 0.492491 0.278509 0 
5 0.829787 0.065059 0.454329 0.00446 0.510098 0.225877 0 
5 0.851064 0.051129 0.423981 0.003517 0.502848 0.239474 0 
5 0.87234 0.043353 0.38917 0.002968 0.467633 0.305702 0 
5 0.893617 0.077789 0.41565 0.005251 0.418436 0.404825 1 
5 0.914894 0.050258 0.428741 0.003392 0.370274 0.380263 0 
5 0.93617 0.074787 0.454924 0.005071 0.350596 0.45614 0 
5 0.957447 0.070464 0.464445 0.004769 0.337908 0.476316 0 
5 0.978723 0.089708 0.456114 0.006184 0.455463 0.396053 1 
5 1 0.081302 0.432014 0.005634 0.456499 0.371053 1 
