4 0 0.098745 0.535704 0.006545 0.428017 0.619737 1 
4 0.021277 0.06641 0.517257 0.004381 0.403418 0.67807 1 
4 0.042553 0.116579 0.490777 0.007835 0.463231 0.620175 1 
4 0.06383 0.090189 0.436031 0.005941 0.449767 0.670614 1 
4 0.085106 0.06578 0.380988 0.004294 0.415588 0.697368 1 
4 0.106383 0.094332 0.326391 0.006101 0.384516 0.726316 1 
4 0.12766 0.060046 0.278489 0.003868 0.352667 0.759211 0 
4 0.148936 0.053771 0.250372 0.003459 0.340497 0.739912 0 
4 0.170213 0.051129 0.23252 0.003286 0.328586 0.745175 0 
4 0.191489 0.042512 0.234008 0.002725 0.31797 0.762281 0 
4 0.212766 0.047496 0.261083 0.003049 0.324184 0.728509 0 
4 0.234043 0.05296 0.316275 0.00343 0.342569 0.711404 0 
4 0.255319 0.157019 0.430824 0.010328 0.414034 0.660526 1 
4 0.276596 0.660952 0.549093 0.039815 0.482393 0.707018 1 
4 0.297872 0.095052 0.591937 0.006363 0.533143 0.474123 1 
4 0.319149 0.15852 0.6626 0.010648 0.598395 0.485965 1 
4 0.340426 0.150024 0.669592 0.010089 0.635681 0.452193 1 
4 0.361702 0.142158 0.644302 0.009589 0.641119 0.399123 1 
4 0.382979 0.106371 0.640434 0.007198 0.66028 0.362719 1 
4 0.404255 0.076798 0.624368 0.005179 0.650181 0.365789 0 
4 0.425532 0.051909 0.595507 0.003502 0.639565 0.334211 0 
4 0.446809 0.057404 0.583011 0.003901 0.630243 0.322807 0 
4 0.468085 0.050378 0.566201 0.003421 0.616002 0.357895 0 
4 0.489362 0.051279 0.557423 0.003494 0.602538 0.331579 0 
4 0.510638 0.049207 0.547307 0.00334 0.584153 0.345175 0 
4 0.531915 0.048637 0.532282 0.003311 0.573278 0.345175 0 
4 0.553191 0.048937 0.533621 0.003336 0.590368 0.304825 0 
4 0.574468 0.048907 0.521868 0.003344 0.591662 0.307018 0 
4 0.595745 0.048487 0.515769 0.003322 0.575867 0.351316 0 
4 0.617021 0.048487 0.504165 0.003324 0.56551 0.324561 0 
4 0.638298 0.048487 0.500149 0.003342 0.555671 0.373246 0 
4 0.659574 0.048607 0.514579 0.003342 0.55334 0.344298 0 
4 0.680851 0.049718 0.537043 0.0034 0.552822 0.374123 0 
4 0.702128 0.076078 0.587176 0.005156 0.580528 0.399561 0 
4 0.723404 0.101087 0.687295 0.006795 0.639306 0.504386 1 
4 0.744681 0.115888 0.755579 0.007767 0.721129 0.413158 1 
4 0.765957 0.099946 0.747694 0.006676 0.694459 0.398684 1 
4 0.787234 0.07878 0.721363 0.005253 0.654842 0.431579 0 
4 0.808511 0.069833 0.686849 0.00467 0.61419 0.420614 0 
4 0.829787 0.063678 0.659774 0.004275 0.587002 0.415789 0 
4 0.851064 0.139516 0.641773 0.009397 0.556447 0.45614 1 
4 0.87234 0.061036 0.615144 0.004163 0.52667 0.435088 0 
4 0.893617 0.053351 0.574978 0.003633 0.494045 0.473246 0 
4 0.914894 0.033686 0.527968 0.002277 0.472553 0.49693 0 
4 0.93617 0.095983 0.560399 0.006431 0.435267 0.619298 1 
4 0.957447 0.059745 0.56501 0.002198 0.415588 0.562281 0 
4 0.978723 0.082773 0.562184 0.005573 0.470741 0.587281 0 
4 1 0.088657 0.54939 0.005895 0.46116 0.62193 0 
