3 0 0.031584 0.442874 0.002036 0.379596 0.621491 1 
3 0.021277 0.030924 0.422642 0.001967 0.357846 0.623246 1 
3 0.042553 0.044164 0.389319 0.002865 0.407302 0.616667 1 
3 0.06383 0.043773 0.341416 0.002856 0.393061 0.613596 1 
3 0.085106 0.029963 0.28191 0.001899 0.354997 0.590351 0 
3 0.106383 0.029392 0.238917 0.001832 0.322113 0.612281 0 
3 0.12766 0.029392 0.198453 0.001832 0.304764 0.634211 0 
3 0.148936 0.029242 0.176138 0.001782 0.287675 0.65614 0 
3 0.170213 0.029002 0.162749 0.001847 0.282755 0.713596 0 
3 0.191489 0.029002 0.159625 0.001865 0.271621 0.767544 0 
3 0.212766 0.028822 0.190866 0.001847 0.275246 0.750877 0 
3 0.234043 0.029993 0.237429 0.001921 0.292077 0.722368 0 
3 0.255319 0.034766 0.332044 0.002243 0.351631 0.701316 1 
3 0.276596 0.036808 0.419667 0.00243 0.427758 0.49386 1 
3 0.297872 0.030473 0.438411 0.002052 0.468928 0.452193 0 
3 0.319149 0.034676 0.498066 0.002381 0.535733 0.355263 1 
3 0.340426 0.029873 0.51324 0.002079 0.585189 0.315351 0 
3 0.361702 0.029422 0.506099 0.00205 0.5826 0.300877 0 
3 0.382979 0.032214 0.523059 0.002258 0.597877 0.287281 1 
3 0.404255 0.030623 0.523505 0.00215 0.589332 0.271053 0 
3 0.425532 0.032875 0.524844 0.00232 0.587519 0.272368 1 
3 0.446809 0.031554 0.519935 0.002231 0.578716 0.280702 1 
3 0.468085 0.029422 0.506992 0.002077 0.578457 0.287719 0 
3 0.489362 0.029422 0.504612 0.002071 0.584153 0.292544 0 
3 0.510638 0.029002 0.494644 0.002029 0.56318 0.329386 0 
3 0.531915 0.029272 0.490777 0.002029 0.567323 0.333333 0 
3 0.553191 0.029422 0.492859 0.002046 0.579492 0.296053 0 
3 0.574468 0.029182 0.486462 0.002036 0.584671 0.320614 0 
3 0.595745 0.028942 0.47709 0.002021 0.576644 0.358772 0 
3 0.617021 0.028942 0.468908 0.002027 0.572501 0.367544 0 
3 0.638298 0.028882 0.458048 0.00204 0.56059 0.405702 0 
3 0.659574 0.028942 0.463553 0.002048 0.556965 0.414912 0 
3 0.680851 0.028942 0.472627 0.00204 0.565769 0.385526 0 
3 0.702128 0.028942 0.49152 0.002046 0.582082 0.416667 0 
3 0.723404 0.028972 0.528712 0.002027 0.615743 0.274123 0 
3 0.744681 0.029693 0.596102 0.002009 0.661574 0.190789 0 
3 0.765957 0.029723 0.600119 0.002009 0.669342 0.112281 0 
3 0.787234 0.029362 0.569473 0.001965 0.635163 0.172368 0 
3 0.808511 0.029002 0.531836 0.001944 0.59477 0.247368 0 
3 0.829787 0.028972 0.499256 0.001959 0.568099 0.298684 0 
3 0.851064 0.028972 0.476644 0.001967 0.537545 0.304386 0 
3 0.87234 0.028972 0.453436 0.001959 0.507509 0.360088 0 
3 0.893617 0.028942 0.419667 0.001965 0.472035 0.385088 0 
3 0.914894 0.028402 0.386046 0.001936 0.442258 0.452632 0 
3 0.93617 0.028972 0.431866 0.001936 0.411704 0.505702 0 
3 0.957447 0.028972 0.449569 0.001894 0.388918 0.506579 0 
3 0.978723 0.029152 0.450312 0.001903 0.449249 0.394298 0 
3 1 0.029002 0.449866 0.00188 0.43216 0.485965 0 
