6 0 0.106161 0.540613 0.003467 0.422915 0.414912 1 
6 0.021277 0.106161 0.506694 0.003467 0.422915 0.414912 1 
6 0.042553 0.072415 0.480363 0.003467 0.422915 0.414912 0 
6 0.06383 0.072415 0.416989 0.003467 0.422915 0.414912 0 
6 0.085106 0.072415 0.358524 0.003467 0.422915 0.414912 0 
6 0.106383 0.042422 0.310473 0.003467 0.422915 0.414912 0 
6 0.12766 0.042272 0.265843 0.003467 0.422915 0.414912 0 
6 0.148936 0.042272 0.222999 0.003467 0.422915 0.414912 0 
6 0.170213 0.060886 0.188188 0.003467 0.422915 0.414912 0 
6 0.191489 0.060886 0.180303 0.003467 0.422915 0.414912 0 
6 0.212766 0.067191 0.180899 0.003467 0.422915 0.414912 0 
6 0.234043 0.067191 0.195478 0.003467 0.422915 0.414912 0 
6 0.255319 0.076828 0.226421 0.003467 0.422915 0.414912 0 
6 0.276596 0.075868 0.264951 0.003467 0.422915 0.414912 0 
6 0.297872 0.084244 0.320738 0.003467 0.422915 0.414912 0 
6 0.319149 0.091089 0.417138 0.003467 0.422915 0.414912 1 
6 0.340426 0.106161 0.496578 0.003467 0.422915 0.414912 1 
6 0.361702 0.114387 0.552663 0.003467 0.422915 0.414912 1 
6 0.382979 0.119731 0.590301 0.003467 0.422915 0.414912 1 
6 0.404255 0.114387 0.59759 0.003467 0.422915 0.414912 1 
6 0.425532 0.106161 0.572151 0.003467 0.422915 0.414912 1 
6 0.446809 0.106161 0.532133 0.003467 0.422915 0.414912 1 
6 0.468085 0.089798 0.494198 0.003467 0.422915 0.414912 0 
6 0.489362 0.076828 0.475454 0.003467 0.422915 0.414912 0 
6 0.510638 0.076828 0.454924 0.003467 0.422915 0.414912 0 
6 0.531915 0.056173 0.441982 0.003467 0.422915 0.414912 0 
6 0.553191 0.056173 0.420559 0.003467 0.422915 0.414912 0 
6 0.574468 0.062598 0.399286 0.003467 0.422915 0.414912 0 
6 0.595745 0.062598 0.384856 0.003467 0.422915 0.414912 0 
6 0.617021 0.062598 0.383071 0.003467 0.422915 0.414912 0 
6 0.638298 0.062598 0.37831 0.003467 0.422915 0.414912 0 
6 0.659574 0.062598 0.394377 0.003467 0.422915 0.414912 0 
6 0.680851 0.076828 0.444362 0.003467 0.422915 0.414912 0 
6 0.702128 0.106161 0.530943 0.003467 0.422915 0.414912 1 
6 0.723404 0.151765 0.610086 0.003467 0.422915 0.414912 1 
6 0.744681 0.231116 0.673907 0.003467 0.422915 0.414912 1 
6 0.765957 0.152426 0.679113 0.003467 0.422915 0.414912 1 
6 0.787234 0.147952 0.64698 0.003467 0.422915 0.414912 1 
6 0.808511 0.119731 0.602053 0.003467 0.422915 0.414912 1 
6 0.829787 0.106161 0.560101 0.003467 0.422915 0.414912 1 
6 0.851064 0.089798 0.534067 0.003467 0.422915 0.414912 0 
6 0.87234 0.062598 0.503868 0.003467 0.422915 0.414912 0 
6 0.893617 0.062598 0.463701 0.003467 0.422915 0.414912 0 
6 0.914894 0.062598 0.425766 0.003467 0.422915 0.414912 0 
6 0.93617 0.076828 0.451205 0.003467 0.422915 0.414912 0 
6 0.957447 0.076828 0.455817 0.003467 0.422915 0.414912 0 
6 0.978723 0.076828 0.458792 0.003467 0.422915 0.414912 0 
6 1 0.062598 0.436328 0.003467 0.422915 0.414912 0 
