6 0 0.075177 0.562333 0.003467 0.422915 0.414912 1 
6 0.021277 0.075177 0.52767 0.003467 0.422915 0.414912 1 
6 0.042553 0.075177 0.497173 0.003467 0.422915 0.414912 1 
6 0.06383 0.040591 0.429039 0.003467 0.422915 0.414912 0 
6 0.085106 0.040591 0.351384 0.003467 0.422915 0.414912 0 
6 0.106383 0.040591 0.30363 0.003467 0.422915 0.414912 0 
6 0.12766 0.040591 0.25424 0.003467 0.422915 0.414912 0 
6 0.148936 0.040591 0.214668 0.003467 0.422915 0.414912 0 
6 0.170213 0.0529 0.185808 0.003467 0.422915 0.414912 0 
6 0.191489 0.05308 0.178221 0.003467 0.422915 0.414912 0 
6 0.212766 0.053981 0.175543 0.003467 0.422915 0.414912 0 
6 0.234043 0.05308 0.188337 0.003467 0.422915 0.414912 0 
6 0.255319 0.061967 0.217048 0.003467 0.422915 0.414912 0 
6 0.276596 0.071785 0.258852 0.003467 0.422915 0.414912 0 
6 0.297872 0.071785 0.305415 0.003467 0.422915 0.414912 0 
6 0.319149 0.083944 0.389467 0.003467 0.422915 0.414912 1 
6 0.340426 0.080191 0.464296 0.003467 0.422915 0.414912 1 
6 0.361702 0.083944 0.516364 0.003467 0.422915 0.414912 1 
6 0.382979 0.108863 0.572002 0.003467 0.422915 0.414912 1 
6 0.404255 0.119731 0.590449 0.003467 0.422915 0.414912 1 
6 0.425532 0.104329 0.583309 0.003467 0.422915 0.414912 1 
6 0.446809 0.104329 0.562481 0.003467 0.422915 0.414912 1 
6 0.468085 0.104329 0.544332 0.003467 0.422915 0.414912 1 
6 0.489362 0.088807 0.529456 0.003467 0.422915 0.414912 1 
6 0.510638 0.104329 0.522315 0.003467 0.422915 0.414912 1 
6 0.531915 0.088807 0.51086 0.003467 0.422915 0.414912 1 
6 0.553191 0.088807 0.492264 0.003467 0.422915 0.414912 1 
6 0.574468 0.088807 0.479768 0.003467 0.422915 0.414912 1 
6 0.595745 0.088807 0.474859 0.003467 0.422915 0.414912 1 
6 0.617021 0.088807 0.473371 0.003467 0.422915 0.414912 1 
6 0.638298 0.088807 0.471883 0.003467 0.422915 0.414912 1 
6 0.659574 0.104329 0.493306 0.003467 0.422915 0.414912 1 
6 0.680851 0.119731 0.518149 0.003467 0.422915 0.414912 1 
6 0.702128 0.141047 0.557721 0.003467 0.422915 0.414912 1 
6 0.723404 0.145791 0.587771 0.003467 0.422915 0.414912 1 
6 0.744681 0.224481 0.655757 0.003467 0.422915 0.414912 1 
6 0.765957 0.149664 0.680899 0.003467 0.422915 0.414912 1 
6 0.787234 0.145791 0.66989 0.003467 0.422915 0.414912 1 
6 0.808511 0.119731 0.627938 0.003467 0.422915 0.414912 1 
6 0.829787 0.108863 0.585986 0.003467 0.422915 0.414912 1 
6 0.851064 0.088807 0.554894 0.003467 0.422915 0.414912 1 
6 0.87234 0.088807 0.532282 0.003467 0.422915 0.414912 1 
6 0.893617 0.083944 0.489884 0.003467 0.422915 0.414912 0 
6 0.914894 0.071785 0.444362 0.003467 0.422915 0.414912 0 
6 0.93617 0.088807 0.465486 0.003467 0.422915 0.414912 1 
6 0.957447 0.073286 0.448825 0.003467 0.422915 0.414912 0 
6 0.978723 0.073286 0.44942 0.003467 0.422915 0.414912 0 
6 1 0.067071 0.411931 0.003467 0.422915 0.414912 0 
