2 0 0.040231 0.444213 0.002175 0.432677 0.726316 1 
2 0.021277 0.03933 0.404939 0.002273 0.411186 0.770175 0 
2 0.042553 0.041011 0.365665 0.002696 0.467633 0.678947 1 
2 0.06383 0.04002 0.336805 0.002636 0.44407 0.744298 0 
2 0.085106 0.044614 0.299464 0.002582 0.416624 0.706579 1 
2 0.106383 0.040231 0.27834 0.002021 0.374417 0.706579 1 
2 0.12766 0.040231 0.243677 0.002065 0.343863 0.750439 1 
2 0.148936 0.03972 0.228355 0.002038 0.307354 0.794298 0 
2 0.170213 0.030113 0.218982 0.001982 0.287416 0.860088 0 
2 0.191489 0.030113 0.225231 0.001849 0.273692 0.860088 0 
2 0.212766 0.031704 0.258108 0.001951 0.291041 0.860088 0 
2 0.234043 0.032815 0.308539 0.002154 0.319782 0.860088 0 
2 0.255319 0.034826 0.41803 0.0022 0.396427 0.765351 0 
2 0.276596 0.036147 0.52767 0.00242 0.490678 0.683333 0 
2 0.297872 0.036688 0.562928 0.002432 0.534697 0.627632 0 
2 0.319149 0.037348 0.651294 0.002455 0.61419 0.553509 0 
2 0.340426 0.03915 0.692205 0.00258 0.673226 0.522368 0 
2 0.361702 0.041552 0.697263 0.002744 0.68436 0.491228 1 
2 0.382979 0.043293 0.738173 0.002865 0.69912 0.496491 1 
2 0.404255 0.042572 0.743677 0.002819 0.686173 0.509211 1 
2 0.425532 0.042212 0.722404 0.002808 0.680476 0.504825 1 
2 0.446809 0.047496 0.696965 0.00318 0.657431 0.513596 1 
2 0.468085 0.042813 0.673609 0.002892 0.642672 0.489912 1 
2 0.489362 0.03987 0.652336 0.002694 0.639565 0.492544 0 
2 0.510638 0.038639 0.637459 0.002601 0.609788 0.512719 0 
2 0.531915 0.03903 0.619607 0.002615 0.610047 0.489035 0 
2 0.553191 0.037258 0.607706 0.002495 0.63361 0.414912 0 
2 0.574468 0.037949 0.597441 0.002547 0.627913 0.416667 0 
2 0.595745 0.038279 0.578697 0.002563 0.617038 0.471053 0 
2 0.617021 0.03882 0.56025 0.002597 0.604609 0.455263 0 
2 0.638298 0.037979 0.561291 0.002547 0.601243 0.436404 0 
2 0.659574 0.036508 0.572151 0.002455 0.592957 0.441667 0 
2 0.680851 0.037769 0.600268 0.002532 0.592439 0.551316 0 
2 0.702128 0.03891 0.652931 0.002582 0.623511 0.521053 0 
2 0.723404 0.056833 0.749926 0.003733 0.694459 0.461842 1 
2 0.744681 0.120572 0.852871 0.007979 0.757121 0.452193 1 
2 0.765957 0.049628 0.865963 0.003313 0.739513 0.477632 1 
2 0.787234 0.043743 0.840077 0.002887 0.694718 0.547807 1 
2 0.808511 0.042272 0.803779 0.002775 0.644226 0.612281 1 
2 0.829787 0.043623 0.772835 0.002877 0.613154 0.595614 1 
2 0.851064 0.044164 0.752455 0.002929 0.576126 0.652193 1 
2 0.87234 0.063648 0.719875 0.004221 0.554117 0.670614 1 
2 0.893617 0.042302 0.673758 0.0028 0.511652 0.677193 1 
2 0.914894 0.034406 0.615888 0.002266 0.476178 0.705263 0 
2 0.93617 0.038339 0.649658 0.002229 0.445883 0.720614 0 
2 0.957447 0.038789 0.645641 0.001809 0.426463 0.698684 0 
2 0.978723 0.041492 0.632252 0.002727 0.50233 0.616228 0 
2 1 0.037108 0.602648 0.002449 0.492491 0.685088 0 
