4 0 0.036238 0.427254 0.002356 0.371569 0.689035 1 
4 0.021277 0.035427 0.399881 0.002283 0.351631 0.682456 1 
4 0.042553 0.036027 0.363582 0.002341 0.406266 0.608772 1 
4 0.06383 0.035337 0.309432 0.002295 0.387623 0.67193 1 
4 0.085106 0.033175 0.259 0.002158 0.351113 0.680702 1 
4 0.106383 0.029843 0.21809 0.00193 0.312273 0.728947 0 
4 0.12766 0.029092 0.175394 0.001845 0.291041 0.725877 0 
4 0.148936 0.028251 0.163344 0.001795 0.269291 0.725 0 
4 0.170213 0.02639 0.151294 0.00092 0.250388 0.725877 0 
4 0.191489 0.02687 0.156352 0.001595 0.243138 0.744737 0 
4 0.212766 0.027561 0.185064 0.001784 0.253755 0.752632 0 
4 0.234043 0.028462 0.222702 0.00184 0.270067 0.725439 0 
4 0.255319 0.031314 0.304522 0.002023 0.327033 0.749561 0 
4 0.276596 0.030833 0.372211 0.002005 0.38581 0.610526 0 
4 0.297872 0.029332 0.384409 0.001915 0.411963 0.567544 0 
4 0.319149 0.029422 0.450312 0.001951 0.472294 0.484649 0 
4 0.340426 0.029723 0.495537 0.001998 0.512947 0.489912 0 
4 0.361702 0.030623 0.520827 0.002065 0.53651 0.508772 0 
4 0.382979 0.035397 0.539125 0.002389 0.552563 0.496053 1 
4 0.404255 0.035397 0.54701 0.002393 0.560073 0.501754 1 
4 0.425532 0.033115 0.548795 0.002235 0.555671 0.499561 0 
4 0.446809 0.035427 0.546415 0.002408 0.551528 0.510088 1 
4 0.468085 0.035427 0.539274 0.00241 0.552822 0.508333 1 
4 0.489362 0.031134 0.535406 0.002115 0.548938 0.519298 0 
4 0.510638 0.030173 0.532431 0.002042 0.542724 0.537719 0 
4 0.531915 0.031704 0.523654 0.002144 0.540911 0.489474 0 
4 0.553191 0.029482 0.523505 0.002 0.544537 0.48114 0 
4 0.574468 0.029422 0.518744 0.001994 0.538322 0.486404 0 
4 0.595745 0.028942 0.499256 0.001961 0.535215 0.525439 0 
4 0.617021 0.028942 0.507141 0.001961 0.523304 0.556579 0 
4 0.638298 0.028942 0.508331 0.001959 0.521491 0.539035 0 
4 0.659574 0.028942 0.51205 0.001957 0.518384 0.560965 0 
4 0.680851 0.029092 0.526778 0.001957 0.517607 0.542544 0 
4 0.702128 0.029392 0.553704 0.001969 0.531072 0.583333 0 
4 0.723404 0.029452 0.578994 0.001967 0.551787 0.596053 0 
4 0.744681 0.036177 0.617376 0.002447 0.591144 0.519737 1 
4 0.765957 0.037258 0.610235 0.002532 0.620663 0.517105 1 
4 0.787234 0.033475 0.578102 0.002273 0.609788 0.529386 1 
4 0.808511 0.029182 0.530497 0.001963 0.576644 0.542982 0 
4 0.829787 0.028792 0.49643 0.001936 0.545313 0.535088 0 
4 0.851064 0.028942 0.46504 0.001944 0.520715 0.601316 0 
4 0.87234 0.027801 0.444659 0.001855 0.494303 0.628947 0 
4 0.893617 0.027321 0.403898 0.001805 0.463749 0.595175 0 
4 0.914894 0.0269 0.377715 0.001797 0.436302 0.634211 0 
4 0.93617 0.029332 0.439453 0.001789 0.413516 0.634211 0 
4 0.957447 0.029422 0.459536 0.001818 0.387882 0.67807 0 
4 0.978723 0.032995 0.470247 0.002025 0.452097 0.672807 1 
4 1 0.034676 0.459387 0.00204 0.430606 0.697807 1 
