7 0 0.02615 0.363285 0.001539 0.359658 0.857895 0 
7 0.021277 0.024919 0.295001 0.000856 0.327809 0.857895 0 
7 0.042553 0.024919 0.241744 0.001145 0.374676 0.754825 0 
7 0.06383 0.02579 0.206189 0.001265 0.329881 0.799123 0 
7 0.085106 0.02612 0.173907 0.001672 0.272398 0.76886 0 
7 0.106383 0.02603 0.162154 0.001672 0.227861 0.805702 0 
7 0.12766 0.024409 0.153079 0.000972 0.22087 0.798684 0 
7 0.148936 0.024769 0.150997 0.001111 0.214397 0.798684 0 
7 0.170213 0.025519 0.159774 0.001257 0.217504 0.857895 0 
7 0.191489 0.024919 0.170336 0.000825 0.216727 0.879825 0 
7 0.212766 0.027171 0.196668 0.00168 0.231227 0.917982 0 
7 0.234043 0.027081 0.222702 0.00168 0.233558 0.917982 0 
7 0.255319 0.028071 0.260785 0.00168 0.267478 0.896053 0 
7 0.276596 0.028822 0.31806 0.00168 0.301139 0.808333 0 
7 0.297872 0.028161 0.370128 0.00168 0.314345 0.808333 0 
7 0.319149 0.029512 0.425915 0.001849 0.351372 0.836842 0 
7 0.340426 0.031734 0.474264 0.001961 0.387364 0.839912 1 
7 0.361702 0.033145 0.49643 0.002115 0.41999 0.859211 1 
7 0.382979 0.033385 0.505653 0.002135 0.436044 0.808333 1 
7 0.404255 0.035967 0.514877 0.002219 0.455722 0.796053 1 
7 0.425532 0.034646 0.515918 0.002115 0.471776 0.796053 1 
7 0.446809 0.037228 0.528712 0.002349 0.477473 0.793421 1 
7 0.468085 0.033295 0.527819 0.002142 0.477732 0.777193 1 
7 0.489362 0.034046 0.530199 0.002185 0.487312 0.792105 1 
7 0.510638 0.034226 0.531687 0.002204 0.483169 0.789474 1 
7 0.531915 0.035367 0.526629 0.002266 0.468669 0.825439 1 
7 0.553191 0.035577 0.528414 0.002241 0.454946 0.838596 1 
7 0.574468 0.032184 0.521868 0.002054 0.435008 0.894737 1 
7 0.595745 0.032455 0.527075 0.002034 0.418436 0.905702 1 
7 0.617021 0.034526 0.533323 0.002094 0.403936 0.883772 1 
7 0.638298 0.034526 0.52886 0.002094 0.39565 0.861842 1 
7 0.659574 0.036208 0.533323 0.002094 0.400311 0.848684 1 
7 0.680851 0.032995 0.511604 0.002023 0.404454 0.839912 1 
7 0.702128 0.03888 0.512645 0.002387 0.417918 0.848684 1 
7 0.723404 0.035337 0.506992 0.002094 0.406525 0.861842 1 
7 0.744681 0.030173 0.497471 0.00188 0.399016 0.899561 1 
7 0.765957 0.029212 0.473371 0.001813 0.372605 0.896053 0 
7 0.787234 0.028131 0.456858 0.00168 0.356033 0.896053 0 
7 0.808511 0.028822 0.471586 0.001747 0.352926 0.914474 0 
7 0.829787 0.028822 0.475602 0.00178 0.35448 0.896053 0 
7 0.851064 0.031284 0.455222 0.001951 0.333247 0.861842 1 
7 0.87234 0.030323 0.420262 0.00188 0.314345 0.877632 1 
7 0.893617 0.035397 0.435882 0.002094 0.27913 0.883772 1 
7 0.914894 0.029182 0.419369 0.001816 0.258674 0.896053 0 
7 0.93617 0.029933 0.415055 0.001849 0.252978 0.896053 0 
7 0.957447 0.028732 0.380095 0.00178 0.253237 0.896053 0 
7 0.978723 0.027831 0.351384 0.00168 0.317452 0.896053 0 
7 1 0.027771 0.308539 0.00168 0.311497 0.874123 0 
