4 0 0.097454 0.494049 0.006593 0.522527 0.374561 1 
4 0.021277 0.090189 0.476198 0.006032 0.488089 0.357456 1 
4 0.042553 0.108593 0.453436 0.007329 0.544278 0.392982 1 
4 0.06383 0.097424 0.399435 0.006577 0.524858 0.42193 1 
4 0.085106 0.091419 0.347218 0.006101 0.465562 0.532456 1 
4 0.106383 0.087336 0.294109 0.005789 0.425168 0.597807 0 
4 0.12766 0.080521 0.244124 0.005301 0.378042 0.666228 0 
4 0.148936 0.066771 0.212139 0.004368 0.354738 0.672807 0 
4 0.170213 0.057614 0.200089 0.003752 0.328327 0.707895 0 
4 0.191489 0.059025 0.203511 0.003835 0.321336 0.702632 0 
4 0.212766 0.056953 0.227908 0.003714 0.325479 0.674123 0 
4 0.234043 0.058394 0.279976 0.003845 0.35681 0.602193 0 
4 0.255319 0.076468 0.386195 0.005133 0.440445 0.49386 0 
4 0.276596 0.088868 0.49643 0.005931 0.513723 0.442982 0 
4 0.297872 0.06533 0.496132 0.004398 0.552822 0.38114 0 
4 0.319149 0.090549 0.553853 0.006045 0.621958 0.303509 0 
4 0.340426 0.09187 0.568283 0.006186 0.664682 0.234649 0 
4 0.361702 0.09187 0.561589 0.006199 0.659762 0.269737 0 
4 0.382979 0.092981 0.593425 0.006267 0.656914 0.322807 0 
4 0.404255 0.09229 0.596697 0.006217 0.645003 0.322807 0 
4 0.425532 0.09154 0.575722 0.006147 0.640342 0.300877 0 
4 0.446809 0.089618 0.548944 0.005989 0.63594 0.314474 0 
4 0.468085 0.090189 0.531092 0.006068 0.623511 0.350439 0 
4 0.489362 0.089288 0.519339 0.005966 0.621958 0.343421 0 
4 0.510638 0.089288 0.510265 0.005949 0.612636 0.397807 0 
4 0.531915 0.087456 0.493454 0.005864 0.607716 0.399123 0 
4 0.553191 0.087997 0.48676 0.00592 0.629467 0.375877 0 
4 0.574468 0.087426 0.479917 0.005899 0.625842 0.397368 0 
4 0.595745 0.087426 0.475454 0.005914 0.622734 0.376316 0 
4 0.617021 0.086616 0.468759 0.005872 0.610564 0.377193 0 
4 0.638298 0.070193 0.456709 0.004778 0.595805 0.384211 0 
4 0.659574 0.07929 0.459833 0.005382 0.583894 0.404825 0 
4 0.680851 0.080791 0.469057 0.005474 0.593216 0.43114 0 
4 0.702128 0.087426 0.486016 0.005899 0.610306 0.397368 0 
4 0.723404 0.087426 0.503868 0.005953 0.636458 0.340351 0 
4 0.744681 0.089138 0.56382 0.006076 0.657949 0.344737 1 
4 0.765957 0.09163 0.639839 0.006169 0.682548 0.35614 1 
4 0.787234 0.117089 0.654716 0.007966 0.681512 0.345175 1 
4 0.808511 0.101597 0.62526 0.00693 0.648887 0.339474 1 
4 0.829787 0.089138 0.594615 0.006039 0.613931 0.416228 1 
4 0.851064 0.088567 0.57587 0.005951 0.587519 0.432456 1 
4 0.87234 0.087366 0.553407 0.005887 0.548938 0.482018 1 
4 0.893617 0.069593 0.521125 0.004705 0.525634 0.44693 0 
4 0.914894 0.043413 0.475156 0.002981 0.488348 0.397807 0 
4 0.93617 0.076258 0.521125 0.005118 0.464008 0.565789 0 
4 0.957447 0.083644 0.521273 0.005521 0.441999 0.582018 0 
4 0.978723 0.089678 0.529902 0.005935 0.540653 0.48114 1 
4 1 0.088447 0.520827 0.005841 0.516831 0.510526 1 
