1 0 0.033025 0.333085 0.002279 0.331952 0.258333 0 
1 0.021277 0.030653 0.292324 0.002115 0.303988 0.292544 0 
1 0.042553 0.030533 0.262571 0.002106 0.345935 0.212281 0 
1 0.06383 0.030113 0.225082 0.002079 0.322631 0.248246 0 
1 0.085106 0.030173 0.180452 0.002077 0.269549 0.288596 0 
1 0.106383 0.030113 0.147129 0.002075 0.226825 0.270614 0 
1 0.12766 0.029272 0.121988 0.002019 0.192646 0.289035 0 
1 0.148936 0.027381 0.107111 0.001886 0.155619 0.366228 0 
1 0.170213 0.027021 0.092978 0.001861 0.129984 0.350877 0 
1 0.191489 0.02681 0.084796 0.001843 0.1116 0.440789 0 
1 0.212766 0.027021 0.093871 0.001855 0.099948 0.409649 0 
1 0.234043 0.027021 0.10235 0.001857 0.09943 0.402632 0 
1 0.255319 0.027381 0.121541 0.001882 0.09218 0.408333 0 
1 0.276596 0.028041 0.149807 0.001928 0.099689 0.400439 0 
1 0.297872 0.027021 0.175692 0.001855 0.080269 0.472368 0 
1 0.319149 0.028221 0.22285 0.00194 0.098654 0.457018 0 
1 0.340426 0.029873 0.286522 0.002052 0.131279 0.441228 0 
1 0.361702 0.030443 0.34097 0.002098 0.159503 0.424561 0 
1 0.382979 0.033025 0.404641 0.002264 0.172708 0.418421 0 
1 0.404255 0.033025 0.426659 0.002262 0.185655 0.390351 0 
1 0.425532 0.033025 0.431568 0.00226 0.186691 0.417105 0 
1 0.446809 0.033025 0.419964 0.002252 0.189021 0.489035 1 
1 0.468085 0.031164 0.405237 0.002121 0.181771 0.512719 0 
1 0.489362 0.031794 0.395567 0.002173 0.182548 0.471491 0 
1 0.510638 0.030954 0.384558 0.002119 0.183584 0.442105 0 
1 0.531915 0.030293 0.372806 0.002073 0.181512 0.483772 0 
1 0.553191 0.030083 0.354954 0.002061 0.187468 0.449123 0 
1 0.574468 0.030083 0.33368 0.002063 0.167789 0.496491 0 
1 0.595745 0.030023 0.329515 0.002052 0.158467 0.505263 0 
1 0.617021 0.030023 0.324308 0.00205 0.151735 0.501754 0 
1 0.638298 0.030023 0.328474 0.002048 0.142413 0.528947 0 
1 0.659574 0.030023 0.333829 0.002048 0.139824 0.520614 0 
1 0.680851 0.029963 0.353764 0.00204 0.148628 0.554825 0 
1 0.702128 0.030924 0.387533 0.00211 0.165199 0.471491 0 
1 0.723404 0.030653 0.410443 0.002102 0.181512 0.448246 0 
1 0.744681 0.032935 0.472925 0.002252 0.229933 0.393421 1 
1 0.765957 0.040261 0.540018 0.002763 0.285085 0.333772 1 
1 0.787234 0.044644 0.541506 0.003078 0.346194 0.263158 1 
1 0.808511 0.042752 0.527224 0.00295 0.351372 0.264035 1 
1 0.829787 0.037498 0.49152 0.002588 0.33247 0.283333 1 
1 0.851064 0.033385 0.470842 0.002306 0.319006 0.260526 1 
1 0.87234 0.033385 0.4518 0.002304 0.3058 0.29386 1 
1 0.893617 0.033025 0.414162 0.00227 0.272916 0.350439 1 
1 0.914894 0.033025 0.372508 0.002258 0.253496 0.376316 1 
1 0.93617 0.032755 0.39036 0.002233 0.244951 0.391667 1 
1 0.957447 0.033025 0.380839 0.00225 0.245987 0.392982 1 
1 0.978723 0.033025 0.379203 0.002264 0.31564 0.258772 1 
1 1 0.033025 0.348259 0.002266 0.312791 0.279386 1 
