3 0 0.074517 0.42889 0.003467 0.422915 0.414912 1 
3 0.021277 0.075327 0.406873 0.003467 0.422915 0.414912 1 
3 0.042553 0.074517 0.390509 0.003467 0.422915 0.414912 1 
3 0.06383 0.071995 0.328027 0.003467 0.422915 0.414912 1 
3 0.085106 0.064879 0.268968 0.003467 0.422915 0.414912 1 
3 0.106383 0.064879 0.225528 0.003467 0.422915 0.414912 1 
3 0.12766 0.063108 0.189229 0.003467 0.422915 0.414912 1 
3 0.148936 0.064879 0.160666 0.003467 0.422915 0.414912 1 
3 0.170213 0.063108 0.149212 0.003467 0.422915 0.414912 1 
3 0.191489 0.063108 0.138352 0.003467 0.422915 0.414912 1 
3 0.212766 0.062838 0.151443 0.003467 0.422915 0.414912 1 
3 0.234043 0.046445 0.193395 0.003467 0.422915 0.414912 0 
3 0.255319 0.074427 0.2831 0.003467 0.422915 0.414912 1 
3 0.276596 0.062838 0.363582 0.003467 0.422915 0.414912 1 
3 0.297872 0.047286 0.346177 0.003467 0.422915 0.414912 0 
3 0.319149 0.074427 0.395269 0.003467 0.422915 0.414912 1 
3 0.340426 0.074427 0.42889 0.003467 0.422915 0.414912 1 
3 0.361702 0.062838 0.443618 0.003467 0.422915 0.414912 1 
3 0.382979 0.085745 0.486165 0.003467 0.422915 0.414912 1 
3 0.404255 0.085745 0.504909 0.003467 0.422915 0.414912 1 
3 0.425532 0.082923 0.489884 0.003467 0.422915 0.414912 1 
3 0.446809 0.074427 0.475156 0.003467 0.422915 0.414912 1 
3 0.468085 0.074427 0.47114 0.003467 0.422915 0.414912 1 
3 0.489362 0.082323 0.464594 0.003467 0.422915 0.414912 1 
3 0.510638 0.074427 0.456561 0.003467 0.422915 0.414912 1 
3 0.531915 0.074427 0.4518 0.003467 0.422915 0.414912 1 
3 0.553191 0.074997 0.455965 0.003467 0.422915 0.414912 1 
3 0.574468 0.074997 0.446742 0.003467 0.422915 0.414912 1 
3 0.595745 0.074427 0.441089 0.003467 0.422915 0.414912 1 
3 0.617021 0.062838 0.439899 0.003467 0.422915 0.414912 0 
3 0.638298 0.062838 0.433204 0.003467 0.422915 0.414912 0 
3 0.659574 0.062838 0.430675 0.003467 0.422915 0.414912 0 
3 0.680851 0.062838 0.426064 0.003467 0.422915 0.414912 0 
3 0.702128 0.057884 0.428146 0.003467 0.422915 0.414912 0 
3 0.723404 0.055482 0.429188 0.003467 0.422915 0.414912 0 
3 0.744681 0.062838 0.452841 0.003467 0.422915 0.414912 0 
3 0.765957 0.074427 0.480809 0.003467 0.422915 0.414912 1 
3 0.787234 0.057884 0.491818 0.003467 0.422915 0.414912 0 
3 0.808511 0.047286 0.45537 0.003467 0.422915 0.414912 0 
3 0.829787 0.046445 0.422791 0.003467 0.422915 0.414912 0 
3 0.851064 0.048487 0.400179 0.003467 0.422915 0.414912 0 
3 0.87234 0.046445 0.37831 0.003467 0.422915 0.414912 0 
3 0.893617 0.046445 0.341119 0.003467 0.422915 0.414912 0 
3 0.914894 0.045455 0.30601 0.003467 0.422915 0.414912 0 
3 0.93617 0.055482 0.359417 0.003467 0.422915 0.414912 0 
3 0.957447 0.055482 0.391848 0.003467 0.422915 0.414912 0 
3 0.978723 0.057884 0.408361 0.003467 0.422915 0.414912 0 
3 1 0.047286 0.401517 0.003467 0.422915 0.414912 0 
