2 0 0.108502 0.388277 0.003467 0.422915 0.414912 1 
2 0.021277 0.093671 0.32535 0.003467 0.422915 0.414912 0 
2 0.042553 0.075958 0.272538 0.003467 0.422915 0.414912 0 
2 0.06383 0.048997 0.228503 0.003467 0.422915 0.414912 0 
2 0.085106 0.089678 0.186403 0.003467 0.422915 0.414912 0 
2 0.106383 0.048787 0.164386 0.003467 0.422915 0.414912 0 
2 0.12766 0.048787 0.148319 0.003467 0.422915 0.414912 0 
2 0.148936 0.073886 0.153972 0.003467 0.422915 0.414912 0 
2 0.170213 0.073886 0.174502 0.003467 0.422915 0.414912 0 
2 0.191489 0.074817 0.210652 0.003467 0.422915 0.414912 0 
2 0.212766 0.11814 0.295299 0.003467 0.422915 0.414912 1 
2 0.234043 0.119491 0.389467 0.003467 0.422915 0.414912 1 
2 0.255319 0.119491 0.396162 0.003467 0.422915 0.414912 1 
2 0.276596 0.119491 0.452246 0.003467 0.422915 0.414912 1 
2 0.297872 0.097874 0.458643 0.003467 0.422915 0.414912 0 
2 0.319149 0.094272 0.459238 0.003467 0.422915 0.414912 0 
2 0.340426 0.109463 0.503273 0.003467 0.422915 0.414912 1 
2 0.361702 0.109463 0.511901 0.003467 0.422915 0.414912 1 
2 0.382979 0.097874 0.49152 0.003467 0.422915 0.414912 0 
2 0.404255 0.094272 0.485123 0.003467 0.422915 0.414912 0 
2 0.425532 0.094272 0.477388 0.003467 0.422915 0.414912 0 
2 0.446809 0.093281 0.482297 0.003467 0.422915 0.414912 0 
2 0.468085 0.077939 0.464743 0.003467 0.422915 0.414912 0 
2 0.489362 0.076468 0.454924 0.003467 0.422915 0.414912 0 
2 0.510638 0.077939 0.441535 0.003467 0.422915 0.414912 0 
2 0.531915 0.077939 0.437667 0.003467 0.422915 0.414912 0 
2 0.553191 0.074817 0.44332 0.003467 0.422915 0.414912 0 
2 0.574468 0.074817 0.442577 0.003467 0.422915 0.414912 0 
2 0.595745 0.077249 0.437965 0.003467 0.422915 0.414912 0 
2 0.617021 0.074817 0.447337 0.003467 0.422915 0.414912 0 
2 0.638298 0.077939 0.446445 0.003467 0.422915 0.414912 0 
2 0.659574 0.077939 0.450461 0.003467 0.422915 0.414912 0 
2 0.680851 0.077939 0.446742 0.003467 0.422915 0.414912 0 
2 0.702128 0.074817 0.446445 0.003467 0.422915 0.414912 0 
2 0.723404 0.05212 0.415055 0.003467 0.422915 0.414912 0 
2 0.744681 0.051219 0.399583 0.003467 0.422915 0.414912 0 
2 0.765957 0.051219 0.375781 0.003467 0.422915 0.414912 0 
2 0.787234 0.051219 0.387831 0.003467 0.422915 0.414912 0 
2 0.808511 0.05215 0.414311 0.003467 0.422915 0.414912 0 
2 0.829787 0.05215 0.410741 0.003467 0.422915 0.414912 0 
2 0.851064 0.077939 0.390658 0.003467 0.422915 0.414912 0 
2 0.87234 0.074817 0.346921 0.003467 0.422915 0.414912 0 
2 0.893617 0.074817 0.372954 0.003467 0.422915 0.414912 0 
2 0.914894 0.074817 0.38917 0.003467 0.422915 0.414912 0 
2 0.93617 0.077939 0.411336 0.003467 0.422915 0.414912 0 
2 0.957447 0.077939 0.416096 0.003467 0.422915 0.414912 0 
2 0.978723 0.077939 0.415501 0.003467 0.422915 0.414912 0 
2 1 0.077939 0.39765 0.003467 0.422915 0.414912 0 
