3 0 0.031134 0.444213 0.001797 0.364837 0.765789 0 
3 0.021277 0.029152 0.420113 0.000976 0.339202 0.765789 0 
3 0.042553 0.032214 0.399732 0.001832 0.402123 0.762719 0 
3 0.06383 0.027351 0.36388 0.001111 0.381409 0.702193 0 
3 0.085106 0.027411 0.315531 0.000837 0.336095 0.658333 0 
3 0.106383 0.01327 0.280125 0.000839 0.29622 0.701316 0 
3 0.12766 0.012369 0.24695 0.000787 0.257121 0.597368 0 
3 0.148936 0.001831 0.216305 0.000118 0.221647 0.638158 0 
3 0.170213 0 0.20723 0 0.188762 0.700439 0 
3 0.191489 0 0.211395 0 0.187468 0.716667 0 
3 0.212766 0.004744 0.245314 0.000314 0.194977 0.711404 0 
3 0.234043 0.029302 0.299613 0.001059 0.228897 0.765789 0 
3 0.255319 0.094302 0.419667 0.001003 0.306318 0.589474 1 
3 0.276596 0.033055 0.551473 0.0022 0.406525 0.561404 0 
3 0.297872 0.044464 0.587176 0.002908 0.461678 0.498246 0 
3 0.319149 0.120752 0.674055 0.008014 0.547126 0.460526 1 
3 0.340426 0.099496 0.700982 0.007054 0.599948 0.365789 1 
3 0.361702 0.062838 0.687891 0.004466 0.605386 0.335526 1 
3 0.382979 0.071664 0.712883 0.005085 0.627395 0.294737 1 
3 0.404255 0.075808 0.709015 0.005278 0.615743 0.341228 1 
3 0.425532 0.061277 0.677328 0.004256 0.600466 0.329825 1 
3 0.446809 0.065089 0.639988 0.004551 0.595028 0.322807 1 
3 0.468085 0.069173 0.611425 0.00485 0.58985 0.325 1 
3 0.489362 0.069653 0.596697 0.004879 0.586225 0.321491 1 
3 0.510638 0.057404 0.579738 0.004026 0.575091 0.269737 1 
3 0.531915 0.048547 0.560845 0.0036 0.569912 0.246053 0 
3 0.553191 0.062538 0.557126 0.004612 0.597877 0.212281 1 
3 0.574468 0.060616 0.538381 0.004256 0.593734 0.220614 1 
3 0.595745 0.054972 0.526629 0.004238 0.588037 0.234649 1 
3 0.617021 0.044043 0.511901 0.003081 0.576126 0.249123 0 
3 0.638298 0.043743 0.501934 0.003056 0.56551 0.26886 0 
3 0.659574 0.053831 0.522612 0.003766 0.558001 0.257018 1 
3 0.680851 0.061126 0.554894 0.004304 0.562921 0.266667 1 
3 0.702128 0.067431 0.622434 0.004805 0.594252 0.255702 1 
3 0.723404 0.102498 0.733561 0.007156 0.669083 0.284211 1 
3 0.744681 0.177015 0.812853 0.012139 0.733299 0.337281 1 
3 0.765957 0.156809 0.810473 0.010727 0.708182 0.360965 1 
3 0.787234 0.114297 0.789943 0.007889 0.656655 0.368421 1 
3 0.808511 0.071424 0.757661 0.004981 0.608752 0.339474 1 
3 0.829787 0.093191 0.728801 0.006502 0.578716 0.38114 1 
3 0.851064 0.067101 0.706932 0.004682 0.54376 0.429386 1 
3 0.87234 0.077579 0.68075 0.005368 0.513982 0.41886 1 
3 0.893617 0.070734 0.627938 0.004879 0.476178 0.437719 1 
3 0.914894 0.043113 0.570217 0.002958 0.443294 0.522368 0 
3 0.93617 0.043023 0.600417 0.002898 0.41999 0.578509 0 
3 0.957447 0.042722 0.586135 0.002842 0.401346 0.60307 0 
3 0.978723 0.042662 0.570068 0.002817 0.48783 0.475439 0 
3 1 0.041972 0.554746 0.002752 0.479026 0.566228 0 
