4 0 0.029482 0.3554 0.000831 0.333247 0.681579 1 
4 0.021277 0.02621 0.29515 0.000837 0.312015 0.727632 0 
4 0.042553 0.024919 0.244421 0.00097 0.363542 0.727632 0 
4 0.06383 0.024739 0.207528 0.000841 0.348783 0.710088 0 
4 0.085106 0.021466 0.172568 0.000908 0.300363 0.753947 0 
4 0.106383 0.019575 0.154418 0.000837 0.270326 0.806579 0 
4 0.12766 0.019845 0.153228 0.000831 0.246763 0.815351 0 
4 0.148936 0.021016 0.155906 0.000833 0.246763 0.815351 0 
4 0.170213 0.023238 0.185808 0.000841 0.261523 0.839474 0 
4 0.191489 0.028312 0.223594 0.000839 0.282237 0.839474 1 
4 0.212766 0.031614 0.306456 0.001408 0.340497 0.855263 1 
4 0.234043 0.033656 0.391996 0.00211 0.422061 0.767544 1 
4 0.255319 0.031734 0.409253 0.002044 0.5145 0.617544 1 
4 0.276596 0.031014 0.459982 0.002029 0.57768 0.550439 1 
4 0.297872 0.028762 0.473222 0.001865 0.542206 0.589035 1 
4 0.319149 0.028432 0.480661 0.001853 0.541429 0.582018 1 
4 0.340426 0.029933 0.547605 0.001936 0.555671 0.57807 1 
4 0.361702 0.030503 0.561738 0.001961 0.571983 0.547368 1 
4 0.382979 0.030323 0.564118 0.001942 0.58726 0.591667 1 
4 0.404255 0.030713 0.560101 0.001984 0.612636 0.587719 1 
4 0.425532 0.030743 0.562779 0.001973 0.635422 0.527193 1 
4 0.446809 0.030954 0.57349 0.001994 0.657172 0.525439 1 
4 0.468085 0.030653 0.57111 0.001973 0.67711 0.500877 1 
4 0.489362 0.031404 0.581375 0.002042 0.695753 0.505702 1 
4 0.510638 0.033295 0.596995 0.002181 0.721647 0.495614 1 
4 0.531915 0.033926 0.602499 0.002231 0.747799 0.435526 1 
4 0.553191 0.034826 0.60607 0.002308 0.768255 0.400877 1 
4 0.574468 0.034947 0.600268 0.002322 0.779648 0.382456 1 
4 0.595745 0.038129 0.608301 0.002538 0.791041 0.367105 1 
4 0.617021 0.037048 0.619607 0.00248 0.802693 0.337281 1 
4 0.638298 0.044584 0.632104 0.00301 0.823925 0.289474 1 
4 0.659574 0.038039 0.637459 0.002578 0.841015 0.301316 1 
4 0.680851 0.037769 0.613657 0.002557 0.847488 0.263596 1 
4 0.702128 0.034947 0.589705 0.002351 0.828586 0.341667 1 
4 0.723404 0.033836 0.550878 0.002248 0.778871 0.42193 1 
4 0.744681 0.030623 0.521125 0.002005 0.725272 0.414474 1 
4 0.765957 0.029903 0.498661 0.00193 0.677628 0.445175 0 
4 0.787234 0.030323 0.514579 0.001944 0.653288 0.470175 1 
4 0.808511 0.030623 0.518893 0.001973 0.668566 0.453509 1 
4 0.829787 0.029482 0.487652 0.001897 0.647851 0.476754 0 
4 0.851064 0.028642 0.443172 0.001847 0.596064 0.604825 0 
4 0.87234 0.027381 0.404939 0.001747 0.547126 0.654825 0 
4 0.893617 0.028432 0.42294 0.001813 0.486794 0.694737 0 
4 0.914894 0.028432 0.418328 0.001273 0.434749 0.725439 0 
4 0.93617 0.028492 0.441238 0.000868 0.393578 0.725439 0 
4 0.957447 0.029452 0.432758 0.001217 0.365614 0.747368 0 
4 0.978723 0.032154 0.421452 0.001994 0.430606 0.725439 1 
4 1 0.032034 0.393038 0.001973 0.417659 0.727632 1 
