4 0 0.125706 0.495091 0.003467 0.422915 0.414912 1 
4 0.021277 0.125706 0.476793 0.003467 0.422915 0.414912 1 
4 0.042553 0.106761 0.448676 0.003467 0.422915 0.414912 0 
4 0.06383 0.098775 0.386195 0.003467 0.422915 0.414912 0 
4 0.085106 0.081122 0.328771 0.003467 0.422915 0.414912 0 
4 0.106383 0.081122 0.282952 0.003467 0.422915 0.414912 0 
4 0.12766 0.081122 0.23371 0.003467 0.422915 0.414912 0 
4 0.148936 0.081122 0.195775 0.003467 0.422915 0.414912 0 
4 0.170213 0.044043 0.175989 0.003467 0.422915 0.414912 0 
4 0.191489 0.044043 0.178816 0.003467 0.422915 0.414912 0 
4 0.212766 0.044104 0.207081 0.003467 0.422915 0.414912 0 
4 0.234043 0.081122 0.256471 0.003467 0.422915 0.414912 0 
4 0.255319 0.119611 0.365665 0.003467 0.422915 0.414912 1 
4 0.276596 0.124204 0.475454 0.003467 0.422915 0.414912 1 
4 0.297872 0.044224 0.502678 0.003467 0.422915 0.414912 0 
4 0.319149 0.124204 0.567837 0.003467 0.422915 0.414912 1 
4 0.340426 0.124204 0.58078 0.003467 0.422915 0.414912 1 
4 0.361702 0.124204 0.564118 0.003467 0.422915 0.414912 1 
4 0.382979 0.124204 0.582267 0.003467 0.422915 0.414912 1 
4 0.404255 0.095773 0.586879 0.003467 0.422915 0.414912 0 
4 0.425532 0.095773 0.564713 0.003467 0.422915 0.414912 0 
4 0.446809 0.095773 0.531836 0.003467 0.422915 0.414912 0 
4 0.468085 0.095773 0.511604 0.003467 0.422915 0.414912 0 
4 0.489362 0.044224 0.500893 0.003467 0.422915 0.414912 0 
4 0.510638 0.044134 0.48914 0.003467 0.422915 0.414912 0 
4 0.531915 0.044134 0.471883 0.003467 0.422915 0.414912 0 
4 0.553191 0.044134 0.465338 0.003467 0.422915 0.414912 0 
4 0.574468 0.044104 0.461916 0.003467 0.422915 0.414912 0 
4 0.595745 0.044104 0.455668 0.003467 0.422915 0.414912 0 
4 0.617021 0.044104 0.445552 0.003467 0.422915 0.414912 0 
4 0.638298 0.044104 0.439899 0.003467 0.422915 0.414912 0 
4 0.659574 0.044104 0.451949 0.003467 0.422915 0.414912 0 
4 0.680851 0.044134 0.465338 0.003467 0.422915 0.414912 0 
4 0.702128 0.044134 0.497917 0.003467 0.422915 0.414912 0 
4 0.723404 0.095773 0.587474 0.003467 0.422915 0.414912 1 
4 0.744681 0.124204 0.656501 0.003467 0.422915 0.414912 1 
4 0.765957 0.095773 0.653972 0.003467 0.422915 0.414912 1 
4 0.787234 0.044224 0.638352 0.003467 0.422915 0.414912 0 
4 0.808511 0.044134 0.600268 0.003467 0.422915 0.414912 0 
4 0.829787 0.044104 0.572895 0.003467 0.422915 0.414912 0 
4 0.851064 0.044134 0.55177 0.003467 0.422915 0.414912 0 
4 0.87234 0.044134 0.528563 0.003467 0.422915 0.414912 0 
4 0.893617 0.044104 0.478727 0.003467 0.422915 0.414912 0 
4 0.914894 0.044104 0.426659 0.003467 0.422915 0.414912 0 
4 0.93617 0.124204 0.472925 0.003467 0.422915 0.414912 1 
4 0.957447 0.044134 0.485421 0.003467 0.422915 0.414912 0 
4 0.978723 0.044134 0.497471 0.003467 0.422915 0.414912 0 
4 1 0.044134 0.492264 0.003467 0.422915 0.414912 0 
