5 0 0.072355 0.422345 0.004911 0.414293 0.464474 1 
5 0.021277 0.07938 0.364921 0.005376 0.392802 0.483772 1 
5 0.042553 0.073166 0.311812 0.004967 0.44407 0.426316 1 
5 0.06383 0.049598 0.259 0.003363 0.414034 0.486404 0 
5 0.085106 0.043593 0.214817 0.002929 0.360694 0.525 0 
5 0.106383 0.043173 0.187147 0.002879 0.319006 0.557018 0 
5 0.12766 0.042843 0.164386 0.002846 0.282237 0.587719 0 
5 0.148936 0.042903 0.170336 0.00284 0.269549 0.593421 0 
5 0.170213 0.043353 0.19994 0.002875 0.26696 0.628509 0 
5 0.191489 0.045875 0.243082 0.003043 0.294666 0.618421 0 
5 0.212766 0.072985 0.330408 0.004879 0.359917 0.596491 1 
5 0.234043 0.098925 0.423386 0.006626 0.443811 0.523246 1 
5 0.255319 0.081842 0.453288 0.005571 0.563439 0.391228 1 
5 0.276596 0.097574 0.506099 0.006641 0.641895 0.364035 1 
5 0.297872 0.047346 0.518596 0.003211 0.580787 0.394737 0 
5 0.319149 0.058635 0.516662 0.003959 0.560849 0.361842 0 
5 0.340426 0.0925 0.55906 0.005806 0.556189 0.397368 1 
5 0.361702 0.071184 0.570961 0.004796 0.54376 0.404386 1 
5 0.382979 0.061607 0.55787 0.004159 0.541429 0.367982 1 
5 0.404255 0.055182 0.532133 0.003739 0.539876 0.357018 0 
5 0.425532 0.064759 0.52886 0.004593 0.541947 0.368421 1 
5 0.446809 0.069353 0.525736 0.004684 0.54117 0.372807 1 
5 0.468085 0.060766 0.516662 0.004113 0.533143 0.357895 1 
5 0.489362 0.055302 0.510711 0.003741 0.528483 0.345614 0 
5 0.510638 0.055122 0.504165 0.003741 0.540653 0.317544 0 
5 0.531915 0.051849 0.484677 0.00354 0.539617 0.284649 0 
5 0.553191 0.053681 0.48795 0.003671 0.545313 0.308772 0 
5 0.574468 0.049057 0.480065 0.003357 0.542983 0.271491 0 
5 0.595745 0.047496 0.470693 0.003265 0.539358 0.244737 0 
5 0.617021 0.048427 0.476198 0.003332 0.534179 0.264035 0 
5 0.638298 0.048847 0.477983 0.003357 0.535992 0.270175 0 
5 0.659574 0.049448 0.482297 0.003403 0.538581 0.25614 0 
5 0.680851 0.046926 0.478132 0.00323 0.540135 0.251316 0 
5 0.702128 0.053501 0.488099 0.003675 0.532367 0.30307 0 
5 0.723404 0.044374 0.484826 0.003035 0.494562 0.29386 0 
5 0.744681 0.043443 0.481404 0.00295 0.450544 0.390789 0 
5 0.765957 0.042783 0.471586 0.002887 0.416624 0.403509 0 
5 0.787234 0.043953 0.48319 0.002933 0.405748 0.475439 0 
5 0.808511 0.044584 0.502529 0.002981 0.421284 0.419737 0 
5 0.829787 0.044224 0.494198 0.002981 0.451321 0.382456 0 
5 0.851064 0.042963 0.458197 0.002894 0.438115 0.395175 0 
5 0.87234 0.041882 0.420411 0.002806 0.405489 0.412281 0 
5 0.893617 0.046505 0.442279 0.003101 0.365096 0.527193 0 
5 0.914894 0.047196 0.446891 0.003139 0.32755 0.563158 0 
5 0.93617 0.063048 0.467272 0.004179 0.299845 0.626754 1 
5 0.957447 0.071094 0.480809 0.004688 0.292336 0.619737 1 
5 0.978723 0.087216 0.474115 0.005874 0.416882 0.489035 1 
5 1 0.071274 0.458346 0.004838 0.419472 0.494737 1 
