7 0 0.044554 0.524993 0.002995 0.435526 0.603509 1 
7 0.021277 0.043143 0.505356 0.002865 0.403936 0.629386 1 
7 0.042553 0.054161 0.471288 0.003627 0.464008 0.534211 1 
7 0.06383 0.041762 0.413419 0.00279 0.441999 0.551754 1 
7 0.085106 0.03966 0.343499 0.00263 0.412481 0.570175 1 
7 0.106383 0.035727 0.29277 0.002341 0.374417 0.641667 0 
7 0.12766 0.034856 0.241595 0.00227 0.344899 0.675439 0 
7 0.148936 0.028882 0.203808 0.001884 0.320559 0.692982 0 
7 0.170213 0.029152 0.186998 0.001886 0.307354 0.717105 0 
7 0.191489 0.028942 0.177031 0.001863 0.283273 0.762719 0 
7 0.212766 0.028942 0.181345 0.001861 0.27421 0.772807 0 
7 0.234043 0.028942 0.189081 0.001855 0.269549 0.793421 0 
7 0.255319 0.029542 0.22895 0.001886 0.290264 0.774123 0 
7 0.276596 0.029212 0.268819 0.001874 0.301916 0.729386 0 
7 0.297872 0.036898 0.322077 0.001863 0.299068 0.725439 1 
7 0.319149 0.098175 0.41922 0.004836 0.312273 0.628509 1 
7 0.340426 0.084454 0.490925 0.004123 0.365096 0.650439 1 
7 0.361702 0.085685 0.539274 0.00457 0.406266 0.639035 1 
7 0.382979 0.098655 0.572002 0.006315 0.432936 0.650877 1 
7 0.404255 0.07839 0.569176 0.004981 0.437079 0.664035 1 
7 0.425532 0.072655 0.548497 0.003779 0.432677 0.62193 1 
7 0.446809 0.058454 0.521571 0.003461 0.419731 0.664035 1 
7 0.468085 0.076768 0.49524 0.004265 0.406007 0.672807 1 
7 0.489362 0.101357 0.47471 0.00625 0.393578 0.637281 1 
7 0.510638 0.095833 0.452693 0.00413 0.376748 0.633333 1 
7 0.531915 0.091299 0.435436 0.003704 0.375453 0.659649 1 
7 0.553191 0.082923 0.416096 0.003687 0.389177 0.651754 1 
7 0.574468 0.085535 0.401815 0.002289 0.378301 0.659649 1 
7 0.595745 0.09247 0.389319 0.002715 0.364837 0.664035 1 
7 0.617021 0.093911 0.384856 0.00413 0.343863 0.659649 1 
7 0.638298 0.068152 0.384856 0.002009 0.339461 0.664035 1 
7 0.659574 0.041341 0.395864 0.002009 0.352667 0.659649 0 
7 0.680851 0.064849 0.432758 0.002009 0.345158 0.655263 1 
7 0.702128 0.064249 0.514877 0.003157 0.392284 0.685088 1 
7 0.723404 0.107332 0.601755 0.00715 0.477214 0.593421 1 
7 0.744681 0.287589 0.66141 0.019364 0.548421 0.53114 1 
7 0.765957 0.26357 0.652931 0.017869 0.550492 0.567544 1 
7 0.787234 0.153597 0.618268 0.009819 0.518125 0.579825 1 
7 0.808511 0.086706 0.572002 0.005771 0.486794 0.621053 1 
7 0.829787 0.055482 0.53734 0.003598 0.44899 0.625439 0 
7 0.851064 0.042783 0.511306 0.002838 0.433713 0.627632 0 
7 0.87234 0.034196 0.491818 0.002258 0.412481 0.620175 0 
7 0.893617 0.10484 0.470247 0.006753 0.382185 0.635965 1 
7 0.914894 0.047136 0.434692 0.002925 0.36173 0.65614 0 
7 0.93617 0.071364 0.454924 0.003382 0.357846 0.681579 1 
7 0.957447 0.040861 0.457007 0.002252 0.352926 0.661404 0 
7 0.978723 0.056323 0.457899 0.003718 0.420508 0.592982 0 
7 1 0.034586 0.430378 0.002287 0.408597 0.594737 0 
