4 0 0.041792 0.566349 0.002682 0.489902 0.709649 0 
4 0.021277 0.043023 0.544332 0.002798 0.452356 0.69386 0 
4 0.042553 0.054521 0.516215 0.003619 0.505955 0.55 1 
4 0.06383 0.036868 0.465189 0.002445 0.477214 0.666667 0 
4 0.085106 0.030593 0.405534 0.001982 0.437079 0.75 0 
4 0.106383 0.022667 0.360309 0.001286 0.386069 0.765789 0 
4 0.12766 0.023388 0.310771 0.001448 0.33739 0.729386 0 
4 0.148936 0.014561 0.270902 0.000931 0.292853 0.682456 0 
4 0.170213 0.01333 0.246355 0.000862 0.26696 0.605702 0 
4 0.191489 0.0133 0.246355 0.00086 0.257639 0.657895 0 
4 0.212766 0.015342 0.27596 0.000985 0.270067 0.72807 0 
4 0.234043 0.020716 0.328622 0.000976 0.301657 0.765789 0 
4 0.255319 0.035607 0.44094 0.002212 0.386846 0.748684 0 
4 0.276596 0.042122 0.569027 0.002713 0.483687 0.642105 0 
4 0.297872 0.042602 0.619458 0.002806 0.535474 0.527193 0 
4 0.319149 0.044854 0.705742 0.003054 0.613154 0.370614 0 
4 0.340426 0.055362 0.723743 0.003866 0.655878 0.297807 1 
4 0.361702 0.057764 0.708271 0.004302 0.658467 0.276754 1 
4 0.382979 0.069143 0.735198 0.004936 0.662092 0.285088 1 
4 0.404255 0.062177 0.731181 0.004431 0.651476 0.297368 1 
4 0.425532 0.043383 0.70485 0.003085 0.630502 0.314035 0 
4 0.446809 0.043413 0.673312 0.003072 0.619109 0.324561 0 
4 0.468085 0.044674 0.655757 0.003143 0.598136 0.359211 0 
4 0.489362 0.045515 0.640434 0.003197 0.597359 0.360526 0 
4 0.510638 0.044254 0.625112 0.003101 0.57535 0.393421 0 
4 0.531915 0.046115 0.613062 0.003216 0.568358 0.409649 0 
4 0.553191 0.053411 0.608599 0.003725 0.587519 0.433772 1 
4 0.574468 0.046655 0.604582 0.003249 0.585966 0.412281 0 
4 0.595745 0.046836 0.596995 0.003251 0.579234 0.454825 0 
4 0.617021 0.046385 0.591491 0.003218 0.571207 0.432456 0 
4 0.638298 0.045064 0.588962 0.003081 0.556965 0.480263 0 
4 0.659574 0.045184 0.618417 0.003135 0.547126 0.514912 0 
4 0.680851 0.043143 0.662303 0.00301 0.545054 0.432018 0 
4 0.702128 0.047286 0.73014 0.003344 0.567064 0.455263 1 
4 0.723404 0.059685 0.821184 0.004215 0.639306 0.392544 1 
4 0.744681 0.087847 0.881137 0.00614 0.716468 0.340351 1 
4 0.765957 0.081872 0.877269 0.005752 0.695753 0.396491 1 
4 0.787234 0.076858 0.848259 0.005436 0.654324 0.377632 1 
4 0.808511 0.060976 0.80958 0.004346 0.611082 0.380263 1 
4 0.829787 0.069143 0.775811 0.004906 0.578198 0.436404 1 
4 0.851064 0.073346 0.742339 0.005133 0.548162 0.519298 1 
4 0.87234 0.049237 0.716156 0.003394 0.523822 0.507456 1 
4 0.893617 0.03999 0.662154 0.002707 0.486277 0.612281 0 
4 0.914894 0.042152 0.599821 0.002798 0.467374 0.640789 0 
4 0.93617 0.043323 0.63493 0.002846 0.447437 0.672807 0 
4 0.957447 0.042452 0.624517 0.002808 0.429829 0.679825 0 
4 0.978723 0.048817 0.609194 0.003236 0.511134 0.499561 1 
4 1 0.042452 0.590598 0.002846 0.49508 0.54386 0 
