7 0 0.035397 0.592681 0.002374 0.490937 0.615351 0 
7 0.021277 0.041912 0.580928 0.002811 0.459865 0.638158 0 
7 0.042553 0.057464 0.540167 0.003882 0.505438 0.562719 1 
7 0.06383 0.045124 0.487206 0.003066 0.476178 0.587719 1 
7 0.085106 0.040891 0.422196 0.002773 0.427758 0.608772 0 
7 0.106383 0.040891 0.368343 0.002754 0.378301 0.662719 0 
7 0.12766 0.040861 0.314936 0.002655 0.329881 0.65 0 
7 0.148936 0.037168 0.276703 0.002509 0.297514 0.646053 0 
7 0.170213 0.033626 0.24457 0.002262 0.26463 0.69693 0 
7 0.191489 0.033566 0.231479 0.002252 0.249871 0.709649 0 
7 0.212766 0.033325 0.233264 0.002229 0.236406 0.727632 0 
7 0.234043 0.033626 0.24814 0.002036 0.236147 0.706579 0 
7 0.255319 0.033626 0.291134 0.002189 0.249871 0.702193 0 
7 0.276596 0.033626 0.333383 0.001975 0.265148 0.662719 0 
7 0.297872 0.033566 0.387682 0.001142 0.251424 0.657018 0 
7 0.319149 0.034466 0.50119 0.002273 0.294666 0.653509 0 
7 0.340426 0.036568 0.585986 0.002412 0.342828 0.630263 0 
7 0.361702 0.040921 0.644451 0.002694 0.393061 0.575 1 
7 0.382979 0.038459 0.682832 0.002528 0.435267 0.560965 0 
7 0.404255 0.041732 0.682237 0.002773 0.433713 0.533333 1 
7 0.425532 0.042572 0.650253 0.002865 0.442258 0.490351 1 
7 0.446809 0.051249 0.609938 0.003471 0.428534 0.486404 1 
7 0.468085 0.033626 0.563076 0.002281 0.41507 0.505702 0 
7 0.489362 0.033626 0.522761 0.002273 0.407043 0.508333 0 
7 0.510638 0.033626 0.489884 0.002262 0.382962 0.563596 0 
7 0.531915 0.033626 0.461767 0.00225 0.373123 0.580263 0 
7 0.553191 0.033626 0.432014 0.00225 0.380891 0.567105 0 
7 0.574468 0.033626 0.411336 0.002246 0.379855 0.574561 0 
7 0.595745 0.033175 0.389914 0.002216 0.370792 0.592105 0 
7 0.617021 0.033265 0.375632 0.002214 0.358364 0.604825 0 
7 0.638298 0.033295 0.372806 0.002214 0.345417 0.614912 0 
7 0.659574 0.033535 0.384409 0.002227 0.348006 0.60614 0 
7 0.680851 0.033626 0.423832 0.002233 0.347229 0.610965 0 
7 0.702128 0.034556 0.494198 0.002306 0.38115 0.543421 0 
7 0.723404 0.03954 0.595656 0.002613 0.44666 0.521491 1 
7 0.744681 0.041762 0.723297 0.002744 0.511652 0.467982 1 
7 0.765957 0.040771 0.754389 0.002696 0.527188 0.483772 1 
7 0.787234 0.087937 0.743082 0.00585 0.491973 0.476754 1 
7 0.808511 0.095112 0.707528 0.006541 0.455463 0.461842 1 
7 0.829787 0.059175 0.674204 0.004111 0.417141 0.510526 1 
7 0.851064 0.044043 0.651741 0.003031 0.403677 0.525439 1 
7 0.87234 0.095022 0.624517 0.00641 0.387105 0.650877 1 
7 0.893617 0.123454 0.59402 0.00827 0.360953 0.720614 1 
7 0.914894 0.101747 0.551919 0.006788 0.349301 0.686842 1 
7 0.93617 0.07902 0.56025 0.005276 0.348783 0.697368 1 
7 0.957447 0.072445 0.54701 0.004846 0.351631 0.600439 1 
7 0.978723 0.112856 0.538976 0.007588 0.426722 0.554386 1 
7 1 0.081782 0.507289 0.005501 0.425427 0.50307 1 
