6 0 0.124204 0.475454 0.003467 0.422915 0.414912 1 
6 0.021277 0.124204 0.453436 0.003467 0.422915 0.414912 1 
6 0.042553 0.107962 0.424576 0.003467 0.422915 0.414912 1 
6 0.06383 0.10535 0.361648 0.003467 0.422915 0.414912 1 
6 0.085106 0.090249 0.299018 0.003467 0.422915 0.414912 1 
6 0.106383 0.081122 0.248289 0.003467 0.422915 0.414912 0 
6 0.12766 0.074877 0.203957 0.003467 0.422915 0.414912 0 
6 0.148936 0.074877 0.164683 0.003467 0.422915 0.414912 0 
6 0.170213 0.081122 0.140434 0.003467 0.422915 0.414912 0 
6 0.191489 0.081122 0.128979 0.003467 0.422915 0.414912 0 
6 0.212766 0.076018 0.135079 0.003467 0.422915 0.414912 0 
6 0.234043 0.081122 0.150104 0.003467 0.422915 0.414912 0 
6 0.255319 0.081122 0.193246 0.003467 0.422915 0.414912 0 
6 0.276596 0.090429 0.230735 0.003467 0.422915 0.414912 1 
6 0.297872 0.090939 0.281464 0.003467 0.422915 0.414912 1 
6 0.319149 0.122703 0.366706 0.003467 0.422915 0.414912 1 
6 0.340426 0.137174 0.436328 0.003467 0.422915 0.414912 1 
6 0.361702 0.137174 0.47352 0.003467 0.422915 0.414912 1 
6 0.382979 0.156989 0.505207 0.003467 0.422915 0.414912 1 
6 0.404255 0.156989 0.499107 0.003467 0.422915 0.414912 1 
6 0.425532 0.156989 0.466528 0.003467 0.422915 0.414912 1 
6 0.446809 0.137174 0.439304 0.003467 0.422915 0.414912 1 
6 0.468085 0.137174 0.411336 0.003467 0.422915 0.414912 1 
6 0.489362 0.122703 0.387385 0.003467 0.422915 0.414912 1 
6 0.510638 0.122703 0.365367 0.003467 0.422915 0.414912 1 
6 0.531915 0.122703 0.350342 0.003467 0.422915 0.414912 1 
6 0.553191 0.090939 0.335168 0.003467 0.422915 0.414912 0 
6 0.574468 0.090939 0.308242 0.003467 0.422915 0.414912 0 
6 0.595745 0.090939 0.30125 0.003467 0.422915 0.414912 0 
6 0.617021 0.102978 0.297382 0.003467 0.422915 0.414912 1 
6 0.638298 0.099526 0.300357 0.003467 0.422915 0.414912 0 
6 0.659574 0.100997 0.311961 0.003467 0.422915 0.414912 0 
6 0.680851 0.122703 0.332639 0.003467 0.422915 0.414912 1 
6 0.702128 0.145851 0.390509 0.003467 0.422915 0.414912 1 
6 0.723404 0.209109 0.47114 0.003467 0.422915 0.414912 1 
6 0.744681 0.209109 0.55787 0.003467 0.422915 0.414912 1 
6 0.765957 0.15759 0.559655 0.003467 0.422915 0.414912 1 
6 0.787234 0.122703 0.533472 0.003467 0.422915 0.414912 1 
6 0.808511 0.137174 0.494644 0.003467 0.422915 0.414912 1 
6 0.829787 0.122703 0.458346 0.003467 0.422915 0.414912 1 
6 0.851064 0.090939 0.429634 0.003467 0.422915 0.414912 0 
6 0.87234 0.090068 0.405088 0.003467 0.422915 0.414912 0 
6 0.893617 0.090939 0.373847 0.003467 0.422915 0.414912 0 
6 0.914894 0.102978 0.339036 0.003467 0.422915 0.414912 0 
6 0.93617 0.102978 0.36983 0.003467 0.422915 0.414912 0 
6 0.957447 0.102978 0.375632 0.003467 0.422915 0.414912 0 
6 0.978723 0.122703 0.392443 0.003467 0.422915 0.414912 1 
6 1 0.102978 0.371169 0.003467 0.422915 0.414912 0 
