3 0 0.087637 0.373847 0.003467 0.422915 0.414912 0 
3 0.021277 0.076378 0.313151 0.003467 0.422915 0.414912 0 
3 0.042553 0.06527 0.250074 0.003467 0.422915 0.414912 0 
3 0.06383 0.060586 0.207379 0.003467 0.422915 0.414912 0 
3 0.085106 0.064009 0.176584 0.003467 0.422915 0.414912 0 
3 0.106383 0.060586 0.147575 0.003467 0.422915 0.414912 0 
3 0.12766 0.040801 0.13731 0.003467 0.422915 0.414912 0 
3 0.148936 0.069833 0.132699 0.003467 0.422915 0.414912 0 
3 0.170213 0.067761 0.153377 0.003467 0.422915 0.414912 0 
3 0.191489 0.070644 0.187891 0.003467 0.422915 0.414912 0 
3 0.212766 0.078059 0.264058 0.003467 0.422915 0.414912 0 
3 0.234043 0.107572 0.358078 0.003467 0.422915 0.414912 1 
3 0.255319 0.119491 0.355698 0.003467 0.422915 0.414912 1 
3 0.276596 0.107752 0.413716 0.003467 0.422915 0.414912 1 
3 0.297872 0.089468 0.440196 0.003467 0.422915 0.414912 0 
3 0.319149 0.089468 0.447783 0.003467 0.422915 0.414912 0 
3 0.340426 0.089468 0.497173 0.003467 0.422915 0.414912 0 
3 0.361702 0.10502 0.519191 0.003467 0.422915 0.414912 1 
3 0.382979 0.119491 0.50967 0.003467 0.422915 0.414912 1 
3 0.404255 0.119491 0.497322 0.003467 0.422915 0.414912 1 
3 0.425532 0.113246 0.491372 0.003467 0.422915 0.414912 1 
3 0.446809 0.110034 0.488991 0.003467 0.422915 0.414912 1 
3 0.468085 0.108052 0.485272 0.003467 0.422915 0.414912 1 
3 0.489362 0.101747 0.477388 0.003467 0.422915 0.414912 1 
3 0.510638 0.090969 0.478578 0.003467 0.422915 0.414912 0 
3 0.531915 0.101747 0.477536 0.003467 0.422915 0.414912 1 
3 0.553191 0.107662 0.469057 0.003467 0.422915 0.414912 1 
3 0.574468 0.090969 0.456709 0.003467 0.422915 0.414912 0 
3 0.595745 0.089468 0.453436 0.003467 0.422915 0.414912 0 
3 0.617021 0.089468 0.449569 0.003467 0.422915 0.414912 0 
3 0.638298 0.089468 0.44213 0.003467 0.422915 0.414912 0 
3 0.659574 0.078059 0.438114 0.003467 0.422915 0.414912 0 
3 0.680851 0.089468 0.441238 0.003467 0.422915 0.414912 0 
3 0.702128 0.079621 0.442577 0.003467 0.422915 0.414912 0 
3 0.723404 0.078059 0.424427 0.003467 0.422915 0.414912 0 
3 0.744681 0.049117 0.423386 0.003467 0.422915 0.414912 0 
3 0.765957 0.078059 0.420411 0.003467 0.422915 0.414912 0 
3 0.787234 0.055632 0.427254 0.003467 0.422915 0.414912 0 
3 0.808511 0.055632 0.425617 0.003467 0.422915 0.414912 0 
3 0.829787 0.047076 0.401517 0.003467 0.422915 0.414912 0 
3 0.851064 0.079621 0.375483 0.003467 0.422915 0.414912 0 
3 0.87234 0.071364 0.343201 0.003467 0.422915 0.414912 0 
3 0.893617 0.049117 0.36864 0.003467 0.422915 0.414912 0 
3 0.914894 0.074847 0.385153 0.003467 0.422915 0.414912 0 
3 0.93617 0.107752 0.406278 0.003467 0.422915 0.414912 1 
3 0.957447 0.085385 0.414609 0.003467 0.422915 0.414912 1 
3 0.978723 0.089468 0.40598 0.003467 0.422915 0.414912 1 
3 1 0.078059 0.393484 0.003467 0.422915 0.414912 0 
