6 0 0.319022 0.510562 0.014586 0.465821 0.737281 1 
6 0.021277 0.129218 0.491818 0.00711 0.434749 0.759211 1 
6 0.042553 0.202144 0.453288 0.013188 0.494821 0.675439 1 
6 0.06383 0.159932 0.403749 0.010434 0.474366 0.659649 1 
6 0.085106 0.163204 0.343201 0.01059 0.435008 0.700877 1 
6 0.106383 0.132581 0.296043 0.008575 0.397204 0.743421 1 
6 0.12766 0.045935 0.25186 0.00297 0.369239 0.658772 0 
6 0.148936 0.059956 0.2169 0.003916 0.350854 0.624123 0 
6 0.170213 0.051909 0.206337 0.00339 0.33972 0.647368 0 
6 0.191489 0.049207 0.207379 0.003195 0.328068 0.676316 0 
6 0.212766 0.05239 0.231181 0.003357 0.34231 0.649561 0 
6 0.234043 0.081272 0.285332 0.005309 0.358881 0.639912 1 
6 0.255319 0.182058 0.393038 0.012079 0.430088 0.562719 1 
6 0.276596 0.167978 0.490033 0.011298 0.504661 0.478947 1 
6 0.297872 0.047916 0.53258 0.003309 0.55334 0.330263 0 
6 0.319149 0.129939 0.604136 0.009076 0.627913 0.329825 1 
6 0.340426 0.129909 0.623773 0.009086 0.656655 0.298684 1 
6 0.361702 0.132851 0.605177 0.009304 0.66753 0.259649 1 
6 0.382979 0.085925 0.602648 0.006045 0.673226 0.189912 1 
6 0.404255 0.042662 0.592532 0.002997 0.66028 0.196053 0 
6 0.425532 0.040261 0.585838 0.002825 0.64552 0.213596 0 
6 0.446809 0.040261 0.564862 0.00284 0.633868 0.207018 0 
6 0.468085 0.040261 0.551473 0.002848 0.62377 0.196491 0 
6 0.489362 0.040261 0.542101 0.002854 0.615225 0.191667 0 
6 0.510638 0.035517 0.52648 0.002522 0.603573 0.202193 0 
6 0.531915 0.031044 0.513984 0.002206 0.609529 0.161842 0 
6 0.553191 0.036628 0.501636 0.002624 0.627395 0.136842 0 
6 0.574468 0.035217 0.491669 0.002526 0.637235 0.092544 0 
6 0.595745 0.034376 0.482892 0.002472 0.63102 0.100877 0 
6 0.617021 0.029152 0.468611 0.002096 0.631279 0.099561 0 
6 0.638298 0.029302 0.460131 0.002106 0.627654 0.121491 0 
6 0.659574 0.031644 0.465933 0.002273 0.636458 0.094298 0 
6 0.680851 0.032455 0.480065 0.002337 0.643449 0.130702 0 
6 0.702128 0.036238 0.52529 0.002601 0.665717 0.087281 0 
6 0.723404 0.055842 0.606367 0.004005 0.710254 0.139474 0 
6 0.744681 0.048097 0.669592 0.00343 0.73796 0.125877 0 
6 0.765957 0.03972 0.662749 0.002796 0.717763 0.17807 0 
6 0.787234 0.040261 0.636418 0.002808 0.674262 0.257456 0 
6 0.808511 0.03939 0.603838 0.002746 0.625583 0.297807 0 
6 0.829787 0.037468 0.578251 0.002615 0.596582 0.333772 0 
6 0.851064 0.038279 0.561738 0.002671 0.561885 0.341667 0 
6 0.87234 0.036117 0.53496 0.002516 0.538581 0.347368 0 
6 0.893617 0.030984 0.506992 0.002144 0.491455 0.410526 0 
6 0.914894 0.028762 0.465933 0.001978 0.459865 0.444737 0 
6 0.93617 0.097094 0.512199 0.006566 0.426981 0.641667 1 
6 0.957447 0.05287 0.517257 0.003533 0.4174 0.563158 0 
6 0.978723 0.129819 0.522612 0.008729 0.492491 0.619298 1 
6 1 0.13105 0.511604 0.008664 0.467892 0.702193 1 
