3 0 0.028492 0.337697 0.001903 0.291559 0.757018 0 
3 0.021277 0.02618 0.280125 0.001737 0.263853 0.760088 0 
3 0.042553 0.027231 0.228652 0.001816 0.314604 0.697368 0 
3 0.06383 0.02615 0.193097 0.001737 0.291818 0.737719 0 
3 0.085106 0.025009 0.164237 0.001653 0.245987 0.807456 0 
3 0.106383 0.024889 0.15055 0.001635 0.208959 0.835965 0 
3 0.12766 0.024859 0.14698 0.001635 0.184102 0.824561 0 
3 0.148936 0.024829 0.150253 0.001629 0.178146 0.852193 0 
3 0.170213 0.024919 0.172121 0.001635 0.182807 0.822368 0 
3 0.191489 0.02651 0.19756 0.001745 0.196271 0.809211 0 
3 0.212766 0.028071 0.259595 0.00161 0.234593 0.815789 0 
3 0.234043 0.028101 0.327432 0.001863 0.285085 0.759649 0 
3 0.255319 0.028552 0.35064 0.001919 0.35189 0.580702 0 
3 0.276596 0.028011 0.404493 0.001886 0.401088 0.594737 0 
3 0.297872 0.028041 0.435882 0.001886 0.380891 0.658772 0 
3 0.319149 0.028071 0.46742 0.001882 0.389436 0.649123 0 
3 0.340426 0.028792 0.506248 0.001938 0.406007 0.628947 0 
3 0.361702 0.049928 0.534662 0.003373 0.411704 0.574123 1 
3 0.382979 0.029633 0.537935 0.002032 0.412481 0.57807 0 
3 0.404255 0.029482 0.529604 0.002027 0.412222 0.575877 0 
3 0.425532 0.029422 0.5241 0.002019 0.407043 0.610088 0 
3 0.446809 0.029422 0.521125 0.001961 0.397721 0.640351 0 
3 0.468085 0.029422 0.52172 0.00162 0.383998 0.640351 0 
3 0.489362 0.029422 0.517852 0.001963 0.377266 0.639912 0 
3 0.510638 0.029362 0.519191 0.001899 0.375453 0.640351 0 
3 0.531915 0.029422 0.518596 0.001919 0.375971 0.643421 0 
3 0.553191 0.029422 0.519339 0.002019 0.375712 0.586404 0 
3 0.574468 0.029422 0.512943 0.002021 0.375194 0.603947 0 
3 0.595745 0.029062 0.509967 0.001992 0.371828 0.609211 0 
3 0.617021 0.029152 0.511306 0.002002 0.370792 0.588596 0 
3 0.638298 0.029332 0.511009 0.002013 0.374417 0.610526 0 
3 0.659574 0.028912 0.505951 0.001975 0.382444 0.626316 0 
3 0.680851 0.028251 0.488991 0.00193 0.383998 0.631579 0 
3 0.702128 0.028161 0.4759 0.001915 0.382962 0.661404 0 
3 0.723404 0.028071 0.446593 0.001894 0.354738 0.714474 0 
3 0.744681 0.027921 0.427551 0.001849 0.330399 0.777632 0 
3 0.765957 0.02693 0.406278 0.001653 0.303211 0.79386 0 
3 0.787234 0.027861 0.395418 0.001645 0.286639 0.79386 0 
3 0.808511 0.028041 0.405088 0.00171 0.283014 0.79386 0 
3 0.829787 0.028101 0.411782 0.001786 0.292336 0.792982 0 
3 0.851064 0.028041 0.394377 0.001822 0.293112 0.79386 0 
3 0.87234 0.028041 0.370574 0.001635 0.283532 0.79386 0 
3 0.893617 0.028402 0.403451 0.00128 0.253496 0.79386 0 
3 0.914894 0.028251 0.410741 0.001178 0.22579 0.79386 0 
3 0.93617 0.029242 0.428295 0.001718 0.22087 0.823246 1 
3 0.957447 0.028492 0.419964 0.001888 0.225013 0.855702 0 
3 0.978723 0.029242 0.402112 0.001905 0.309166 0.746053 1 
3 1 0.028762 0.364772 0.001915 0.304505 0.814474 1 
