7 0 0.048487 0.236686 0.003467 0.422915 0.414912 0 
7 0.021277 0.048487 0.187742 0.003467 0.422915 0.414912 0 
7 0.042553 0.048487 0.146683 0.003467 0.422915 0.414912 0 
7 0.06383 0.047526 0.116334 0.003467 0.422915 0.414912 0 
7 0.085106 0.047526 0.093276 0.003467 0.422915 0.414912 0 
7 0.106383 0.068512 0.075722 0.003467 0.422915 0.414912 0 
7 0.12766 0.047526 0.067093 0.003467 0.422915 0.414912 0 
7 0.148936 0.047526 0.063672 0.003467 0.422915 0.414912 0 
7 0.170213 0.068512 0.070961 0.003467 0.422915 0.414912 0 
7 0.191489 0.068512 0.074829 0.003467 0.422915 0.414912 0 
7 0.212766 0.068512 0.083309 0.003467 0.422915 0.414912 0 
7 0.234043 0.069683 0.10116 0.003467 0.422915 0.414912 1 
7 0.255319 0.071364 0.12645 0.003467 0.422915 0.414912 1 
7 0.276596 0.074817 0.169444 0.003467 0.422915 0.414912 1 
7 0.297872 0.076708 0.215412 0.003467 0.422915 0.414912 1 
7 0.319149 0.085505 0.264356 0.003467 0.422915 0.414912 1 
7 0.340426 0.093671 0.323713 0.003467 0.422915 0.414912 1 
7 0.361702 0.090128 0.342755 0.003467 0.422915 0.414912 1 
7 0.382979 0.090128 0.357929 0.003467 0.422915 0.414912 1 
7 0.404255 0.095052 0.346325 0.003467 0.422915 0.414912 1 
7 0.425532 0.093671 0.35421 0.003467 0.422915 0.414912 1 
7 0.446809 0.095052 0.357185 0.003467 0.422915 0.414912 1 
7 0.468085 0.095052 0.35421 0.003467 0.422915 0.414912 1 
7 0.489362 0.095052 0.348706 0.003467 0.422915 0.414912 1 
7 0.510638 0.091209 0.330408 0.003467 0.422915 0.414912 1 
7 0.531915 0.091209 0.312258 0.003467 0.422915 0.414912 1 
7 0.553191 0.090128 0.301696 0.003467 0.422915 0.414912 1 
7 0.574468 0.093671 0.296638 0.003467 0.422915 0.414912 1 
7 0.595745 0.090128 0.294853 0.003467 0.422915 0.414912 1 
7 0.617021 0.085505 0.298423 0.003467 0.422915 0.414912 1 
7 0.638298 0.090128 0.295894 0.003467 0.422915 0.414912 1 
7 0.659574 0.091209 0.312109 0.003467 0.422915 0.414912 1 
7 0.680851 0.095052 0.327432 0.003467 0.422915 0.414912 1 
7 0.702128 0.107872 0.341416 0.003467 0.422915 0.414912 1 
7 0.723404 0.100486 0.345135 0.003467 0.422915 0.414912 1 
7 0.744681 0.093671 0.339482 0.003467 0.422915 0.414912 1 
7 0.765957 0.093671 0.33859 0.003467 0.422915 0.414912 1 
7 0.787234 0.095052 0.344838 0.003467 0.422915 0.414912 1 
7 0.808511 0.090128 0.340524 0.003467 0.422915 0.414912 1 
7 0.829787 0.076708 0.32535 0.003467 0.422915 0.414912 0 
7 0.851064 0.075958 0.280274 0.003467 0.422915 0.414912 0 
7 0.87234 0.048487 0.251413 0.003467 0.422915 0.414912 0 
7 0.893617 0.074817 0.275662 0.003467 0.422915 0.414912 0 
7 0.914894 0.076708 0.278935 0.003467 0.422915 0.414912 0 
7 0.93617 0.076708 0.293365 0.003467 0.422915 0.414912 0 
7 0.957447 0.074817 0.280274 0.003467 0.422915 0.414912 0 
7 0.978723 0.059265 0.266141 0.003467 0.422915 0.414912 0 
7 1 0.059265 0.233115 0.003467 0.422915 0.414912 0 
