6 0 0.089258 0.505653 0.003467 0.422915 0.414912 1 
6 0.021277 0.093821 0.481851 0.003467 0.422915 0.414912 1 
6 0.042553 0.089258 0.449122 0.003467 0.422915 0.414912 1 
6 0.06383 0.076318 0.383814 0.003467 0.422915 0.414912 0 
6 0.085106 0.076318 0.319548 0.003467 0.422915 0.414912 0 
6 0.106383 0.075057 0.271943 0.003467 0.422915 0.414912 0 
6 0.12766 0.064639 0.227611 0.003467 0.422915 0.414912 0 
6 0.148936 0.064639 0.191758 0.003467 0.422915 0.414912 0 
6 0.170213 0.066951 0.164088 0.003467 0.422915 0.414912 0 
6 0.191489 0.066951 0.152484 0.003467 0.422915 0.414912 0 
6 0.212766 0.066951 0.15055 0.003467 0.422915 0.414912 0 
6 0.234043 0.066951 0.156352 0.003467 0.422915 0.414912 0 
6 0.255319 0.066951 0.185659 0.003467 0.422915 0.414912 0 
6 0.276596 0.069653 0.229545 0.003467 0.422915 0.414912 0 
6 0.297872 0.069713 0.291282 0.003467 0.422915 0.414912 0 
6 0.319149 0.069713 0.364177 0.003467 0.422915 0.414912 0 
6 0.340426 0.074216 0.423088 0.003467 0.422915 0.414912 0 
6 0.361702 0.078029 0.452544 0.003467 0.422915 0.414912 0 
6 0.382979 0.078029 0.488099 0.003467 0.422915 0.414912 0 
6 0.404255 0.077099 0.494198 0.003467 0.422915 0.414912 0 
6 0.425532 0.075237 0.474115 0.003467 0.422915 0.414912 0 
6 0.446809 0.069713 0.449717 0.003467 0.422915 0.414912 0 
6 0.468085 0.069713 0.424427 0.003467 0.422915 0.414912 0 
6 0.489362 0.069713 0.404195 0.003467 0.422915 0.414912 0 
6 0.510638 0.069713 0.382922 0.003467 0.422915 0.414912 0 
6 0.531915 0.069653 0.360458 0.003467 0.422915 0.414912 0 
6 0.553191 0.069713 0.346028 0.003467 0.422915 0.414912 0 
6 0.574468 0.069713 0.319697 0.003467 0.422915 0.414912 0 
6 0.595745 0.056263 0.30482 0.003467 0.422915 0.414912 0 
6 0.617021 0.066951 0.288753 0.003467 0.422915 0.414912 0 
6 0.638298 0.066951 0.285034 0.003467 0.422915 0.414912 0 
6 0.659574 0.069653 0.290092 0.003467 0.422915 0.414912 0 
6 0.680851 0.066951 0.292472 0.003467 0.422915 0.414912 0 
6 0.702128 0.069653 0.30839 0.003467 0.422915 0.414912 0 
6 0.723404 0.069653 0.324903 0.003467 0.422915 0.414912 0 
6 0.744681 0.069713 0.39512 0.003467 0.422915 0.414912 0 
6 0.765957 0.077099 0.489438 0.003467 0.422915 0.414912 1 
6 0.787234 0.076018 0.497769 0.003467 0.422915 0.414912 1 
6 0.808511 0.069713 0.466379 0.003467 0.422915 0.414912 0 
6 0.829787 0.069713 0.426212 0.003467 0.422915 0.414912 0 
6 0.851064 0.069653 0.400922 0.003467 0.422915 0.414912 0 
6 0.87234 0.069653 0.389914 0.003467 0.422915 0.414912 0 
6 0.893617 0.069713 0.358227 0.003467 0.422915 0.414912 0 
6 0.914894 0.069713 0.325647 0.003467 0.422915 0.414912 0 
6 0.93617 0.069713 0.356293 0.003467 0.422915 0.414912 0 
6 0.957447 0.069713 0.365814 0.003467 0.422915 0.414912 0 
6 0.978723 0.069713 0.383814 0.003467 0.422915 0.414912 0 
6 1 0.069713 0.361351 0.003467 0.422915 0.414912 0 
