1 0 0.024649 0.217644 0.000924 0.262558 0.812719 0 
1 0.021277 0.024469 0.18432 0.000877 0.244433 0.812719 0 
1 0.042553 0.023508 0.139691 0.001167 0.306577 0.76886 0 
1 0.06383 0.022367 0.112615 0.000908 0.285085 0.76886 0 
1 0.085106 0.019665 0.090598 0.000841 0.243397 0.810088 0 
1 0.106383 0.016392 0.077209 0.000841 0.205852 0.790789 0 
1 0.12766 0.015552 0.068432 0.000839 0.183066 0.810088 0 
1 0.148936 0.015462 0.064118 0.000833 0.171673 0.812719 0 
1 0.170213 0.019335 0.073341 0.000816 0.162351 0.812719 0 
1 0.191489 0.016843 0.075275 0.000829 0.151735 0.856579 0 
1 0.212766 0.020746 0.095954 0.000831 0.154324 0.856579 0 
1 0.234043 0.021256 0.110086 0.000831 0.15769 0.856579 0 
1 0.255319 0.020896 0.122285 0.000821 0.147074 0.856579 0 
1 0.276596 0.024048 0.164832 0.000534 0.165976 0.812719 0 
1 0.297872 0.028372 0.215412 0.000619 0.158726 0.76886 1 
1 0.319149 0.027111 0.25424 0.000827 0.177887 0.856579 1 
1 0.340426 0.029753 0.304076 0.000821 0.186173 0.878509 1 
1 0.361702 0.029933 0.325498 0.000818 0.200673 0.856579 1 
1 0.382979 0.029933 0.331895 0.000827 0.208441 0.856579 1 
1 0.404255 0.029933 0.334276 0.000823 0.213361 0.856579 1 
1 0.425532 0.029182 0.316572 0.000816 0.215691 0.834649 1 
1 0.446809 0.028822 0.325647 0.000823 0.216986 0.847807 1 
1 0.468085 0.028822 0.321482 0.000821 0.224754 0.847807 1 
1 0.489362 0.027531 0.311068 0.000821 0.222941 0.847807 1 
1 0.510638 0.02576 0.290985 0.000821 0.216468 0.847807 0 
1 0.531915 0.024619 0.28072 0.000814 0.208182 0.847807 0 
1 0.553191 0.023958 0.274621 0.000821 0.200932 0.856579 0 
1 0.574468 0.023808 0.266885 0.000835 0.205593 0.856579 0 
1 0.595745 0.023928 0.261678 0.000837 0.199896 0.856579 0 
1 0.617021 0.024078 0.268075 0.000482 0.138788 0.856579 0 
1 0.638298 0.024048 0.26629 0.000534 0.159762 0.856579 0 
1 0.659574 0.023898 0.26986 0.000889 0.230192 0.856579 0 
1 0.680851 0.024138 0.264653 0.000667 0.239254 0.856579 0 
1 0.702128 0.024829 0.27715 0.000818 0.250647 0.856579 0 
1 0.723404 0.024919 0.292026 0.000821 0.25479 0.856579 0 
1 0.744681 0.028161 0.298274 0.000719 0.248317 0.856579 1 
1 0.765957 0.027711 0.312853 0.000764 0.238219 0.856579 1 
1 0.787234 0.029933 0.342011 0.000821 0.248576 0.856579 1 
1 0.808511 0.029933 0.341416 0.000835 0.280425 0.856579 1 
1 0.829787 0.031344 0.333383 0.000823 0.293889 0.812719 1 
1 0.851064 0.029933 0.310919 0.000843 0.268773 0.856579 1 
1 0.87234 0.029753 0.277447 0.000841 0.251942 0.812719 1 
1 0.893617 0.030413 0.2892 0.000812 0.232522 0.812719 1 
1 0.914894 0.029933 0.291877 0.000767 0.210513 0.812719 1 
1 0.93617 0.031344 0.303779 0.000818 0.200673 0.812719 1 
1 0.957447 0.029933 0.288158 0.000823 0.197566 0.812719 1 
1 0.978723 0.029933 0.275364 0.001005 0.262558 0.790789 1 
1 1 0.029002 0.240107 0.000823 0.256344 0.790789 1 
