2 0 0.051039 0.376525 0.003467 0.422915 0.414912 1 
2 0.021277 0.046685 0.314341 0.003467 0.422915 0.414912 0 
2 0.042553 0.046685 0.259447 0.003467 0.422915 0.414912 0 
2 0.06383 0.045334 0.215412 0.003467 0.422915 0.414912 0 
2 0.085106 0.043383 0.180452 0.003467 0.422915 0.414912 0 
2 0.106383 0.046685 0.162154 0.003467 0.422915 0.414912 0 
2 0.12766 0.043383 0.14936 0.003467 0.422915 0.414912 0 
2 0.148936 0.046685 0.146831 0.003467 0.422915 0.414912 0 
2 0.170213 0.048247 0.173312 0.003467 0.422915 0.414912 0 
2 0.191489 0.048247 0.212586 0.003467 0.422915 0.414912 0 
2 0.212766 0.053741 0.296489 0.003467 0.422915 0.414912 1 
2 0.234043 0.045334 0.386343 0.003467 0.422915 0.414912 0 
2 0.255319 0.048247 0.406278 0.003467 0.422915 0.414912 0 
2 0.276596 0.048247 0.460875 0.003467 0.422915 0.414912 0 
2 0.297872 0.045334 0.473966 0.003467 0.422915 0.414912 0 
2 0.319149 0.048037 0.480958 0.003467 0.422915 0.414912 0 
2 0.340426 0.051039 0.518596 0.003467 0.422915 0.414912 1 
2 0.361702 0.051039 0.534216 0.003467 0.422915 0.414912 1 
2 0.382979 0.055933 0.514281 0.003467 0.422915 0.414912 1 
2 0.404255 0.05209 0.509075 0.003467 0.422915 0.414912 1 
2 0.425532 0.051039 0.509372 0.003467 0.422915 0.414912 1 
2 0.446809 0.05209 0.509372 0.003467 0.422915 0.414912 1 
2 0.468085 0.049538 0.507587 0.003467 0.422915 0.414912 1 
2 0.489362 0.049538 0.505653 0.003467 0.422915 0.414912 0 
2 0.510638 0.051039 0.507587 0.003467 0.422915 0.414912 1 
2 0.531915 0.051039 0.501785 0.003467 0.422915 0.414912 1 
2 0.553191 0.051039 0.502827 0.003467 0.422915 0.414912 1 
2 0.574468 0.049538 0.489735 0.003467 0.422915 0.414912 0 
2 0.595745 0.051039 0.488545 0.003467 0.422915 0.414912 1 
2 0.617021 0.051039 0.494644 0.003467 0.422915 0.414912 1 
2 0.638298 0.051039 0.493752 0.003467 0.422915 0.414912 1 
2 0.659574 0.051039 0.49524 0.003467 0.422915 0.414912 1 
2 0.680851 0.048247 0.489586 0.003467 0.422915 0.414912 0 
2 0.702128 0.048247 0.480809 0.003467 0.422915 0.414912 0 
2 0.723404 0.048247 0.459982 0.003467 0.422915 0.414912 0 
2 0.744681 0.049538 0.457899 0.003467 0.422915 0.414912 0 
2 0.765957 0.059805 0.468164 0.003467 0.422915 0.414912 1 
2 0.787234 0.059805 0.47709 0.003467 0.422915 0.414912 1 
2 0.808511 0.055933 0.459387 0.003467 0.422915 0.414912 1 
2 0.829787 0.048247 0.433799 0.003467 0.422915 0.414912 0 
2 0.851064 0.048037 0.403154 0.003467 0.422915 0.414912 0 
2 0.87234 0.045334 0.366111 0.003467 0.422915 0.414912 0 
2 0.893617 0.048247 0.393633 0.003467 0.422915 0.414912 0 
2 0.914894 0.048037 0.408807 0.003467 0.422915 0.414912 0 
2 0.93617 0.048247 0.437816 0.003467 0.422915 0.414912 0 
2 0.957447 0.05209 0.443767 0.003467 0.422915 0.414912 1 
2 0.978723 0.048247 0.432163 0.003467 0.422915 0.414912 0 
2 1 0.048247 0.404641 0.003467 0.422915 0.414912 0 
