2 0 0.088657 0.522166 0.003467 0.422915 0.414912 1 
2 0.021277 0.088657 0.49881 0.003467 0.422915 0.414912 0 
2 0.042553 0.074697 0.478578 0.003467 0.422915 0.414912 0 
2 0.06383 0.067071 0.414162 0.003467 0.422915 0.414912 0 
2 0.085106 0.067071 0.34945 0.003467 0.422915 0.414912 0 
2 0.106383 0.067071 0.306456 0.003467 0.422915 0.414912 0 
2 0.12766 0.061967 0.266736 0.003467 0.422915 0.414912 0 
2 0.148936 0.061967 0.229694 0.003467 0.422915 0.414912 0 
2 0.170213 0.045785 0.206784 0.003467 0.422915 0.414912 0 
2 0.191489 0.046986 0.198602 0.003467 0.422915 0.414912 0 
2 0.212766 0.049418 0.227908 0.003467 0.422915 0.414912 0 
2 0.234043 0.055512 0.272984 0.003467 0.422915 0.414912 0 
2 0.255319 0.085025 0.384856 0.003467 0.422915 0.414912 0 
2 0.276596 0.099616 0.498066 0.003467 0.422915 0.414912 1 
2 0.297872 0.074727 0.512645 0.003467 0.422915 0.414912 0 
2 0.319149 0.074727 0.58435 0.003467 0.422915 0.414912 0 
2 0.340426 0.067461 0.598036 0.003467 0.422915 0.414912 0 
2 0.361702 0.074727 0.591193 0.003467 0.422915 0.414912 0 
2 0.382979 0.106701 0.618417 0.003467 0.422915 0.414912 1 
2 0.404255 0.106701 0.613359 0.003467 0.422915 0.414912 1 
2 0.425532 0.080581 0.590747 0.003467 0.422915 0.414912 0 
2 0.446809 0.080581 0.585689 0.003467 0.422915 0.414912 0 
2 0.468085 0.080581 0.564267 0.003467 0.422915 0.414912 0 
2 0.489362 0.080581 0.550729 0.003467 0.422915 0.414912 0 
2 0.510638 0.074727 0.533918 0.003467 0.422915 0.414912 0 
2 0.531915 0.080581 0.524844 0.003467 0.422915 0.414912 0 
2 0.553191 0.074727 0.502678 0.003467 0.422915 0.414912 0 
2 0.574468 0.067461 0.493752 0.003467 0.422915 0.414912 0 
2 0.595745 0.067461 0.49524 0.003467 0.422915 0.414912 0 
2 0.617021 0.067461 0.484231 0.003467 0.422915 0.414912 0 
2 0.638298 0.067461 0.484528 0.003467 0.422915 0.414912 0 
2 0.659574 0.074727 0.497173 0.003467 0.422915 0.414912 0 
2 0.680851 0.086976 0.513686 0.003467 0.422915 0.414912 0 
2 0.702128 0.099616 0.539869 0.003467 0.422915 0.414912 1 
2 0.723404 0.086976 0.574978 0.003467 0.422915 0.414912 1 
2 0.744681 0.106701 0.655608 0.003467 0.422915 0.414912 1 
2 0.765957 0.132731 0.719726 0.003467 0.422915 0.414912 1 
2 0.787234 0.121352 0.727611 0.003467 0.422915 0.414912 1 
2 0.808511 0.104179 0.685808 0.003467 0.422915 0.414912 1 
2 0.829787 0.086976 0.658733 0.003467 0.422915 0.414912 1 
2 0.851064 0.132731 0.635079 0.003467 0.422915 0.414912 1 
2 0.87234 0.099616 0.616334 0.003467 0.422915 0.414912 1 
2 0.893617 0.080581 0.561738 0.003467 0.422915 0.414912 0 
2 0.914894 0.074727 0.505802 0.003467 0.422915 0.414912 0 
2 0.93617 0.106701 0.529158 0.003467 0.422915 0.414912 1 
2 0.957447 0.104179 0.528265 0.003467 0.422915 0.414912 1 
2 0.978723 0.121352 0.537043 0.003467 0.422915 0.414912 1 
2 1 0.099616 0.536299 0.003467 0.422915 0.414912 1 
