4 0 0.082803 0.435138 0.005648 0.479803 0.511404 0 
4 0.021277 0.075417 0.420411 0.005025 0.448472 0.540789 0 
4 0.042553 0.084274 0.385302 0.005814 0.504661 0.426316 0 
4 0.06383 0.080581 0.331003 0.00538 0.47566 0.441228 0 
4 0.085106 0.058845 0.278786 0.004107 0.425168 0.524123 0 
4 0.106383 0.053291 0.229991 0.003571 0.376489 0.54693 0 
4 0.12766 0.047676 0.191015 0.003182 0.329881 0.553947 0 
4 0.148936 0.042332 0.167807 0.002815 0.300363 0.578947 0 
4 0.170213 0.037589 0.155906 0.002474 0.277835 0.591228 0 
4 0.191489 0.050408 0.162005 0.003322 0.268514 0.688158 0 
4 0.212766 0.045214 0.18551 0.002968 0.280943 0.651754 0 
4 0.234043 0.047166 0.234454 0.003126 0.3058 0.623246 0 
4 0.255319 0.058995 0.334127 0.003955 0.386069 0.524561 0 
4 0.276596 0.073496 0.416245 0.004909 0.475142 0.511842 0 
4 0.297872 0.073736 0.408658 0.004927 0.510098 0.488596 0 
4 0.319149 0.080851 0.455817 0.005403 0.579234 0.481579 0 
4 0.340426 0.072025 0.471437 0.004805 0.603055 0.45307 0 
4 0.361702 0.069022 0.474264 0.004647 0.596064 0.437719 0 
4 0.382979 0.068692 0.518298 0.00463 0.590886 0.425877 0 
4 0.404255 0.069052 0.526927 0.004639 0.575608 0.456579 0 
4 0.425532 0.043083 0.515769 0.002919 0.568358 0.37193 0 
4 0.446809 0.053441 0.504909 0.003623 0.568099 0.487281 0 
4 0.468085 0.051789 0.49152 0.003484 0.558519 0.450439 0 
4 0.489362 0.055332 0.486165 0.003735 0.553599 0.427632 0 
4 0.510638 0.043833 0.481553 0.002964 0.535733 0.424123 0 
4 0.531915 0.059865 0.474859 0.004013 0.531849 0.502632 0 
4 0.553191 0.063498 0.479322 0.004227 0.539099 0.47807 0 
4 0.574468 0.069653 0.474412 0.004632 0.544278 0.498246 0 
4 0.595745 0.069773 0.468164 0.004639 0.537804 0.496053 0 
4 0.617021 0.058154 0.460428 0.003889 0.53651 0.494737 0 
4 0.638298 0.049988 0.458197 0.003351 0.522527 0.498246 0 
4 0.659574 0.048757 0.457751 0.003278 0.513723 0.503947 0 
4 0.680851 0.055512 0.459982 0.00372 0.512947 0.519298 0 
4 0.702128 0.060736 0.467272 0.004065 0.522527 0.489912 0 
4 0.723404 0.05278 0.465486 0.003542 0.522786 0.511842 0 
4 0.744681 0.043023 0.472776 0.002894 0.525117 0.442982 0 
4 0.765957 0.046325 0.495983 0.003122 0.51942 0.497368 0 
4 0.787234 0.062057 0.536745 0.004136 0.550233 0.482018 0 
4 0.808511 0.059745 0.516364 0.003992 0.568617 0.423684 0 
4 0.829787 0.062658 0.48438 0.004194 0.554635 0.437281 1 
4 0.851064 0.066681 0.45418 0.004454 0.5145 0.454386 1 
4 0.87234 0.063558 0.43737 0.00426 0.501554 0.422807 1 
4 0.893617 0.05314 0.408509 0.003562 0.474366 0.396053 0 
4 0.914894 0.051459 0.375186 0.003486 0.448213 0.425877 0 
4 0.93617 0.051939 0.423981 0.003513 0.419731 0.409649 0 
4 0.957447 0.055662 0.441833 0.003781 0.403677 0.401754 0 
4 0.978723 0.076018 0.449717 0.005195 0.499741 0.451754 1 
4 1 0.081632 0.453436 0.005532 0.480839 0.370175 1 
