6 0 0.049388 0.457602 0.002468 0.394096 0.650439 1 
6 0.021277 0.042242 0.432907 0.002013 0.358105 0.650439 1 
6 0.042553 0.051039 0.391848 0.00338 0.415329 0.620614 1 
6 0.06383 0.037348 0.339036 0.002349 0.403677 0.672368 1 
6 0.085106 0.032815 0.277298 0.002027 0.360176 0.634211 1 
6 0.106383 0.029723 0.232818 0.001786 0.324443 0.634211 0 
6 0.12766 0.029272 0.193395 0.001807 0.302434 0.7 0 
6 0.148936 0.029002 0.167956 0.001836 0.283014 0.767105 0 
6 0.170213 0.027771 0.16141 0.00166 0.279389 0.787719 0 
6 0.191489 0.027261 0.162898 0.000976 0.271621 0.787719 0 
6 0.212766 0.027861 0.193097 0.001784 0.278353 0.787719 0 
6 0.234043 0.029002 0.225677 0.001059 0.2913 0.72193 0 
6 0.255319 0.029873 0.303035 0.001928 0.345417 0.61886 0 
6 0.276596 0.029783 0.370723 0.001936 0.402382 0.533333 0 
6 0.297872 0.029122 0.38679 0.001948 0.430606 0.458772 0 
6 0.319149 0.029422 0.454775 0.001998 0.493527 0.358333 0 
6 0.340426 0.029512 0.498066 0.002015 0.534179 0.367105 0 
6 0.361702 0.029542 0.524695 0.002025 0.556706 0.390789 0 
6 0.382979 0.030203 0.548349 0.002081 0.567582 0.409649 0 
6 0.404255 0.029963 0.560994 0.002056 0.557742 0.454825 0 
6 0.425532 0.029422 0.560547 0.001996 0.546349 0.458333 0 
6 0.446809 0.029422 0.55058 0.001984 0.546349 0.497368 0 
6 0.468085 0.029392 0.541654 0.001973 0.53392 0.518421 0 
6 0.489362 0.029392 0.534365 0.001978 0.532885 0.497807 0 
6 0.510638 0.029152 0.516513 0.001959 0.52434 0.537719 0 
6 0.531915 0.029212 0.519935 0.001955 0.512947 0.554386 0 
6 0.553191 0.029152 0.511306 0.001946 0.521233 0.561404 0 
6 0.574468 0.029032 0.499851 0.001944 0.519679 0.525 0 
6 0.595745 0.028432 0.484082 0.001915 0.516313 0.563596 0 
6 0.617021 0.027381 0.476198 0.001847 0.502848 0.573246 0 
6 0.638298 0.027201 0.469057 0.001836 0.493786 0.582018 0 
6 0.659574 0.02696 0.464296 0.001809 0.477473 0.637281 0 
6 0.680851 0.027171 0.468908 0.00182 0.476696 0.613596 0 
6 0.702128 0.027381 0.477388 0.00184 0.478509 0.57807 0 
6 0.723404 0.028342 0.499702 0.001915 0.494821 0.529825 0 
6 0.744681 0.029542 0.553258 0.001994 0.541688 0.455702 0 
6 0.765957 0.029602 0.555787 0.002002 0.566287 0.470175 0 
6 0.787234 0.029212 0.521422 0.001961 0.545313 0.532018 0 
6 0.808511 0.028882 0.483041 0.001946 0.516572 0.545614 0 
6 0.829787 0.027261 0.449122 0.001845 0.485241 0.55614 0 
6 0.851064 0.027141 0.427254 0.00183 0.465562 0.560526 0 
6 0.87234 0.02684 0.405237 0.001789 0.432418 0.560088 0 
6 0.893617 0.02639 0.374442 0.001778 0.39798 0.529386 0 
6 0.914894 0.025459 0.34573 0.001732 0.366132 0.497807 0 
6 0.93617 0.028792 0.403749 0.001855 0.349301 0.634211 0 
6 0.957447 0.029002 0.434543 0.001832 0.358105 0.728509 0 
6 0.978723 0.032845 0.445254 0.002135 0.419731 0.617982 1 
6 1 0.035427 0.441982 0.002318 0.412481 0.645614 1 
