5 0 0.034736 0.365665 0.0023 0.320041 0.573684 0 
5 0.021277 0.030083 0.314341 0.001988 0.298291 0.572807 0 
5 0.042553 0.033385 0.256769 0.002219 0.359399 0.479386 0 
5 0.06383 0.033055 0.218536 0.002196 0.334283 0.542544 0 
5 0.085106 0.030233 0.179857 0.002002 0.280425 0.527193 0 
5 0.106383 0.028071 0.138947 0.001861 0.240031 0.58114 0 
5 0.12766 0.027951 0.113062 0.001853 0.201968 0.571053 0 
5 0.148936 0.028041 0.125855 0.001857 0.198084 0.588596 0 
5 0.170213 0.035967 0.17108 0.00237 0.213361 0.621491 0 
5 0.191489 0.03918 0.214519 0.002582 0.234852 0.600877 0 
5 0.212766 0.03999 0.291431 0.00264 0.288452 0.558772 0 
5 0.234043 0.046535 0.368789 0.00306 0.360953 0.502632 1 
5 0.255319 0.046595 0.385451 0.003087 0.47333 0.35614 1 
5 0.276596 0.051369 0.443023 0.003346 0.535733 0.334211 1 
5 0.297872 0.048787 0.470544 0.00322 0.498705 0.384649 1 
5 0.319149 0.048997 0.489735 0.003234 0.478767 0.417982 1 
5 0.340426 0.054551 0.543291 0.003569 0.484982 0.459649 1 
5 0.361702 0.060106 0.563969 0.003911 0.48783 0.483772 1 
5 0.382979 0.057013 0.560101 0.003708 0.489643 0.522807 1 
5 0.404255 0.057314 0.554299 0.003722 0.491455 0.498246 1 
5 0.425532 0.057013 0.556084 0.00371 0.49767 0.487281 1 
5 0.446809 0.057524 0.549241 0.003749 0.500777 0.464474 1 
5 0.468085 0.057824 0.558465 0.003764 0.49767 0.483772 1 
5 0.489362 0.057133 0.563374 0.003725 0.495598 0.483333 1 
5 0.510638 0.056863 0.555192 0.003718 0.510616 0.441228 1 
5 0.531915 0.060076 0.56263 0.003922 0.516313 0.475439 1 
5 0.553191 0.057824 0.576168 0.003774 0.516054 0.447368 1 
5 0.574468 0.057944 0.576912 0.003781 0.514241 0.471491 1 
5 0.595745 0.058815 0.580184 0.003839 0.509063 0.500439 1 
5 0.617021 0.057073 0.584499 0.003747 0.503884 0.438596 1 
5 0.638298 0.059835 0.58673 0.003922 0.509322 0.459211 1 
5 0.659574 0.06539 0.587771 0.004285 0.514241 0.45614 1 
5 0.680851 0.056683 0.570217 0.003716 0.50233 0.397368 1 
5 0.702128 0.057133 0.559209 0.003747 0.496634 0.409211 1 
5 0.723404 0.049267 0.530646 0.003257 0.46116 0.410526 1 
5 0.744681 0.046505 0.508777 0.003095 0.418954 0.438158 1 
5 0.765957 0.045334 0.487801 0.003033 0.392802 0.440789 1 
5 0.787234 0.046535 0.496281 0.003103 0.390212 0.410526 1 
5 0.808511 0.047946 0.504909 0.003191 0.403936 0.392544 1 
5 0.829787 0.047676 0.487057 0.003166 0.408079 0.36886 1 
5 0.851064 0.045004 0.443916 0.002997 0.382703 0.414912 0 
5 0.87234 0.040291 0.399137 0.002696 0.350854 0.455263 0 
5 0.893617 0.045635 0.431122 0.003041 0.313309 0.565789 0 
5 0.914894 0.044704 0.439899 0.002958 0.279648 0.564912 0 
5 0.93617 0.046325 0.450759 0.003049 0.265665 0.605702 0 
5 0.957447 0.045485 0.44823 0.002981 0.264371 0.627632 0 
5 0.978723 0.048157 0.439899 0.003174 0.359658 0.499123 1 
5 1 0.046986 0.410443 0.003103 0.364578 0.486404 0 
