4 0 0.181608 0.619161 0.012208 0.542206 0.600439 1 
4 0.021277 0.147952 0.599673 0.009863 0.520197 0.628509 1 
4 0.042553 0.168188 0.572597 0.01129 0.577162 0.533772 1 
4 0.06383 0.121052 0.517257 0.008124 0.561885 0.573246 1 
4 0.085106 0.122433 0.462214 0.008135 0.529001 0.547807 1 
4 0.106383 0.14414 0.399732 0.009483 0.489384 0.644298 1 
4 0.12766 0.093941 0.353764 0.006072 0.460642 0.723246 0 
4 0.148936 0.077609 0.314936 0.004967 0.438115 0.730702 0 
4 0.170213 0.074787 0.289795 0.00388 0.417141 0.750439 0 
4 0.191489 0.074847 0.286076 0.003523 0.392284 0.772368 0 
4 0.212766 0.077219 0.311663 0.004009 0.400052 0.780263 0 
4 0.234043 0.074847 0.363136 0.004813 0.423874 0.690351 0 
4 0.255319 0.07902 0.474412 0.005158 0.49275 0.582456 0 
4 0.276596 0.096493 0.602946 0.006404 0.577421 0.451316 0 
4 0.297872 0.084454 0.653228 0.005656 0.629208 0.416228 0 
4 0.319149 0.122403 0.742041 0.008203 0.709218 0.335965 1 
4 0.340426 0.143329 0.765695 0.00957 0.753755 0.342982 1 
4 0.361702 0.120391 0.754686 0.008062 0.761781 0.368421 1 
4 0.382979 0.142819 0.782803 0.009449 0.773433 0.391228 1 
4 0.404255 0.153176 0.78429 0.010066 0.763594 0.438158 1 
4 0.425532 0.103218 0.763612 0.006809 0.751424 0.450439 0 
4 0.446809 0.090189 0.727908 0.005928 0.735888 0.439912 0 
4 0.468085 0.093131 0.705891 0.006128 0.725013 0.43114 0 
4 0.489362 0.089258 0.687891 0.005868 0.725013 0.402193 0 
4 0.510638 0.088027 0.668105 0.005798 0.709477 0.416228 0 
4 0.531915 0.083674 0.654567 0.005548 0.712843 0.427193 0 
4 0.553191 0.084064 0.647873 0.00558 0.746763 0.39693 0 
4 0.574468 0.084064 0.641922 0.00559 0.75479 0.412719 0 
4 0.595745 0.084064 0.629277 0.00559 0.745987 0.389912 0 
4 0.617021 0.083884 0.618715 0.005584 0.745728 0.424123 0 
4 0.638298 0.082623 0.617822 0.005488 0.74521 0.444298 0 
4 0.659574 0.083223 0.632847 0.005519 0.739254 0.485526 0 
4 0.680851 0.086796 0.661262 0.005704 0.741585 0.506579 0 
4 0.702128 0.094962 0.717346 0.006186 0.755049 0.548684 0 
4 0.723404 0.122343 0.80363 0.007991 0.796737 0.511404 1 
4 0.744681 0.192807 0.927849 0.01243 0.850078 0.532456 1 
4 0.765957 0.270986 0.956561 0.017401 0.842569 0.522368 1 
4 0.787234 0.193887 0.941684 0.01243 0.798032 0.528947 1 
4 0.808511 0.152006 0.905683 0.009744 0.741067 0.573684 1 
4 0.829787 0.114027 0.871318 0.007387 0.711807 0.585965 0 
4 0.851064 0.100727 0.844243 0.0065 0.677369 0.605263 0 
4 0.87234 0.089618 0.814341 0.005762 0.648887 0.535965 0 
4 0.893617 0.11826 0.767182 0.007692 0.613413 0.607895 1 
4 0.914894 0.081752 0.701874 0.00532 0.58001 0.547807 0 
4 0.93617 0.082112 0.701428 0.005382 0.548679 0.655263 0 
4 0.957447 0.076168 0.673758 0.003868 0.498964 0.59693 0 
4 0.978723 0.095653 0.651294 0.006246 0.576126 0.597807 0 
4 1 0.097364 0.6385 0.0064 0.561626 0.639912 0 
