1 0 0.041582 0.415948 0.003467 0.422915 0.414912 0 
1 0.021277 0.041492 0.375335 0.003467 0.422915 0.414912 0 
1 0.042553 0.041582 0.358673 0.003467 0.422915 0.414912 0 
1 0.06383 0.041492 0.312556 0.003467 0.422915 0.414912 0 
1 0.085106 0.041492 0.278042 0.003467 0.422915 0.414912 0 
1 0.106383 0.041492 0.250372 0.003467 0.422915 0.414912 0 
1 0.12766 0.041341 0.217495 0.003467 0.422915 0.414912 0 
1 0.148936 0.041642 0.195329 0.003467 0.422915 0.414912 0 
1 0.170213 0.041341 0.191461 0.003467 0.422915 0.414912 0 
1 0.191489 0.041341 0.192502 0.003467 0.422915 0.414912 0 
1 0.212766 0.041341 0.23014 0.003467 0.422915 0.414912 0 
1 0.234043 0.059475 0.293663 0.003467 0.422915 0.414912 1 
1 0.255319 0.068422 0.411187 0.003467 0.422915 0.414912 1 
1 0.276596 0.041732 0.538976 0.003467 0.422915 0.414912 0 
1 0.297872 0.041732 0.577358 0.003467 0.422915 0.414912 0 
1 0.319149 0.084844 0.666766 0.003467 0.422915 0.414912 1 
1 0.340426 0.041732 0.688337 0.003467 0.422915 0.414912 0 
1 0.361702 0.041732 0.67465 0.003467 0.422915 0.414912 0 
1 0.382979 0.043203 0.702172 0.003467 0.422915 0.414912 0 
1 0.404255 0.041762 0.699792 0.003467 0.422915 0.414912 0 
1 0.425532 0.041732 0.675841 0.003467 0.422915 0.414912 0 
1 0.446809 0.041642 0.644302 0.003467 0.422915 0.414912 0 
1 0.468085 0.041642 0.617525 0.003467 0.422915 0.414912 0 
1 0.489362 0.041732 0.600268 0.003467 0.422915 0.414912 0 
1 0.510638 0.041642 0.583755 0.003467 0.422915 0.414912 0 
1 0.531915 0.041642 0.569027 0.003467 0.422915 0.414912 0 
1 0.553191 0.041642 0.560994 0.003467 0.422915 0.414912 0 
1 0.574468 0.041642 0.548349 0.003467 0.422915 0.414912 0 
1 0.595745 0.041642 0.538679 0.003467 0.422915 0.414912 0 
1 0.617021 0.041642 0.525141 0.003467 0.422915 0.414912 0 
1 0.638298 0.041642 0.513389 0.003467 0.422915 0.414912 0 
1 0.659574 0.041642 0.52053 0.003467 0.422915 0.414912 0 
1 0.680851 0.041732 0.547902 0.003467 0.422915 0.414912 0 
1 0.702128 0.097394 0.599821 0.003467 0.422915 0.414912 1 
1 0.723404 0.084844 0.692056 0.003467 0.422915 0.414912 1 
1 0.744681 0.097394 0.805861 0.003467 0.422915 0.414912 1 
1 0.765957 0.041762 0.818506 0.003467 0.422915 0.414912 0 
1 0.787234 0.041762 0.801993 0.003467 0.422915 0.414912 0 
1 0.808511 0.041642 0.764058 0.003467 0.422915 0.414912 0 
1 0.829787 0.041702 0.735793 0.003467 0.422915 0.414912 0 
1 0.851064 0.041762 0.713776 0.003467 0.422915 0.414912 0 
1 0.87234 0.041732 0.689676 0.003467 0.422915 0.414912 0 
1 0.893617 0.041612 0.632401 0.003467 0.422915 0.414912 0 
1 0.914894 0.041582 0.571407 0.003467 0.422915 0.414912 0 
1 0.93617 0.059475 0.595805 0.003467 0.422915 0.414912 1 
1 0.957447 0.041732 0.590598 0.003467 0.422915 0.414912 0 
1 0.978723 0.041762 0.595805 0.003467 0.422915 0.414912 0 
1 1 0.041732 0.572597 0.003467 0.422915 0.414912 0 
