4 0 0.027621 0.358227 0.001872 0.301398 0.617982 0 
4 0.021277 0.02648 0.306605 0.001786 0.270585 0.613596 0 
4 0.042553 0.030293 0.256769 0.002065 0.323925 0.425 0 
4 0.06383 0.02663 0.209461 0.001811 0.293112 0.487719 0 
4 0.085106 0.02621 0.163642 0.00177 0.248835 0.564035 0 
4 0.106383 0.025399 0.141029 0.001693 0.200673 0.578509 0 
4 0.12766 0.024288 0.13374 0.001641 0.174262 0.575439 0 
4 0.148936 0.023568 0.13731 0.001589 0.152512 0.613158 0 
4 0.170213 0.025159 0.161113 0.001695 0.157431 0.651754 0 
4 0.191489 0.02618 0.201428 0.001759 0.175557 0.643421 0 
4 0.212766 0.041912 0.282952 0.002823 0.232004 0.592544 1 
4 0.234043 0.030053 0.351532 0.00204 0.293112 0.517105 0 
4 0.255319 0.054311 0.367896 0.003718 0.380373 0.438596 1 
4 0.276596 0.029482 0.433204 0.002034 0.446142 0.392982 0 
4 0.297872 0.029392 0.463404 0.002025 0.414034 0.470175 0 
4 0.319149 0.030263 0.461767 0.002264 0.407302 0.465351 0 
4 0.340426 0.037619 0.519042 0.002603 0.414293 0.477632 0 
4 0.361702 0.037228 0.53734 0.002574 0.406007 0.540351 0 
4 0.382979 0.035637 0.531985 0.00248 0.388918 0.45307 0 
4 0.404255 0.060826 0.529902 0.004271 0.378301 0.350439 1 
4 0.425532 0.392758 0.525439 0.027958 0.380114 0.248246 1 
4 0.446809 0.384022 0.518298 0.027399 0.375453 0.226754 1 
4 0.468085 0.114087 0.518298 0.010949 0.361989 0.165351 1 
4 0.489362 0.046565 0.517554 0.003398 0.353703 0.161404 0 
4 0.510638 0.096553 0.516513 0.006788 0.362248 0.200877 1 
4 0.531915 0.033746 0.510265 0.002362 0.371051 0.347807 0 
4 0.553191 0.030323 0.504909 0.002104 0.389953 0.488158 0 
4 0.574468 0.030233 0.494049 0.002086 0.390471 0.507456 0 
4 0.595745 0.029783 0.48319 0.00205 0.385552 0.520175 0 
4 0.617021 0.030323 0.500149 0.00209 0.38348 0.504386 0 
4 0.638298 0.030323 0.504463 0.002092 0.387623 0.50614 0 
4 0.659574 0.030563 0.502975 0.002106 0.381409 0.491667 0 
4 0.680851 0.030323 0.498959 0.002092 0.389177 0.492544 0 
4 0.702128 0.030323 0.493454 0.00209 0.384775 0.517105 0 
4 0.723404 0.029362 0.470247 0.002013 0.350596 0.584649 0 
4 0.744681 0.029062 0.449271 0.001984 0.314086 0.65 0 
4 0.765957 0.028342 0.425022 0.001921 0.274987 0.692982 0 
4 0.787234 0.028762 0.442577 0.001948 0.277576 0.660965 0 
4 0.808511 0.029182 0.446593 0.001988 0.31072 0.602632 0 
4 0.829787 0.028882 0.425766 0.001971 0.312532 0.602632 0 
4 0.851064 0.027951 0.393335 0.001897 0.290005 0.644298 0 
4 0.87234 0.027411 0.353169 0.001849 0.268255 0.683333 0 
4 0.893617 0.028852 0.393187 0.001955 0.235629 0.671491 0 
4 0.914894 0.027441 0.405088 0.001851 0.204298 0.704825 0 
4 0.93617 0.029182 0.430527 0.001973 0.194459 0.714912 0 
4 0.957447 0.029062 0.436924 0.001961 0.198343 0.691228 0 
4 0.978723 0.032034 0.439899 0.002061 0.297773 0.458333 0 
4 1 0.034046 0.415204 0.002339 0.305541 0.538596 0 
