6 0 0.070704 0.475751 0.00483 0.42724 0.423246 1 
6 0.021277 0.068452 0.456561 0.004659 0.40057 0.460526 1 
6 0.042553 0.062868 0.424576 0.004404 0.447437 0.366228 1 
6 0.06383 0.059175 0.371616 0.00404 0.421284 0.438158 1 
6 0.085106 0.046926 0.305861 0.00317 0.372605 0.56886 0 
6 0.106383 0.046716 0.264653 0.003099 0.333506 0.635088 0 
6 0.12766 0.042272 0.221958 0.002777 0.291041 0.725 0 
6 0.148936 0.040981 0.190717 0.002678 0.259969 0.699561 0 
6 0.170213 0.041281 0.178072 0.002694 0.238477 0.709211 0 
6 0.191489 0.03966 0.179262 0.002603 0.223459 0.725877 0 
6 0.212766 0.041942 0.205147 0.002696 0.24029 0.750439 0 
6 0.234043 0.042572 0.25305 0.002784 0.26696 0.716667 0 
6 0.255319 0.044764 0.346772 0.00295 0.34697 0.612281 0 
6 0.276596 0.05203 0.459238 0.003481 0.42724 0.503509 0 
6 0.297872 0.048367 0.459387 0.003284 0.470999 0.462719 0 
6 0.319149 0.058905 0.545373 0.004024 0.535474 0.455263 1 
6 0.340426 0.112225 0.573639 0.007607 0.571207 0.417105 1 
6 0.361702 0.094872 0.565457 0.00656 0.569912 0.452632 1 
6 0.382979 0.07959 0.604731 0.005366 0.579234 0.471053 1 
6 0.404255 0.085595 0.617376 0.005727 0.567582 0.523684 1 
6 0.425532 0.07956 0.603392 0.005341 0.552305 0.51886 1 
6 0.446809 0.078179 0.591937 0.005212 0.539099 0.525877 1 
6 0.468085 0.068842 0.577209 0.004626 0.531072 0.511404 1 
6 0.489362 0.058184 0.567242 0.003922 0.522786 0.551316 0 
6 0.510638 0.0529 0.558465 0.003558 0.506732 0.561842 0 
6 0.531915 0.054612 0.546712 0.003681 0.503107 0.562281 0 
6 0.553191 0.054461 0.541654 0.003687 0.511652 0.522807 0 
6 0.574468 0.059415 0.533472 0.004034 0.509322 0.473246 0 
6 0.595745 0.055993 0.524993 0.003799 0.500518 0.477632 0 
6 0.617021 0.057374 0.516959 0.003889 0.490937 0.509211 0 
6 0.638298 0.058695 0.51681 0.003899 0.479803 0.457895 0 
6 0.659574 0.068902 0.541654 0.00468 0.46608 0.505263 1 
6 0.680851 0.083373 0.566349 0.005604 0.476696 0.513158 1 
6 0.702128 0.091299 0.60607 0.006134 0.498446 0.503509 1 
6 0.723404 0.07857 0.653675 0.005291 0.542206 0.461404 1 
6 0.744681 0.095382 0.690122 0.006429 0.601761 0.424123 1 
6 0.765957 0.072025 0.666022 0.004859 0.591403 0.442105 1 
6 0.787234 0.068542 0.636269 0.004622 0.553599 0.447368 1 
6 0.808511 0.068932 0.59402 0.004587 0.519161 0.447807 1 
6 0.829787 0.063468 0.570812 0.004333 0.494303 0.394298 1 
6 0.851064 0.061877 0.557572 0.004256 0.460901 0.35614 0 
6 0.87234 0.063498 0.531241 0.004362 0.443811 0.370614 1 
6 0.893617 0.055152 0.496876 0.003799 0.400829 0.423684 0 
6 0.914894 0.05212 0.458048 0.003554 0.36898 0.460526 0 
6 0.93617 0.054491 0.506546 0.00372 0.355774 0.513596 0 
6 0.957447 0.054371 0.528265 0.003716 0.356033 0.461842 0 
6 0.978723 0.067461 0.539274 0.004643 0.457535 0.4 1 
6 1 0.074006 0.522612 0.005054 0.444847 0.42807 1 
