1 0 0.042422 0.362095 0.003467 0.422915 0.414912 0 
1 0.021277 0.042422 0.321035 0.003467 0.422915 0.414912 0 
1 0.042553 0.042272 0.307498 0.003467 0.422915 0.414912 0 
1 0.06383 0.042272 0.264653 0.003467 0.422915 0.414912 0 
1 0.085106 0.042272 0.220619 0.003467 0.422915 0.414912 0 
1 0.106383 0.042272 0.198007 0.003467 0.422915 0.414912 0 
1 0.12766 0.042272 0.171675 0.003467 0.422915 0.414912 0 
1 0.148936 0.056173 0.146831 0.003467 0.422915 0.414912 0 
1 0.170213 0.042122 0.140137 0.003467 0.422915 0.414912 0 
1 0.191489 0.042122 0.148468 0.003467 0.422915 0.414912 0 
1 0.212766 0.075958 0.178072 0.003467 0.422915 0.414912 1 
1 0.234043 0.074817 0.229545 0.003467 0.422915 0.414912 1 
1 0.255319 0.082473 0.336358 0.003467 0.422915 0.414912 1 
1 0.276596 0.099616 0.44213 0.003467 0.422915 0.414912 1 
1 0.297872 0.050859 0.481702 0.003467 0.422915 0.414912 0 
1 0.319149 0.050859 0.552514 0.003467 0.422915 0.414912 0 
1 0.340426 0.050859 0.57706 0.003467 0.422915 0.414912 0 
1 0.361702 0.050859 0.576912 0.003467 0.422915 0.414912 0 
1 0.382979 0.074817 0.603392 0.003467 0.422915 0.414912 1 
1 0.404255 0.074817 0.61083 0.003467 0.422915 0.414912 1 
1 0.425532 0.079711 0.594168 0.003467 0.422915 0.414912 1 
1 0.446809 0.050859 0.571705 0.003467 0.422915 0.414912 0 
1 0.468085 0.079711 0.559506 0.003467 0.422915 0.414912 1 
1 0.489362 0.082383 0.554151 0.003467 0.422915 0.414912 1 
1 0.510638 0.079711 0.540762 0.003467 0.422915 0.414912 1 
1 0.531915 0.079711 0.531538 0.003467 0.422915 0.414912 1 
1 0.553191 0.056323 0.523802 0.003467 0.422915 0.414912 0 
1 0.574468 0.050859 0.518298 0.003467 0.422915 0.414912 0 
1 0.595745 0.050859 0.507736 0.003467 0.422915 0.414912 0 
1 0.617021 0.050859 0.494644 0.003467 0.422915 0.414912 0 
1 0.638298 0.050859 0.490181 0.003467 0.422915 0.414912 0 
1 0.659574 0.056323 0.493454 0.003467 0.422915 0.414912 0 
1 0.680851 0.079711 0.511306 0.003467 0.422915 0.414912 1 
1 0.702128 0.074817 0.55906 0.003467 0.422915 0.414912 1 
1 0.723404 0.050859 0.65665 0.003467 0.422915 0.414912 0 
1 0.744681 0.050859 0.731032 0.003467 0.422915 0.414912 0 
1 0.765957 0.050859 0.725379 0.003467 0.422915 0.414912 0 
1 0.787234 0.050859 0.693395 0.003467 0.422915 0.414912 0 
1 0.808511 0.050859 0.658733 0.003467 0.422915 0.414912 0 
1 0.829787 0.050859 0.629872 0.003467 0.422915 0.414912 0 
1 0.851064 0.050859 0.604433 0.003467 0.422915 0.414912 0 
1 0.87234 0.050859 0.578697 0.003467 0.422915 0.414912 0 
1 0.893617 0.042422 0.530497 0.003467 0.422915 0.414912 0 
1 0.914894 0.042422 0.47352 0.003467 0.422915 0.414912 0 
1 0.93617 0.042572 0.505951 0.003467 0.422915 0.414912 0 
1 0.957447 0.042572 0.503868 0.003467 0.422915 0.414912 0 
1 0.978723 0.042572 0.515769 0.003467 0.422915 0.414912 0 
1 1 0.042572 0.51562 0.003467 0.422915 0.414912 0 
