2 0 0.027621 0.36269 0.001816 0.363542 0.627193 0 
2 0.021277 0.02678 0.324308 0.001766 0.337131 0.616667 0 
2 0.042553 0.027381 0.290092 0.00182 0.402641 0.550877 0 
2 0.06383 0.025369 0.254091 0.001683 0.379337 0.603947 0 
2 0.085106 0.02663 0.217941 0.001753 0.35448 0.64386 0 
2 0.106383 0.028942 0.179262 0.001491 0.322631 0.653947 0 
2 0.12766 0.02684 0.152931 0.001743 0.301398 0.717544 0 
2 0.148936 0.02591 0.132699 0.001678 0.278871 0.697807 0 
2 0.170213 0.01381 0.123475 0.000895 0.255308 0.763158 0 
2 0.191489 0.015071 0.120797 0.000968 0.238477 0.803947 0 
2 0.212766 0.017653 0.125558 0.001099 0.227084 0.838158 0 
2 0.234043 0.023568 0.141476 0.001506 0.223459 0.82807 0 
2 0.255319 0.028462 0.179262 0.001793 0.228897 0.833772 0 
2 0.276596 0.028582 0.20961 0.001793 0.229933 0.833772 0 
2 0.297872 0.022667 0.238024 0.000976 0.19912 0.838158 0 
2 0.319149 0.025009 0.295745 0.001508 0.212584 0.810526 0 
2 0.340426 0.027381 0.371169 0.001762 0.246504 0.797368 0 
2 0.361702 0.027831 0.430229 0.001813 0.276541 0.75614 0 
2 0.382979 0.028852 0.490181 0.001872 0.299068 0.759211 0 
2 0.404255 0.028942 0.508926 0.001834 0.31072 0.74386 0 
2 0.425532 0.037529 0.517257 0.002009 0.31305 0.745175 1 
2 0.446809 0.038189 0.496281 0.002009 0.309425 0.747368 1 
2 0.468085 0.05257 0.481404 0.002009 0.306059 0.746491 1 
2 0.489362 0.064249 0.46385 0.002009 0.303211 0.703509 1 
2 0.510638 0.070073 0.451056 0.002009 0.315122 0.659649 1 
2 0.531915 0.123274 0.43499 0.002009 0.314086 0.615789 1 
2 0.553191 0.034676 0.41327 0.002052 0.323666 0.703509 0 
2 0.574468 0.05254 0.397352 0.002009 0.315381 0.703509 1 
2 0.595745 0.03882 0.386343 0.002009 0.301139 0.703509 1 
2 0.617021 0.042933 0.383666 0.002009 0.290264 0.703509 1 
2 0.638298 0.050438 0.389914 0.002009 0.286898 0.703509 1 
2 0.659574 0.045034 0.40241 0.002009 0.293371 0.703509 1 
2 0.680851 0.038309 0.426361 0.001967 0.310461 0.703509 0 
2 0.702128 0.046866 0.486909 0.002734 0.355774 0.689474 1 
2 0.723404 0.074397 0.589557 0.004933 0.450803 0.610088 1 
2 0.744681 0.148193 0.670039 0.009981 0.533402 0.563596 1 
2 0.765957 0.114447 0.663493 0.007721 0.527447 0.576754 1 
2 0.787234 0.081272 0.640583 0.005436 0.503625 0.643421 1 
2 0.808511 0.09169 0.608747 0.006072 0.479026 0.667982 1 
2 0.829787 0.068542 0.577358 0.004508 0.458312 0.660526 1 
2 0.851064 0.066801 0.562928 0.004375 0.440963 0.705702 1 
2 0.87234 0.055332 0.535257 0.0036 0.420508 0.68114 1 
2 0.893617 0.050438 0.502678 0.002345 0.396686 0.72807 1 
2 0.914894 0.031314 0.448825 0.002019 0.371828 0.75614 0 
2 0.93617 0.029092 0.454627 0.001776 0.345935 0.72193 0 
2 0.957447 0.028552 0.435287 0.001791 0.313827 0.72193 0 
2 0.978723 0.033566 0.439155 0.002198 0.38581 0.671053 0 
2 1 0.029152 0.429188 0.001822 0.387105 0.67807 0 
