7 0 0.029422 0.358227 0.002005 0.320559 0.525439 0 
7 0.021277 0.026991 0.292621 0.001826 0.284309 0.601754 0 
7 0.042553 0.027861 0.23371 0.001897 0.33739 0.413596 0 
7 0.06383 0.027171 0.191015 0.001849 0.308131 0.525 0 
7 0.085106 0.02621 0.142368 0.00177 0.251165 0.597807 0 
7 0.106383 0.02684 0.123921 0.001853 0.216209 0.59693 0 
7 0.12766 0.02648 0.108747 0.00178 0.184619 0.629825 0 
7 0.148936 0.02621 0.101607 0.001759 0.167012 0.650439 0 
7 0.170213 0.025369 0.106367 0.001693 0.154583 0.698246 0 
7 0.191489 0.025459 0.11202 0.001701 0.152512 0.698246 0 
7 0.212766 0.02621 0.1385 0.001753 0.177628 0.667982 0 
7 0.234043 0.028071 0.17837 0.001876 0.192646 0.685088 0 
7 0.255319 0.027561 0.212437 0.001843 0.221388 0.667544 0 
7 0.276596 0.028942 0.274918 0.001948 0.267996 0.584211 0 
7 0.297872 0.028972 0.327879 0.001948 0.265924 0.659211 0 
7 0.319149 0.029362 0.36983 0.00198 0.288452 0.652632 0 
7 0.340426 0.035787 0.411038 0.002408 0.307354 0.686842 0 
7 0.361702 0.042662 0.429188 0.002871 0.315381 0.692982 0 
7 0.382979 0.03984 0.427849 0.00268 0.306836 0.713158 0 
7 0.404255 0.030323 0.412824 0.002036 0.301916 0.717105 0 
7 0.425532 0.029753 0.400774 0.00198 0.307354 0.727632 0 
7 0.446809 0.029572 0.394228 0.001932 0.305541 0.690351 0 
7 0.468085 0.029182 0.385451 0.00189 0.307872 0.716228 0 
7 0.489362 0.029002 0.372359 0.001892 0.286121 0.738596 0 
7 0.510638 0.029182 0.358375 0.001907 0.266183 0.707456 0 
7 0.531915 0.028882 0.349598 0.001882 0.252978 0.743421 0 
7 0.553191 0.028822 0.342309 0.001882 0.24262 0.65 0 
7 0.574468 0.029152 0.334722 0.001913 0.230451 0.689474 0 
7 0.595745 0.028732 0.333978 0.00188 0.215432 0.694737 0 
7 0.617021 0.028281 0.327284 0.001849 0.218022 0.735965 0 
7 0.638298 0.028131 0.32892 0.00183 0.217763 0.74693 0 
7 0.659574 0.028792 0.334722 0.00188 0.226049 0.673246 0 
7 0.680851 0.028792 0.311663 0.001892 0.231486 0.614474 0 
7 0.702128 0.029152 0.32654 0.001921 0.240031 0.601754 0 
7 0.723404 0.029092 0.326242 0.001919 0.244174 0.592105 0 
7 0.744681 0.029182 0.333383 0.001926 0.242361 0.599123 0 
7 0.765957 0.028432 0.329217 0.001865 0.234852 0.670175 0 
7 0.787234 0.029182 0.347069 0.001915 0.245728 0.658772 0 
7 0.808511 0.029062 0.358078 0.001911 0.273692 0.601316 0 
7 0.829787 0.028912 0.340672 0.001903 0.278094 0.614912 0 
7 0.851064 0.028402 0.316721 0.001863 0.260228 0.641228 0 
7 0.87234 0.027951 0.297382 0.00183 0.241585 0.648684 0 
7 0.893617 0.028402 0.309283 0.001863 0.21854 0.639912 0 
7 0.914894 0.027831 0.30839 0.001818 0.196012 0.682456 0 
7 0.93617 0.028942 0.322077 0.001886 0.196012 0.698684 0 
7 0.957447 0.028312 0.301398 0.001851 0.200932 0.655263 0 
7 0.978723 0.029062 0.27953 0.001915 0.273175 0.523246 0 
7 1 0.027201 0.24338 0.001797 0.267996 0.552632 0 
