5 0 0.087096 0.441982 0.005777 0.465821 0.586842 1 
5 0.021277 0.064609 0.426659 0.004308 0.419213 0.575877 1 
5 0.042553 0.070253 0.389765 0.004715 0.470482 0.488596 1 
5 0.06383 0.03921 0.339185 0.002642 0.439151 0.489474 0 
5 0.085106 0.02621 0.283695 0.001749 0.38581 0.561404 0 
5 0.106383 0.027171 0.232818 0.001793 0.344899 0.584211 0 
5 0.12766 0.025399 0.193692 0.00167 0.295702 0.634211 0 
5 0.148936 0.023148 0.169741 0.001516 0.268255 0.651754 0 
5 0.170213 0.022427 0.156055 0.001467 0.238995 0.67807 0 
5 0.191489 0.024469 0.155906 0.001597 0.236406 0.649123 0 
5 0.212766 0.027861 0.183576 0.001822 0.242879 0.627193 0 
5 0.234043 0.031104 0.229842 0.002052 0.280425 0.569298 0 
5 0.255319 0.048847 0.318358 0.003236 0.351372 0.577632 0 
5 0.276596 0.041522 0.405088 0.002763 0.417141 0.522807 0 
5 0.297872 0.040231 0.411782 0.0027 0.428017 0.477193 0 
5 0.319149 0.075417 0.477239 0.005054 0.502848 0.454825 1 
5 0.340426 0.084034 0.504612 0.005611 0.547385 0.421053 1 
5 0.361702 0.087426 0.508777 0.005843 0.576644 0.414912 1 
5 0.382979 0.088537 0.552812 0.005881 0.578975 0.420175 1 
5 0.404255 0.087426 0.566796 0.005748 0.572501 0.429825 1 
5 0.425532 0.087426 0.548646 0.005756 0.556189 0.433772 1 
5 0.446809 0.087426 0.528117 0.005779 0.547903 0.492544 1 
5 0.468085 0.087426 0.517554 0.005796 0.551269 0.466667 1 
5 0.489362 0.087426 0.513984 0.0058 0.550233 0.499123 1 
5 0.510638 0.087426 0.504314 0.005798 0.538063 0.525877 1 
5 0.531915 0.087426 0.492264 0.005798 0.528742 0.55 1 
5 0.553191 0.087426 0.490181 0.005793 0.550751 0.545175 1 
5 0.574468 0.080761 0.484677 0.005366 0.545831 0.533772 1 
5 0.595745 0.056263 0.479917 0.003752 0.531072 0.54693 0 
5 0.617021 0.055482 0.472181 0.003689 0.518384 0.501754 0 
5 0.638298 0.05299 0.468164 0.003535 0.504402 0.530263 0 
5 0.659574 0.043443 0.475602 0.002896 0.501813 0.492544 0 
5 0.680851 0.043803 0.485421 0.002919 0.493009 0.510088 0 
5 0.702128 0.048667 0.505058 0.003238 0.505438 0.50614 0 
5 0.723404 0.087426 0.522017 0.00581 0.520456 0.567982 1 
5 0.744681 0.085955 0.569325 0.005725 0.54117 0.544298 1 
5 0.765957 0.078029 0.586284 0.005239 0.563698 0.478947 1 
5 0.787234 0.090159 0.602946 0.006049 0.614707 0.430263 1 
5 0.808511 0.040291 0.570068 0.002719 0.603055 0.424561 0 
5 0.829787 0.046746 0.537191 0.003155 0.577421 0.376316 0 
5 0.851064 0.060466 0.522017 0.004073 0.554376 0.439474 0 
5 0.87234 0.043683 0.50119 0.002937 0.523822 0.434649 0 
5 0.893617 0.041792 0.456114 0.002792 0.498446 0.442105 0 
5 0.914894 0.036268 0.420559 0.002422 0.466598 0.429825 0 
5 0.93617 0.048307 0.467867 0.003191 0.44666 0.555702 0 
5 0.957447 0.045545 0.483487 0.002983 0.425686 0.563596 0 
5 0.978723 0.089768 0.495537 0.005914 0.537286 0.420175 1 
5 1 0.085385 0.485272 0.005663 0.520456 0.537281 1 
