4 0 0.048337 0.562035 0.003054 0.478509 0.527632 1 
4 0.021277 0.03891 0.541952 0.002669 0.447437 0.585088 0 
4 0.042553 0.049297 0.516959 0.003398 0.496375 0.482018 1 
4 0.06383 0.037108 0.464296 0.002617 0.467892 0.547368 0 
4 0.085106 0.040171 0.40479 0.002723 0.426204 0.650877 0 
4 0.106383 0.037288 0.357632 0.002489 0.386846 0.7 0 
4 0.12766 0.034406 0.302142 0.002297 0.34697 0.728947 0 
4 0.148936 0.032965 0.269265 0.002192 0.31072 0.781579 0 
4 0.170213 0.031644 0.249926 0.002098 0.292853 0.811842 0 
4 0.191489 0.030984 0.248289 0.002052 0.275505 0.82193 0 
4 0.212766 0.031854 0.276406 0.002108 0.276541 0.839912 0 
4 0.234043 0.032635 0.331598 0.002175 0.307613 0.778947 0 
4 0.255319 0.033205 0.454329 0.002241 0.377525 0.664035 0 
4 0.276596 0.036027 0.576614 0.002455 0.463231 0.566228 0 
4 0.297872 0.036027 0.600417 0.002478 0.517607 0.519298 0 
4 0.319149 0.069983 0.67227 0.004823 0.583894 0.442105 1 
4 0.340426 0.079711 0.682535 0.005461 0.629984 0.450439 1 
4 0.361702 0.059685 0.662749 0.004044 0.634645 0.442544 1 
4 0.382979 0.064939 0.67837 0.004387 0.643449 0.428509 1 
4 0.404255 0.073256 0.679857 0.004944 0.639047 0.367982 1 
4 0.425532 0.061547 0.649063 0.004163 0.635163 0.369737 1 
4 0.446809 0.072235 0.621244 0.00489 0.624806 0.35307 1 
4 0.468085 0.075838 0.594763 0.005168 0.623511 0.356579 1 
4 0.489362 0.06629 0.572151 0.004553 0.60435 0.311404 1 
4 0.510638 0.037619 0.554448 0.00258 0.586225 0.372807 0 
4 0.531915 0.035847 0.538679 0.002447 0.573796 0.330702 0 
4 0.553191 0.035337 0.533175 0.002416 0.589073 0.326316 0 
4 0.574468 0.037529 0.519488 0.002574 0.579492 0.347807 0 
4 0.595745 0.042783 0.514133 0.002943 0.574055 0.291667 0 
4 0.617021 0.036087 0.496876 0.002482 0.560331 0.354825 0 
4 0.638298 0.033626 0.48795 0.00231 0.535992 0.424561 0 
4 0.659574 0.033295 0.497322 0.002275 0.529518 0.450877 0 
4 0.680851 0.034436 0.504463 0.002333 0.529777 0.409211 0 
4 0.702128 0.033566 0.535109 0.002264 0.531849 0.430263 0 
4 0.723404 0.03972 0.590747 0.002661 0.554376 0.397807 0 
4 0.744681 0.051639 0.697709 0.003467 0.610047 0.395614 1 
4 0.765957 0.057884 0.750967 0.003914 0.65303 0.35614 1 
4 0.787234 0.057944 0.743677 0.003938 0.642413 0.376316 1 
4 0.808511 0.041462 0.719429 0.002821 0.602796 0.442105 0 
4 0.829787 0.050168 0.695924 0.003411 0.577162 0.434649 1 
4 0.851064 0.084304 0.682089 0.005758 0.541688 0.489474 1 
4 0.87234 0.076648 0.650997 0.005235 0.518125 0.508333 1 
4 0.893617 0.061277 0.602053 0.004192 0.498187 0.498684 1 
4 0.914894 0.045425 0.5482 0.003122 0.461419 0.504386 0 
4 0.93617 0.05287 0.584945 0.003616 0.435785 0.55307 1 
4 0.957447 0.037949 0.58792 0.002605 0.410927 0.539912 0 
4 0.978723 0.054551 0.580631 0.003735 0.500259 0.451316 1 
4 1 0.058454 0.572746 0.004013 0.489125 0.488158 1 
