3 0 0.106071 0.546117 0.003467 0.422915 0.414912 1 
3 0.021277 0.106071 0.524993 0.003467 0.422915 0.414912 1 
3 0.042553 0.080911 0.496132 0.003467 0.422915 0.414912 1 
3 0.06383 0.056173 0.433799 0.003467 0.422915 0.414912 0 
3 0.085106 0.057734 0.37593 0.003467 0.422915 0.414912 0 
3 0.106383 0.057734 0.325498 0.003467 0.422915 0.414912 0 
3 0.12766 0.054251 0.283844 0.003467 0.422915 0.414912 0 
3 0.148936 0.057734 0.250521 0.003467 0.422915 0.414912 0 
3 0.170213 0.042272 0.22776 0.003467 0.422915 0.414912 0 
3 0.191489 0.074877 0.217644 0.003467 0.422915 0.414912 1 
3 0.212766 0.042272 0.254686 0.003467 0.422915 0.414912 0 
3 0.234043 0.078209 0.301101 0.003467 0.422915 0.414912 1 
3 0.255319 0.091359 0.403154 0.003467 0.422915 0.414912 1 
3 0.276596 0.106131 0.50476 0.003467 0.422915 0.414912 1 
3 0.297872 0.042572 0.526629 0.003467 0.422915 0.414912 0 
3 0.319149 0.075417 0.607111 0.003467 0.422915 0.414912 1 
3 0.340426 0.075417 0.645939 0.003467 0.422915 0.414912 1 
3 0.361702 0.075417 0.663493 0.003467 0.422915 0.414912 1 
3 0.382979 0.092771 0.698602 0.003467 0.422915 0.414912 1 
3 0.404255 0.075417 0.702172 0.003467 0.422915 0.414912 1 
3 0.425532 0.080911 0.669444 0.003467 0.422915 0.414912 1 
3 0.446809 0.075417 0.634781 0.003467 0.422915 0.414912 1 
3 0.468085 0.075417 0.612169 0.003467 0.422915 0.414912 1 
3 0.489362 0.092771 0.590747 0.003467 0.422915 0.414912 1 
3 0.510638 0.080911 0.571407 0.003467 0.422915 0.414912 1 
3 0.531915 0.07875 0.555638 0.003467 0.422915 0.414912 1 
3 0.553191 0.11829 0.545522 0.003467 0.422915 0.414912 1 
3 0.574468 0.11823 0.528265 0.003467 0.422915 0.414912 1 
3 0.595745 0.078209 0.520083 0.003467 0.422915 0.414912 1 
3 0.617021 0.075417 0.507141 0.003467 0.422915 0.414912 1 
3 0.638298 0.075417 0.502231 0.003467 0.422915 0.414912 1 
3 0.659574 0.092771 0.516513 0.003467 0.422915 0.414912 1 
3 0.680851 0.11823 0.537191 0.003467 0.422915 0.414912 1 
3 0.702128 0.11829 0.60235 0.003467 0.422915 0.414912 1 
3 0.723404 0.124865 0.708718 0.003467 0.422915 0.414912 1 
3 0.744681 0.11829 0.802589 0.003467 0.422915 0.414912 1 
3 0.765957 0.11823 0.804969 0.003467 0.422915 0.414912 1 
3 0.787234 0.11823 0.788902 0.003467 0.422915 0.414912 1 
3 0.808511 0.080911 0.748289 0.003467 0.422915 0.414912 1 
3 0.829787 0.075417 0.717197 0.003467 0.422915 0.414912 0 
3 0.851064 0.11823 0.694734 0.003467 0.422915 0.414912 1 
3 0.87234 0.078209 0.668849 0.003467 0.422915 0.414912 0 
3 0.893617 0.075417 0.621988 0.003467 0.422915 0.414912 0 
3 0.914894 0.092771 0.564564 0.003467 0.422915 0.414912 1 
3 0.93617 0.106131 0.597292 0.003467 0.422915 0.414912 1 
3 0.957447 0.080911 0.58792 0.003467 0.422915 0.414912 0 
3 0.978723 0.106131 0.58316 0.003467 0.422915 0.414912 1 
3 1 0.092771 0.575722 0.003467 0.422915 0.414912 1 
