1 0 0.040801 0.370872 0.003467 0.422915 0.414912 0 
1 0.021277 0.040801 0.32773 0.003467 0.422915 0.414912 0 
1 0.042553 0.040801 0.308093 0.003467 0.422915 0.414912 0 
1 0.06383 0.040801 0.265248 0.003467 0.422915 0.414912 0 
1 0.085106 0.040801 0.233115 0.003467 0.422915 0.414912 0 
1 0.106383 0.040801 0.202916 0.003467 0.422915 0.414912 0 
1 0.12766 0.040801 0.179411 0.003467 0.422915 0.414912 0 
1 0.148936 0.040801 0.158881 0.003467 0.422915 0.414912 0 
1 0.170213 0.040621 0.153377 0.003467 0.422915 0.414912 0 
1 0.191489 0.040621 0.161708 0.003467 0.422915 0.414912 0 
1 0.212766 0.041281 0.194585 0.003467 0.422915 0.414912 0 
1 0.234043 0.041582 0.238024 0.003467 0.422915 0.414912 1 
1 0.255319 0.041582 0.343201 0.003467 0.422915 0.414912 1 
1 0.276596 0.041732 0.446147 0.003467 0.422915 0.414912 1 
1 0.297872 0.041281 0.474859 0.003467 0.422915 0.414912 0 
1 0.319149 0.041281 0.530497 0.003467 0.422915 0.414912 0 
1 0.340426 0.041582 0.550283 0.003467 0.422915 0.414912 1 
1 0.361702 0.041281 0.54582 0.003467 0.422915 0.414912 0 
1 0.382979 0.041732 0.575126 0.003467 0.422915 0.414912 1 
1 0.404255 0.041582 0.586879 0.003467 0.422915 0.414912 1 
1 0.425532 0.041582 0.56263 0.003467 0.422915 0.414912 1 
1 0.446809 0.041582 0.541506 0.003467 0.422915 0.414912 1 
1 0.468085 0.041582 0.522761 0.003467 0.422915 0.414912 1 
1 0.489362 0.041582 0.50967 0.003467 0.422915 0.414912 1 
1 0.510638 0.041582 0.495983 0.003467 0.422915 0.414912 1 
1 0.531915 0.041281 0.487206 0.003467 0.422915 0.414912 0 
1 0.553191 0.041281 0.491223 0.003467 0.422915 0.414912 0 
1 0.574468 0.041582 0.482148 0.003467 0.422915 0.414912 1 
1 0.595745 0.041281 0.475454 0.003467 0.422915 0.414912 0 
1 0.617021 0.041281 0.453585 0.003467 0.422915 0.414912 0 
1 0.638298 0.041281 0.449717 0.003467 0.422915 0.414912 0 
1 0.659574 0.041281 0.46266 0.003467 0.422915 0.414912 0 
1 0.680851 0.041732 0.473073 0.003467 0.422915 0.414912 1 
1 0.702128 0.041732 0.502083 0.003467 0.422915 0.414912 1 
1 0.723404 0.049267 0.557126 0.003467 0.422915 0.414912 1 
1 0.744681 0.048247 0.6687 0.003467 0.422915 0.414912 1 
1 0.765957 0.048247 0.688188 0.003467 0.422915 0.414912 1 
1 0.787234 0.041732 0.675245 0.003467 0.422915 0.414912 0 
1 0.808511 0.041582 0.637757 0.003467 0.422915 0.414912 0 
1 0.829787 0.041732 0.616781 0.003467 0.422915 0.414912 0 
1 0.851064 0.041732 0.591639 0.003467 0.422915 0.414912 0 
1 0.87234 0.041582 0.570217 0.003467 0.422915 0.414912 0 
1 0.893617 0.041732 0.527522 0.003467 0.422915 0.414912 0 
1 0.914894 0.041281 0.476644 0.003467 0.422915 0.414912 0 
1 0.93617 0.041732 0.519042 0.003467 0.422915 0.414912 0 
1 0.957447 0.048247 0.529753 0.003467 0.422915 0.414912 1 
1 0.978723 0.049267 0.537935 0.003467 0.422915 0.414912 1 
1 1 0.048247 0.533472 0.003467 0.422915 0.414912 1 
