1 0 0.028221 0.240702 0.000837 0.267478 0.753947 0 
1 0.021277 0.028221 0.212288 0.000835 0.242103 0.753947 0 
1 0.042553 0.027111 0.173907 0.000837 0.297514 0.732018 0 
1 0.06383 0.024409 0.144302 0.000841 0.283014 0.732018 0 
1 0.085106 0.019575 0.117525 0.000841 0.237701 0.819737 0 
1 0.106383 0.018014 0.103987 0.000839 0.210513 0.841667 0 
1 0.12766 0.018554 0.101012 0.000823 0.184878 0.841667 0 
1 0.148936 0.018284 0.097888 0.000816 0.174262 0.841667 0 
1 0.170213 0.018014 0.098036 0.000821 0.161056 0.863596 0 
1 0.191489 0.017173 0.105475 0.000821 0.157949 0.874561 0 
1 0.212766 0.021256 0.119756 0.000818 0.149663 0.874561 0 
1 0.234043 0.021256 0.133889 0.000818 0.143708 0.874561 0 
1 0.255319 0.021917 0.149509 0.000825 0.157949 0.863596 0 
1 0.276596 0.024529 0.189824 0.00069 0.165199 0.863596 0 
1 0.297872 0.02609 0.239215 0.000827 0.168307 0.841667 0 
1 0.319149 0.028462 0.279976 0.000569 0.186691 0.841667 1 
1 0.340426 0.028522 0.321184 0.000671 0.204039 0.775877 1 
1 0.361702 0.028462 0.347664 0.000721 0.216468 0.813158 1 
1 0.382979 0.028582 0.357483 0.000569 0.23537 0.857018 1 
1 0.404255 0.028462 0.362392 0.000821 0.237701 0.857018 1 
1 0.425532 0.028522 0.36388 0.000821 0.252978 0.841667 1 
1 0.446809 0.028822 0.367004 0.000767 0.254531 0.841667 1 
1 0.468085 0.028642 0.361053 0.000769 0.254272 0.841667 1 
1 0.489362 0.028462 0.347218 0.000671 0.241585 0.841667 1 
1 0.510638 0.029002 0.333085 0.00096 0.234335 0.861842 1 
1 0.531915 0.028462 0.323564 0.000665 0.223459 0.841667 1 
1 0.553191 0.028462 0.316572 0.000712 0.219057 0.841667 1 
1 0.574468 0.028462 0.30601 0.000762 0.215432 0.753947 1 
1 0.595745 0.028462 0.301101 0.000762 0.214915 0.753947 1 
1 0.617021 0.028462 0.300803 0.000814 0.214915 0.753947 1 
1 0.638298 0.028462 0.304969 0.000762 0.218281 0.732018 1 
1 0.659574 0.028462 0.311812 0.000816 0.224754 0.732018 1 
1 0.680851 0.028462 0.309283 0.000818 0.239254 0.732018 1 
1 0.702128 0.028762 0.333085 0.000812 0.249871 0.710088 1 
1 0.723404 0.028462 0.343648 0.000818 0.25971 0.797807 1 
1 0.744681 0.028462 0.353317 0.000827 0.267219 0.841667 1 
1 0.765957 0.028702 0.371467 0.000821 0.277059 0.841667 1 
1 0.787234 0.031014 0.382178 0.001404 0.300104 0.813158 1 
1 0.808511 0.029693 0.36983 0.000866 0.32522 0.769298 1 
1 0.829787 0.028822 0.356442 0.000823 0.319006 0.769298 1 
1 0.851064 0.032034 0.332193 0.001975 0.294666 0.813596 1 
1 0.87234 0.031524 0.299167 0.001782 0.270326 0.769298 1 
1 0.893617 0.032184 0.31568 0.001975 0.24521 0.876316 1 
1 0.914894 0.032214 0.315977 0.001975 0.216986 0.859649 1 
1 0.93617 0.032815 0.329961 0.001975 0.201709 0.866667 1 
1 0.957447 0.031374 0.302589 0.001521 0.194718 0.760526 1 
1 0.978723 0.029693 0.294555 0.001049 0.267737 0.760526 1 
1 1 0.028702 0.251413 0.000737 0.267996 0.749561 1 
