5 0 0.032905 0.446147 0.002113 0.404713 0.763596 1 
5 0.021277 0.030413 0.400922 0.001919 0.384257 0.748246 0 
5 0.042553 0.033445 0.37474 0.002106 0.438892 0.717982 1 
5 0.06383 0.030503 0.318655 0.001938 0.415847 0.72193 0 
5 0.085106 0.030443 0.262124 0.001886 0.381668 0.67807 0 
5 0.106383 0.029422 0.224338 0.001776 0.343604 0.67807 0 
5 0.12766 0.028942 0.185957 0.001762 0.312273 0.67807 0 
5 0.148936 0.028402 0.167807 0.00162 0.297255 0.74386 0 
5 0.170213 0.028372 0.159179 0.001726 0.293112 0.765789 0 
5 0.191489 0.029002 0.165427 0.00092 0.285344 0.765789 0 
5 0.212766 0.029062 0.188188 0.00092 0.286121 0.765789 0 
5 0.234043 0.029002 0.226569 0.00183 0.311497 0.756579 0 
5 0.255319 0.030023 0.307051 0.001915 0.373382 0.739474 0 
5 0.276596 0.030353 0.373103 0.001953 0.438633 0.69693 0 
5 0.297872 0.029002 0.387236 0.001882 0.464008 0.632018 0 
5 0.319149 0.029332 0.457453 0.001928 0.51709 0.550439 0 
5 0.340426 0.029422 0.504612 0.001953 0.551787 0.526316 0 
5 0.361702 0.029422 0.525885 0.001967 0.57043 0.494737 0 
5 0.382979 0.029633 0.55787 0.001986 0.566287 0.501316 0 
5 0.404255 0.029512 0.569622 0.00198 0.564733 0.521053 0 
5 0.425532 0.029422 0.567688 0.001969 0.553858 0.529386 0 
5 0.446809 0.029422 0.558316 0.001963 0.55334 0.546491 0 
5 0.468085 0.029392 0.551324 0.001955 0.544795 0.546491 0 
5 0.489362 0.029392 0.54939 0.001957 0.544019 0.546491 0 
5 0.510638 0.029392 0.545225 0.00193 0.525375 0.546491 0 
5 0.531915 0.029422 0.538084 0.001932 0.520197 0.546491 0 
5 0.553191 0.030563 0.53258 0.001984 0.536251 0.578509 1 
5 0.574468 0.035427 0.525439 0.002383 0.521233 0.534649 1 
5 0.595745 0.035427 0.521571 0.00241 0.51217 0.513596 1 
5 0.617021 0.035427 0.513984 0.002414 0.505955 0.534649 1 
5 0.638298 0.035427 0.516067 0.002408 0.496634 0.523684 1 
5 0.659574 0.032365 0.520381 0.002198 0.490419 0.514035 1 
5 0.680851 0.029422 0.528563 0.001996 0.486277 0.495175 0 
5 0.702128 0.030473 0.551919 0.002069 0.494045 0.510088 0 
5 0.723404 0.030924 0.578251 0.002094 0.506732 0.54386 1 
5 0.744681 0.036988 0.633145 0.002516 0.566028 0.445175 1 
5 0.765957 0.03915 0.637757 0.002694 0.616261 0.407456 1 
5 0.787234 0.034406 0.609194 0.00236 0.597877 0.42193 1 
5 0.808511 0.029482 0.562928 0.002025 0.56059 0.444298 0 
5 0.829787 0.029392 0.524993 0.002013 0.539099 0.447368 0 
5 0.851064 0.029422 0.50967 0.002002 0.513206 0.475 0 
5 0.87234 0.029272 0.481999 0.001986 0.489384 0.521053 0 
5 0.893617 0.029002 0.441386 0.001951 0.46349 0.545175 0 
5 0.914894 0.027531 0.402261 0.001853 0.43216 0.571491 0 
5 0.93617 0.029542 0.458048 0.001969 0.414034 0.625439 0 
5 0.957447 0.029993 0.475156 0.001971 0.391507 0.624123 0 
5 0.978723 0.035427 0.480214 0.002347 0.449508 0.640789 1 
5 1 0.043593 0.470842 0.002497 0.430088 0.650439 1 
