7 0 0.040261 0.515323 0.002609 0.410668 0.772807 0 
7 0.021277 0.040261 0.505653 0.0023 0.381409 0.833772 0 
7 0.042553 0.040171 0.471288 0.002503 0.431124 0.75614 0 
7 0.06383 0.033926 0.414162 0.002177 0.408597 0.791228 0 
7 0.085106 0.030413 0.348408 0.001911 0.378042 0.801754 0 
7 0.106383 0.031044 0.29396 0.001894 0.337649 0.831579 0 
7 0.12766 0.029392 0.24695 0.001805 0.302952 0.831579 0 
7 0.148936 0.029813 0.211098 0.001307 0.280166 0.816228 0 
7 0.170213 0.030473 0.189229 0.001066 0.261781 0.816228 0 
7 0.191489 0.027711 0.176584 0.000877 0.234593 0.816228 0 
7 0.212766 0.027201 0.184023 0.000908 0.223459 0.838158 0 
7 0.234043 0.027951 0.202618 0.000893 0.225531 0.838158 0 
7 0.255319 0.029843 0.240256 0.001759 0.236147 0.853509 0 
7 0.276596 0.032965 0.284439 0.001782 0.253755 0.831579 0 
7 0.297872 0.038489 0.346772 0.002002 0.254013 0.878947 1 
7 0.319149 0.048397 0.446147 0.002505 0.292336 0.878947 1 
7 0.340426 0.048247 0.514133 0.002881 0.326256 0.861842 1 
7 0.361702 0.1049 0.556531 0.003587 0.355515 0.787719 1 
7 0.382979 0.070734 0.575126 0.004572 0.375971 0.825877 1 
7 0.404255 0.048097 0.558167 0.003101 0.385293 0.798246 1 
7 0.425532 0.042422 0.535555 0.002736 0.382185 0.803947 1 
7 0.446809 0.040681 0.494198 0.002619 0.374935 0.818421 1 
7 0.468085 0.03993 0.468462 0.002559 0.367944 0.795614 1 
7 0.489362 0.037979 0.445403 0.002422 0.353703 0.816667 1 
7 0.510638 0.034286 0.421006 0.002148 0.335836 0.823246 0 
7 0.531915 0.032635 0.401517 0.002048 0.324443 0.823246 0 
7 0.553191 0.033265 0.382624 0.002129 0.332729 0.788158 0 
7 0.574468 0.031374 0.366111 0.002017 0.32522 0.789474 0 
7 0.595745 0.028792 0.346177 0.001853 0.311238 0.790351 0 
7 0.617021 0.027321 0.335317 0.001764 0.289746 0.785526 0 
7 0.638298 0.027471 0.335912 0.001776 0.284309 0.808772 0 
7 0.659574 0.030713 0.341863 0.001988 0.283273 0.782018 0 
7 0.680851 0.029723 0.365219 0.001926 0.294148 0.777193 0 
7 0.702128 0.037288 0.435882 0.002416 0.334283 0.715351 1 
7 0.723404 0.06527 0.51562 0.004287 0.410927 0.630263 1 
7 0.744681 0.096643 0.597292 0.006433 0.478767 0.623246 1 
7 0.765957 0.081692 0.59878 0.005451 0.484205 0.60307 1 
7 0.787234 0.054131 0.576019 0.003594 0.455463 0.660088 1 
7 0.808511 0.041341 0.537786 0.002713 0.428793 0.707456 1 
7 0.829787 0.040801 0.494198 0.002655 0.407561 0.736404 1 
7 0.851064 0.042843 0.481702 0.002765 0.378819 0.773246 1 
7 0.87234 0.043743 0.464891 0.002817 0.365096 0.780263 1 
7 0.893617 0.047796 0.447486 0.00297 0.340497 0.791228 1 
7 0.914894 0.038489 0.417733 0.002443 0.323408 0.789035 0 
7 0.93617 0.046265 0.437221 0.002896 0.323925 0.824123 1 
7 0.957447 0.084784 0.43975 0.005474 0.313827 0.674561 1 
7 0.978723 0.1711 0.440048 0.011298 0.359658 0.622807 1 
7 1 0.095833 0.413567 0.006334 0.357328 0.676316 1 
