5 0 0.029062 0.451056 0.001832 0.40057 0.625439 1 
5 0.021277 0.029002 0.427403 0.001799 0.371051 0.660526 1 
5 0.042553 0.029002 0.394674 0.00182 0.435008 0.583772 1 
5 0.06383 0.028972 0.336061 0.001795 0.4174 0.585965 1 
5 0.085106 0.028972 0.28072 0.00177 0.375194 0.612281 1 
5 0.106383 0.028942 0.238173 0.001764 0.342051 0.612281 1 
5 0.12766 0.028942 0.199197 0.001473 0.308907 0.612281 1 
5 0.148936 0.028762 0.175692 0.001635 0.298291 0.741667 1 
5 0.170213 0.027561 0.162452 0.001774 0.285862 0.753509 0 
5 0.191489 0.027501 0.164386 0.001772 0.273951 0.769737 0 
5 0.212766 0.027921 0.194139 0.001799 0.273692 0.782456 0 
5 0.234043 0.028672 0.240107 0.001795 0.299068 0.752632 1 
5 0.255319 0.028852 0.335912 0.001828 0.361471 0.639474 1 
5 0.276596 0.028912 0.418923 0.001836 0.432677 0.563596 1 
5 0.297872 0.028762 0.436924 0.001905 0.481357 0.471053 1 
5 0.319149 0.028942 0.499256 0.001946 0.541688 0.444298 1 
5 0.340426 0.028582 0.513389 0.00194 0.56318 0.457456 0 
5 0.361702 0.027441 0.50119 0.001863 0.563956 0.499561 0 
5 0.382979 0.028101 0.510414 0.001907 0.569135 0.468421 0 
5 0.404255 0.027621 0.507141 0.001882 0.56318 0.460526 0 
5 0.425532 0.027741 0.509372 0.001886 0.566287 0.322807 0 
5 0.446809 0.027261 0.504165 0.001843 0.568358 0.351316 0 
5 0.468085 0.027501 0.497322 0.001857 0.568099 0.318421 0 
5 0.489362 0.027291 0.493603 0.001845 0.567582 0.335526 0 
5 0.510638 0.027231 0.48438 0.001847 0.564733 0.342982 0 
5 0.531915 0.027501 0.478578 0.001855 0.562921 0.344737 0 
5 0.553191 0.027351 0.477834 0.001838 0.578716 0.344737 0 
5 0.574468 0.027291 0.474859 0.00183 0.571466 0.348246 0 
5 0.595745 0.027261 0.47114 0.001824 0.553599 0.40614 0 
5 0.617021 0.027501 0.465635 0.001857 0.552563 0.25 0 
5 0.638298 0.027321 0.461321 0.001867 0.539099 0.272807 0 
5 0.659574 0.027231 0.462511 0.001859 0.538322 0.281579 0 
5 0.680851 0.027231 0.467569 0.001853 0.536251 0.285965 0 
5 0.702128 0.027231 0.480661 0.001857 0.535992 0.352632 0 
5 0.723404 0.027531 0.511009 0.001865 0.564733 0.359649 0 
5 0.744681 0.028852 0.587176 0.001965 0.636199 0.270614 1 
5 0.765957 0.029062 0.595656 0.001967 0.675557 0.147807 1 
5 0.787234 0.028642 0.569176 0.001936 0.642413 0.372368 1 
5 0.808511 0.027321 0.528265 0.001849 0.606422 0.339474 0 
5 0.829787 0.027231 0.495537 0.001828 0.576126 0.376754 0 
5 0.851064 0.027231 0.473817 0.00183 0.548938 0.422368 0 
5 0.87234 0.027231 0.454924 0.001832 0.525117 0.465351 0 
5 0.893617 0.027081 0.422196 0.001832 0.488866 0.522807 0 
5 0.914894 0.02618 0.389021 0.00177 0.457535 0.484211 0 
5 0.93617 0.027231 0.436477 0.001809 0.428017 0.577193 0 
5 0.957447 0.027231 0.454478 0.001768 0.400052 0.606579 0 
5 0.978723 0.027561 0.459536 0.001789 0.460901 0.526316 0 
5 1 0.028852 0.453288 0.001845 0.448213 0.63114 1 
