2 0 0.067731 0.358078 0.003467 0.422915 0.414912 0 
2 0.021277 0.056593 0.293068 0.003467 0.422915 0.414912 0 
2 0.042553 0.056593 0.237578 0.003467 0.422915 0.414912 0 
2 0.06383 0.055242 0.193097 0.003467 0.422915 0.414912 0 
2 0.085106 0.066951 0.164237 0.003467 0.422915 0.414912 0 
2 0.106383 0.072145 0.145939 0.003467 0.422915 0.414912 0 
2 0.12766 0.072055 0.128831 0.003467 0.422915 0.414912 0 
2 0.148936 0.055242 0.137608 0.003467 0.422915 0.414912 0 
2 0.170213 0.074517 0.159328 0.003467 0.422915 0.414912 0 
2 0.191489 0.076138 0.194139 0.003467 0.422915 0.414912 0 
2 0.212766 0.07902 0.266141 0.003467 0.422915 0.414912 0 
2 0.234043 0.077369 0.346623 0.003467 0.422915 0.414912 0 
2 0.255319 0.085655 0.366855 0.003467 0.422915 0.414912 1 
2 0.276596 0.067551 0.420411 0.003467 0.422915 0.414912 0 
2 0.297872 0.075387 0.441089 0.003467 0.422915 0.414912 0 
2 0.319149 0.089408 0.447932 0.003467 0.422915 0.414912 1 
2 0.340426 0.096073 0.493752 0.003467 0.422915 0.414912 1 
2 0.361702 0.096073 0.515472 0.003467 0.422915 0.414912 1 
2 0.382979 0.100546 0.517852 0.003467 0.422915 0.414912 1 
2 0.404255 0.096073 0.509967 0.003467 0.422915 0.414912 1 
2 0.425532 0.096073 0.505802 0.003467 0.422915 0.414912 1 
2 0.446809 0.0916 0.511009 0.003467 0.422915 0.414912 1 
2 0.468085 0.089408 0.509967 0.003467 0.422915 0.414912 1 
2 0.489362 0.096073 0.512794 0.003467 0.422915 0.414912 1 
2 0.510638 0.0916 0.522464 0.003467 0.422915 0.414912 1 
2 0.531915 0.096854 0.513389 0.003467 0.422915 0.414912 1 
2 0.553191 0.096073 0.512943 0.003467 0.422915 0.414912 1 
2 0.574468 0.096854 0.512199 0.003467 0.422915 0.414912 1 
2 0.595745 0.100546 0.505058 0.003467 0.422915 0.414912 1 
2 0.617021 0.100546 0.509521 0.003467 0.422915 0.414912 1 
2 0.638298 0.100546 0.513835 0.003467 0.422915 0.414912 1 
2 0.659574 0.100546 0.512794 0.003467 0.422915 0.414912 1 
2 0.680851 0.102078 0.50119 0.003467 0.422915 0.414912 1 
2 0.702128 0.075387 0.488099 0.003467 0.422915 0.414912 0 
2 0.723404 0.067551 0.450759 0.003467 0.422915 0.414912 0 
2 0.744681 0.067551 0.427254 0.003467 0.422915 0.414912 0 
2 0.765957 0.058034 0.395864 0.003467 0.422915 0.414912 0 
2 0.787234 0.058034 0.3795 0.003467 0.422915 0.414912 0 
2 0.808511 0.058034 0.402708 0.003467 0.422915 0.414912 0 
2 0.829787 0.058034 0.414311 0.003467 0.422915 0.414912 0 
2 0.851064 0.058034 0.382029 0.003467 0.422915 0.414912 0 
2 0.87234 0.067551 0.354508 0.003467 0.422915 0.414912 0 
2 0.893617 0.075387 0.385748 0.003467 0.422915 0.414912 0 
2 0.914894 0.075387 0.396162 0.003467 0.422915 0.414912 0 
2 0.93617 0.090068 0.415055 0.003467 0.422915 0.414912 1 
2 0.957447 0.081212 0.410443 0.003467 0.422915 0.414912 1 
2 0.978723 0.080101 0.401666 0.003467 0.422915 0.414912 1 
2 1 0.067551 0.371467 0.003467 0.422915 0.414912 0 
