5 0 0.109493 0.58435 0.003467 0.422915 0.414912 1 
5 0.021277 0.096703 0.563672 0.003467 0.422915 0.414912 1 
5 0.042553 0.081632 0.541803 0.003467 0.422915 0.414912 0 
5 0.06383 0.06599 0.476793 0.003467 0.422915 0.414912 0 
5 0.085106 0.06599 0.417733 0.003467 0.422915 0.414912 0 
5 0.106383 0.06599 0.365665 0.003467 0.422915 0.414912 0 
5 0.12766 0.06599 0.319548 0.003467 0.422915 0.414912 0 
5 0.148936 0.06599 0.285481 0.003467 0.422915 0.414912 0 
5 0.170213 0.050648 0.259595 0.003467 0.422915 0.414912 0 
5 0.191489 0.041642 0.253942 0.003467 0.422915 0.414912 0 
5 0.212766 0.041492 0.280125 0.003467 0.422915 0.414912 0 
5 0.234043 0.041642 0.326093 0.003467 0.422915 0.414912 0 
5 0.255319 0.041792 0.436477 0.003467 0.422915 0.414912 0 
5 0.276596 0.043383 0.562928 0.003467 0.422915 0.414912 0 
5 0.297872 0.041912 0.608599 0.003467 0.422915 0.414912 0 
5 0.319149 0.041912 0.695626 0.003467 0.422915 0.414912 0 
5 0.340426 0.041732 0.715115 0.003467 0.422915 0.414912 0 
5 0.361702 0.041642 0.700684 0.003467 0.422915 0.414912 0 
5 0.382979 0.043383 0.724933 0.003467 0.422915 0.414912 0 
5 0.404255 0.041912 0.719875 0.003467 0.422915 0.414912 0 
5 0.425532 0.041732 0.676436 0.003467 0.422915 0.414912 0 
5 0.446809 0.041642 0.644897 0.003467 0.422915 0.414912 0 
5 0.468085 0.041642 0.628533 0.003467 0.422915 0.414912 0 
5 0.489362 0.041732 0.608599 0.003467 0.422915 0.414912 0 
5 0.510638 0.041642 0.585689 0.003467 0.422915 0.414912 0 
5 0.531915 0.041642 0.568878 0.003467 0.422915 0.414912 0 
5 0.553191 0.041642 0.555638 0.003467 0.422915 0.414912 0 
5 0.574468 0.041612 0.539274 0.003467 0.422915 0.414912 0 
5 0.595745 0.041612 0.526034 0.003467 0.422915 0.414912 0 
5 0.617021 0.041612 0.514133 0.003467 0.422915 0.414912 0 
5 0.638298 0.041612 0.499107 0.003467 0.422915 0.414912 0 
5 0.659574 0.041612 0.507736 0.003467 0.422915 0.414912 0 
5 0.680851 0.041732 0.519637 0.003467 0.422915 0.414912 0 
5 0.702128 0.041642 0.555192 0.003467 0.422915 0.414912 0 
5 0.723404 0.041642 0.620797 0.003467 0.422915 0.414912 0 
5 0.744681 0.041642 0.694585 0.003467 0.422915 0.414912 0 
5 0.765957 0.041732 0.698899 0.003467 0.422915 0.414912 0 
5 0.787234 0.041642 0.67837 0.003467 0.422915 0.414912 0 
5 0.808511 0.041642 0.642963 0.003467 0.422915 0.414912 0 
5 0.829787 0.041582 0.606813 0.003467 0.422915 0.414912 0 
5 0.851064 0.041642 0.585838 0.003467 0.422915 0.414912 0 
5 0.87234 0.041642 0.564862 0.003467 0.422915 0.414912 0 
5 0.893617 0.041612 0.536894 0.003467 0.422915 0.414912 0 
5 0.914894 0.041492 0.485867 0.003467 0.422915 0.414912 0 
5 0.93617 0.041732 0.528265 0.003467 0.422915 0.414912 0 
5 0.957447 0.041732 0.540018 0.003467 0.422915 0.414912 0 
5 0.978723 0.041732 0.555936 0.003467 0.422915 0.414912 0 
5 1 0.041732 0.54701 0.003467 0.422915 0.414912 0 
