3 0 0.076858 0.559804 0.00501 0.477473 0.685965 1 
3 0.021277 0.073166 0.542696 0.004695 0.439151 0.694298 1 
3 0.042553 0.077999 0.520232 0.005031 0.496116 0.634649 1 
3 0.06383 0.076918 0.472627 0.004913 0.473589 0.688158 1 
3 0.085106 0.073646 0.418625 0.004684 0.445106 0.713158 1 
3 0.106383 0.065029 0.369979 0.004128 0.405489 0.783333 0 
3 0.12766 0.046776 0.31449 0.00297 0.373382 0.751754 0 
3 0.148936 0.03912 0.279232 0.002501 0.337649 0.723246 0 
3 0.170213 0.027921 0.256471 0.001801 0.310461 0.702193 0 
3 0.191489 0.029753 0.253645 0.001928 0.294666 0.697368 0 
3 0.212766 0.041161 0.282356 0.002659 0.300363 0.774123 0 
3 0.234043 0.050078 0.343499 0.003216 0.326256 0.789035 0 
3 0.255319 0.082293 0.456561 0.005245 0.41507 0.779825 1 
3 0.276596 0.087727 0.575424 0.005571 0.497152 0.687719 1 
3 0.297872 0.073856 0.612764 0.004809 0.558519 0.582895 1 
3 0.319149 0.086286 0.688932 0.005669 0.619627 0.560526 1 
3 0.340426 0.089708 0.704701 0.005933 0.661574 0.510526 1 
3 0.361702 0.082773 0.677328 0.005498 0.658985 0.505702 1 
3 0.382979 0.089558 0.705296 0.00596 0.674521 0.53114 1 
3 0.404255 0.086796 0.712586 0.005748 0.658208 0.531579 1 
3 0.425532 0.083734 0.694287 0.005534 0.654065 0.568421 1 
3 0.446809 0.06593 0.65427 0.004381 0.644744 0.513596 0 
3 0.468085 0.072145 0.643856 0.004778 0.634127 0.564912 0 
3 0.489362 0.082623 0.635823 0.005415 0.629984 0.577632 1 
3 0.510638 0.07896 0.625855 0.005133 0.598136 0.560088 1 
3 0.531915 0.07851 0.613805 0.005033 0.595546 0.634211 1 
3 0.553191 0.07872 0.610533 0.00505 0.604609 0.580263 1 
3 0.574468 0.0783 0.606218 0.005029 0.603832 0.567544 1 
3 0.595745 0.073346 0.580333 0.00474 0.593216 0.603947 0 
3 0.617021 0.072775 0.567539 0.004726 0.596841 0.592982 0 
3 0.638298 0.072775 0.561738 0.004726 0.579751 0.574123 0 
3 0.659574 0.072775 0.577358 0.00473 0.570948 0.608772 0 
3 0.680851 0.072775 0.599821 0.004742 0.569394 0.563596 0 
3 0.702128 0.077039 0.646831 0.004996 0.590109 0.659649 1 
3 0.723404 0.074997 0.724784 0.004911 0.625065 0.683772 1 
3 0.744681 0.089648 0.80244 0.005874 0.687468 0.582456 1 
3 0.765957 0.089018 0.807051 0.005837 0.70637 0.578509 1 
3 0.787234 0.085445 0.782059 0.005638 0.67478 0.574561 1 
3 0.808511 0.069803 0.736537 0.004632 0.637494 0.522807 0 
3 0.829787 0.06569 0.706932 0.004393 0.611341 0.506579 0 
3 0.851064 0.054672 0.675989 0.003635 0.577939 0.495175 0 
3 0.87234 0.053711 0.644302 0.003546 0.558778 0.517105 0 
3 0.893617 0.051099 0.603243 0.003386 0.527965 0.579386 0 
3 0.914894 0.043353 0.555341 0.002896 0.498446 0.570175 0 
3 0.93617 0.05239 0.581523 0.00345 0.458571 0.673684 0 
3 0.957447 0.046505 0.576763 0.003035 0.430865 0.658772 0 
3 0.978723 0.080491 0.577358 0.005368 0.508804 0.658772 1 
3 1 0.083854 0.568283 0.003978 0.493527 0.600439 1 
