7 0 0.077639 0.242041 0.003467 0.422915 0.414912 0 
7 0.021277 0.048487 0.192651 0.003467 0.422915 0.414912 0 
7 0.042553 0.048487 0.153526 0.003467 0.422915 0.414912 0 
7 0.06383 0.047526 0.121541 0.003467 0.422915 0.414912 0 
7 0.085106 0.047526 0.099375 0.003467 0.422915 0.414912 0 
7 0.106383 0.047526 0.072895 0.003467 0.422915 0.414912 0 
7 0.12766 0.047526 0.061143 0.003467 0.422915 0.414912 0 
7 0.148936 0.047526 0.054597 0.003467 0.422915 0.414912 0 
7 0.170213 0.069443 0.059357 0.003467 0.422915 0.414912 0 
7 0.191489 0.069443 0.058911 0.003467 0.422915 0.414912 0 
7 0.212766 0.069443 0.074978 0.003467 0.422915 0.414912 0 
7 0.234043 0.069443 0.100714 0.003467 0.422915 0.414912 0 
7 0.255319 0.072745 0.12407 0.003467 0.422915 0.414912 0 
7 0.276596 0.077639 0.177477 0.003467 0.422915 0.414912 0 
7 0.297872 0.083554 0.229694 0.003467 0.422915 0.414912 1 
7 0.319149 0.093281 0.274472 0.003467 0.422915 0.414912 1 
7 0.340426 0.083554 0.31925 0.003467 0.422915 0.414912 1 
7 0.361702 0.093671 0.348259 0.003467 0.422915 0.414912 1 
7 0.382979 0.083554 0.353466 0.003467 0.422915 0.414912 1 
7 0.404255 0.089558 0.334276 0.003467 0.422915 0.414912 1 
7 0.425532 0.077639 0.329069 0.003467 0.422915 0.414912 1 
7 0.446809 0.077639 0.318209 0.003467 0.422915 0.414912 1 
7 0.468085 0.077639 0.301696 0.003467 0.422915 0.414912 1 
7 0.489362 0.074817 0.28801 0.003467 0.422915 0.414912 1 
7 0.510638 0.074817 0.265546 0.003467 0.422915 0.414912 1 
7 0.531915 0.059265 0.24576 0.003467 0.422915 0.414912 0 
7 0.553191 0.059265 0.230735 0.003467 0.422915 0.414912 0 
7 0.574468 0.048487 0.223445 0.003467 0.422915 0.414912 0 
7 0.595745 0.048487 0.219131 0.003467 0.422915 0.414912 0 
7 0.617021 0.048487 0.220916 0.003467 0.422915 0.414912 0 
7 0.638298 0.074817 0.223148 0.003467 0.422915 0.414912 1 
7 0.659574 0.074817 0.227016 0.003467 0.422915 0.414912 1 
7 0.680851 0.059265 0.22166 0.003467 0.422915 0.414912 0 
7 0.702128 0.059265 0.240107 0.003467 0.422915 0.414912 0 
7 0.723404 0.048487 0.258852 0.003467 0.422915 0.414912 0 
7 0.744681 0.059265 0.266587 0.003467 0.422915 0.414912 0 
7 0.765957 0.059265 0.267034 0.003467 0.422915 0.414912 0 
7 0.787234 0.059265 0.290092 0.003467 0.422915 0.414912 0 
7 0.808511 0.074817 0.327879 0.003467 0.422915 0.414912 1 
7 0.829787 0.077639 0.336656 0.003467 0.422915 0.414912 1 
7 0.851064 0.074817 0.309134 0.003467 0.422915 0.414912 1 
7 0.87234 0.077639 0.270455 0.003467 0.422915 0.414912 1 
7 0.893617 0.077639 0.291729 0.003467 0.422915 0.414912 1 
7 0.914894 0.077639 0.291282 0.003467 0.422915 0.414912 1 
7 0.93617 0.074817 0.299911 0.003467 0.422915 0.414912 1 
7 0.957447 0.074817 0.283695 0.003467 0.422915 0.414912 1 
7 0.978723 0.059265 0.297382 0.003467 0.422915 0.414912 0 
7 1 0.074817 0.248884 0.003467 0.422915 0.414912 1 
