1 0 0.048697 0.325052 0.003467 0.422915 0.414912 0 
1 0.021277 0.047496 0.289646 0.003467 0.422915 0.414912 0 
1 0.042553 0.046385 0.276703 0.003467 0.422915 0.414912 0 
1 0.06383 0.046385 0.234157 0.003467 0.422915 0.414912 0 
1 0.085106 0.043263 0.19518 0.003467 0.422915 0.414912 0 
1 0.106383 0.043263 0.171378 0.003467 0.422915 0.414912 0 
1 0.12766 0.043263 0.149955 0.003467 0.422915 0.414912 0 
1 0.148936 0.043263 0.140137 0.003467 0.422915 0.414912 0 
1 0.170213 0.044344 0.132996 0.003467 0.422915 0.414912 0 
1 0.191489 0.044344 0.139244 0.003467 0.422915 0.414912 0 
1 0.212766 0.061997 0.175692 0.003467 0.422915 0.414912 0 
1 0.234043 0.063919 0.222107 0.003467 0.422915 0.414912 0 
1 0.255319 0.089648 0.317316 0.003467 0.422915 0.414912 1 
1 0.276596 0.089648 0.432014 0.003467 0.422915 0.414912 1 
1 0.297872 0.073226 0.428146 0.003467 0.422915 0.414912 1 
1 0.319149 0.090249 0.476644 0.003467 0.422915 0.414912 1 
1 0.340426 0.073226 0.494198 0.003467 0.422915 0.414912 1 
1 0.361702 0.073226 0.493603 0.003467 0.422915 0.414912 1 
1 0.382979 0.089648 0.533472 0.003467 0.422915 0.414912 1 
1 0.404255 0.090939 0.537489 0.003467 0.422915 0.414912 1 
1 0.425532 0.090669 0.518744 0.003467 0.422915 0.414912 1 
1 0.446809 0.089648 0.500446 0.003467 0.422915 0.414912 1 
1 0.468085 0.090669 0.483041 0.003467 0.422915 0.414912 1 
1 0.489362 0.089648 0.479322 0.003467 0.422915 0.414912 1 
1 0.510638 0.090669 0.472032 0.003467 0.422915 0.414912 1 
1 0.531915 0.090669 0.462362 0.003467 0.422915 0.414912 1 
1 0.553191 0.090669 0.461321 0.003467 0.422915 0.414912 1 
1 0.574468 0.089648 0.454924 0.003467 0.422915 0.414912 1 
1 0.595745 0.073226 0.43499 0.003467 0.422915 0.414912 1 
1 0.617021 0.054912 0.433651 0.003467 0.422915 0.414912 0 
1 0.638298 0.073226 0.4277 0.003467 0.422915 0.414912 1 
1 0.659574 0.073226 0.427105 0.003467 0.422915 0.414912 1 
1 0.680851 0.073226 0.435733 0.003467 0.422915 0.414912 1 
1 0.702128 0.054912 0.443618 0.003467 0.422915 0.414912 0 
1 0.723404 0.063919 0.458346 0.003467 0.422915 0.414912 0 
1 0.744681 0.103399 0.487206 0.003467 0.422915 0.414912 1 
1 0.765957 0.089648 0.539572 0.003467 0.422915 0.414912 1 
1 0.787234 0.090669 0.548646 0.003467 0.422915 0.414912 1 
1 0.808511 0.073226 0.512943 0.003467 0.422915 0.414912 1 
1 0.829787 0.049898 0.480363 0.003467 0.422915 0.414912 0 
1 0.851064 0.054912 0.458643 0.003467 0.422915 0.414912 0 
1 0.87234 0.073226 0.433651 0.003467 0.422915 0.414912 1 
1 0.893617 0.051699 0.398542 0.003467 0.422915 0.414912 0 
1 0.914894 0.051699 0.354359 0.003467 0.422915 0.414912 0 
1 0.93617 0.089648 0.406575 0.003467 0.422915 0.414912 1 
1 0.957447 0.089648 0.432907 0.003467 0.422915 0.414912 1 
1 0.978723 0.090669 0.453734 0.003467 0.422915 0.414912 1 
1 1 0.075057 0.445998 0.003467 0.422915 0.414912 1 
