4 0 0.099135 0.546712 0.003467 0.422915 0.414912 0 
4 0.021277 0.095803 0.525141 0.003467 0.422915 0.414912 0 
4 0.042553 0.063138 0.497471 0.003467 0.422915 0.414912 0 
4 0.06383 0.076798 0.437072 0.003467 0.422915 0.414912 0 
4 0.085106 0.079891 0.374442 0.003467 0.422915 0.414912 0 
4 0.106383 0.076798 0.325647 0.003467 0.422915 0.414912 0 
4 0.12766 0.076798 0.281315 0.003467 0.422915 0.414912 0 
4 0.148936 0.042272 0.243231 0.003467 0.422915 0.414912 0 
4 0.170213 0.075177 0.22166 0.003467 0.422915 0.414912 0 
4 0.191489 0.075207 0.215115 0.003467 0.422915 0.414912 0 
4 0.212766 0.075627 0.242339 0.003467 0.422915 0.414912 0 
4 0.234043 0.075868 0.293216 0.003467 0.422915 0.414912 0 
4 0.255319 0.086075 0.395567 0.003467 0.422915 0.414912 0 
4 0.276596 0.119731 0.517703 0.003467 0.422915 0.414912 0 
4 0.297872 0.091059 0.555489 0.003467 0.422915 0.414912 0 
4 0.319149 0.120001 0.635079 0.003467 0.422915 0.414912 0 
4 0.340426 0.091059 0.656204 0.003467 0.422915 0.414912 0 
4 0.361702 0.091059 0.637013 0.003467 0.422915 0.414912 0 
4 0.382979 0.119731 0.666468 0.003467 0.422915 0.414912 0 
4 0.404255 0.119731 0.67108 0.003467 0.422915 0.414912 0 
4 0.425532 0.119731 0.647724 0.003467 0.422915 0.414912 0 
4 0.446809 0.119731 0.625855 0.003467 0.422915 0.414912 0 
4 0.468085 0.120001 0.60964 0.003467 0.422915 0.414912 0 
4 0.489362 0.119731 0.599673 0.003467 0.422915 0.414912 0 
4 0.510638 0.119731 0.592681 0.003467 0.422915 0.414912 0 
4 0.531915 0.120001 0.584499 0.003467 0.422915 0.414912 0 
4 0.553191 0.15807 0.578251 0.003467 0.422915 0.414912 1 
4 0.574468 0.181968 0.570663 0.003467 0.422915 0.414912 1 
4 0.595745 0.120001 0.56144 0.003467 0.422915 0.414912 0 
4 0.617021 0.120001 0.550878 0.003467 0.422915 0.414912 0 
4 0.638298 0.120001 0.544927 0.003467 0.422915 0.414912 0 
4 0.659574 0.120151 0.556828 0.003467 0.422915 0.414912 0 
4 0.680851 0.120151 0.591044 0.003467 0.422915 0.414912 0 
4 0.702128 0.181968 0.652633 0.003467 0.422915 0.414912 1 
4 0.723404 0.209109 0.743082 0.003467 0.422915 0.414912 1 
4 0.744681 0.225351 0.808688 0.003467 0.422915 0.414912 1 
4 0.765957 0.209109 0.804225 0.003467 0.422915 0.414912 1 
4 0.787234 0.181968 0.786671 0.003467 0.422915 0.414912 1 
4 0.808511 0.160532 0.747694 0.003467 0.422915 0.414912 1 
4 0.829787 0.152756 0.720321 0.003467 0.422915 0.414912 1 
4 0.851064 0.221178 0.700387 0.003467 0.422915 0.414912 1 
4 0.87234 0.181968 0.668997 0.003467 0.422915 0.414912 1 
4 0.893617 0.152756 0.609194 0.003467 0.422915 0.414912 1 
4 0.914894 0.106611 0.544332 0.003467 0.422915 0.414912 0 
4 0.93617 0.152756 0.572449 0.003467 0.422915 0.414912 1 
4 0.957447 0.120001 0.573788 0.003467 0.422915 0.414912 0 
4 0.978723 0.120001 0.567986 0.003467 0.422915 0.414912 0 
4 1 0.120001 0.556084 0.003467 0.422915 0.414912 0 
