6 0 0.030954 0.387682 0.001984 0.384775 0.826316 0 
6 0.021277 0.033025 0.334424 0.001435 0.360953 0.857018 0 
6 0.042553 0.034917 0.286968 0.002227 0.413516 0.781579 0 
6 0.06383 0.036087 0.25186 0.001905 0.386846 0.813158 0 
6 0.085106 0.035037 0.221363 0.001415 0.32522 0.813158 0 
6 0.106383 0.034766 0.206784 0.001415 0.296996 0.857018 0 
6 0.12766 0.031074 0.204999 0.001415 0.243915 0.900877 0 
6 0.148936 0.034736 0.211544 0.001437 0.287416 0.900877 0 
6 0.170213 0.033415 0.238917 0.001437 0.301657 0.900877 0 
6 0.191489 0.032455 0.277596 0.00119 0.322631 0.900877 0 
6 0.212766 0.030173 0.357929 0.001888 0.377525 0.846491 0 
6 0.234043 0.031134 0.433651 0.00194 0.446401 0.82807 0 
6 0.255319 0.037408 0.464594 0.002376 0.532885 0.702632 0 
6 0.276596 0.034917 0.530794 0.002246 0.603573 0.639474 0 
6 0.297872 0.033385 0.569771 0.002162 0.573796 0.627193 0 
6 0.319149 0.030683 0.608747 0.001975 0.569135 0.70307 0 
6 0.340426 0.033806 0.677328 0.002152 0.574573 0.738158 0 
6 0.361702 0.035097 0.704106 0.002233 0.567582 0.692105 0 
6 0.382979 0.035397 0.723594 0.002258 0.569135 0.681579 0 
6 0.404255 0.035247 0.732223 0.002252 0.575091 0.685965 0 
6 0.425532 0.034046 0.743826 0.002171 0.587778 0.685088 0 
6 0.446809 0.035157 0.762124 0.002246 0.584412 0.698246 0 
6 0.468085 0.034496 0.767629 0.002202 0.581823 0.72193 0 
6 0.489362 0.033085 0.761678 0.002106 0.575867 0.740351 0 
6 0.510638 0.033085 0.782952 0.002102 0.574573 0.726316 0 
6 0.531915 0.033085 0.784439 0.002098 0.556965 0.754386 0 
6 0.553191 0.033085 0.794109 0.002096 0.554117 0.732018 0 
6 0.574468 0.033085 0.791729 0.0021 0.546349 0.767105 0 
6 0.595745 0.033025 0.776703 0.002092 0.536769 0.765351 0 
6 0.617021 0.032124 0.762571 0.002025 0.531849 0.789035 0 
6 0.638298 0.030563 0.734454 0.001926 0.528742 0.765789 0 
6 0.659574 0.029062 0.700833 0.001824 0.529259 0.783333 0 
6 0.680851 0.028822 0.660666 0.001741 0.520456 0.783333 0 
6 0.702128 0.027561 0.62407 0.001479 0.50492 0.718421 0 
6 0.723404 0.02633 0.568878 0.001215 0.463749 0.823684 0 
6 0.744681 0.028822 0.538828 0.001288 0.423097 0.829386 0 
6 0.765957 0.028822 0.515472 0.000995 0.383221 0.825877 0 
6 0.787234 0.028822 0.500595 0.000995 0.360435 0.813158 0 
6 0.808511 0.028972 0.506992 0.00114 0.383739 0.769298 0 
6 0.829787 0.029122 0.484677 0.001373 0.402123 0.769298 0 
6 0.851064 0.027921 0.450015 0.000995 0.375453 0.769298 0 
6 0.87234 0.027231 0.416543 0.000893 0.346194 0.791228 0 
6 0.893617 0.030173 0.439155 0.00085 0.312791 0.813158 0 
6 0.914894 0.030413 0.452246 0.000833 0.283014 0.791228 0 
6 0.93617 0.046896 0.473222 0.000835 0.272398 0.791228 1 
6 0.957447 0.041702 0.455073 0.000833 0.268255 0.791228 1 
6 0.978723 0.032124 0.431122 0.001298 0.346194 0.822368 0 
6 1 0.033806 0.401071 0.000881 0.34464 0.756579 1 
