5 0 0.032845 0.310622 0.002185 0.262558 0.644298 0 
5 0.021277 0.028281 0.258108 0.001882 0.230709 0.660088 0 
5 0.042553 0.029482 0.20485 0.001971 0.280425 0.558333 0 
5 0.06383 0.029512 0.168105 0.001967 0.256344 0.588596 0 
5 0.085106 0.028312 0.137757 0.001863 0.21595 0.683333 0 
5 0.106383 0.02693 0.114252 0.001604 0.1797 0.683333 0 
5 0.12766 0.024739 0.107557 0.001629 0.162092 0.727193 0 
5 0.148936 0.024769 0.111128 0.001629 0.152771 0.742982 0 
5 0.170213 0.027471 0.136269 0.001805 0.155619 0.755702 0 
5 0.191489 0.027711 0.166171 0.001822 0.168824 0.732456 0 
5 0.212766 0.031134 0.224487 0.002059 0.208182 0.654386 0 
5 0.234043 0.029302 0.276257 0.001946 0.242361 0.632456 0 
5 0.255319 0.030803 0.299316 0.002061 0.307354 0.550439 0 
5 0.276596 0.031734 0.35421 0.002142 0.352926 0.524561 0 
5 0.297872 0.028582 0.39155 0.00193 0.347229 0.569737 0 
5 0.319149 0.031434 0.426064 0.002127 0.360953 0.561842 0 
5 0.340426 0.030083 0.482148 0.001928 0.344381 0.541667 0 
5 0.361702 0.028672 0.497173 0.001926 0.385034 0.6 0 
5 0.382979 0.035937 0.494644 0.002426 0.394614 0.58114 1 
5 0.404255 0.035397 0.490033 0.002397 0.40057 0.542982 1 
5 0.425532 0.035757 0.492711 0.002428 0.403677 0.537719 1 
5 0.446809 0.035247 0.493454 0.002393 0.412222 0.51886 1 
5 0.468085 0.035757 0.491223 0.002426 0.41999 0.518421 1 
5 0.489362 0.035757 0.49152 0.002432 0.425427 0.480263 1 
5 0.510638 0.035967 0.494496 0.002445 0.436044 0.500439 1 
5 0.531915 0.036208 0.492711 0.002459 0.436044 0.485965 1 
5 0.553191 0.036208 0.48795 0.002457 0.443811 0.473246 1 
5 0.574468 0.036208 0.482892 0.002462 0.448213 0.468421 1 
5 0.595745 0.036208 0.481404 0.002459 0.445624 0.47807 1 
5 0.617021 0.036208 0.482297 0.002462 0.444588 0.482018 1 
5 0.638298 0.036208 0.482743 0.002464 0.448472 0.477632 1 
5 0.659574 0.036238 0.480363 0.002462 0.460124 0.446053 1 
5 0.680851 0.036208 0.469652 0.002464 0.464267 0.439035 1 
5 0.702128 0.036208 0.46385 0.002459 0.453133 0.442982 1 
5 0.723404 0.032154 0.43856 0.002183 0.411445 0.524123 1 
5 0.744681 0.028522 0.418923 0.001932 0.371569 0.603947 0 
5 0.765957 0.028251 0.394525 0.001899 0.330399 0.65614 0 
5 0.787234 0.028071 0.37831 0.001849 0.307613 0.683333 0 
5 0.808511 0.028071 0.380839 0.00187 0.289487 0.713596 0 
5 0.829787 0.028131 0.397798 0.001874 0.292595 0.689035 0 
5 0.851064 0.028131 0.373401 0.001878 0.310202 0.661404 0 
5 0.87234 0.028041 0.341565 0.001867 0.298032 0.711842 0 
5 0.893617 0.029392 0.374888 0.001354 0.265924 0.661404 0 
5 0.914894 0.031134 0.383666 0.00085 0.230709 0.705263 0 
5 0.93617 0.034736 0.406724 0.00092 0.222683 0.705263 1 
5 0.957447 0.036628 0.403154 0.001282 0.223459 0.705263 1 
5 0.978723 0.037228 0.390211 0.002345 0.312791 0.619737 1 
5 1 0.036658 0.362243 0.002416 0.313309 0.685088 1 
