1 0 0.056923 0.215858 0.003467 0.422915 0.414912 0 
1 0.021277 0.055242 0.172121 0.003467 0.422915 0.414912 0 
1 0.042553 0.055242 0.136715 0.003467 0.422915 0.414912 0 
1 0.06383 0.055242 0.114996 0.003467 0.422915 0.414912 0 
1 0.085106 0.055242 0.098185 0.003467 0.422915 0.414912 0 
1 0.106383 0.055242 0.090598 0.003467 0.422915 0.414912 0 
1 0.12766 0.066981 0.083606 0.003467 0.422915 0.414912 1 
1 0.148936 0.072895 0.089408 0.003467 0.422915 0.414912 1 
1 0.170213 0.055242 0.11202 0.003467 0.422915 0.414912 0 
1 0.191489 0.06584 0.140286 0.003467 0.422915 0.414912 0 
1 0.212766 0.058394 0.196965 0.003467 0.422915 0.414912 0 
1 0.234043 0.058394 0.269711 0.003467 0.422915 0.414912 0 
1 0.255319 0.06584 0.27224 0.003467 0.422915 0.414912 0 
1 0.276596 0.058394 0.333978 0.003467 0.422915 0.414912 0 
1 0.297872 0.075868 0.349598 0.003467 0.422915 0.414912 1 
1 0.319149 0.083343 0.411782 0.003467 0.422915 0.414912 1 
1 0.340426 0.095473 0.455519 0.003467 0.422915 0.414912 1 
1 0.361702 0.083343 0.472925 0.003467 0.422915 0.414912 1 
1 0.382979 0.083343 0.479173 0.003467 0.422915 0.414912 1 
1 0.404255 0.075868 0.469057 0.003467 0.422915 0.414912 1 
1 0.425532 0.075868 0.460577 0.003467 0.422915 0.414912 1 
1 0.446809 0.06584 0.463553 0.003467 0.422915 0.414912 0 
1 0.468085 0.075868 0.458792 0.003467 0.422915 0.414912 1 
1 0.489362 0.075868 0.46504 0.003467 0.422915 0.414912 1 
1 0.510638 0.075868 0.467718 0.003467 0.422915 0.414912 1 
1 0.531915 0.075868 0.460577 0.003467 0.422915 0.414912 1 
1 0.553191 0.075868 0.452246 0.003467 0.422915 0.414912 1 
1 0.574468 0.06584 0.448527 0.003467 0.422915 0.414912 0 
1 0.595745 0.06584 0.445701 0.003467 0.422915 0.414912 0 
1 0.617021 0.06584 0.449122 0.003467 0.422915 0.414912 0 
1 0.638298 0.081302 0.446445 0.003467 0.422915 0.414912 1 
1 0.659574 0.058394 0.44704 0.003467 0.422915 0.414912 0 
1 0.680851 0.062838 0.43856 0.003467 0.422915 0.414912 0 
1 0.702128 0.058394 0.431419 0.003467 0.422915 0.414912 0 
1 0.723404 0.06584 0.404046 0.003467 0.422915 0.414912 0 
1 0.744681 0.058394 0.383666 0.003467 0.422915 0.414912 0 
1 0.765957 0.058394 0.353615 0.003467 0.422915 0.414912 0 
1 0.787234 0.058394 0.340375 0.003467 0.422915 0.414912 0 
1 0.808511 0.06584 0.34454 0.003467 0.422915 0.414912 0 
1 0.829787 0.06584 0.367004 0.003467 0.422915 0.414912 0 
1 0.851064 0.083343 0.347813 0.003467 0.422915 0.414912 1 
1 0.87234 0.06584 0.325498 0.003467 0.422915 0.414912 0 
1 0.893617 0.083343 0.359566 0.003467 0.422915 0.414912 1 
1 0.914894 0.088477 0.37474 0.003467 0.422915 0.414912 1 
1 0.93617 0.083343 0.399732 0.003467 0.422915 0.414912 1 
1 0.957447 0.06584 0.401815 0.003467 0.422915 0.414912 0 
1 0.978723 0.075868 0.390955 0.003467 0.422915 0.414912 1 
1 1 0.083343 0.373401 0.003467 0.422915 0.414912 1 
