7 0 0.055512 0.417584 0.003467 0.422915 0.414912 0 
7 0.021277 0.053381 0.370425 0.003467 0.422915 0.414912 0 
7 0.042553 0.040801 0.348408 0.003467 0.422915 0.414912 0 
7 0.06383 0.040801 0.291134 0.003467 0.422915 0.414912 0 
7 0.085106 0.040651 0.241595 0.003467 0.422915 0.414912 0 
7 0.106383 0.040651 0.20366 0.003467 0.422915 0.414912 0 
7 0.12766 0.040651 0.175692 0.003467 0.422915 0.414912 0 
7 0.148936 0.040591 0.151741 0.003467 0.422915 0.414912 0 
7 0.170213 0.040591 0.135079 0.003467 0.422915 0.414912 0 
7 0.191489 0.040651 0.129128 0.003467 0.422915 0.414912 0 
7 0.212766 0.040681 0.138054 0.003467 0.422915 0.414912 0 
7 0.234043 0.040651 0.1446 0.003467 0.422915 0.414912 0 
7 0.255319 0.051849 0.16989 0.003467 0.422915 0.414912 0 
7 0.276596 0.062958 0.200684 0.003467 0.422915 0.414912 1 
7 0.297872 0.070974 0.237429 0.003467 0.422915 0.414912 1 
7 0.319149 0.068272 0.306754 0.003467 0.422915 0.414912 1 
7 0.340426 0.068272 0.373252 0.003467 0.422915 0.414912 1 
7 0.361702 0.072175 0.420559 0.003467 0.422915 0.414912 1 
7 0.382979 0.051849 0.45909 0.003467 0.422915 0.414912 0 
7 0.404255 0.043203 0.469949 0.003467 0.422915 0.414912 0 
7 0.425532 0.051849 0.451949 0.003467 0.422915 0.414912 0 
7 0.446809 0.051849 0.422196 0.003467 0.422915 0.414912 0 
7 0.468085 0.040891 0.394228 0.003467 0.422915 0.414912 0 
7 0.489362 0.040891 0.371913 0.003467 0.422915 0.414912 0 
7 0.510638 0.040891 0.345879 0.003467 0.422915 0.414912 0 
7 0.531915 0.040801 0.319101 0.003467 0.422915 0.414912 0 
7 0.553191 0.040801 0.292621 0.003467 0.422915 0.414912 0 
7 0.574468 0.040801 0.270158 0.003467 0.422915 0.414912 0 
7 0.595745 0.040801 0.25186 0.003467 0.422915 0.414912 0 
7 0.617021 0.040651 0.241446 0.003467 0.422915 0.414912 0 
7 0.638298 0.040651 0.238024 0.003467 0.422915 0.414912 0 
7 0.659574 0.040651 0.246653 0.003467 0.422915 0.414912 0 
7 0.680851 0.040801 0.265546 0.003467 0.422915 0.414912 0 
7 0.702128 0.040801 0.294109 0.003467 0.422915 0.414912 0 
7 0.723404 0.045785 0.34573 0.003467 0.422915 0.414912 0 
7 0.744681 0.062868 0.466677 0.003467 0.422915 0.414912 1 
7 0.765957 0.051849 0.553258 0.003467 0.422915 0.414912 1 
7 0.787234 0.051849 0.557423 0.003467 0.422915 0.414912 1 
7 0.808511 0.051849 0.540315 0.003467 0.422915 0.414912 1 
7 0.829787 0.051849 0.517108 0.003467 0.422915 0.414912 1 
7 0.851064 0.051849 0.50119 0.003467 0.422915 0.414912 1 
7 0.87234 0.051849 0.486462 0.003467 0.422915 0.414912 1 
7 0.893617 0.041431 0.44213 0.003467 0.422915 0.414912 0 
7 0.914894 0.041431 0.39512 0.003467 0.422915 0.414912 0 
7 0.93617 0.053981 0.414758 0.003467 0.422915 0.414912 1 
7 0.957447 0.051849 0.402708 0.003467 0.422915 0.414912 1 
7 0.978723 0.053981 0.412377 0.003467 0.422915 0.414912 1 
7 1 0.051849 0.383071 0.003467 0.422915 0.414912 1 
