7 0 0.041431 0.234305 0.003467 0.422915 0.414912 0 
7 0.021277 0.041131 0.185213 0.003467 0.422915 0.414912 0 
7 0.042553 0.041431 0.139691 0.003467 0.422915 0.414912 0 
7 0.06383 0.040801 0.104433 0.003467 0.422915 0.414912 0 
7 0.085106 0.040801 0.092681 0.003467 0.422915 0.414912 0 
7 0.106383 0.040801 0.077655 0.003467 0.422915 0.414912 0 
7 0.12766 0.040351 0.0723 0.003467 0.422915 0.414912 0 
7 0.148936 0.041131 0.071854 0.003467 0.422915 0.414912 0 
7 0.170213 0.041431 0.074978 0.003467 0.422915 0.414912 0 
7 0.191489 0.041431 0.08316 0.003467 0.422915 0.414912 0 
7 0.212766 0.040801 0.10116 0.003467 0.422915 0.414912 0 
7 0.234043 0.041431 0.112615 0.003467 0.422915 0.414912 0 
7 0.255319 0.041431 0.123475 0.003467 0.422915 0.414912 0 
7 0.276596 0.068242 0.163939 0.003467 0.422915 0.414912 1 
7 0.297872 0.041431 0.211098 0.003467 0.422915 0.414912 0 
7 0.319149 0.041431 0.251711 0.003467 0.422915 0.414912 0 
7 0.340426 0.049838 0.285481 0.003467 0.422915 0.414912 0 
7 0.361702 0.049838 0.324011 0.003467 0.422915 0.414912 0 
7 0.382979 0.049838 0.342904 0.003467 0.422915 0.414912 0 
7 0.404255 0.049838 0.351235 0.003467 0.422915 0.414912 0 
7 0.425532 0.051849 0.356888 0.003467 0.422915 0.414912 0 
7 0.446809 0.051849 0.358227 0.003467 0.422915 0.414912 0 
7 0.468085 0.049838 0.357037 0.003467 0.422915 0.414912 0 
7 0.489362 0.049838 0.355698 0.003467 0.422915 0.414912 0 
7 0.510638 0.049838 0.344838 0.003467 0.422915 0.414912 0 
7 0.531915 0.049838 0.335466 0.003467 0.422915 0.414912 0 
7 0.553191 0.049838 0.317168 0.003467 0.422915 0.414912 0 
7 0.574468 0.049838 0.316424 0.003467 0.422915 0.414912 0 
7 0.595745 0.049838 0.312556 0.003467 0.422915 0.414912 0 
7 0.617021 0.049838 0.313151 0.003467 0.422915 0.414912 0 
7 0.638298 0.049838 0.30958 0.003467 0.422915 0.414912 0 
7 0.659574 0.049838 0.315382 0.003467 0.422915 0.414912 0 
7 0.680851 0.043683 0.314639 0.003467 0.422915 0.414912 0 
7 0.702128 0.049838 0.334127 0.003467 0.422915 0.414912 0 
7 0.723404 0.049838 0.333085 0.003467 0.422915 0.414912 0 
7 0.744681 0.049838 0.344689 0.003467 0.422915 0.414912 0 
7 0.765957 0.049838 0.338143 0.003467 0.422915 0.414912 0 
7 0.787234 0.062868 0.35183 0.003467 0.422915 0.414912 1 
7 0.808511 0.073736 0.3554 0.003467 0.422915 0.414912 1 
7 0.829787 0.069263 0.349301 0.003467 0.422915 0.414912 1 
7 0.851064 0.051849 0.320292 0.003467 0.422915 0.414912 1 
7 0.87234 0.041431 0.287414 0.003467 0.422915 0.414912 0 
7 0.893617 0.049838 0.29396 0.003467 0.422915 0.414912 1 
7 0.914894 0.051009 0.288456 0.003467 0.422915 0.414912 1 
7 0.93617 0.049838 0.294258 0.003467 0.422915 0.414912 1 
7 0.957447 0.049838 0.269711 0.003467 0.422915 0.414912 1 
7 0.978723 0.049838 0.259744 0.003467 0.422915 0.414912 1 
7 1 0.049838 0.229098 0.003467 0.422915 0.414912 1 
