1 0 0.045965 0.285332 0.003467 0.422915 0.414912 0 
1 0.021277 0.044494 0.247992 0.003467 0.422915 0.414912 0 
1 0.042553 0.044494 0.235198 0.003467 0.422915 0.414912 0 
1 0.06383 0.040351 0.196221 0.003467 0.422915 0.414912 0 
1 0.085106 0.040351 0.159625 0.003467 0.422915 0.414912 0 
1 0.106383 0.044494 0.139244 0.003467 0.422915 0.414912 0 
1 0.12766 0.044494 0.121244 0.003467 0.422915 0.414912 0 
1 0.148936 0.040351 0.103541 0.003467 0.422915 0.414912 0 
1 0.170213 0.031704 0.10116 0.003467 0.422915 0.414912 0 
1 0.191489 0.045455 0.106665 0.003467 0.422915 0.414912 0 
1 0.212766 0.045455 0.138203 0.003467 0.422915 0.414912 0 
1 0.234043 0.045455 0.18194 0.003467 0.422915 0.414912 0 
1 0.255319 0.046445 0.267777 0.003467 0.422915 0.414912 0 
1 0.276596 0.047286 0.351086 0.003467 0.422915 0.414912 0 
1 0.297872 0.047286 0.349598 0.003467 0.422915 0.414912 0 
1 0.319149 0.046445 0.416394 0.003467 0.422915 0.414912 0 
1 0.340426 0.046445 0.45299 0.003467 0.422915 0.414912 0 
1 0.361702 0.047286 0.475305 0.003467 0.422915 0.414912 0 
1 0.382979 0.049838 0.52886 0.003467 0.422915 0.414912 0 
1 0.404255 0.060586 0.54701 0.003467 0.422915 0.414912 1 
1 0.425532 0.054281 0.536447 0.003467 0.422915 0.414912 1 
1 0.446809 0.054281 0.520678 0.003467 0.422915 0.414912 1 
1 0.468085 0.048487 0.503422 0.003467 0.422915 0.414912 0 
1 0.489362 0.053981 0.500893 0.003467 0.422915 0.414912 1 
1 0.510638 0.048487 0.492711 0.003467 0.422915 0.414912 0 
1 0.531915 0.048487 0.477536 0.003467 0.422915 0.414912 0 
1 0.553191 0.048487 0.470098 0.003467 0.422915 0.414912 0 
1 0.574468 0.048487 0.464891 0.003467 0.422915 0.414912 0 
1 0.595745 0.047286 0.449122 0.003467 0.422915 0.414912 0 
1 0.617021 0.046445 0.446445 0.003467 0.422915 0.414912 0 
1 0.638298 0.046445 0.449569 0.003467 0.422915 0.414912 0 
1 0.659574 0.047286 0.450015 0.003467 0.422915 0.414912 0 
1 0.680851 0.047286 0.452246 0.003467 0.422915 0.414912 0 
1 0.702128 0.048487 0.46385 0.003467 0.422915 0.414912 0 
1 0.723404 0.047286 0.473817 0.003467 0.422915 0.414912 0 
1 0.744681 0.048487 0.537935 0.003467 0.422915 0.414912 0 
1 0.765957 0.053981 0.576168 0.003467 0.422915 0.414912 1 
1 0.787234 0.048487 0.57468 0.003467 0.422915 0.414912 1 
1 0.808511 0.075718 0.540315 0.003467 0.422915 0.414912 1 
1 0.829787 0.048487 0.504314 0.003467 0.422915 0.414912 0 
1 0.851064 0.075718 0.483785 0.003467 0.422915 0.414912 1 
1 0.87234 0.061337 0.456561 0.003467 0.422915 0.414912 1 
1 0.893617 0.054281 0.41446 0.003467 0.422915 0.414912 1 
1 0.914894 0.046445 0.371764 0.003467 0.422915 0.414912 0 
1 0.93617 0.075718 0.422196 0.003467 0.422915 0.414912 1 
1 0.957447 0.075057 0.450312 0.003467 0.422915 0.414912 1 
1 0.978723 0.075057 0.462809 0.003467 0.422915 0.414912 1 
1 1 0.061337 0.454032 0.003467 0.422915 0.414912 1 
