1 0 0.09181 0.340524 0.006105 0.433972 0.528947 1 
1 0.021277 0.080942 0.303184 0.005378 0.38581 0.554386 1 
1 0.042553 0.083554 0.272687 0.005573 0.437597 0.482456 1 
1 0.06383 0.067341 0.22776 0.004476 0.396427 0.559649 0 
1 0.085106 0.054521 0.191758 0.003587 0.346453 0.619737 0 
1 0.106383 0.05224 0.162452 0.00344 0.310202 0.611842 0 
1 0.12766 0.043923 0.129872 0.002902 0.259451 0.591667 0 
1 0.148936 0.043263 0.120946 0.002856 0.217245 0.637281 0 
1 0.170213 0.036988 0.103392 0.002426 0.185396 0.725877 0 
1 0.191489 0.040231 0.098929 0.002609 0.165717 0.792544 0 
1 0.212766 0.046836 0.098334 0.003008 0.160539 0.77807 0 
1 0.234043 0.044914 0.103541 0.002894 0.152512 0.806579 0 
1 0.255319 0.044974 0.124814 0.002898 0.159244 0.810526 0 
1 0.276596 0.051429 0.160071 0.003311 0.170637 0.823684 0 
1 0.297872 0.036988 0.187295 0.0023 0.165199 0.851754 0 
1 0.319149 0.064789 0.245165 0.003945 0.200414 0.852632 0 
1 0.340426 0.079771 0.294258 0.005073 0.249612 0.825877 1 
1 0.361702 0.083974 0.33249 0.00533 0.288969 0.81886 1 
1 0.382979 0.089078 0.374442 0.005336 0.311756 0.778509 1 
1 0.404255 0.087306 0.397501 0.004815 0.323149 0.807456 1 
1 0.425532 0.076438 0.38679 0.004655 0.31564 0.773684 0 
1 0.446809 0.075027 0.374591 0.004117 0.306577 0.783772 0 
1 0.468085 0.067011 0.357929 0.00383 0.303988 0.788158 0 
1 0.489362 0.062177 0.340524 0.004005 0.30347 0.752193 0 
1 0.510638 0.049418 0.332639 0.003199 0.305541 0.748684 0 
1 0.531915 0.048607 0.310473 0.003155 0.295443 0.732895 0 
1 0.553191 0.049538 0.294406 0.003228 0.298291 0.664035 0 
1 0.574468 0.046866 0.277298 0.003074 0.282755 0.648684 0 
1 0.595745 0.054762 0.263612 0.003577 0.277835 0.667105 0 
1 0.617021 0.032094 0.254686 0.002119 0.288452 0.605702 0 
1 0.638298 0.045334 0.252157 0.002995 0.282755 0.594298 0 
1 0.659574 0.036208 0.247992 0.00241 0.303729 0.52807 0 
1 0.680851 0.051729 0.25543 0.003434 0.310461 0.582018 0 
1 0.702128 0.050468 0.272538 0.003365 0.350078 0.527193 0 
1 0.723404 0.046205 0.284737 0.003097 0.375971 0.523684 0 
1 0.744681 0.062357 0.34335 0.004188 0.410668 0.501316 0 
1 0.765957 0.086436 0.416989 0.005804 0.455463 0.525877 1 
1 0.787234 0.10472 0.472925 0.006973 0.526929 0.44693 1 
1 0.808511 0.103939 0.461619 0.006936 0.561367 0.454386 1 
1 0.829787 0.096253 0.440196 0.006481 0.562403 0.444737 1 
1 0.851064 0.09199 0.423088 0.006194 0.548938 0.457456 1 
1 0.87234 0.093041 0.404195 0.006203 0.525634 0.5 1 
1 0.893617 0.095082 0.37593 0.006259 0.484982 0.618421 1 
1 0.914894 0.087306 0.340077 0.005702 0.451838 0.617544 1 
1 0.93617 0.080221 0.359863 0.005216 0.418695 0.662719 1 
1 0.957447 0.076438 0.361351 0.004971 0.399793 0.617544 1 
1 0.978723 0.094392 0.370425 0.006182 0.460642 0.573684 1 
1 1 0.085625 0.339036 0.005611 0.442517 0.582895 1 
