6 0 0.034826 0.324308 0.002088 0.277317 0.727193 1 
6 0.021277 0.031854 0.267182 0.001913 0.256085 0.749123 0 
6 0.042553 0.034166 0.219578 0.002108 0.309425 0.675 1 
6 0.06383 0.031164 0.180006 0.001635 0.279907 0.705263 0 
6 0.085106 0.024739 0.146385 0.001539 0.235888 0.749123 0 
6 0.106383 0.024829 0.13017 0.000908 0.199637 0.749123 0 
6 0.12766 0.023268 0.1205 0.001458 0.181253 0.814912 0 
6 0.148936 0.024469 0.126302 0.001597 0.177628 0.824123 0 
6 0.170213 0.026 0.150253 0.001691 0.181512 0.842982 0 
6 0.191489 0.027171 0.176138 0.001768 0.205075 0.823684 0 
6 0.212766 0.028972 0.232074 0.00189 0.228897 0.767982 0 
6 0.234043 0.030503 0.287414 0.002009 0.272139 0.692982 0 
6 0.255319 0.030323 0.304076 0.002015 0.334801 0.596491 0 
6 0.276596 0.033175 0.364177 0.002227 0.396168 0.527632 1 
6 0.297872 0.032034 0.406575 0.002158 0.399793 0.547368 1 
6 0.319149 0.034826 0.443172 0.002362 0.422061 0.531579 1 
6 0.340426 0.03915 0.502529 0.002646 0.447954 0.522807 1 
6 0.361702 0.051939 0.525141 0.003479 0.466339 0.516228 1 
6 0.382979 0.050168 0.526331 0.003361 0.478767 0.479386 1 
6 0.404255 0.045935 0.519637 0.003097 0.488348 0.478509 1 
6 0.425532 0.044344 0.516364 0.002995 0.494821 0.455702 1 
6 0.446809 0.054972 0.518596 0.003693 0.506732 0.470175 1 
6 0.468085 0.056203 0.516513 0.003779 0.501554 0.462719 1 
6 0.489362 0.050258 0.516364 0.00338 0.500518 0.469737 1 
6 0.510638 0.050618 0.518447 0.003405 0.498964 0.487719 1 
6 0.531915 0.044314 0.506546 0.002993 0.506214 0.434649 1 
6 0.553191 0.03984 0.5 0.002692 0.466339 0.48114 1 
6 0.574468 0.041552 0.492115 0.002813 0.510357 0.416667 1 
6 0.595745 0.038789 0.483041 0.002628 0.510098 0.418421 1 
6 0.617021 0.038759 0.484975 0.002619 0.50492 0.415351 1 
6 0.638298 0.037829 0.478578 0.002557 0.503107 0.389474 1 
6 0.659574 0.038489 0.474115 0.002607 0.504402 0.395175 1 
6 0.680851 0.037498 0.459536 0.002543 0.493009 0.37193 1 
6 0.702128 0.036238 0.445403 0.00247 0.484205 0.425877 1 
6 0.723404 0.028732 0.41446 0.001961 0.447954 0.476316 0 
6 0.744681 0.028462 0.394823 0.001934 0.410927 0.553947 0 
6 0.765957 0.028041 0.373847 0.00189 0.374935 0.607456 0 
6 0.787234 0.028041 0.361946 0.001884 0.349819 0.629825 0 
6 0.808511 0.028041 0.364326 0.00188 0.34464 0.635088 0 
6 0.829787 0.028101 0.365516 0.001884 0.346453 0.642982 0 
6 0.851064 0.02639 0.342606 0.001759 0.335836 0.773684 0 
6 0.87234 0.025339 0.313448 0.001616 0.320041 0.810526 0 
6 0.893617 0.027651 0.352276 0.001662 0.290782 0.901754 0 
6 0.914894 0.02687 0.370425 0.001518 0.270844 0.897807 0 
6 0.93617 0.030924 0.401369 0.001049 0.258156 0.792982 0 
6 0.957447 0.036508 0.400922 0.000899 0.250388 0.823684 1 
6 0.978723 0.036988 0.382624 0.002221 0.329881 0.760526 1 
6 1 0.037078 0.367301 0.002061 0.329363 0.792982 1 
