5 0 0.041762 0.57349 0.002777 0.53392 0.632018 1 
5 0.021277 0.038309 0.550729 0.002555 0.505438 0.675 0 
5 0.042553 0.042062 0.52053 0.002811 0.554894 0.545175 1 
5 0.06383 0.038219 0.476198 0.002576 0.526152 0.608772 0 
5 0.085106 0.04002 0.411633 0.002455 0.48291 0.59693 1 
5 0.106383 0.03933 0.371169 0.00221 0.444329 0.640789 0 
5 0.12766 0.038309 0.318655 0.002077 0.40057 0.706579 0 
5 0.148936 0.03933 0.286373 0.001577 0.357069 0.662719 0 
5 0.170213 0.038699 0.262868 0.000976 0.333506 0.662719 0 
5 0.191489 0.038699 0.260339 0.000976 0.317193 0.662719 0 
5 0.212766 0.038699 0.287861 0.000976 0.327033 0.662719 0 
5 0.234043 0.038699 0.339185 0.000976 0.348265 0.662719 0 
5 0.255319 0.038579 0.435436 0.002198 0.425686 0.637281 0 
5 0.276596 0.036478 0.531389 0.002453 0.491455 0.628509 0 
5 0.297872 0.037619 0.553853 0.002509 0.517349 0.605702 0 
5 0.319149 0.037709 0.639691 0.002484 0.590627 0.540789 0 
5 0.340426 0.04011 0.687593 0.002634 0.668824 0.498684 0 
5 0.361702 0.03945 0.703957 0.002599 0.712325 0.475439 0 
5 0.382979 0.043383 0.742041 0.002867 0.73796 0.435526 1 
5 0.404255 0.043893 0.748438 0.002933 0.727602 0.449561 1 
5 0.425532 0.043473 0.717792 0.002923 0.711807 0.450877 1 
5 0.446809 0.06551 0.6867 0.004435 0.704557 0.408772 1 
5 0.468085 0.043353 0.659923 0.002954 0.685137 0.439035 1 
5 0.489362 0.042002 0.635228 0.002856 0.675039 0.422807 1 
5 0.510638 0.03948 0.617971 0.002673 0.655878 0.471491 0 
5 0.531915 0.038699 0.5964 0.002611 0.651217 0.425877 0 
5 0.553191 0.039 0.587325 0.002636 0.678664 0.372807 0 
5 0.574468 0.039 0.572002 0.002642 0.685914 0.364474 0 
5 0.595745 0.038699 0.560101 0.002615 0.67711 0.375877 0 
5 0.617021 0.071875 0.569771 0.004863 0.672708 0.355263 1 
5 0.638298 0.043173 0.568878 0.002937 0.659244 0.373684 1 
5 0.659574 0.03927 0.581821 0.002657 0.656655 0.414912 0 
5 0.680851 0.039 0.608747 0.002626 0.637752 0.490789 0 
5 0.702128 0.041101 0.675245 0.002748 0.653547 0.462719 0 
5 0.723404 0.058364 0.777745 0.003864 0.693423 0.479825 1 
5 0.744681 0.096103 0.874591 0.006421 0.755049 0.419298 1 
5 0.765957 0.074667 0.887236 0.00506 0.749094 0.418421 1 
5 0.787234 0.044434 0.875335 0.002987 0.70378 0.529825 1 
5 0.808511 0.044404 0.840375 0.00297 0.662351 0.558333 1 
5 0.829787 0.059896 0.8072 0.004022 0.623252 0.578509 1 
5 0.851064 0.107992 0.793514 0.007245 0.600207 0.660526 1 
5 0.87234 0.09232 0.770604 0.006192 0.573019 0.610088 1 
5 0.893617 0.041972 0.721958 0.002823 0.541688 0.629825 0 
5 0.914894 0.038609 0.664832 0.002572 0.505955 0.685965 0 
5 0.93617 0.04008 0.687742 0.002644 0.494045 0.717105 0 
5 0.957447 0.03885 0.676584 0.002574 0.479544 0.712719 0 
5 0.978723 0.040891 0.65055 0.002719 0.565251 0.565351 0 
5 1 0.03936 0.624665 0.00263 0.544278 0.642982 0 
