3 0 0.104179 0.525885 0.003467 0.422915 0.414912 1 
3 0.021277 0.104179 0.512645 0.003467 0.422915 0.414912 1 
3 0.042553 0.080581 0.489735 0.003467 0.422915 0.414912 0 
3 0.06383 0.060766 0.428593 0.003467 0.422915 0.414912 0 
3 0.085106 0.053831 0.367153 0.003467 0.422915 0.414912 0 
3 0.106383 0.053831 0.325052 0.003467 0.422915 0.414912 0 
3 0.12766 0.050138 0.274174 0.003467 0.422915 0.414912 0 
3 0.148936 0.049418 0.244273 0.003467 0.422915 0.414912 0 
3 0.170213 0.064849 0.21809 0.003467 0.422915 0.414912 0 
3 0.191489 0.061967 0.214668 0.003467 0.422915 0.414912 0 
3 0.212766 0.064849 0.239512 0.003467 0.422915 0.414912 0 
3 0.234043 0.064849 0.295448 0.003467 0.422915 0.414912 0 
3 0.255319 0.080011 0.403303 0.003467 0.422915 0.414912 0 
3 0.276596 0.132731 0.514579 0.003467 0.422915 0.414912 1 
3 0.297872 0.080011 0.530646 0.003467 0.422915 0.414912 0 
3 0.319149 0.099496 0.577358 0.003467 0.422915 0.414912 1 
3 0.340426 0.07932 0.581226 0.003467 0.422915 0.414912 0 
3 0.361702 0.080011 0.56501 0.003467 0.422915 0.414912 0 
3 0.382979 0.134682 0.58554 0.003467 0.422915 0.414912 1 
3 0.404255 0.121923 0.587771 0.003467 0.422915 0.414912 1 
3 0.425532 0.099496 0.570217 0.003467 0.422915 0.414912 1 
3 0.446809 0.07932 0.54091 0.003467 0.422915 0.414912 0 
3 0.468085 0.068842 0.524249 0.003467 0.422915 0.414912 0 
3 0.489362 0.068842 0.513538 0.003467 0.422915 0.414912 0 
3 0.510638 0.068842 0.497917 0.003467 0.422915 0.414912 0 
3 0.531915 0.068842 0.480512 0.003467 0.422915 0.414912 0 
3 0.553191 0.064849 0.478429 0.003467 0.422915 0.414912 0 
3 0.574468 0.068842 0.470544 0.003467 0.422915 0.414912 0 
3 0.595745 0.064849 0.457156 0.003467 0.422915 0.414912 0 
3 0.617021 0.068842 0.45537 0.003467 0.422915 0.414912 0 
3 0.638298 0.064849 0.439453 0.003467 0.422915 0.414912 0 
3 0.659574 0.064849 0.452098 0.003467 0.422915 0.414912 0 
3 0.680851 0.068842 0.462809 0.003467 0.422915 0.414912 0 
3 0.702128 0.068842 0.485719 0.003467 0.422915 0.414912 0 
3 0.723404 0.068842 0.524844 0.003467 0.422915 0.414912 0 
3 0.744681 0.088507 0.604433 0.003467 0.422915 0.414912 1 
3 0.765957 0.106521 0.655906 0.003467 0.422915 0.414912 1 
3 0.787234 0.088507 0.653228 0.003467 0.422915 0.414912 1 
3 0.808511 0.07932 0.619012 0.003467 0.422915 0.414912 0 
3 0.829787 0.07932 0.589259 0.003467 0.422915 0.414912 0 
3 0.851064 0.088507 0.573936 0.003467 0.422915 0.414912 1 
3 0.87234 0.080011 0.553853 0.003467 0.422915 0.414912 0 
3 0.893617 0.07932 0.502975 0.003467 0.422915 0.414912 0 
3 0.914894 0.057584 0.451056 0.003467 0.422915 0.414912 0 
3 0.93617 0.088507 0.491967 0.003467 0.422915 0.414912 1 
3 0.957447 0.080011 0.508926 0.003467 0.422915 0.414912 0 
3 0.978723 0.080011 0.522166 0.003467 0.422915 0.414912 1 
3 1 0.080011 0.517703 0.003467 0.422915 0.414912 1 
