4 0 0.030293 0.338143 0.000852 0.345676 0.842105 1 
4 0.021277 0.028312 0.280422 0.000841 0.320818 0.842105 1 
4 0.042553 0.028462 0.227313 0.000902 0.385034 0.798246 1 
4 0.06383 0.02666 0.183279 0.000852 0.357846 0.798246 1 
4 0.085106 0.022547 0.14817 0.000839 0.309166 0.798246 0 
4 0.106383 0.018854 0.13255 0.000835 0.273951 0.842105 0 
4 0.12766 0.017143 0.135376 0.000831 0.252719 0.842105 0 
4 0.148936 0.015462 0.138203 0.000837 0.250129 0.885965 0 
4 0.170213 0.025519 0.165576 0.000841 0.25738 0.885965 0 
4 0.191489 0.025219 0.203957 0.000854 0.274469 0.897368 0 
4 0.212766 0.031074 0.280422 0.001714 0.336354 0.851754 1 
4 0.234043 0.034226 0.358227 0.002212 0.402123 0.769737 1 
4 0.255319 0.028582 0.37355 0.001874 0.493527 0.594737 1 
4 0.276596 0.028822 0.431122 0.001919 0.561885 0.53114 1 
4 0.297872 0.028792 0.442874 0.001919 0.525634 0.637719 1 
4 0.319149 0.023208 0.457007 0.001523 0.520715 0.676754 0 
4 0.340426 0.024559 0.501785 0.001585 0.532626 0.709211 0 
4 0.361702 0.027141 0.525141 0.001741 0.537286 0.700877 1 
4 0.382979 0.02675 0.520827 0.00172 0.543242 0.691667 0 
4 0.404255 0.02669 0.520232 0.001718 0.559555 0.68114 0 
4 0.425532 0.027801 0.524844 0.001793 0.569394 0.659211 1 
4 0.446809 0.028612 0.533026 0.001847 0.58001 0.633772 1 
4 0.468085 0.02642 0.519786 0.001705 0.563439 0.663596 0 
4 0.489362 0.028642 0.529604 0.001849 0.571983 0.635526 1 
4 0.510638 0.028822 0.542696 0.001876 0.600207 0.608772 1 
4 0.531915 0.028822 0.539869 0.001876 0.59218 0.656579 1 
4 0.553191 0.027621 0.536894 0.001791 0.600984 0.627193 1 
4 0.574468 0.028822 0.534514 0.001874 0.610823 0.607018 1 
4 0.595745 0.028732 0.53734 0.001658 0.605904 0.60307 1 
4 0.617021 0.018374 0.542696 0.001178 0.610823 0.686842 0 
4 0.638298 0.02636 0.54939 0.001683 0.630761 0.688158 0 
4 0.659574 0.028221 0.554002 0.001791 0.635681 0.684649 1 
4 0.680851 0.027981 0.536894 0.00178 0.622216 0.689035 1 
4 0.702128 0.028281 0.523059 0.001807 0.600984 0.690789 1 
4 0.723404 0.027171 0.485123 0.001747 0.563698 0.721491 0 
4 0.744681 0.02696 0.457304 0.001196 0.50725 0.703947 0 
4 0.765957 0.028402 0.429337 0.001221 0.462455 0.770614 1 
4 0.787234 0.028822 0.425915 0.000852 0.431124 0.750439 1 
4 0.808511 0.028822 0.450164 0.000841 0.42957 0.749123 1 
4 0.829787 0.027411 0.445106 0.000956 0.459865 0.763158 1 
4 0.851064 0.028191 0.409253 0.001207 0.443035 0.747807 1 
4 0.87234 0.0266 0.370128 0.000852 0.414034 0.747807 0 
4 0.893617 0.029362 0.395418 0.000841 0.36639 0.732456 1 
4 0.914894 0.028762 0.39765 0.000839 0.336354 0.758333 1 
4 0.93617 0.028822 0.420113 0.000833 0.316934 0.777193 1 
4 0.957447 0.02591 0.423386 0.000837 0.307613 0.837281 0 
4 0.978723 0.031674 0.412526 0.000864 0.386069 0.806579 1 
4 1 0.036868 0.379203 0.000866 0.388918 0.786404 1 
