7 0 0.077489 0.446593 0.005212 0.516313 0.460526 0 
7 0.021277 0.076588 0.436626 0.005093 0.46608 0.489474 0 
7 0.042553 0.081302 0.397054 0.005436 0.508545 0.469298 0 
7 0.06383 0.075477 0.343648 0.005021 0.473589 0.575 0 
7 0.085106 0.071845 0.284737 0.004744 0.425686 0.663158 0 
7 0.106383 0.055542 0.235198 0.003621 0.373382 0.740789 0 
7 0.12766 0.049418 0.188783 0.003195 0.329622 0.701754 0 
7 0.148936 0.043383 0.160666 0.002833 0.28638 0.677193 0 
7 0.170213 0.032305 0.137757 0.002119 0.247799 0.665351 0 
7 0.191489 0.027681 0.128831 0.00182 0.222165 0.676754 0 
7 0.212766 0.031224 0.137905 0.002052 0.228379 0.676316 0 
7 0.234043 0.031524 0.147426 0.002075 0.232522 0.686404 0 
7 0.255319 0.040411 0.187295 0.002659 0.256862 0.692544 0 
7 0.276596 0.043203 0.228652 0.002842 0.292077 0.682018 0 
7 0.297872 0.038009 0.276703 0.002516 0.303988 0.712281 0 
7 0.319149 0.070614 0.343201 0.004601 0.359658 0.655263 0 
7 0.340426 0.082413 0.401964 0.00539 0.414811 0.654825 1 
7 0.361702 0.096493 0.44213 0.0063 0.44174 0.676316 1 
7 0.382979 0.102198 0.486314 0.006685 0.473848 0.622807 1 
7 0.404255 0.103939 0.495388 0.006761 0.462714 0.605263 1 
7 0.425532 0.103429 0.477834 0.006757 0.457535 0.614912 1 
7 0.446809 0.103669 0.466974 0.006755 0.452615 0.622368 1 
7 0.468085 0.103579 0.447486 0.006745 0.433195 0.637719 1 
7 0.489362 0.102978 0.436626 0.006712 0.427758 0.664474 1 
7 0.510638 0.101447 0.417882 0.006624 0.405748 0.650439 1 
7 0.531915 0.096043 0.396162 0.006265 0.392543 0.662719 1 
7 0.553191 0.091269 0.376525 0.005939 0.389694 0.669737 1 
7 0.574468 0.085505 0.360904 0.005552 0.366649 0.704825 1 
7 0.595745 0.077039 0.351235 0.00499 0.352926 0.714035 0 
7 0.617021 0.075988 0.335763 0.004915 0.33506 0.757456 0 
7 0.638298 0.074787 0.334424 0.004817 0.318747 0.74693 0 
7 0.659574 0.075057 0.336805 0.004836 0.324961 0.728947 0 
7 0.680851 0.075117 0.345135 0.004842 0.321336 0.717982 0 
7 0.702128 0.074697 0.364029 0.004836 0.339979 0.671053 0 
7 0.723404 0.057344 0.371467 0.003762 0.357328 0.652193 0 
7 0.744681 0.06644 0.414758 0.004383 0.398239 0.607018 0 
7 0.765957 0.09205 0.48319 0.006122 0.456758 0.563596 1 
7 0.787234 0.104449 0.521571 0.006936 0.524081 0.443421 1 
7 0.808511 0.106791 0.497471 0.007137 0.559037 0.405702 1 
7 0.829787 0.102708 0.461767 0.006907 0.539617 0.431579 1 
7 0.851064 0.100967 0.439601 0.006813 0.520974 0.453947 1 
7 0.87234 0.098775 0.420411 0.006645 0.489902 0.507456 1 
7 0.893617 0.100216 0.391699 0.006664 0.467633 0.541667 1 
7 0.914894 0.093311 0.363285 0.006174 0.429311 0.6 1 
7 0.93617 0.089048 0.385153 0.005862 0.416624 0.595175 1 
7 0.957447 0.090999 0.394228 0.005985 0.401088 0.552632 1 
7 0.978723 0.100757 0.386046 0.006701 0.485241 0.471491 1 
7 1 0.093911 0.36864 0.006248 0.464267 0.517982 1 
