6 0 0.041492 0.363285 0.00275 0.334801 0.478509 0 
6 0.021277 0.030323 0.300208 0.002015 0.31305 0.532895 0 
6 0.042553 0.028642 0.245611 0.001903 0.36406 0.487281 0 
6 0.06383 0.028071 0.200238 0.001863 0.33739 0.517982 0 
6 0.085106 0.027921 0.163939 0.001853 0.275246 0.571491 0 
6 0.106383 0.027951 0.144154 0.001855 0.242879 0.546491 0 
6 0.12766 0.027381 0.136864 0.001816 0.220611 0.584211 0 
6 0.148936 0.027981 0.139393 0.001857 0.211807 0.562281 0 
6 0.170213 0.033505 0.170039 0.002216 0.219575 0.615789 0 
6 0.191489 0.040531 0.211693 0.002676 0.228897 0.550439 0 
6 0.212766 0.041792 0.294109 0.002592 0.302434 0.522368 0 
6 0.234043 0.046475 0.375037 0.003047 0.375194 0.442544 0 
6 0.255319 0.046896 0.396906 0.003093 0.475919 0.357895 0 
6 0.276596 0.054702 0.462809 0.003602 0.550492 0.326754 1 
6 0.297872 0.054612 0.492264 0.003594 0.520715 0.342544 1 
6 0.319149 0.055422 0.504612 0.003644 0.531331 0.357018 1 
6 0.340426 0.092861 0.559655 0.006124 0.539876 0.444737 1 
6 0.361702 0.084634 0.573639 0.005552 0.54117 0.440789 1 
6 0.382979 0.059385 0.568283 0.003907 0.548162 0.413596 1 
6 0.404255 0.058364 0.563672 0.003824 0.539876 0.450439 1 
6 0.425532 0.064129 0.567837 0.00419 0.541429 0.461404 1 
6 0.446809 0.061156 0.579589 0.003992 0.537804 0.449123 1 
6 0.468085 0.059325 0.586879 0.003866 0.515277 0.460965 1 
6 0.489362 0.070914 0.584945 0.004636 0.508545 0.492544 1 
6 0.510638 0.06638 0.59402 0.004337 0.506991 0.50614 1 
6 0.531915 0.056623 0.598036 0.003689 0.502071 0.486404 1 
6 0.553191 0.062958 0.607706 0.004092 0.498964 0.458333 1 
6 0.574468 0.057193 0.598185 0.003733 0.489384 0.437719 1 
6 0.595745 0.057254 0.602797 0.003731 0.471258 0.473684 1 
6 0.617021 0.058755 0.612318 0.003826 0.457276 0.503509 1 
6 0.638298 0.096884 0.617673 0.006292 0.459865 0.567982 1 
6 0.659574 0.076678 0.610979 0.004994 0.470482 0.526316 1 
6 0.680851 0.055332 0.578994 0.003631 0.466339 0.489035 1 
6 0.702128 0.053921 0.553109 0.00354 0.465562 0.414035 1 
6 0.723404 0.049628 0.514579 0.003276 0.449767 0.405702 0 
6 0.744681 0.047016 0.49762 0.003112 0.428017 0.402193 0 
6 0.765957 0.044614 0.470396 0.002954 0.388918 0.411842 0 
6 0.787234 0.044224 0.469801 0.002931 0.385293 0.415351 0 
6 0.808511 0.043953 0.471288 0.002914 0.384257 0.420614 0 
6 0.829787 0.043473 0.454329 0.002896 0.390212 0.407018 0 
6 0.851064 0.03972 0.416096 0.002657 0.366649 0.460526 0 
6 0.87234 0.031434 0.380095 0.002106 0.332729 0.506579 0 
6 0.893617 0.042422 0.414906 0.002835 0.30088 0.604825 0 
6 0.914894 0.035607 0.432014 0.00237 0.265148 0.647368 0 
6 0.93617 0.041011 0.436924 0.002721 0.246763 0.664474 0 
6 0.957447 0.036027 0.427998 0.002381 0.244433 0.652193 0 
6 0.978723 0.043023 0.401369 0.002856 0.338426 0.485526 0 
6 1 0.042512 0.379054 0.002831 0.340756 0.52193 0 
