7 0 0.034136 0.36269 0.002266 0.30347 0.54693 0 
7 0.021277 0.027921 0.299762 0.001849 0.27421 0.590351 0 
7 0.042553 0.037949 0.238471 0.00252 0.330658 0.467982 0 
7 0.06383 0.040471 0.189527 0.002682 0.30088 0.507018 0 
7 0.085106 0.032034 0.153823 0.002117 0.247281 0.595175 0 
7 0.106383 0.030593 0.126004 0.002023 0.207147 0.577632 0 
7 0.12766 0.027291 0.105921 0.001801 0.174003 0.597368 0 
7 0.148936 0.02654 0.100268 0.001749 0.155878 0.634649 0 
7 0.170213 0.027621 0.10607 0.001818 0.152771 0.667982 0 
7 0.191489 0.028972 0.121392 0.001901 0.160021 0.638158 0 
7 0.212766 0.035067 0.145641 0.002304 0.1797 0.596491 0 
7 0.234043 0.032004 0.180155 0.002106 0.197825 0.560965 0 
7 0.255319 0.031974 0.220024 0.002117 0.238736 0.517105 0 
7 0.276596 0.036958 0.286671 0.002455 0.278871 0.526754 0 
7 0.297872 0.03915 0.337102 0.002603 0.279389 0.570614 0 
7 0.319149 0.043383 0.377864 0.002871 0.285344 0.579386 1 
7 0.340426 0.047946 0.414758 0.003172 0.306836 0.595614 1 
7 0.361702 0.048877 0.432907 0.003218 0.315381 0.582456 1 
7 0.382979 0.048457 0.427849 0.003199 0.310979 0.585526 1 
7 0.404255 0.045845 0.416394 0.003027 0.313309 0.551316 1 
7 0.425532 0.044764 0.409402 0.002956 0.306836 0.573246 1 
7 0.446809 0.045575 0.398245 0.003014 0.306318 0.57193 1 
7 0.468085 0.043203 0.388277 0.002856 0.290264 0.604386 1 
7 0.489362 0.036298 0.372062 0.002397 0.284568 0.613596 0 
7 0.510638 0.040501 0.360161 0.002482 0.27421 0.602193 0 
7 0.531915 0.038549 0.345879 0.002549 0.267478 0.574561 0 
7 0.553191 0.041281 0.34216 0.002725 0.261005 0.572807 1 
7 0.574468 0.032965 0.325647 0.002177 0.255049 0.569298 0 
7 0.595745 0.029182 0.319845 0.001926 0.241326 0.598246 0 
7 0.617021 0.028882 0.320292 0.001901 0.242103 0.638158 0 
7 0.638298 0.029092 0.324755 0.001915 0.244433 0.633333 0 
7 0.659574 0.030083 0.335466 0.001982 0.253496 0.615351 0 
7 0.680851 0.031224 0.324011 0.002063 0.254531 0.566667 0 
7 0.702128 0.036177 0.346177 0.002399 0.265924 0.562281 0 
7 0.723404 0.043023 0.354656 0.002854 0.26463 0.571053 1 
7 0.744681 0.03987 0.347813 0.00264 0.249094 0.594737 1 
7 0.765957 0.029572 0.339929 0.001951 0.230192 0.616228 0 
7 0.787234 0.032395 0.346325 0.002131 0.23796 0.691667 0 
7 0.808511 0.048337 0.343499 0.003178 0.26463 0.628509 1 
7 0.829787 0.044073 0.3313 0.002902 0.284827 0.596491 1 
7 0.851064 0.041401 0.301101 0.002734 0.271103 0.627193 1 
7 0.87234 0.036868 0.277745 0.002435 0.255308 0.643421 0 
7 0.893617 0.041642 0.299018 0.002746 0.22579 0.684211 1 
7 0.914894 0.034887 0.297977 0.002293 0.208959 0.683333 0 
7 0.93617 0.029122 0.30125 0.001911 0.208959 0.699123 0 
7 0.957447 0.027831 0.29515 0.001824 0.216727 0.670175 0 
7 0.978723 0.037198 0.285332 0.002453 0.284827 0.576316 1 
7 1 0.028942 0.241446 0.001911 0.288193 0.592544 0 
