2 0 0.047106 0.317763 0.003147 0.370016 0.533333 0 
2 0.021277 0.043743 0.290836 0.002916 0.339461 0.543421 0 
2 0.042553 0.049628 0.2651 0.003324 0.39332 0.470175 1 
2 0.06383 0.048397 0.234157 0.003228 0.371828 0.549561 0 
2 0.085106 0.043953 0.203957 0.002906 0.338426 0.592982 0 
2 0.106383 0.043533 0.173163 0.002862 0.295961 0.655702 0 
2 0.12766 0.038009 0.15055 0.00248 0.259192 0.677193 0 
2 0.148936 0.031884 0.13612 0.002088 0.229674 0.633772 0 
2 0.170213 0.030893 0.133442 0.002011 0.204557 0.660088 0 
2 0.191489 0.032154 0.142815 0.002104 0.196789 0.709649 0 
2 0.212766 0.040441 0.181494 0.002632 0.213361 0.711842 0 
2 0.234043 0.045094 0.238322 0.00296 0.248835 0.692105 0 
2 0.255319 0.067401 0.350937 0.004474 0.343863 0.604386 1 
2 0.276596 0.076798 0.445254 0.005112 0.423615 0.581579 1 
2 0.297872 0.034496 0.446891 0.002327 0.466857 0.477193 0 
2 0.319149 0.074306 0.500446 0.004983 0.544795 0.419298 1 
2 0.340426 0.087426 0.518447 0.005852 0.571207 0.420175 1 
2 0.361702 0.084694 0.50238 0.005694 0.580528 0.411842 1 
2 0.382979 0.088868 0.548795 0.005928 0.586225 0.412281 1 
2 0.404255 0.130779 0.558911 0.008851 0.595287 0.446491 1 
2 0.425532 0.083614 0.540018 0.005995 0.598654 0.42193 1 
2 0.446809 0.086436 0.519786 0.006282 0.589591 0.451316 1 
2 0.468085 0.111205 0.507438 0.007729 0.588555 0.535526 1 
2 0.489362 0.104209 0.501041 0.006986 0.575608 0.445614 1 
2 0.510638 0.095653 0.494793 0.006535 0.571207 0.467105 1 
2 0.531915 0.094182 0.489884 0.00634 0.576385 0.457895 1 
2 0.553191 0.096673 0.487057 0.006533 0.59477 0.405702 1 
2 0.574468 0.09208 0.483041 0.006292 0.590886 0.444298 1 
2 0.595745 0.088087 0.483785 0.005937 0.587519 0.44693 1 
2 0.617021 0.090068 0.480065 0.006149 0.581046 0.44386 1 
2 0.638298 0.085775 0.47471 0.005775 0.567323 0.443421 1 
2 0.659574 0.086135 0.484528 0.005829 0.560073 0.478947 1 
2 0.680851 0.087426 0.497173 0.005833 0.558778 0.482895 1 
2 0.702128 0.087997 0.527075 0.005858 0.560331 0.469737 1 
2 0.723404 0.087396 0.561589 0.005744 0.5826 0.400439 1 
2 0.744681 0.088868 0.621244 0.005901 0.626618 0.376754 1 
2 0.765957 0.113907 0.644749 0.007634 0.663128 0.359649 1 
2 0.787234 0.111445 0.626897 0.007603 0.659762 0.419737 1 
2 0.808511 0.098925 0.58911 0.006734 0.621699 0.407895 1 
2 0.829787 0.080761 0.55177 0.005559 0.596064 0.366228 1 
2 0.851064 0.07929 0.526034 0.005471 0.568099 0.408772 1 
2 0.87234 0.057223 0.496132 0.003999 0.530554 0.409649 0 
2 0.893617 0.043683 0.459238 0.002931 0.501813 0.345614 0 
2 0.914894 0.041642 0.418328 0.002879 0.474625 0.293421 0 
2 0.93617 0.059505 0.458494 0.004053 0.442776 0.455263 0 
2 0.957447 0.047766 0.475156 0.0034 0.414811 0.474123 0 
2 0.978723 0.090639 0.483785 0.006145 0.515018 0.405263 1 
2 1 0.086165 0.477388 0.005924 0.508804 0.488596 1 
