3 0 0.061156 0.604433 0.0022 0.488607 0.636842 1 
3 0.021277 0.071634 0.588218 0.002192 0.473071 0.668421 1 
3 0.042553 0.077099 0.551026 0.0041 0.533661 0.602632 1 
3 0.06383 0.074787 0.501934 0.002719 0.51709 0.580702 1 
3 0.085106 0.071034 0.444659 0.003425 0.486535 0.574561 1 
3 0.106383 0.097544 0.390211 0.005544 0.43941 0.568421 1 
3 0.12766 0.098415 0.340524 0.005544 0.408856 0.568421 1 
3 0.148936 0.057734 0.30006 0.001971 0.381668 0.546491 1 
3 0.170213 0.078149 0.283547 0.002013 0.353185 0.55307 1 
3 0.191489 0.05275 0.280125 0.001946 0.34231 0.61886 1 
3 0.212766 0.07941 0.304374 0.002719 0.348265 0.631579 1 
3 0.234043 0.062898 0.361053 0.002678 0.370792 0.619298 1 
3 0.255319 0.083764 0.4759 0.005424 0.446919 0.640351 1 
3 0.276596 0.106581 0.591937 0.005532 0.510875 0.486842 1 
3 0.297872 0.031404 0.658881 0.002148 0.539617 0.457018 0 
3 0.319149 0.035307 0.749479 0.002449 0.620663 0.428947 0 
3 0.340426 0.034796 0.776555 0.002401 0.676075 0.394298 0 
3 0.361702 0.042362 0.766587 0.002919 0.710513 0.386404 0 
3 0.382979 0.035847 0.763017 0.00248 0.723718 0.336404 0 
3 0.404255 0.029182 0.745463 0.002011 0.719575 0.292982 0 
3 0.425532 0.029002 0.727016 0.002017 0.702745 0.33114 0 
3 0.446809 0.028942 0.714222 0.002029 0.686432 0.354825 0 
3 0.468085 0.028972 0.703362 0.00204 0.664682 0.342105 0 
3 0.489362 0.028942 0.695031 0.002038 0.661315 0.337719 0 
3 0.510638 0.037649 0.68551 0.002657 0.649663 0.347368 0 
3 0.531915 0.029933 0.674353 0.002121 0.639565 0.339035 0 
3 0.553191 0.043233 0.670634 0.003056 0.671155 0.333333 0 
3 0.574468 0.043923 0.665278 0.003101 0.680735 0.34386 0 
3 0.595745 0.042993 0.664981 0.003014 0.668307 0.35307 0 
3 0.617021 0.029062 0.653972 0.002029 0.653288 0.378947 0 
3 0.638298 0.028942 0.654716 0.002019 0.634645 0.383772 0 
3 0.659574 0.038489 0.68432 0.002676 0.630243 0.460965 0 
3 0.680851 0.068902 0.723297 0.003639 0.622734 0.490351 1 
3 0.702128 0.108532 0.798869 0.006334 0.656137 0.504386 1 
3 0.723404 0.228504 0.892294 0.015488 0.726567 0.511404 1 
3 0.744681 0.185571 0.962511 0.012358 0.792336 0.527193 1 
3 0.765957 0.116909 0.948974 0.007694 0.775764 0.527193 1 
3 0.787234 0.098475 0.92413 0.00651 0.729933 0.530263 1 
3 0.808511 0.059325 0.878161 0.003976 0.681253 0.508772 1 
3 0.829787 0.059445 0.845879 0.004042 0.658467 0.45307 0 
3 0.851064 0.102048 0.826688 0.006982 0.619886 0.471491 1 
3 0.87234 0.106071 0.784439 0.007233 0.597877 0.507456 1 
3 0.893617 0.074607 0.734008 0.005085 0.556706 0.49386 1 
3 0.914894 0.033686 0.669444 0.002304 0.530813 0.456579 0 
3 0.93617 0.040921 0.676584 0.002788 0.494045 0.583772 0 
3 0.957447 0.034376 0.658733 0.002324 0.471517 0.514474 0 
3 0.978723 0.045605 0.636864 0.003095 0.522527 0.571491 0 
3 1 0.068062 0.627194 0.004418 0.513982 0.575 1 
