3 0 0.038789 0.581375 0.002559 0.470223 0.666667 0 
3 0.021277 0.041522 0.567837 0.002607 0.44899 0.675877 0 
3 0.042553 0.056173 0.538381 0.003768 0.50492 0.547368 1 
3 0.06383 0.046655 0.495091 0.003168 0.48058 0.587719 1 
3 0.085106 0.040801 0.438709 0.002759 0.445883 0.658772 0 
3 0.106383 0.03921 0.384558 0.002216 0.391766 0.73114 0 
3 0.12766 0.033566 0.331895 0.002227 0.358105 0.820614 0 
3 0.148936 0.033145 0.294258 0.002073 0.32522 0.838158 0 
3 0.170213 0.030623 0.271645 0.001843 0.302693 0.838158 0 
3 0.191489 0.030113 0.268224 0.001801 0.292336 0.838158 0 
3 0.212766 0.033265 0.290985 0.0015 0.295961 0.838158 0 
3 0.234043 0.033265 0.340821 0.001928 0.322113 0.838158 0 
3 0.255319 0.034526 0.454329 0.002302 0.398498 0.774123 0 
3 0.276596 0.040411 0.572151 0.002457 0.474366 0.679386 0 
3 0.297872 0.036718 0.616186 0.002453 0.533661 0.684211 0 
3 0.319149 0.041972 0.702618 0.002752 0.622734 0.586842 0 
3 0.340426 0.040471 0.729396 0.002653 0.667012 0.535526 0 
3 0.361702 0.038789 0.731479 0.00252 0.68203 0.515351 0 
3 0.382979 0.040891 0.760042 0.002655 0.703004 0.472368 0 
3 0.404255 0.042032 0.752752 0.002761 0.70378 0.478509 0 
3 0.425532 0.041732 0.719578 0.002757 0.706629 0.433772 0 
3 0.446809 0.046175 0.684023 0.003076 0.7087 0.403947 1 
3 0.468085 0.037859 0.652038 0.002532 0.710772 0.360965 0 
3 0.489362 0.036808 0.633145 0.00247 0.716727 0.362719 0 
3 0.510638 0.034917 0.620649 0.002343 0.706111 0.369298 0 
3 0.531915 0.033626 0.599375 0.00225 0.70378 0.367544 0 
3 0.553191 0.036658 0.595359 0.002457 0.728379 0.337719 0 
3 0.574468 0.034736 0.574383 0.002329 0.730192 0.334649 0 
3 0.595745 0.038099 0.579292 0.002547 0.724754 0.359649 0 
3 0.617021 0.038489 0.573044 0.00257 0.717504 0.344737 0 
3 0.638298 0.036208 0.570068 0.002414 0.710254 0.373246 0 
3 0.659574 0.038489 0.595507 0.002559 0.704557 0.376316 0 
3 0.680851 0.0393 0.625707 0.002619 0.691869 0.419298 0 
3 0.702128 0.042122 0.681345 0.002802 0.699637 0.419737 1 
3 0.723404 0.045935 0.770753 0.003043 0.734593 0.445614 1 
3 0.744681 0.043953 0.858078 0.002881 0.787416 0.39386 1 
3 0.765957 0.043893 0.866111 0.002883 0.777317 0.459649 1 
3 0.787234 0.049598 0.838887 0.00328 0.726308 0.471053 1 
3 0.808511 0.043923 0.799762 0.002935 0.678923 0.501754 1 
3 0.829787 0.042873 0.76748 0.002873 0.645262 0.539035 1 
3 0.851064 0.044554 0.741148 0.002989 0.617556 0.561842 1 
3 0.87234 0.042152 0.7108 0.002819 0.584153 0.610965 1 
3 0.893617 0.038609 0.662154 0.002582 0.542724 0.615351 0 
3 0.914894 0.033475 0.585242 0.002227 0.513465 0.664474 0 
3 0.93617 0.037889 0.621095 0.002179 0.473071 0.698684 0 
3 0.957447 0.034016 0.610384 0.001695 0.441999 0.698684 0 
3 0.978723 0.043293 0.593573 0.00286 0.535992 0.586404 1 
3 1 0.035697 0.582118 0.002372 0.527447 0.627193 0 
