6 0 0.044134 0.486909 0.003467 0.422915 0.414912 0 
6 0.021277 0.044134 0.464296 0.003467 0.422915 0.414912 0 
6 0.042553 0.044134 0.430824 0.003467 0.422915 0.414912 0 
6 0.06383 0.043983 0.368343 0.003467 0.422915 0.414912 0 
6 0.085106 0.043983 0.303184 0.003467 0.422915 0.414912 0 
6 0.106383 0.043983 0.252008 0.003467 0.422915 0.414912 0 
6 0.12766 0.044043 0.210503 0.003467 0.422915 0.414912 0 
6 0.148936 0.043833 0.171229 0.003467 0.422915 0.414912 0 
6 0.170213 0.060586 0.146831 0.003467 0.422915 0.414912 1 
6 0.191489 0.043833 0.135525 0.003467 0.422915 0.414912 0 
6 0.212766 0.060586 0.137162 0.003467 0.422915 0.414912 1 
6 0.234043 0.066981 0.158137 0.003467 0.422915 0.414912 1 
6 0.255319 0.081122 0.198602 0.003467 0.422915 0.414912 1 
6 0.276596 0.073106 0.243082 0.003467 0.422915 0.414912 1 
6 0.297872 0.083884 0.296935 0.003467 0.422915 0.414912 1 
6 0.319149 0.087366 0.386938 0.003467 0.422915 0.414912 1 
6 0.340426 0.089798 0.463106 0.003467 0.422915 0.414912 1 
6 0.361702 0.095803 0.502975 0.003467 0.422915 0.414912 1 
6 0.382979 0.121652 0.531389 0.003467 0.422915 0.414912 1 
6 0.404255 0.109103 0.523505 0.003467 0.422915 0.414912 1 
6 0.425532 0.089798 0.493008 0.003467 0.422915 0.414912 1 
6 0.446809 0.044254 0.459685 0.003467 0.422915 0.414912 0 
6 0.468085 0.044254 0.431419 0.003467 0.422915 0.414912 0 
6 0.489362 0.044134 0.406427 0.003467 0.422915 0.414912 0 
6 0.510638 0.044134 0.38069 0.003467 0.422915 0.414912 0 
6 0.531915 0.044134 0.360904 0.003467 0.422915 0.414912 0 
6 0.553191 0.044134 0.342011 0.003467 0.422915 0.414912 0 
6 0.574468 0.044134 0.322523 0.003467 0.422915 0.414912 0 
6 0.595745 0.043983 0.30839 0.003467 0.422915 0.414912 0 
6 0.617021 0.043983 0.299762 0.003467 0.422915 0.414912 0 
6 0.638298 0.043983 0.297382 0.003467 0.422915 0.414912 0 
6 0.659574 0.043983 0.30244 0.003467 0.422915 0.414912 0 
6 0.680851 0.043983 0.323416 0.003467 0.422915 0.414912 0 
6 0.702128 0.083884 0.390658 0.003467 0.422915 0.414912 1 
6 0.723404 0.106461 0.469206 0.003467 0.422915 0.414912 1 
6 0.744681 0.106461 0.538976 0.003467 0.422915 0.414912 1 
6 0.765957 0.089798 0.536596 0.003467 0.422915 0.414912 1 
6 0.787234 0.044404 0.513686 0.003467 0.422915 0.414912 0 
6 0.808511 0.044254 0.469652 0.003467 0.422915 0.414912 0 
6 0.829787 0.044134 0.439304 0.003467 0.422915 0.414912 0 
6 0.851064 0.044134 0.405088 0.003467 0.422915 0.414912 0 
6 0.87234 0.043983 0.383517 0.003467 0.422915 0.414912 0 
6 0.893617 0.043983 0.351979 0.003467 0.422915 0.414912 0 
6 0.914894 0.043983 0.319399 0.003467 0.422915 0.414912 0 
6 0.93617 0.044134 0.352425 0.003467 0.422915 0.414912 0 
6 0.957447 0.043983 0.356442 0.003467 0.422915 0.414912 0 
6 0.978723 0.043983 0.369682 0.003467 0.422915 0.414912 0 
6 1 0.043983 0.35302 0.003467 0.422915 0.414912 0 
