7 0 0.03975 0.41208 0.00259 0.364578 0.603509 1 
7 0.021277 0.054341 0.403005 0.00356 0.319265 0.574123 1 
7 0.042553 0.060706 0.360161 0.004026 0.357846 0.525439 1 
7 0.06383 0.047316 0.304522 0.003139 0.337908 0.563158 1 
7 0.085106 0.036508 0.239958 0.002408 0.297255 0.575877 1 
7 0.106383 0.031764 0.198453 0.002088 0.267996 0.585526 1 
7 0.12766 0.029212 0.156204 0.001911 0.240808 0.623684 0 
7 0.148936 0.029062 0.129426 0.001897 0.223718 0.670175 0 
7 0.170213 0.029092 0.116037 0.001888 0.208959 0.699123 0 
7 0.191489 0.028942 0.10726 0.001867 0.18203 0.757456 0 
7 0.212766 0.028942 0.111276 0.001865 0.171673 0.766228 0 
7 0.234043 0.024979 0.115293 0.001618 0.166753 0.724561 0 
7 0.255319 0.027681 0.139244 0.001799 0.170896 0.706579 0 
7 0.276596 0.027621 0.154567 0.001799 0.168566 0.688158 0 
7 0.297872 0.028131 0.183725 0.001828 0.172708 0.696053 0 
7 0.319149 0.029242 0.238768 0.001884 0.192387 0.66886 0 
7 0.340426 0.029422 0.282952 0.001894 0.216209 0.651754 0 
7 0.361702 0.030803 0.33249 0.00198 0.247281 0.69693 1 
7 0.382979 0.034706 0.371764 0.002239 0.269808 0.710088 1 
7 0.404255 0.035667 0.393633 0.002304 0.285603 0.680263 1 
7 0.425532 0.036177 0.394525 0.002331 0.301139 0.659649 1 
7 0.446809 0.035427 0.391401 0.002295 0.315122 0.655263 1 
7 0.468085 0.035367 0.378905 0.002291 0.316934 0.651316 1 
7 0.489362 0.032425 0.372954 0.002106 0.321077 0.646491 1 
7 0.510638 0.031074 0.360607 0.002025 0.320818 0.597368 0 
7 0.531915 0.030413 0.344243 0.001978 0.312015 0.603509 0 
7 0.553191 0.029572 0.330408 0.001924 0.309943 0.61886 0 
7 0.574468 0.029422 0.310622 0.001903 0.293371 0.657895 0 
7 0.595745 0.029392 0.298274 0.001894 0.279389 0.682895 0 
7 0.617021 0.029152 0.283547 0.001876 0.271621 0.695175 0 
7 0.638298 0.029092 0.283249 0.001867 0.261781 0.720175 0 
7 0.659574 0.029092 0.282208 0.001631 0.26463 0.7 0 
7 0.680851 0.029302 0.291134 0.001776 0.274728 0.686842 0 
7 0.702128 0.029392 0.310771 0.001897 0.306836 0.604825 0 
7 0.723404 0.031074 0.33978 0.002017 0.349042 0.65307 0 
7 0.744681 0.041492 0.424874 0.0027 0.412481 0.584211 1 
7 0.765957 0.042152 0.44942 0.002767 0.450285 0.583333 1 
7 0.787234 0.03942 0.425766 0.00258 0.435526 0.586842 1 
7 0.808511 0.036027 0.390062 0.002351 0.411963 0.613158 1 
7 0.829787 0.033836 0.361648 0.002212 0.383739 0.565789 1 
7 0.851064 0.030473 0.332937 0.001988 0.368462 0.589912 0 
7 0.87234 0.029813 0.323564 0.001936 0.34231 0.630263 0 
7 0.893617 0.029422 0.3072 0.001894 0.328586 0.64693 0 
7 0.914894 0.029242 0.287266 0.00188 0.311756 0.64693 0 
7 0.93617 0.029873 0.316424 0.001834 0.308907 0.65614 0 
7 0.957447 0.029572 0.323118 0.001834 0.290523 0.64386 0 
7 0.978723 0.033295 0.327432 0.002162 0.354997 0.600877 1 
7 1 0.030863 0.30958 0.002 0.342569 0.611842 0 
