4 0 0.074847 0.54701 0.004836 0.481357 0.670175 1 
4 0.021277 0.06554 0.533026 0.004034 0.451579 0.670614 1 
4 0.042553 0.076558 0.503868 0.004985 0.516054 0.57193 1 
4 0.06383 0.060436 0.448825 0.003928 0.486794 0.587281 0 
4 0.085106 0.05296 0.389914 0.003436 0.453133 0.660965 0 
4 0.106383 0.045965 0.338292 0.002964 0.413516 0.650877 0 
4 0.12766 0.044734 0.289051 0.002904 0.36406 0.689912 0 
4 0.148936 0.036838 0.252306 0.002389 0.345417 0.690789 0 
4 0.170213 0.027801 0.231925 0.001801 0.310461 0.710088 0 
4 0.191489 0.027771 0.228206 0.001799 0.301139 0.713596 0 
4 0.212766 0.043053 0.252008 0.002781 0.3058 0.726754 0 
4 0.234043 0.047226 0.306308 0.003074 0.337131 0.680263 0 
4 0.255319 0.056323 0.420411 0.003675 0.417659 0.648246 0 
4 0.276596 0.07851 0.520976 0.005147 0.511134 0.594298 1 
4 0.297872 0.056863 0.549241 0.003749 0.562403 0.507018 0 
4 0.319149 0.087036 0.621988 0.005939 0.644744 0.451754 1 
4 0.340426 0.084694 0.624814 0.005596 0.671673 0.499561 1 
4 0.361702 0.074006 0.604582 0.004896 0.686432 0.485965 1 
4 0.382979 0.09244 0.632252 0.006074 0.699379 0.517105 1 
4 0.404255 0.084364 0.635079 0.005557 0.684878 0.493421 1 
4 0.425532 0.088747 0.610979 0.005854 0.677369 0.482895 1 
4 0.446809 0.083854 0.590152 0.005544 0.686432 0.459211 1 
4 0.468085 0.085835 0.567539 0.005669 0.678405 0.453947 1 
4 0.489362 0.088838 0.554746 0.005847 0.685396 0.482895 1 
4 0.510638 0.082112 0.534067 0.005399 0.670378 0.485965 1 
4 0.531915 0.079981 0.526183 0.005266 0.675039 0.464474 1 
4 0.553191 0.087216 0.523059 0.005758 0.700414 0.446053 1 
4 0.574468 0.083764 0.517703 0.005519 0.70145 0.418421 1 
4 0.595745 0.085415 0.506992 0.00564 0.681253 0.45307 1 
4 0.617021 0.075748 0.492115 0.004987 0.673485 0.424561 1 
4 0.638298 0.078089 0.484975 0.005139 0.658467 0.466228 1 
4 0.659574 0.077909 0.496727 0.005139 0.655878 0.496491 1 
4 0.680851 0.075027 0.505356 0.004948 0.657172 0.441228 1 
4 0.702128 0.075027 0.533323 0.004994 0.678923 0.448684 1 
4 0.723404 0.071064 0.596251 0.004765 0.714915 0.403947 1 
4 0.744681 0.094332 0.692056 0.006296 0.752201 0.414912 1 
4 0.765957 0.094722 0.724784 0.00625 0.751942 0.446053 1 
4 0.787234 0.089588 0.705742 0.005926 0.714915 0.477632 1 
4 0.808511 0.059175 0.673907 0.003947 0.670896 0.377193 0 
4 0.829787 0.053951 0.650699 0.003581 0.64319 0.414035 0 
4 0.851064 0.05239 0.624665 0.003488 0.602279 0.476316 0 
4 0.87234 0.049748 0.606962 0.00333 0.583118 0.520175 0 
4 0.893617 0.042362 0.566052 0.002846 0.544278 0.46886 0 
4 0.914894 0.037438 0.519488 0.002536 0.510875 0.439035 0 
4 0.93617 0.078089 0.558614 0.005185 0.47566 0.627193 1 
4 0.957447 0.06641 0.557721 0.00441 0.447437 0.6 0 
4 0.978723 0.083734 0.554151 0.005557 0.522786 0.500877 1 
4 1 0.082383 0.546117 0.005434 0.506214 0.661842 1 
