3 0 0.090068 0.485272 0.005964 0.471776 0.54693 1 
3 0.021277 0.097814 0.4759 0.006491 0.444847 0.562281 1 
3 0.042553 0.103369 0.445552 0.006926 0.503107 0.461842 1 
3 0.06383 0.101957 0.401666 0.006826 0.486277 0.491228 1 
3 0.085106 0.089168 0.347664 0.005935 0.440963 0.534649 1 
3 0.106383 0.083674 0.29277 0.00553 0.392802 0.617544 0 
3 0.12766 0.058785 0.245611 0.003862 0.351631 0.679825 0 
3 0.148936 0.054041 0.211247 0.003525 0.325997 0.711404 0 
3 0.170213 0.055692 0.199345 0.003284 0.307095 0.728509 0 
3 0.191489 0.05326 0.197114 0.003448 0.295961 0.762281 0 
3 0.212766 0.056053 0.226421 0.003635 0.307354 0.765351 0 
3 0.234043 0.062988 0.281315 0.004005 0.330399 0.573246 0 
3 0.255319 0.087426 0.387087 0.005775 0.37623 0.546491 1 
3 0.276596 0.10538 0.49643 0.007036 0.480062 0.505702 1 
3 0.297872 0.087997 0.503273 0.005889 0.525634 0.34693 1 
3 0.319149 0.093941 0.562184 0.006282 0.590109 0.313596 1 
3 0.340426 0.096343 0.571407 0.006518 0.620145 0.291228 1 
3 0.361702 0.09217 0.559357 0.00625 0.624288 0.244298 1 
3 0.382979 0.124595 0.583755 0.008463 0.628172 0.30614 1 
3 0.404255 0.101747 0.592234 0.006921 0.620663 0.288596 1 
3 0.425532 0.093071 0.571854 0.006323 0.603573 0.334211 1 
3 0.446809 0.091149 0.549985 0.006093 0.599171 0.352632 1 
3 0.468085 0.09232 0.535555 0.006163 0.587778 0.37193 1 
3 0.489362 0.090459 0.524398 0.006053 0.589591 0.404386 1 
3 0.510638 0.089918 0.516513 0.006014 0.574314 0.437281 1 
3 0.531915 0.090068 0.507736 0.006018 0.573019 0.454386 1 
3 0.553191 0.089618 0.498512 0.005999 0.585189 0.469298 1 
3 0.574468 0.087186 0.47947 0.005852 0.583894 0.462281 1 
3 0.595745 0.076798 0.469503 0.005168 0.573537 0.464035 0 
3 0.617021 0.081632 0.470544 0.005484 0.563439 0.485965 0 
3 0.638298 0.077369 0.46742 0.005193 0.551528 0.489912 0 
3 0.659574 0.071184 0.47352 0.00478 0.540911 0.48114 0 
3 0.680851 0.07899 0.484677 0.005278 0.540911 0.524123 0 
3 0.702128 0.079921 0.501785 0.005314 0.553599 0.517105 0 
3 0.723404 0.076228 0.52053 0.005064 0.578975 0.583333 0 
3 0.744681 0.088297 0.587771 0.00582 0.614966 0.485965 1 
3 0.765957 0.089138 0.63017 0.005856 0.662351 0.408333 1 
3 0.787234 0.089438 0.638649 0.005883 0.683843 0.443421 1 
3 0.808511 0.088868 0.605177 0.00587 0.650699 0.5 1 
3 0.829787 0.071875 0.562928 0.00483 0.624547 0.475877 0 
3 0.851064 0.081752 0.55906 0.005478 0.599948 0.519737 0 
3 0.87234 0.055362 0.53734 0.003716 0.567064 0.493421 0 
3 0.893617 0.044524 0.493306 0.003006 0.533143 0.464912 0 
3 0.914894 0.041822 0.449569 0.002833 0.492491 0.400877 0 
3 0.93617 0.079651 0.484677 0.00532 0.463231 0.664474 0 
3 0.957447 0.056173 0.493752 0.003473 0.442517 0.682018 0 
3 0.978723 0.087366 0.49881 0.005503 0.542206 0.605702 1 
3 1 0.078029 0.501041 0.005114 0.527447 0.64386 0 
