7 0 0.07848 0.464743 0.005201 0.435785 0.561842 1 
7 0.021277 0.064459 0.454775 0.004204 0.402382 0.615351 1 
7 0.042553 0.074036 0.420262 0.004869 0.43449 0.530702 1 
7 0.06383 0.054642 0.363434 0.003592 0.409632 0.520175 0 
7 0.085106 0.049778 0.312258 0.00327 0.372087 0.536842 0 
7 0.106383 0.044704 0.254835 0.002973 0.329104 0.506579 0 
7 0.12766 0.034406 0.207528 0.002281 0.281201 0.521053 0 
7 0.148936 0.028372 0.173609 0.001878 0.250129 0.552632 0 
7 0.170213 0.024108 0.151889 0.001606 0.214656 0.520175 0 
7 0.191489 0.027531 0.14341 0.00184 0.20145 0.517544 0 
7 0.212766 0.025039 0.147278 0.001666 0.197825 0.544737 0 
7 0.234043 0.02624 0.154716 0.001739 0.205593 0.570175 0 
7 0.255319 0.03894 0.184023 0.002574 0.230451 0.636842 0 
7 0.276596 0.044404 0.217495 0.002916 0.256603 0.667544 0 
7 0.297872 0.057314 0.274174 0.003747 0.251942 0.738596 1 
7 0.319149 0.075688 0.351681 0.004923 0.296479 0.682895 1 
7 0.340426 0.079651 0.421303 0.00516 0.334283 0.709211 1 
7 0.361702 0.086105 0.470098 0.005492 0.366132 0.686842 1 
7 0.382979 0.089618 0.519488 0.005694 0.397462 0.700439 1 
7 0.404255 0.090068 0.546415 0.005683 0.389953 0.741228 1 
7 0.425532 0.090849 0.550134 0.005694 0.392284 0.742982 1 
7 0.446809 0.09244 0.541506 0.005787 0.381409 0.742982 1 
7 0.468085 0.09244 0.522166 0.005781 0.375453 0.766667 1 
7 0.489362 0.092981 0.512348 0.005808 0.363801 0.74693 1 
7 0.510638 0.094872 0.507587 0.005922 0.369757 0.750877 1 
7 0.531915 0.09244 0.498215 0.005775 0.358364 0.809211 1 
7 0.553191 0.090849 0.472627 0.005683 0.370274 0.80307 1 
7 0.574468 0.086976 0.436477 0.005449 0.358364 0.832018 1 
7 0.595745 0.072625 0.40598 0.004582 0.358364 0.780702 1 
7 0.617021 0.069052 0.38679 0.004377 0.355515 0.771053 1 
7 0.638298 0.06563 0.375335 0.00415 0.346712 0.730263 1 
7 0.659574 0.062057 0.369087 0.003909 0.349042 0.715351 0 
7 0.680851 0.069563 0.39036 0.00441 0.363024 0.773684 1 
7 0.702128 0.076738 0.416096 0.004877 0.381926 0.760526 1 
7 0.723404 0.066591 0.433502 0.004254 0.392802 0.748246 1 
7 0.744681 0.084514 0.529902 0.005399 0.449249 0.664474 1 
7 0.765957 0.091269 0.577507 0.005839 0.504661 0.55 1 
7 0.787234 0.091119 0.570663 0.005879 0.513206 0.593421 1 
7 0.808511 0.088597 0.527522 0.005727 0.496375 0.639912 1 
7 0.829787 0.087426 0.487206 0.005648 0.46116 0.655702 1 
7 0.851064 0.087727 0.46385 0.005619 0.446401 0.662719 1 
7 0.87234 0.081812 0.450759 0.005239 0.431383 0.668421 1 
7 0.893617 0.071064 0.42294 0.004562 0.401346 0.686404 1 
7 0.914894 0.072655 0.399137 0.00467 0.384775 0.671491 1 
7 0.93617 0.065029 0.420857 0.004194 0.371828 0.7 0 
7 0.957447 0.068572 0.423832 0.004425 0.376748 0.660088 0 
7 0.978723 0.089288 0.429783 0.005825 0.470741 0.531579 1 
7 1 0.083013 0.403154 0.005447 0.473071 0.577632 1 
