1 0 0.032965 0.384707 0.002225 0.450285 0.332018 1 
1 0.021277 0.032515 0.339036 0.002196 0.426722 0.383772 1 
1 0.042553 0.032725 0.304374 0.00221 0.475142 0.28114 1 
1 0.06383 0.032515 0.263463 0.002198 0.440704 0.339035 1 
1 0.085106 0.030924 0.223892 0.0021 0.402123 0.390789 0 
1 0.106383 0.027051 0.1867 0.001836 0.349819 0.474123 0 
1 0.12766 0.025009 0.154716 0.001697 0.316675 0.489474 0 
1 0.148936 0.021676 0.13017 0.001469 0.277059 0.563158 0 
1 0.170213 0.021166 0.112318 0.001427 0.249871 0.617544 0 
1 0.191489 0.020355 0.096251 0.001365 0.22087 0.685088 0 
1 0.212766 0.019845 0.110235 0.001327 0.204298 0.702193 0 
1 0.234043 0.021166 0.130467 0.001419 0.198084 0.703509 0 
1 0.255319 0.021166 0.155311 0.001419 0.197048 0.698246 0 
1 0.276596 0.021166 0.186849 0.001421 0.199896 0.683772 0 
1 0.297872 0.021166 0.215561 0.001417 0.16261 0.753947 0 
1 0.319149 0.027261 0.301547 0.00183 0.192128 0.72193 0 
1 0.340426 0.030053 0.372359 0.002025 0.230709 0.65 0 
1 0.361702 0.031944 0.428295 0.00216 0.281719 0.614035 1 
1 0.382979 0.033355 0.480661 0.002223 0.316934 0.584649 1 
1 0.404255 0.034526 0.500595 0.002293 0.337649 0.587719 1 
1 0.425532 0.035007 0.495388 0.002329 0.353185 0.557456 1 
1 0.446809 0.034977 0.481999 0.002331 0.360953 0.562719 1 
1 0.468085 0.035967 0.463106 0.002391 0.366649 0.553947 1 
1 0.489362 0.035577 0.442725 0.002368 0.373382 0.539035 1 
1 0.510638 0.036508 0.425171 0.002428 0.381409 0.555702 1 
1 0.531915 0.036208 0.405534 0.002405 0.37856 0.542982 1 
1 0.553191 0.035427 0.381583 0.002354 0.388659 0.500877 1 
1 0.574468 0.034436 0.356293 0.002297 0.381409 0.487281 1 
1 0.595745 0.033626 0.341714 0.002237 0.367167 0.495175 1 
1 0.617021 0.032455 0.329366 0.002162 0.343604 0.518421 1 
1 0.638298 0.032395 0.3313 0.002164 0.330658 0.580702 1 
1 0.659574 0.032335 0.344094 0.002158 0.328327 0.583772 1 
1 0.680851 0.032425 0.374293 0.002158 0.322372 0.584211 1 
1 0.702128 0.032365 0.421601 0.002158 0.332729 0.553509 1 
1 0.723404 0.032845 0.476644 0.002198 0.373123 0.536404 1 
1 0.744681 0.037529 0.620202 0.002497 0.430347 0.514035 1 
1 0.765957 0.053981 0.707676 0.003486 0.501036 0.417105 1 
1 0.787234 0.049267 0.718834 0.003297 0.508027 0.437281 1 
1 0.808511 0.042572 0.698899 0.002871 0.491714 0.457456 1 
1 0.829787 0.041431 0.675543 0.002784 0.472035 0.492105 1 
1 0.851064 0.040621 0.656352 0.002723 0.452615 0.516228 1 
1 0.87234 0.040921 0.627046 0.00274 0.433454 0.511842 1 
1 0.893617 0.040921 0.581375 0.002736 0.406266 0.547807 1 
1 0.914894 0.036838 0.521571 0.002451 0.370533 0.578947 1 
1 0.93617 0.037168 0.520232 0.002464 0.364319 0.59693 1 
1 0.957447 0.035697 0.494049 0.002368 0.349301 0.532895 1 
1 0.978723 0.035877 0.464594 0.002391 0.415329 0.462719 1 
1 1 0.034766 0.42651 0.002327 0.41015 0.455263 1 
