1 0 0.037919 0.449271 0.002565 0.410409 0.610088 0 
1 0.021277 0.036808 0.409253 0.002509 0.39565 0.629825 0 
1 0.042553 0.038129 0.36983 0.002603 0.440445 0.552632 0 
1 0.06383 0.034977 0.324011 0.002383 0.41274 0.633772 0 
1 0.085106 0.033115 0.281761 0.002013 0.365873 0.67807 0 
1 0.106383 0.057344 0.247099 0.002472 0.319006 0.691228 1 
1 0.12766 0.043683 0.212883 0.001637 0.280166 0.708772 1 
1 0.148936 0.031494 0.1867 0.002108 0.250129 0.827193 0 
1 0.170213 0.030984 0.171973 0.001496 0.218799 0.809649 0 
1 0.191489 0.027831 0.160071 0.000976 0.18928 0.809649 0 
1 0.212766 0.02693 0.16751 0.001381 0.165199 0.853509 0 
1 0.234043 0.028312 0.180006 0.001124 0.156396 0.853509 0 
1 0.255319 0.029663 0.207825 0.001695 0.158985 0.897368 0 
1 0.276596 0.032575 0.240405 0.001863 0.162092 0.897368 0 
1 0.297872 0.032935 0.282356 0.000976 0.131279 0.897368 0 
1 0.319149 0.047466 0.363285 0.000976 0.149146 0.853509 1 
1 0.340426 0.031164 0.43737 0.002011 0.193164 0.851754 0 
1 0.361702 0.035037 0.504612 0.001248 0.22087 0.72193 0 
1 0.382979 0.036538 0.549836 0.001834 0.242879 0.725439 0 
1 0.404255 0.033626 0.557126 0.001969 0.256085 0.750877 0 
1 0.425532 0.033415 0.534365 0.001857 0.264371 0.741667 0 
1 0.446809 0.033325 0.501785 0.001543 0.254272 0.710526 0 
1 0.468085 0.033175 0.468313 0.001583 0.249871 0.710526 0 
1 0.489362 0.034556 0.437965 0.001479 0.245728 0.763596 0 
1 0.510638 0.033025 0.41565 0.001899 0.247281 0.738158 0 
1 0.531915 0.033025 0.386046 0.001863 0.241844 0.738596 0 
1 0.553191 0.033025 0.350045 0.001951 0.24754 0.738596 0 
1 0.574468 0.033025 0.324457 0.001716 0.238219 0.738596 0 
1 0.595745 0.032425 0.305118 0.001421 0.230968 0.738596 0 
1 0.617021 0.032575 0.297828 0.001124 0.224236 0.738596 0 
1 0.638298 0.032575 0.296935 0.001124 0.223459 0.747368 0 
1 0.659574 0.029723 0.310324 0.001857 0.228638 0.772807 0 
1 0.680851 0.028912 0.334573 0.001556 0.227343 0.785526 0 
1 0.702128 0.029903 0.388724 0.00167 0.249612 0.798246 0 
1 0.723404 0.031404 0.45909 0.001932 0.294666 0.810965 0 
1 0.744681 0.034556 0.616781 0.002214 0.378301 0.780263 0 
1 0.765957 0.035187 0.693841 0.002221 0.457276 0.730263 0 
1 0.787234 0.036057 0.697263 0.002391 0.459865 0.728947 0 
1 0.808511 0.03975 0.679262 0.002644 0.445106 0.747807 1 
1 0.829787 0.038549 0.655013 0.002565 0.427758 0.754386 1 
1 0.851064 0.041041 0.639691 0.002628 0.410668 0.739474 1 
1 0.87234 0.044254 0.622285 0.002989 0.402382 0.725439 1 
1 0.893617 0.043263 0.582862 0.002561 0.374417 0.756579 1 
1 0.914894 0.042032 0.529158 0.002526 0.350596 0.778509 1 
1 0.93617 0.042422 0.53377 0.002071 0.338685 0.778509 1 
1 0.957447 0.036808 0.511604 0.001541 0.334024 0.778509 1 
1 0.978723 0.03927 0.487355 0.002254 0.399016 0.666667 1 
1 1 0.034826 0.448527 0.002362 0.393061 0.680263 0 
