6 0 0.064249 0.532728 0.004279 0.41015 0.621491 0 
6 0.021277 0.067011 0.518149 0.004051 0.377784 0.690789 0 
6 0.042553 0.136274 0.484231 0.008147 0.443294 0.570175 1 
6 0.06383 0.077549 0.430675 0.005145 0.415329 0.638596 0 
6 0.085106 0.048427 0.364475 0.003182 0.386328 0.692544 0 
6 0.106383 0.03972 0.31925 0.002586 0.352149 0.707018 0 
6 0.12766 0.038099 0.269563 0.002466 0.327033 0.696491 0 
6 0.148936 0.033956 0.241595 0.002196 0.316675 0.717544 0 
6 0.170213 0.037108 0.224933 0.002389 0.3058 0.755263 0 
6 0.191489 0.032665 0.223445 0.002092 0.291559 0.774123 0 
6 0.212766 0.043353 0.259298 0.002784 0.299586 0.764912 0 
6 0.234043 0.055572 0.304671 0.003592 0.316157 0.701754 0 
6 0.255319 0.109403 0.412229 0.007235 0.385034 0.613596 1 
6 0.276596 0.126336 0.528563 0.008411 0.449508 0.618421 1 
6 0.297872 0.054011 0.580184 0.003656 0.499741 0.526754 0 
6 0.319149 0.103278 0.663493 0.007032 0.548421 0.519737 1 
6 0.340426 0.055482 0.671526 0.00376 0.576385 0.476754 0 
6 0.361702 0.06521 0.651443 0.00446 0.581823 0.408772 0 
6 0.382979 0.053471 0.647724 0.003681 0.583118 0.359211 0 
6 0.404255 0.042662 0.632252 0.002923 0.579492 0.328509 0 
6 0.425532 0.040171 0.610533 0.002757 0.562921 0.330702 0 
6 0.446809 0.040261 0.590598 0.002771 0.554117 0.353509 0 
6 0.468085 0.031974 0.559655 0.002185 0.541688 0.45 0 
6 0.489362 0.028942 0.546861 0.001971 0.538063 0.369298 0 
6 0.510638 0.028942 0.530051 0.001992 0.528224 0.395614 0 
6 0.531915 0.028942 0.519042 0.001996 0.522268 0.391228 0 
6 0.553191 0.028822 0.506099 0.00199 0.538322 0.414035 0 
6 0.574468 0.028942 0.497322 0.001992 0.529259 0.443421 0 
6 0.595745 0.027891 0.484082 0.001911 0.520197 0.485965 0 
6 0.617021 0.027291 0.471883 0.001865 0.512947 0.533772 0 
6 0.638298 0.027201 0.459685 0.001853 0.49275 0.518421 0 
6 0.659574 0.027291 0.475007 0.001859 0.479803 0.570175 0 
6 0.680851 0.027771 0.493752 0.00189 0.47825 0.55614 0 
6 0.702128 0.028942 0.528712 0.001955 0.491973 0.532456 0 
6 0.723404 0.031134 0.607855 0.002065 0.540911 0.551754 0 
6 0.744681 0.031044 0.671675 0.002056 0.626618 0.496053 0 
6 0.765957 0.030773 0.663195 0.002009 0.618591 0.440351 0 
6 0.787234 0.030893 0.647575 0.002007 0.579234 0.503947 0 
6 0.808511 0.030173 0.610533 0.001967 0.544278 0.542982 0 
6 0.829787 0.029422 0.580184 0.001938 0.523045 0.574561 0 
6 0.851064 0.029392 0.56873 0.001938 0.493786 0.589912 0 
6 0.87234 0.029602 0.549688 0.001959 0.470999 0.644298 0 
6 0.893617 0.028852 0.521571 0.001907 0.427758 0.671053 0 
6 0.914894 0.027171 0.485421 0.001799 0.39565 0.701316 0 
6 0.93617 0.031734 0.524695 0.002083 0.387364 0.800439 0 
6 0.957447 0.030893 0.538084 0.002002 0.385293 0.732018 0 
6 0.978723 0.0393 0.536745 0.002586 0.453651 0.696053 0 
6 1 0.038459 0.529604 0.002513 0.439669 0.763596 0 
