7 0 0.071364 0.498959 0.004828 0.408338 0.496491 1 
7 0.021277 0.059475 0.469354 0.004038 0.370016 0.457018 0 
7 0.042553 0.063408 0.431717 0.004327 0.409373 0.4 1 
7 0.06383 0.054371 0.369235 0.003706 0.370792 0.442105 0 
7 0.085106 0.046565 0.302589 0.003149 0.324443 0.53114 0 
7 0.106383 0.043563 0.257513 0.002906 0.274469 0.619298 0 
7 0.12766 0.042002 0.211395 0.002771 0.24029 0.702193 0 
7 0.148936 0.040741 0.173312 0.002676 0.208182 0.645614 0 
7 0.170213 0.043593 0.156055 0.002856 0.177628 0.744737 0 
7 0.191489 0.042182 0.147873 0.002746 0.169342 0.762719 0 
7 0.212766 0.037709 0.148319 0.002397 0.15769 0.765789 0 
7 0.234043 0.040531 0.167063 0.002626 0.164682 0.72193 0 
7 0.255319 0.041552 0.193246 0.002723 0.186432 0.717982 0 
7 0.276596 0.041462 0.229098 0.002738 0.203521 0.672368 0 
7 0.297872 0.044494 0.26748 0.002935 0.208959 0.669737 0 
7 0.319149 0.045635 0.340077 0.003041 0.243915 0.611404 0 
7 0.340426 0.046836 0.408509 0.003145 0.291559 0.552632 0 
7 0.361702 0.051369 0.46028 0.003492 0.322372 0.470614 0 
7 0.382979 0.054912 0.507141 0.003774 0.345158 0.447368 0 
7 0.404255 0.056863 0.528265 0.003911 0.349819 0.440351 0 
7 0.425532 0.059415 0.514877 0.004086 0.345676 0.442105 1 
7 0.446809 0.060646 0.490033 0.004152 0.336354 0.439474 1 
7 0.468085 0.059505 0.469652 0.004065 0.333247 0.462281 1 
7 0.489362 0.054642 0.451949 0.003739 0.328586 0.480702 0 
7 0.510638 0.050138 0.432907 0.00339 0.280684 0.502193 0 
7 0.531915 0.054311 0.418923 0.003685 0.306577 0.510965 0 
7 0.553191 0.053381 0.400179 0.003619 0.307613 0.497807 0 
7 0.574468 0.046475 0.377864 0.003145 0.297514 0.532895 0 
7 0.595745 0.046325 0.366855 0.003116 0.285862 0.564474 0 
7 0.617021 0.046025 0.346325 0.003074 0.271621 0.601754 0 
7 0.638298 0.046175 0.344094 0.003066 0.251942 0.632018 0 
7 0.659574 0.046115 0.349598 0.003062 0.252201 0.644298 0 
7 0.680851 0.046085 0.358971 0.003064 0.25479 0.610965 0 
7 0.702128 0.046415 0.396459 0.00311 0.285085 0.553509 0 
7 0.723404 0.05326 0.466082 0.003641 0.360435 0.380263 0 
7 0.744681 0.061787 0.54582 0.004321 0.44407 0.378947 1 
7 0.765957 0.061787 0.543886 0.004308 0.458571 0.404825 1 
7 0.787234 0.060706 0.507885 0.004244 0.423097 0.389912 1 
7 0.808511 0.058064 0.467569 0.004003 0.388141 0.402632 1 
7 0.829787 0.053681 0.431419 0.003685 0.356033 0.455702 1 
7 0.851064 0.050258 0.404939 0.003434 0.33739 0.488596 0 
7 0.87234 0.046926 0.386492 0.003191 0.31305 0.471491 0 
7 0.893617 0.046115 0.360607 0.003122 0.296737 0.499561 0 
7 0.914894 0.046055 0.342755 0.003108 0.28405 0.537281 0 
7 0.93617 0.046505 0.371616 0.003128 0.289228 0.553947 0 
7 0.957447 0.046475 0.380839 0.003132 0.296737 0.510965 0 
7 0.978723 0.05323 0.385451 0.003637 0.377525 0.406579 1 
7 1 0.05206 0.362095 0.003569 0.373123 0.423246 1 
