6 0 0.032905 0.404493 0.002246 0.344122 0.509649 0 
6 0.021277 0.027681 0.344689 0.001876 0.309425 0.539912 0 
6 0.042553 0.032635 0.288753 0.002214 0.35914 0.490351 0 
6 0.06383 0.033175 0.25305 0.002241 0.326256 0.556579 0 
6 0.085106 0.027261 0.220619 0.00183 0.276282 0.635526 0 
6 0.106383 0.027201 0.203957 0.001834 0.227861 0.621491 0 
6 0.12766 0.0257 0.201279 0.001735 0.20378 0.646053 0 
6 0.148936 0.02579 0.206932 0.001743 0.202486 0.653947 0 
6 0.170213 0.031224 0.236834 0.002104 0.215432 0.642544 0 
6 0.191489 0.049838 0.273579 0.003346 0.239513 0.729386 0 
6 0.212766 0.055092 0.348259 0.003695 0.289228 0.70614 0 
6 0.234043 0.103068 0.435436 0.006909 0.35681 0.618421 1 
6 0.255319 0.080041 0.467272 0.005432 0.454687 0.48114 1 
6 0.276596 0.067852 0.540167 0.004645 0.509839 0.385965 1 
6 0.297872 0.035217 0.578399 0.002426 0.482651 0.342105 0 
6 0.319149 0.044164 0.614996 0.003056 0.481875 0.414035 0 
6 0.340426 0.046625 0.676733 0.003249 0.500518 0.386842 0 
6 0.361702 0.054882 0.69161 0.003774 0.508545 0.39386 0 
6 0.382979 0.045635 0.679411 0.003122 0.502071 0.33114 0 
6 0.404255 0.045515 0.682386 0.003108 0.516572 0.315789 0 
6 0.425532 0.034706 0.684023 0.003114 0.519161 0.196053 0 
6 0.446809 0.038159 0.687742 0.003056 0.526152 0.186842 0 
6 0.468085 0.033686 0.679113 0.002538 0.505179 0.227193 0 
6 0.489362 0.029813 0.671675 0.002044 0.493786 0.203947 0 
6 0.510638 0.031074 0.65784 0.003116 0.5145 0.228509 0 
6 0.531915 0.031104 0.659179 0.002833 0.514241 0.239912 0 
6 0.553191 0.031944 0.653675 0.002777 0.511134 0.260526 0 
6 0.574468 0.033325 0.636418 0.002929 0.5 0.228509 0 
6 0.595745 0.036177 0.61812 0.003099 0.491455 0.214035 0 
6 0.617021 0.035457 0.612169 0.00263 0.469964 0.198246 0 
6 0.638298 0.035727 0.608152 0.002559 0.474625 0.223684 0 
6 0.659574 0.031824 0.60235 0.002273 0.460383 0.259649 0 
6 0.680851 0.034826 0.57706 0.002491 0.467374 0.183333 0 
6 0.702128 0.030773 0.558167 0.002204 0.449508 0.214474 0 
6 0.723404 0.029452 0.514728 0.0021 0.416624 0.244298 0 
6 0.744681 0.028702 0.487206 0.002036 0.380632 0.369298 0 
6 0.765957 0.028612 0.459833 0.002021 0.336354 0.260965 0 
6 0.787234 0.029002 0.457007 0.002061 0.31797 0.319737 0 
6 0.808511 0.028822 0.459833 0.002038 0.316416 0.326316 0 
6 0.829787 0.029182 0.448527 0.002065 0.343345 0.276316 0 
6 0.851064 0.029182 0.424874 0.002063 0.336095 0.301316 0 
6 0.87234 0.028312 0.388872 0.001988 0.31564 0.364474 0 
6 0.893617 0.029182 0.424278 0.002046 0.2768 0.422807 0 
6 0.914894 0.028582 0.434246 0.001984 0.258156 0.610526 0 
6 0.93617 0.029182 0.452098 0.002005 0.259451 0.611842 0 
6 0.957447 0.029182 0.448378 0.001998 0.250388 0.623684 0 
6 0.978723 0.028972 0.420857 0.002002 0.345935 0.52807 0 
6 1 0.029182 0.396311 0.002015 0.344899 0.510965 0 
