1 0 0.042632 0.267629 0.002838 0.356292 0.546053 0 
1 0.021277 0.042572 0.232966 0.002806 0.330917 0.567982 0 
1 0.042553 0.043413 0.188634 0.002877 0.398757 0.467105 0 
1 0.06383 0.043053 0.160666 0.002848 0.370533 0.536404 0 
1 0.085106 0.03882 0.128831 0.002545 0.324702 0.605263 0 
1 0.106383 0.041131 0.113805 0.002669 0.28146 0.672368 0 
1 0.12766 0.030023 0.096549 0.001942 0.243138 0.69693 0 
1 0.148936 0.02606 0.089408 0.001685 0.212325 0.72807 0 
1 0.170213 0.027831 0.098036 0.001749 0.18928 0.696491 0 
1 0.191489 0.026 0.10116 0.001687 0.177369 0.69693 0 
1 0.212766 0.02645 0.119012 0.001718 0.174262 0.724123 0 
1 0.234043 0.035187 0.139542 0.002275 0.168307 0.694737 0 
1 0.255319 0.040561 0.168253 0.002638 0.183325 0.649561 0 
1 0.276596 0.042152 0.223892 0.002744 0.221906 0.678509 0 
1 0.297872 0.047766 0.273133 0.003099 0.202745 0.65307 0 
1 0.319149 0.059175 0.319548 0.003855 0.206888 0.713596 1 
1 0.340426 0.044704 0.371169 0.002896 0.22812 0.76886 0 
1 0.361702 0.043953 0.387682 0.002813 0.237442 0.781579 0 
1 0.382979 0.044944 0.390658 0.002806 0.25246 0.786842 0 
1 0.404255 0.043653 0.381583 0.002815 0.247022 0.745175 0 
1 0.425532 0.042993 0.372211 0.002767 0.256862 0.758772 0 
1 0.446809 0.043683 0.366855 0.002815 0.249612 0.736404 0 
1 0.468085 0.043143 0.355995 0.002796 0.248058 0.717105 0 
1 0.489362 0.042632 0.341267 0.002754 0.232263 0.736842 0 
1 0.510638 0.042632 0.323416 0.00275 0.235111 0.738596 0 
1 0.531915 0.042692 0.303184 0.002746 0.217504 0.723246 0 
1 0.553191 0.027921 0.291877 0.001786 0.223977 0.788158 0 
1 0.574468 0.027261 0.276108 0.001737 0.226825 0.826754 0 
1 0.595745 0.027081 0.274621 0.001708 0.23537 0.831579 0 
1 0.617021 0.037829 0.26629 0.002447 0.210254 0.606579 0 
1 0.638298 0.042452 0.272538 0.002798 0.205075 0.668421 0 
1 0.659574 0.037498 0.282059 0.002441 0.223977 0.742105 0 
1 0.680851 0.030924 0.279232 0.001992 0.236147 0.733772 0 
1 0.702128 0.038729 0.296192 0.002484 0.259192 0.759211 0 
1 0.723404 0.042392 0.331598 0.002732 0.264371 0.715789 0 
1 0.744681 0.042572 0.357185 0.002759 0.262558 0.735526 1 
1 0.765957 0.044314 0.385153 0.002875 0.269032 0.735088 1 
1 0.787234 0.060106 0.434097 0.003548 0.29363 0.735088 1 
1 0.808511 0.081182 0.450907 0.005274 0.345935 0.712719 1 
1 0.829787 0.076438 0.447337 0.004952 0.363542 0.716228 1 
1 0.851064 0.058364 0.407766 0.003781 0.354221 0.695175 1 
1 0.87234 0.047226 0.373847 0.003066 0.326256 0.660965 1 
1 0.893617 0.044254 0.374145 0.002879 0.300363 0.704825 1 
1 0.914894 0.042632 0.363731 0.002761 0.262558 0.722368 1 
1 0.93617 0.043023 0.370128 0.002777 0.249612 0.785088 1 
1 0.957447 0.042572 0.349598 0.002738 0.236665 0.715351 1 
1 0.978723 0.044644 0.333829 0.002919 0.333765 0.591228 1 
1 1 0.043053 0.305118 0.00284 0.339979 0.605263 1 
