3 0 0.074787 0.364624 0.003467 0.422915 0.414912 0 
3 0.021277 0.055302 0.298869 0.003467 0.422915 0.414912 0 
3 0.042553 0.055032 0.243975 0.003467 0.422915 0.414912 0 
3 0.06383 0.05293 0.203511 0.003467 0.422915 0.414912 0 
3 0.085106 0.05278 0.170634 0.003467 0.422915 0.414912 0 
3 0.106383 0.054642 0.14579 0.003467 0.422915 0.414912 0 
3 0.12766 0.05296 0.128979 0.003467 0.422915 0.414912 0 
3 0.148936 0.053981 0.13731 0.003467 0.422915 0.414912 0 
3 0.170213 0.073286 0.160815 0.003467 0.422915 0.414912 0 
3 0.191489 0.073286 0.200833 0.003467 0.422915 0.414912 0 
3 0.212766 0.078209 0.271943 0.003467 0.422915 0.414912 1 
3 0.234043 0.078209 0.352722 0.003467 0.422915 0.414912 1 
3 0.255319 0.074997 0.372657 0.003467 0.422915 0.414912 1 
3 0.276596 0.074997 0.430973 0.003467 0.422915 0.414912 1 
3 0.297872 0.060916 0.456709 0.003467 0.422915 0.414912 0 
3 0.319149 0.066561 0.471883 0.003467 0.422915 0.414912 0 
3 0.340426 0.06611 0.516215 0.003467 0.422915 0.414912 0 
3 0.361702 0.06611 0.524249 0.003467 0.422915 0.414912 0 
3 0.382979 0.074997 0.518298 0.003467 0.422915 0.414912 1 
3 0.404255 0.074997 0.508182 0.003467 0.422915 0.414912 1 
3 0.425532 0.06611 0.503124 0.003467 0.422915 0.414912 0 
3 0.446809 0.074997 0.503868 0.003467 0.422915 0.414912 1 
3 0.468085 0.066561 0.494644 0.003467 0.422915 0.414912 0 
3 0.489362 0.066561 0.49643 0.003467 0.422915 0.414912 0 
3 0.510638 0.06611 0.49033 0.003467 0.422915 0.414912 0 
3 0.531915 0.06611 0.493603 0.003467 0.422915 0.414912 0 
3 0.553191 0.06611 0.489586 0.003467 0.422915 0.414912 0 
3 0.574468 0.060406 0.481256 0.003467 0.422915 0.414912 0 
3 0.595745 0.06611 0.473966 0.003467 0.422915 0.414912 0 
3 0.617021 0.06611 0.476941 0.003467 0.422915 0.414912 0 
3 0.638298 0.06611 0.473371 0.003467 0.422915 0.414912 0 
3 0.659574 0.06611 0.476495 0.003467 0.422915 0.414912 0 
3 0.680851 0.06611 0.469652 0.003467 0.422915 0.414912 0 
3 0.702128 0.06611 0.471288 0.003467 0.422915 0.414912 0 
3 0.723404 0.056713 0.442279 0.003467 0.422915 0.414912 0 
3 0.744681 0.056713 0.417287 0.003467 0.422915 0.414912 0 
3 0.765957 0.054642 0.383963 0.003467 0.422915 0.414912 0 
3 0.787234 0.054642 0.369235 0.003467 0.422915 0.414912 0 
3 0.808511 0.054642 0.387385 0.003467 0.422915 0.414912 0 
3 0.829787 0.056713 0.401666 0.003467 0.422915 0.414912 0 
3 0.851064 0.06611 0.389467 0.003467 0.422915 0.414912 1 
3 0.87234 0.06611 0.3615 0.003467 0.422915 0.414912 0 
3 0.893617 0.078209 0.390806 0.003467 0.422915 0.414912 1 
3 0.914894 0.06611 0.409104 0.003467 0.422915 0.414912 0 
3 0.93617 0.109493 0.430527 0.003467 0.422915 0.414912 1 
3 0.957447 0.080972 0.430229 0.003467 0.422915 0.414912 1 
3 0.978723 0.078209 0.424725 0.003467 0.422915 0.414912 1 
3 1 0.078209 0.402856 0.003467 0.422915 0.414912 1 
