2 0 0.025429 0.224784 0.001122 0.272657 0.842544 0 
2 0.021277 0.024769 0.193692 0.000841 0.245987 0.842544 0 
2 0.042553 0.024799 0.162898 0.000893 0.3058 0.820614 0 
2 0.06383 0.024469 0.140137 0.00085 0.286898 0.820614 0 
2 0.085106 0.022637 0.122583 0.000841 0.243397 0.842544 0 
2 0.106383 0.019845 0.118417 0.000839 0.211807 0.864474 0 
2 0.12766 0.019575 0.121541 0.000839 0.200932 0.877632 0 
2 0.148936 0.023208 0.132847 0.000835 0.192646 0.86886 0 
2 0.170213 0.025339 0.16141 0.001253 0.208959 0.900439 0 
2 0.191489 0.028642 0.204552 0.001668 0.232522 0.90614 1 
2 0.212766 0.030533 0.286671 0.001531 0.295184 0.92807 1 
2 0.234043 0.038369 0.370723 0.001668 0.365355 0.793421 1 
2 0.255319 0.02573 0.404493 0.001263 0.46608 0.735526 0 
2 0.276596 0.02645 0.467569 0.001656 0.541947 0.652632 0 
2 0.297872 0.02678 0.508331 0.001668 0.51217 0.684211 0 
2 0.319149 0.02678 0.528117 0.001668 0.508286 0.745614 0 
2 0.340426 0.028822 0.570961 0.001816 0.526411 0.752632 1 
2 0.361702 0.032094 0.583457 0.002056 0.530554 0.704386 1 
2 0.382979 0.030233 0.566944 0.001961 0.532108 0.663158 1 
2 0.404255 0.030143 0.561886 0.001959 0.538581 0.677193 1 
2 0.425532 0.030833 0.551175 0.002011 0.542465 0.654825 1 
2 0.446809 0.028822 0.550283 0.001878 0.551787 0.677632 1 
2 0.468085 0.028822 0.547456 0.001874 0.539617 0.69386 1 
2 0.489362 0.028822 0.55177 0.001876 0.55101 0.675 1 
2 0.510638 0.028822 0.552068 0.001876 0.556189 0.660965 1 
2 0.531915 0.028822 0.541952 0.001874 0.563956 0.653509 1 
2 0.553191 0.028822 0.542993 0.001874 0.56059 0.660965 1 
2 0.574468 0.027831 0.534067 0.001797 0.561626 0.689474 1 
2 0.595745 0.027111 0.52886 0.001732 0.547385 0.719298 0 
2 0.617021 0.028071 0.530497 0.001795 0.553599 0.697368 1 
2 0.638298 0.028462 0.532877 0.001822 0.55593 0.687719 1 
2 0.659574 0.028372 0.535704 0.00182 0.558778 0.690351 1 
2 0.680851 0.027141 0.516513 0.001739 0.548162 0.672807 0 
2 0.702128 0.02681 0.515025 0.001712 0.521233 0.732895 0 
2 0.723404 0.027351 0.475751 0.001689 0.483169 0.717982 0 
2 0.744681 0.02606 0.446891 0.001668 0.432936 0.689035 0 
2 0.765957 0.02588 0.415501 0.001392 0.392543 0.682456 0 
2 0.787234 0.025279 0.399732 0.000841 0.360953 0.726316 0 
2 0.808511 0.0263 0.420113 0.001668 0.358364 0.775 0 
2 0.829787 0.02642 0.422196 0.001668 0.386846 0.73114 0 
2 0.851064 0.0263 0.394972 0.001531 0.394873 0.704386 0 
2 0.87234 0.025219 0.356739 0.000978 0.364319 0.726316 0 
2 0.893617 0.027381 0.390806 0.001531 0.331176 0.829386 1 
2 0.914894 0.026991 0.394972 0.001668 0.292595 0.784211 0 
2 0.93617 0.028642 0.415948 0.001668 0.280425 0.814474 1 
2 0.957447 0.02645 0.421303 0.001392 0.272398 0.826316 0 
2 0.978723 0.027261 0.40241 0.001739 0.361471 0.780263 1 
2 1 0.027621 0.37474 0.001778 0.364837 0.811842 1 
