2 0 0.051429 0.390062 0.003319 0.417918 0.595175 0 
2 0.021277 0.048427 0.351681 0.00318 0.406784 0.584211 0 
2 0.042553 0.05239 0.331003 0.003459 0.467892 0.466667 0 
2 0.06383 0.05305 0.293663 0.003484 0.450026 0.489912 0 
2 0.085106 0.05239 0.263612 0.003438 0.41999 0.540789 0 
2 0.106383 0.047706 0.236686 0.003128 0.390471 0.589474 0 
2 0.12766 0.045965 0.208569 0.003008 0.349819 0.662719 0 
2 0.148936 0.044584 0.193395 0.002896 0.325738 0.643421 0 
2 0.170213 0.044704 0.184618 0.002894 0.304505 0.645175 0 
2 0.191489 0.034947 0.190866 0.002268 0.294407 0.653509 0 
2 0.212766 0.049868 0.224933 0.003245 0.307095 0.661842 0 
2 0.234043 0.05209 0.282059 0.003384 0.340497 0.631579 0 
2 0.255319 0.091359 0.397501 0.006012 0.428534 0.550439 1 
2 0.276596 0.116819 0.517703 0.007698 0.513465 0.52193 1 
2 0.297872 0.064819 0.539869 0.004271 0.54117 0.451754 1 
2 0.319149 0.095593 0.604731 0.006361 0.614966 0.344737 1 
2 0.340426 0.098715 0.624814 0.006545 0.661056 0.342105 1 
2 0.361702 0.096223 0.617525 0.006385 0.666235 0.347807 1 
2 0.382979 0.099796 0.642368 0.006635 0.667789 0.375439 1 
2 0.404255 0.097784 0.6446 0.006462 0.647592 0.404386 1 
2 0.425532 0.096223 0.623029 0.006373 0.630243 0.397368 1 
2 0.446809 0.092981 0.599226 0.00618 0.617815 0.430263 1 
2 0.468085 0.09205 0.580482 0.006128 0.602796 0.443421 1 
2 0.489362 0.089198 0.567391 0.005943 0.598395 0.453509 1 
2 0.510638 0.090038 0.562481 0.005935 0.581046 0.478509 1 
2 0.531915 0.09232 0.549241 0.00608 0.580269 0.459211 1 
2 0.553191 0.089528 0.541506 0.005949 0.5971 0.42807 1 
2 0.574468 0.089528 0.531836 0.005945 0.592698 0.469298 1 
2 0.595745 0.089798 0.516364 0.005976 0.58985 0.446053 1 
2 0.617021 0.088507 0.497025 0.005528 0.577421 0.467544 1 
2 0.638298 0.086256 0.484826 0.00386 0.554894 0.463596 1 
2 0.659574 0.086646 0.490181 0.003635 0.550233 0.463596 1 
2 0.680851 0.069803 0.504463 0.003947 0.542206 0.503947 0 
2 0.702128 0.057884 0.53615 0.00386 0.557224 0.44693 0 
2 0.723404 0.064819 0.587028 0.004368 0.582859 0.433772 0 
2 0.744681 0.09232 0.696519 0.006196 0.638529 0.439912 1 
2 0.765957 0.101177 0.764058 0.006722 0.692646 0.422368 1 
2 0.787234 0.100817 0.764951 0.006678 0.682807 0.439035 1 
2 0.808511 0.095803 0.731181 0.0063 0.646038 0.464474 1 
2 0.829787 0.094962 0.706784 0.006232 0.622216 0.47807 1 
2 0.851064 0.095382 0.68313 0.006267 0.588814 0.544298 1 
2 0.87234 0.094152 0.657989 0.006199 0.574573 0.516667 1 
2 0.893617 0.075117 0.602797 0.004965 0.54117 0.529825 0 
2 0.914894 0.053921 0.56144 0.003567 0.508804 0.424561 0 
2 0.93617 0.092831 0.587325 0.006101 0.47566 0.665789 1 
2 0.957447 0.082112 0.58197 0.005359 0.459089 0.617982 1 
2 0.978723 0.098655 0.577358 0.006535 0.551528 0.517982 1 
2 1 0.090579 0.569176 0.005935 0.53159 0.630702 1 
