6 0 0.028822 0.35778 0.001616 0.407302 0.769298 0 
6 0.021277 0.02681 0.307051 0.001176 0.371828 0.785526 0 
6 0.042553 0.030203 0.256025 0.001572 0.41999 0.681579 0 
6 0.06383 0.032425 0.217941 0.001973 0.376748 0.644737 0 
6 0.085106 0.027471 0.18432 0.001016 0.330399 0.659649 0 
6 0.106383 0.023118 0.168253 0.000839 0.306059 0.753947 0 
6 0.12766 0.023868 0.168551 0.000831 0.294666 0.753947 0 
6 0.148936 0.023868 0.173014 0.000831 0.293889 0.753947 0 
6 0.170213 0.025309 0.200536 0.001007 0.31797 0.797807 0 
6 0.191489 0.02621 0.239066 0.001188 0.345158 0.813158 0 
6 0.212766 0.029572 0.319697 0.001678 0.403677 0.766228 0 
6 0.234043 0.037438 0.406575 0.002339 0.472553 0.701316 1 
6 0.255319 0.030533 0.435882 0.001921 0.585189 0.552193 0 
6 0.276596 0.032395 0.487057 0.002108 0.655619 0.566667 0 
6 0.297872 0.031254 0.497917 0.002036 0.633092 0.557018 0 
6 0.319149 0.032365 0.521868 0.00214 0.641895 0.531579 0 
6 0.340426 0.034826 0.579738 0.002289 0.646556 0.517105 1 
6 0.361702 0.034826 0.606962 0.002293 0.655619 0.509649 1 
6 0.382979 0.034947 0.614847 0.002302 0.661315 0.489912 1 
6 0.404255 0.034826 0.613805 0.002316 0.684102 0.467982 1 
6 0.425532 0.036688 0.629723 0.002439 0.692128 0.461404 1 
6 0.446809 0.037679 0.648914 0.002505 0.701709 0.452632 1 
6 0.468085 0.036328 0.657096 0.002418 0.694718 0.460965 1 
6 0.489362 0.037468 0.666171 0.002493 0.68203 0.47807 1 
6 0.510638 0.038309 0.68313 0.002545 0.686691 0.479386 1 
6 0.531915 0.03891 0.693246 0.00258 0.690575 0.471053 1 
6 0.553191 0.038759 0.699792 0.002574 0.68436 0.471491 1 
6 0.574468 0.038669 0.70247 0.002561 0.681253 0.496491 1 
6 0.595745 0.038279 0.718982 0.00253 0.665976 0.514912 1 
6 0.617021 0.038279 0.734752 0.002524 0.641378 0.55 1 
6 0.638298 0.041161 0.745314 0.002696 0.636199 0.565351 1 
6 0.659574 0.040771 0.748587 0.002671 0.630761 0.580702 1 
6 0.680851 0.037589 0.722999 0.002459 0.613413 0.588158 1 
6 0.702128 0.034496 0.692056 0.002254 0.599171 0.610088 1 
6 0.723404 0.030893 0.638352 0.001998 0.549715 0.690789 0 
6 0.744681 0.033265 0.6144 0.002144 0.515018 0.700439 1 
6 0.765957 0.032154 0.595359 0.002059 0.489384 0.720175 0 
6 0.787234 0.034046 0.608747 0.002185 0.496893 0.678947 1 
6 0.808511 0.032665 0.600714 0.002088 0.485759 0.729386 0 
6 0.829787 0.031194 0.566201 0.001975 0.470223 0.714912 0 
6 0.851064 0.028972 0.523059 0.001822 0.43682 0.773684 0 
6 0.87234 0.028672 0.477834 0.001095 0.40057 0.725439 0 
6 0.893617 0.028732 0.493157 0.000821 0.357846 0.716667 0 
6 0.914894 0.028762 0.490181 0.000821 0.33247 0.710088 0 
6 0.93617 0.031464 0.499405 0.001793 0.320559 0.70307 0 
6 0.957447 0.030353 0.483636 0.001255 0.297255 0.666228 0 
6 0.978723 0.028822 0.439899 0.000771 0.366132 0.622368 0 
6 1 0.028792 0.416691 0.000862 0.361212 0.725439 0 
