5 0 0.061967 0.569771 0.003467 0.422915 0.414912 0 
5 0.021277 0.062628 0.549836 0.003467 0.422915 0.414912 0 
5 0.042553 0.061967 0.521125 0.003467 0.422915 0.414912 0 
5 0.06383 0.041431 0.465635 0.003467 0.422915 0.414912 0 
5 0.085106 0.059865 0.394674 0.003467 0.422915 0.414912 0 
5 0.106383 0.059865 0.346921 0.003467 0.422915 0.414912 0 
5 0.12766 0.059865 0.302142 0.003467 0.422915 0.414912 0 
5 0.148936 0.059865 0.260637 0.003467 0.422915 0.414912 0 
5 0.170213 0.059565 0.240851 0.003467 0.422915 0.414912 0 
5 0.191489 0.059565 0.23133 0.003467 0.422915 0.414912 0 
5 0.212766 0.059565 0.263761 0.003467 0.422915 0.414912 0 
5 0.234043 0.061967 0.311514 0.003467 0.422915 0.414912 0 
5 0.255319 0.072625 0.422493 0.003467 0.422915 0.414912 0 
5 0.276596 0.1185 0.543588 0.003467 0.422915 0.414912 1 
5 0.297872 0.074276 0.5723 0.003467 0.422915 0.414912 0 
5 0.319149 0.089078 0.649658 0.003467 0.422915 0.414912 0 
5 0.340426 0.075718 0.658435 0.003467 0.422915 0.414912 0 
5 0.361702 0.072625 0.652187 0.003467 0.422915 0.414912 0 
5 0.382979 0.074306 0.676138 0.003467 0.422915 0.414912 0 
5 0.404255 0.074306 0.676138 0.003467 0.422915 0.414912 0 
5 0.425532 0.074276 0.644302 0.003467 0.422915 0.414912 0 
5 0.446809 0.061066 0.606665 0.003467 0.422915 0.414912 0 
5 0.468085 0.043203 0.574234 0.003467 0.422915 0.414912 0 
5 0.489362 0.074276 0.56501 0.003467 0.422915 0.414912 0 
5 0.510638 0.061066 0.551026 0.003467 0.422915 0.414912 0 
5 0.531915 0.061066 0.545671 0.003467 0.422915 0.414912 0 
5 0.553191 0.074306 0.536745 0.003467 0.422915 0.414912 0 
5 0.574468 0.061066 0.528117 0.003467 0.422915 0.414912 0 
5 0.595745 0.061066 0.514877 0.003467 0.422915 0.414912 0 
5 0.617021 0.061066 0.503868 0.003467 0.422915 0.414912 0 
5 0.638298 0.061066 0.495537 0.003467 0.422915 0.414912 0 
5 0.659574 0.074306 0.505504 0.003467 0.422915 0.414912 0 
5 0.680851 0.080341 0.528563 0.003467 0.422915 0.414912 1 
5 0.702128 0.074306 0.556382 0.003467 0.422915 0.414912 0 
5 0.723404 0.067671 0.586284 0.003467 0.422915 0.414912 0 
5 0.744681 0.061066 0.65665 0.003467 0.422915 0.414912 0 
5 0.765957 0.061066 0.69994 0.003467 0.422915 0.414912 0 
5 0.787234 0.061066 0.6867 0.003467 0.422915 0.414912 0 
5 0.808511 0.061066 0.652633 0.003467 0.422915 0.414912 0 
5 0.829787 0.045485 0.63017 0.003467 0.422915 0.414912 0 
5 0.851064 0.074276 0.610086 0.003467 0.422915 0.414912 1 
5 0.87234 0.061066 0.589408 0.003467 0.422915 0.414912 0 
5 0.893617 0.040591 0.54939 0.003467 0.422915 0.414912 0 
5 0.914894 0.040591 0.497025 0.003467 0.422915 0.414912 0 
5 0.93617 0.074276 0.542844 0.003467 0.422915 0.414912 1 
5 0.957447 0.074276 0.550283 0.003467 0.422915 0.414912 1 
5 0.978723 0.074276 0.563076 0.003467 0.422915 0.414912 1 
5 1 0.067071 0.555638 0.003467 0.422915 0.414912 1 
