1 0 0.047946 0.265843 0.003467 0.422915 0.414912 0 
1 0.021277 0.049838 0.225826 0.003467 0.422915 0.414912 0 
1 0.042553 0.041431 0.191015 0.003467 0.422915 0.414912 0 
1 0.06383 0.041431 0.174204 0.003467 0.422915 0.414912 0 
1 0.085106 0.070584 0.15784 0.003467 0.422915 0.414912 1 
1 0.106383 0.068392 0.151741 0.003467 0.422915 0.414912 0 
1 0.12766 0.071364 0.153377 0.003467 0.422915 0.414912 1 
1 0.148936 0.070584 0.163493 0.003467 0.422915 0.414912 1 
1 0.170213 0.074577 0.192205 0.003467 0.422915 0.414912 1 
1 0.191489 0.074937 0.232074 0.003467 0.422915 0.414912 1 
1 0.212766 0.077369 0.315085 0.003467 0.422915 0.414912 1 
1 0.234043 0.077789 0.399583 0.003467 0.422915 0.414912 1 
1 0.255319 0.077789 0.43618 0.003467 0.422915 0.414912 1 
1 0.276596 0.087787 0.501041 0.003467 0.422915 0.414912 1 
1 0.297872 0.093071 0.528414 0.003467 0.422915 0.414912 1 
1 0.319149 0.094152 0.555043 0.003467 0.422915 0.414912 1 
1 0.340426 0.10508 0.610086 0.003467 0.422915 0.414912 1 
1 0.361702 0.106911 0.635674 0.003467 0.422915 0.414912 1 
1 0.382979 0.11802 0.64341 0.003467 0.422915 0.414912 1 
1 0.404255 0.111084 0.640881 0.003467 0.422915 0.414912 1 
1 0.425532 0.106911 0.651145 0.003467 0.422915 0.414912 1 
1 0.446809 0.117089 0.660964 0.003467 0.422915 0.414912 1 
1 0.468085 0.125465 0.66022 0.003467 0.422915 0.414912 1 
1 0.489362 0.115168 0.658881 0.003467 0.422915 0.414912 1 
1 0.510638 0.115408 0.659774 0.003467 0.422915 0.414912 1 
1 0.531915 0.125465 0.664237 0.003467 0.422915 0.414912 1 
1 0.553191 0.113276 0.668105 0.003467 0.422915 0.414912 1 
1 0.574468 0.113276 0.6626 0.003467 0.422915 0.414912 1 
1 0.595745 0.102618 0.658584 0.003467 0.422915 0.414912 1 
1 0.617021 0.111084 0.663642 0.003467 0.422915 0.414912 1 
1 0.638298 0.127267 0.665724 0.003467 0.422915 0.414912 1 
1 0.659574 0.117089 0.662303 0.003467 0.422915 0.414912 1 
1 0.680851 0.113276 0.649212 0.003467 0.422915 0.414912 1 
1 0.702128 0.094152 0.627194 0.003467 0.422915 0.414912 1 
1 0.723404 0.07929 0.589408 0.003467 0.422915 0.414912 0 
1 0.744681 0.077129 0.571407 0.003467 0.422915 0.414912 0 
1 0.765957 0.074997 0.540613 0.003467 0.422915 0.414912 0 
1 0.787234 0.074997 0.523802 0.003467 0.422915 0.414912 0 
1 0.808511 0.077129 0.525141 0.003467 0.422915 0.414912 0 
1 0.829787 0.072835 0.513984 0.003467 0.422915 0.414912 0 
1 0.851064 0.068572 0.480958 0.003467 0.422915 0.414912 0 
1 0.87234 0.059055 0.438709 0.003467 0.422915 0.414912 0 
1 0.893617 0.069203 0.4518 0.003467 0.422915 0.414912 0 
1 0.914894 0.072835 0.459833 0.003467 0.422915 0.414912 0 
1 0.93617 0.073586 0.465784 0.003467 0.422915 0.414912 0 
1 0.957447 0.068572 0.455222 0.003467 0.422915 0.414912 0 
1 0.978723 0.070704 0.430675 0.003467 0.422915 0.414912 0 
1 1 0.06644 0.404195 0.003467 0.422915 0.414912 0 
