7 0 0.087607 0.574829 0.006363 0.473848 0.292105 1 
7 0.021277 0.049027 0.564267 0.003452 0.443553 0.30614 0 
7 0.042553 0.075657 0.531538 0.005048 0.481875 0.185965 1 
7 0.06383 0.063288 0.477983 0.004458 0.457276 0.210088 0 
7 0.085106 0.053471 0.410146 0.003737 0.413516 0.266228 0 
7 0.106383 0.048037 0.353466 0.003332 0.3739 0.361404 0 
7 0.12766 0.048337 0.297828 0.003342 0.324443 0.402632 0 
7 0.148936 0.03894 0.260637 0.002688 0.296996 0.482456 0 
7 0.170213 0.050048 0.22776 0.003496 0.257639 0.579825 0 
7 0.191489 0.037378 0.209313 0.002553 0.247281 0.610965 0 
7 0.212766 0.033866 0.211693 0.002306 0.241067 0.60614 0 
7 0.234043 0.034796 0.224784 0.002366 0.237442 0.617982 0 
7 0.255319 0.038129 0.264207 0.002601 0.249871 0.57193 0 
7 0.276596 0.041552 0.315829 0.002848 0.270844 0.564035 0 
7 0.297872 0.05248 0.371913 0.003594 0.259192 0.624123 0 
7 0.319149 0.037859 0.4759 0.002624 0.290264 0.489035 0 
7 0.340426 0.059896 0.55668 0.004167 0.346453 0.432456 0 
7 0.361702 0.080942 0.605177 0.005754 0.401864 0.440789 1 
7 0.382979 0.074787 0.636864 0.005249 0.421543 0.510526 1 
7 0.404255 0.042482 0.635674 0.00296 0.423097 0.50614 0 
7 0.425532 0.038369 0.604433 0.002644 0.41015 0.538596 0 
7 0.446809 0.033175 0.566349 0.00226 0.394614 0.622807 0 
7 0.468085 0.033025 0.518149 0.002231 0.386587 0.628509 0 
7 0.489362 0.034706 0.490479 0.002339 0.371051 0.639912 0 
7 0.510638 0.034406 0.459238 0.002329 0.353444 0.64386 0 
7 0.531915 0.033475 0.437072 0.002273 0.348524 0.652632 0 
7 0.553191 0.033115 0.407766 0.002241 0.356551 0.668421 0 
7 0.574468 0.033025 0.391996 0.002233 0.350337 0.671491 0 
7 0.595745 0.033025 0.370723 0.002202 0.340756 0.666228 0 
7 0.617021 0.033025 0.358078 0.002227 0.333506 0.699561 0 
7 0.638298 0.033025 0.355103 0.002221 0.32522 0.720175 0 
7 0.659574 0.032785 0.365963 0.002187 0.324702 0.751316 0 
7 0.680851 0.032785 0.383368 0.002173 0.321077 0.762281 0 
7 0.702128 0.032875 0.440494 0.002179 0.33739 0.734211 0 
7 0.723404 0.032935 0.5 0.002192 0.372864 0.677632 0 
7 0.744681 0.035037 0.643707 0.002372 0.442517 0.566228 0 
7 0.765957 0.041311 0.704999 0.0028 0.496893 0.557456 0 
7 0.787234 0.03999 0.699494 0.002725 0.487312 0.599123 0 
7 0.808511 0.043893 0.661708 0.002991 0.452874 0.631579 0 
7 0.829787 0.042843 0.635525 0.002921 0.42465 0.651316 0 
7 0.851064 0.041672 0.607111 0.002831 0.403677 0.670175 0 
7 0.87234 0.045124 0.582416 0.003074 0.389694 0.662281 0 
7 0.893617 0.045244 0.555043 0.003091 0.367426 0.669298 0 
7 0.914894 0.041101 0.516959 0.0028 0.352926 0.690351 0 
7 0.93617 0.042752 0.539274 0.00291 0.345676 0.698246 0 
7 0.957447 0.044764 0.540464 0.003051 0.346453 0.672807 0 
7 0.978723 0.046836 0.521571 0.003226 0.422579 0.534211 1 
7 1 0.043503 0.484677 0.002987 0.421025 0.585526 0 
