3 0 0.055842 0.343796 0.003768 0.400311 0.470175 0 
3 0.021277 0.033145 0.321482 0.002243 0.373123 0.514912 0 
3 0.042553 0.041552 0.292026 0.002821 0.422061 0.413158 0 
3 0.06383 0.055152 0.253198 0.003739 0.400829 0.396053 0 
3 0.085106 0.030713 0.210503 0.002079 0.344899 0.480702 0 
3 0.106383 0.028342 0.174502 0.001911 0.3058 0.565351 0 
3 0.12766 0.02621 0.14579 0.001759 0.26696 0.607456 0 
3 0.148936 0.022577 0.123624 0.001516 0.240031 0.600439 0 
3 0.170213 0.020656 0.115739 0.001383 0.219057 0.662281 0 
3 0.191489 0.020716 0.120351 0.001386 0.211289 0.664035 0 
3 0.212766 0.025339 0.148914 0.001697 0.225272 0.684211 0 
3 0.234043 0.025549 0.188486 0.001714 0.249871 0.608333 0 
3 0.255319 0.029242 0.277596 0.00198 0.308389 0.467544 0 
3 0.276596 0.036448 0.360904 0.002501 0.394096 0.382018 0 
3 0.297872 0.030233 0.362541 0.002073 0.42724 0.362281 0 
3 0.319149 0.055272 0.43737 0.003799 0.487312 0.375439 0 
3 0.340426 0.103639 0.481404 0.007061 0.523822 0.432456 1 
3 0.361702 0.102078 0.504909 0.006878 0.523304 0.520614 1 
3 0.382979 0.127807 0.562779 0.008573 0.519938 0.554386 1 
3 0.404255 0.124174 0.586284 0.008336 0.506732 0.563596 1 
3 0.425532 0.14537 0.578846 0.009744 0.496634 0.529386 1 
3 0.446809 0.134802 0.570515 0.009046 0.489902 0.554386 1 
3 0.468085 0.112676 0.566647 0.007578 0.489125 0.538158 1 
3 0.489362 0.109793 0.57111 0.007407 0.490161 0.517982 1 
3 0.510638 0.108442 0.570961 0.007316 0.477732 0.510526 1 
3 0.531915 0.101957 0.570663 0.006888 0.472035 0.523246 1 
3 0.553191 0.111685 0.574234 0.007545 0.487053 0.523246 1 
3 0.574468 0.114567 0.567391 0.007721 0.484464 0.520614 1 
3 0.595745 0.101117 0.557126 0.006826 0.482393 0.517105 1 
3 0.617021 0.099736 0.543142 0.006724 0.476178 0.507895 1 
3 0.638298 0.092891 0.532282 0.006265 0.470999 0.516667 1 
3 0.659574 0.07851 0.536299 0.005305 0.464526 0.550877 1 
3 0.680851 0.092891 0.554597 0.006238 0.464526 0.544737 1 
3 0.702128 0.10541 0.572002 0.007059 0.472812 0.531579 1 
3 0.723404 0.117569 0.588218 0.007867 0.48783 0.547368 1 
3 0.744681 0.11868 0.611723 0.007948 0.499223 0.522807 1 
3 0.765957 0.100636 0.624219 0.006768 0.497411 0.582895 1 
3 0.787234 0.129008 0.617822 0.008714 0.516054 0.517544 1 
3 0.808511 0.104299 0.576614 0.007075 0.50492 0.488596 1 
3 0.829787 0.09244 0.53615 0.00629 0.480839 0.465789 1 
3 0.851064 0.064789 0.513835 0.004425 0.451321 0.427193 0 
3 0.87234 0.046836 0.487057 0.003209 0.420766 0.341667 0 
3 0.893617 0.031224 0.447783 0.002142 0.393578 0.451754 0 
3 0.914894 0.030023 0.40717 0.002059 0.367685 0.387719 0 
3 0.93617 0.05227 0.456561 0.003596 0.342828 0.435088 0 
3 0.957447 0.057584 0.468164 0.003972 0.321595 0.346053 0 
3 0.978723 0.07935 0.468015 0.005486 0.41015 0.353509 1 
3 1 0.076048 0.461619 0.005249 0.399534 0.351316 1 
