7 0 0.031494 0.361053 0.0021 0.363542 0.701316 1 
7 0.021277 0.027351 0.292324 0.001818 0.325997 0.750877 0 
7 0.042553 0.028221 0.231776 0.001755 0.376489 0.575439 1 
7 0.06383 0.027741 0.188188 0.001687 0.333765 0.575439 0 
7 0.085106 0.027951 0.152633 0.001554 0.272139 0.588596 0 
7 0.106383 0.027711 0.132104 0.001425 0.23796 0.619298 0 
7 0.12766 0.02621 0.118715 0.000837 0.202486 0.641228 0 
7 0.148936 0.02621 0.117822 0.000953 0.199379 0.698246 0 
7 0.170213 0.025639 0.13136 0.00141 0.199379 0.792982 0 
7 0.191489 0.025429 0.137757 0.001676 0.198861 0.799123 0 
7 0.212766 0.02603 0.166915 0.001693 0.22579 0.860526 0 
7 0.234043 0.027051 0.206635 0.001722 0.257121 0.879825 0 
7 0.255319 0.028011 0.249182 0.001797 0.29363 0.841667 0 
7 0.276596 0.028101 0.307795 0.001851 0.345158 0.800439 0 
7 0.297872 0.028161 0.361797 0.001865 0.353444 0.821053 0 
7 0.319149 0.036238 0.401517 0.002424 0.374158 0.700877 1 
7 0.340426 0.043143 0.454478 0.00285 0.405748 0.680702 1 
7 0.361702 0.049898 0.47471 0.003359 0.425945 0.656579 1 
7 0.382979 0.050348 0.485123 0.003392 0.440963 0.618421 1 
7 0.404255 0.050739 0.48795 0.003421 0.452356 0.596491 1 
7 0.425532 0.05281 0.497322 0.003544 0.453392 0.665789 1 
7 0.446809 0.054972 0.504017 0.003562 0.447954 0.692105 1 
7 0.468085 0.048817 0.493752 0.003253 0.423097 0.758772 1 
7 0.489362 0.047256 0.494198 0.003058 0.418436 0.786842 1 
7 0.510638 0.053981 0.490181 0.003575 0.408079 0.771491 1 
7 0.531915 0.05257 0.486909 0.003488 0.40057 0.888158 1 
7 0.553191 0.058695 0.482743 0.003862 0.40057 0.826754 1 
7 0.574468 0.055542 0.47709 0.00365 0.388141 0.836404 1 
7 0.595745 0.050739 0.468164 0.002952 0.372087 0.780702 1 
7 0.617021 0.05215 0.473817 0.003236 0.366908 0.789474 1 
7 0.638298 0.044494 0.467272 0.002927 0.368721 0.846053 1 
7 0.659574 0.043743 0.467569 0.002873 0.3739 0.830263 1 
7 0.680851 0.042092 0.447783 0.002777 0.371569 0.82193 1 
7 0.702128 0.044554 0.458346 0.002929 0.380891 0.833333 1 
7 0.723404 0.051189 0.450015 0.003166 0.371051 0.771491 1 
7 0.744681 0.049748 0.434543 0.003278 0.363542 0.795614 1 
7 0.765957 0.042783 0.41327 0.002831 0.336354 0.756579 1 
7 0.787234 0.030383 0.393335 0.002023 0.319006 0.782456 0 
7 0.808511 0.030833 0.401369 0.00194 0.30347 0.804825 0 
7 0.829787 0.038699 0.408361 0.002393 0.325738 0.752632 1 
7 0.851064 0.042542 0.391848 0.002827 0.335836 0.768421 1 
7 0.87234 0.037949 0.36864 0.00252 0.323925 0.778947 0 
7 0.893617 0.040291 0.379946 0.001915 0.294407 0.812281 1 
7 0.914894 0.029272 0.364326 0.001847 0.274987 0.829825 0 
7 0.93617 0.036928 0.362095 0.001685 0.262558 0.777193 0 
7 0.957447 0.029633 0.338292 0.001685 0.264889 0.803509 0 
7 0.978723 0.029783 0.312109 0.001984 0.333506 0.710965 0 
7 1 0.028131 0.268224 0.001872 0.332211 0.755702 0 
