7 0 0.041582 0.366558 0.003467 0.422915 0.414912 0 
7 0.021277 0.041582 0.327879 0.003467 0.422915 0.414912 0 
7 0.042553 0.041431 0.307349 0.003467 0.422915 0.414912 0 
7 0.06383 0.041401 0.252752 0.003467 0.422915 0.414912 0 
7 0.085106 0.041191 0.204552 0.003467 0.422915 0.414912 0 
7 0.106383 0.041341 0.167658 0.003467 0.422915 0.414912 0 
7 0.12766 0.040801 0.137608 0.003467 0.422915 0.414912 0 
7 0.148936 0.040801 0.115739 0.003467 0.422915 0.414912 0 
7 0.170213 0.040801 0.099226 0.003467 0.422915 0.414912 0 
7 0.191489 0.040801 0.095954 0.003467 0.422915 0.414912 0 
7 0.212766 0.040801 0.095061 0.003467 0.422915 0.414912 0 
7 0.234043 0.040801 0.10607 0.003467 0.422915 0.414912 0 
7 0.255319 0.040801 0.127492 0.003467 0.422915 0.414912 0 
7 0.276596 0.041281 0.150699 0.003467 0.422915 0.414912 0 
7 0.297872 0.048247 0.177328 0.003467 0.422915 0.414912 1 
7 0.319149 0.041401 0.239958 0.003467 0.422915 0.414912 0 
7 0.340426 0.041401 0.301845 0.003467 0.422915 0.414912 0 
7 0.361702 0.041401 0.355103 0.003467 0.422915 0.414912 0 
7 0.382979 0.048247 0.398542 0.003467 0.422915 0.414912 1 
7 0.404255 0.041582 0.421749 0.003467 0.422915 0.414912 0 
7 0.425532 0.041582 0.423237 0.003467 0.422915 0.414912 0 
7 0.446809 0.041582 0.402559 0.003467 0.422915 0.414912 0 
7 0.468085 0.041401 0.378905 0.003467 0.422915 0.414912 0 
7 0.489362 0.041401 0.364624 0.003467 0.422915 0.414912 0 
7 0.510638 0.041401 0.350342 0.003467 0.422915 0.414912 0 
7 0.531915 0.041401 0.3313 0.003467 0.422915 0.414912 0 
7 0.553191 0.041401 0.312109 0.003467 0.422915 0.414912 0 
7 0.574468 0.041401 0.286968 0.003467 0.422915 0.414912 0 
7 0.595745 0.041401 0.272687 0.003467 0.422915 0.414912 0 
7 0.617021 0.041401 0.258256 0.003467 0.422915 0.414912 0 
7 0.638298 0.041401 0.258405 0.003467 0.422915 0.414912 0 
7 0.659574 0.041401 0.260785 0.003467 0.422915 0.414912 0 
7 0.680851 0.041401 0.277298 0.003467 0.422915 0.414912 0 
7 0.702128 0.041401 0.313448 0.003467 0.422915 0.414912 0 
7 0.723404 0.041582 0.370574 0.003467 0.422915 0.414912 0 
7 0.744681 0.041582 0.482297 0.003467 0.422915 0.414912 0 
7 0.765957 0.041582 0.539274 0.003467 0.422915 0.414912 0 
7 0.787234 0.041522 0.52886 0.003467 0.422915 0.414912 0 
7 0.808511 0.041582 0.501041 0.003467 0.422915 0.414912 0 
7 0.829787 0.041582 0.483785 0.003467 0.422915 0.414912 0 
7 0.851064 0.041582 0.46742 0.003467 0.422915 0.414912 0 
7 0.87234 0.041401 0.449717 0.003467 0.422915 0.414912 0 
7 0.893617 0.041401 0.411336 0.003467 0.422915 0.414912 0 
7 0.914894 0.041401 0.365516 0.003467 0.422915 0.414912 0 
7 0.93617 0.041401 0.383071 0.003467 0.422915 0.414912 0 
7 0.957447 0.041401 0.386938 0.003467 0.422915 0.414912 0 
7 0.978723 0.041401 0.409997 0.003467 0.422915 0.414912 0 
7 1 0.041401 0.38917 0.003467 0.422915 0.414912 0 
