5 0 0.028131 0.349301 0.001136 0.337649 0.811842 0 
5 0.021277 0.028131 0.294853 0.001005 0.315381 0.789912 0 
5 0.042553 0.028131 0.24338 0.001728 0.371828 0.767982 0 
5 0.06383 0.028131 0.199643 0.00086 0.345676 0.724123 0 
5 0.085106 0.028131 0.171824 0.000837 0.291818 0.708772 0 
5 0.106383 0.028131 0.150997 0.000833 0.260487 0.752632 0 
5 0.12766 0.027411 0.147278 0.000841 0.251942 0.840351 0 
5 0.148936 0.028131 0.156055 0.000841 0.25246 0.840351 0 
5 0.170213 0.028552 0.180006 0.00085 0.267996 0.839912 0 
5 0.191489 0.028342 0.223297 0.00157 0.291041 0.861842 0 
5 0.212766 0.030984 0.30601 0.001782 0.348783 0.819298 1 
5 0.234043 0.033385 0.39274 0.002036 0.418954 0.760965 1 
5 0.255319 0.029272 0.416989 0.001853 0.528742 0.576316 0 
5 0.276596 0.030173 0.468908 0.001938 0.603055 0.510965 0 
5 0.297872 0.028552 0.483041 0.001834 0.559555 0.602193 0 
5 0.319149 0.028552 0.505207 0.00182 0.544278 0.601316 0 
5 0.340426 0.030413 0.55906 0.001944 0.547126 0.667544 0 
5 0.361702 0.030653 0.570961 0.001961 0.546349 0.657018 1 
5 0.382979 0.030713 0.572002 0.001961 0.541947 0.655702 1 
5 0.404255 0.030593 0.567539 0.001961 0.562921 0.639035 1 
5 0.425532 0.033175 0.569771 0.002162 0.56059 0.550439 1 
5 0.446809 0.031734 0.572746 0.002086 0.56784 0.538596 1 
5 0.468085 0.031614 0.572151 0.002079 0.565769 0.552193 1 
5 0.489362 0.031284 0.566647 0.002063 0.579492 0.531579 1 
5 0.510638 0.032605 0.582416 0.002187 0.589591 0.478947 1 
5 0.531915 0.033295 0.587028 0.002219 0.610047 0.449123 1 
5 0.553191 0.031404 0.591044 0.002096 0.611341 0.472368 1 
5 0.574468 0.029753 0.589408 0.002 0.610823 0.468421 0 
5 0.595745 0.029452 0.584945 0.001961 0.603832 0.448246 0 
5 0.617021 0.030683 0.589557 0.00204 0.605127 0.514912 1 
5 0.638298 0.031194 0.593722 0.002065 0.610306 0.550439 1 
5 0.659574 0.029813 0.592978 0.001965 0.608493 0.536404 1 
5 0.680851 0.029182 0.571407 0.001903 0.599948 0.528947 0 
5 0.702128 0.028822 0.563225 0.001867 0.590627 0.541228 0 
5 0.723404 0.028251 0.530348 0.001828 0.546349 0.633333 0 
5 0.744681 0.027621 0.509819 0.001795 0.509063 0.678509 0 
5 0.765957 0.025609 0.505951 0.001678 0.471258 0.735526 0 
5 0.787234 0.028251 0.521868 0.001843 0.478509 0.67807 0 
5 0.808511 0.028251 0.510116 0.00184 0.498705 0.662719 0 
5 0.829787 0.02612 0.48557 0.001708 0.481098 0.718421 0 
5 0.851064 0.024559 0.433799 0.001595 0.445106 0.745614 0 
5 0.87234 0.023538 0.390062 0.001529 0.408079 0.744298 0 
5 0.893617 0.024439 0.406575 0.001579 0.365355 0.804825 0 
5 0.914894 0.023598 0.410741 0.001437 0.337131 0.833333 0 
5 0.93617 0.024919 0.434841 0.001045 0.321336 0.833333 0 
5 0.957447 0.024919 0.434097 0.001024 0.311497 0.825 0 
5 0.978723 0.027711 0.420857 0.001676 0.385552 0.760965 0 
5 1 0.028251 0.392591 0.001178 0.382962 0.767544 0 
