3 0 0.094602 0.516959 0.003467 0.422915 0.414912 1 
3 0.021277 0.095653 0.493901 0.003467 0.422915 0.414912 1 
3 0.042553 0.083884 0.466379 0.003467 0.422915 0.414912 0 
3 0.06383 0.056173 0.408063 0.003467 0.422915 0.414912 0 
3 0.085106 0.071604 0.353764 0.003467 0.422915 0.414912 0 
3 0.106383 0.075207 0.300655 0.003467 0.422915 0.414912 0 
3 0.12766 0.075207 0.25781 0.003467 0.422915 0.414912 0 
3 0.148936 0.075207 0.223445 0.003467 0.422915 0.414912 0 
3 0.170213 0.042272 0.202618 0.003467 0.422915 0.414912 0 
3 0.191489 0.056173 0.200982 0.003467 0.422915 0.414912 0 
3 0.212766 0.056323 0.228057 0.003467 0.422915 0.414912 0 
3 0.234043 0.056323 0.278489 0.003467 0.422915 0.414912 0 
3 0.255319 0.056323 0.385302 0.003467 0.422915 0.414912 0 
3 0.276596 0.090309 0.505504 0.003467 0.422915 0.414912 1 
3 0.297872 0.056323 0.533323 0.003467 0.422915 0.414912 0 
3 0.319149 0.056323 0.608301 0.003467 0.422915 0.414912 0 
3 0.340426 0.042572 0.622583 0.003467 0.422915 0.414912 0 
3 0.361702 0.042572 0.603094 0.003467 0.422915 0.414912 0 
3 0.382979 0.043023 0.628384 0.003467 0.422915 0.414912 0 
3 0.404255 0.042692 0.632104 0.003467 0.422915 0.414912 0 
3 0.425532 0.050108 0.609194 0.003467 0.422915 0.414912 0 
3 0.446809 0.042572 0.582713 0.003467 0.422915 0.414912 0 
3 0.468085 0.042572 0.562333 0.003467 0.422915 0.414912 0 
3 0.489362 0.042572 0.549985 0.003467 0.422915 0.414912 0 
3 0.510638 0.042422 0.538084 0.003467 0.422915 0.414912 0 
3 0.531915 0.042422 0.518447 0.003467 0.422915 0.414912 0 
3 0.553191 0.042422 0.512794 0.003467 0.422915 0.414912 0 
3 0.574468 0.042392 0.502827 0.003467 0.422915 0.414912 0 
3 0.595745 0.042422 0.491669 0.003467 0.422915 0.414912 0 
3 0.617021 0.042272 0.481256 0.003467 0.422915 0.414912 0 
3 0.638298 0.042422 0.481404 0.003467 0.422915 0.414912 0 
3 0.659574 0.042422 0.498661 0.003467 0.422915 0.414912 0 
3 0.680851 0.042422 0.524249 0.003467 0.422915 0.414912 0 
3 0.702128 0.042572 0.578846 0.003467 0.422915 0.414912 0 
3 0.723404 0.042572 0.671824 0.003467 0.422915 0.414912 0 
3 0.744681 0.056323 0.740405 0.003467 0.422915 0.414912 0 
3 0.765957 0.056323 0.730437 0.003467 0.422915 0.414912 0 
3 0.787234 0.044824 0.703362 0.003467 0.422915 0.414912 0 
3 0.808511 0.056323 0.665129 0.003467 0.422915 0.414912 0 
3 0.829787 0.042572 0.632699 0.003467 0.422915 0.414912 0 
3 0.851064 0.042692 0.612913 0.003467 0.422915 0.414912 0 
3 0.87234 0.042572 0.587176 0.003467 0.422915 0.414912 0 
3 0.893617 0.042422 0.536596 0.003467 0.422915 0.414912 0 
3 0.914894 0.042422 0.485719 0.003467 0.422915 0.414912 0 
3 0.93617 0.056323 0.524249 0.003467 0.422915 0.414912 0 
3 0.957447 0.042692 0.526034 0.003467 0.422915 0.414912 0 
3 0.978723 0.056323 0.537638 0.003467 0.422915 0.414912 1 
3 1 0.056323 0.533918 0.003467 0.422915 0.414912 1 
