6 0 0.055993 0.427998 0.003467 0.422915 0.414912 0 
6 0.021277 0.055993 0.395716 0.003467 0.422915 0.414912 0 
6 0.042553 0.059205 0.364921 0.003467 0.422915 0.414912 0 
6 0.06383 0.047466 0.304969 0.003467 0.422915 0.414912 0 
6 0.085106 0.048337 0.24457 0.003467 0.422915 0.414912 0 
6 0.106383 0.049598 0.203511 0.003467 0.422915 0.414912 0 
6 0.12766 0.05278 0.164534 0.003467 0.422915 0.414912 0 
6 0.148936 0.046836 0.141625 0.003467 0.422915 0.414912 0 
6 0.170213 0.048667 0.13136 0.003467 0.422915 0.414912 0 
6 0.191489 0.050078 0.123178 0.003467 0.422915 0.414912 0 
6 0.212766 0.053441 0.134037 0.003467 0.422915 0.414912 0 
6 0.234043 0.050078 0.146385 0.003467 0.422915 0.414912 0 
6 0.255319 0.045304 0.180006 0.003467 0.422915 0.414912 0 
6 0.276596 0.053441 0.208718 0.003467 0.422915 0.414912 0 
6 0.297872 0.053441 0.25424 0.003467 0.422915 0.414912 0 
6 0.319149 0.060166 0.313151 0.003467 0.422915 0.414912 0 
6 0.340426 0.060166 0.371169 0.003467 0.422915 0.414912 0 
6 0.361702 0.056833 0.405832 0.003467 0.422915 0.414912 0 
6 0.382979 0.063528 0.44332 0.003467 0.422915 0.414912 0 
6 0.404255 0.056833 0.455519 0.003467 0.422915 0.414912 0 
6 0.425532 0.056833 0.44332 0.003467 0.422915 0.414912 0 
6 0.446809 0.060166 0.423832 0.003467 0.422915 0.414912 0 
6 0.468085 0.060166 0.409551 0.003467 0.422915 0.414912 0 
6 0.489362 0.060166 0.401071 0.003467 0.422915 0.414912 0 
6 0.510638 0.056833 0.388129 0.003467 0.422915 0.414912 0 
6 0.531915 0.060166 0.370425 0.003467 0.422915 0.414912 0 
6 0.553191 0.056833 0.357334 0.003467 0.422915 0.414912 0 
6 0.574468 0.060166 0.346028 0.003467 0.422915 0.414912 1 
6 0.595745 0.050078 0.332937 0.003467 0.422915 0.414912 0 
6 0.617021 0.060166 0.318358 0.003467 0.422915 0.414912 1 
6 0.638298 0.053441 0.311663 0.003467 0.422915 0.414912 0 
6 0.659574 0.056833 0.313597 0.003467 0.422915 0.414912 0 
6 0.680851 0.060166 0.317911 0.003467 0.422915 0.414912 1 
6 0.702128 0.060166 0.331003 0.003467 0.422915 0.414912 1 
6 0.723404 0.053441 0.339929 0.003467 0.422915 0.414912 0 
6 0.744681 0.060166 0.406129 0.003467 0.422915 0.414912 1 
6 0.765957 0.060166 0.460131 0.003467 0.422915 0.414912 1 
6 0.787234 0.060166 0.447486 0.003467 0.422915 0.414912 1 
6 0.808511 0.053441 0.405088 0.003467 0.422915 0.414912 0 
6 0.829787 0.056833 0.365367 0.003467 0.422915 0.414912 1 
6 0.851064 0.060166 0.338738 0.003467 0.422915 0.414912 1 
6 0.87234 0.056833 0.323713 0.003467 0.422915 0.414912 1 
6 0.893617 0.056833 0.305118 0.003467 0.422915 0.414912 1 
6 0.914894 0.053441 0.283993 0.003467 0.422915 0.414912 0 
6 0.93617 0.060166 0.316424 0.003467 0.422915 0.414912 1 
6 0.957447 0.048337 0.325647 0.003467 0.422915 0.414912 0 
6 0.978723 0.053441 0.338143 0.003467 0.422915 0.414912 0 
6 1 0.048337 0.319994 0.003467 0.422915 0.414912 0 
