5 0 0.13093 0.485421 0.003467 0.422915 0.414912 1 
5 0.021277 0.121713 0.461619 0.003467 0.422915 0.414912 1 
5 0.042553 0.111024 0.433948 0.003467 0.422915 0.414912 1 
5 0.06383 0.090759 0.364177 0.003467 0.422915 0.414912 0 
5 0.085106 0.081122 0.308688 0.003467 0.422915 0.414912 0 
5 0.106383 0.081122 0.262571 0.003467 0.422915 0.414912 0 
5 0.12766 0.081122 0.217197 0.003467 0.422915 0.414912 0 
5 0.148936 0.081122 0.190866 0.003467 0.422915 0.414912 0 
5 0.170213 0.081122 0.176138 0.003467 0.422915 0.414912 0 
5 0.191489 0.081122 0.175245 0.003467 0.422915 0.414912 0 
5 0.212766 0.081122 0.203511 0.003467 0.422915 0.414912 0 
5 0.234043 0.121713 0.246504 0.003467 0.422915 0.414912 1 
5 0.255319 0.134622 0.339334 0.003467 0.422915 0.414912 1 
5 0.276596 0.14447 0.444511 0.003467 0.422915 0.414912 1 
5 0.297872 0.044134 0.459833 0.003467 0.422915 0.414912 0 
5 0.319149 0.07926 0.526778 0.003467 0.422915 0.414912 0 
5 0.340426 0.13105 0.546712 0.003467 0.422915 0.414912 1 
5 0.361702 0.13096 0.543886 0.003467 0.422915 0.414912 1 
5 0.382979 0.178095 0.576317 0.003467 0.422915 0.414912 1 
5 0.404255 0.168338 0.582565 0.003467 0.422915 0.414912 1 
5 0.425532 0.168338 0.564713 0.003467 0.422915 0.414912 1 
5 0.446809 0.149634 0.545076 0.003467 0.422915 0.414912 1 
5 0.468085 0.149634 0.530943 0.003467 0.422915 0.414912 1 
5 0.489362 0.149634 0.529009 0.003467 0.422915 0.414912 1 
5 0.510638 0.146391 0.519786 0.003467 0.422915 0.414912 1 
5 0.531915 0.13105 0.510562 0.003467 0.422915 0.414912 1 
5 0.553191 0.13093 0.492859 0.003467 0.422915 0.414912 1 
5 0.574468 0.13105 0.481851 0.003467 0.422915 0.414912 1 
5 0.595745 0.045214 0.469057 0.003467 0.422915 0.414912 0 
5 0.617021 0.13105 0.457751 0.003467 0.422915 0.414912 1 
5 0.638298 0.13105 0.451651 0.003467 0.422915 0.414912 1 
5 0.659574 0.149634 0.459982 0.003467 0.422915 0.414912 1 
5 0.680851 0.168338 0.472776 0.003467 0.422915 0.414912 1 
5 0.702128 0.168338 0.511009 0.003467 0.422915 0.414912 1 
5 0.723404 0.134622 0.567242 0.003467 0.422915 0.414912 1 
5 0.744681 0.092951 0.619756 0.003467 0.422915 0.414912 0 
5 0.765957 0.149634 0.592086 0.003467 0.422915 0.414912 1 
5 0.787234 0.13093 0.573341 0.003467 0.422915 0.414912 1 
5 0.808511 0.121713 0.528414 0.003467 0.422915 0.414912 0 
5 0.829787 0.045214 0.504017 0.003467 0.422915 0.414912 0 
5 0.851064 0.11874 0.480363 0.003467 0.422915 0.414912 0 
5 0.87234 0.076498 0.464743 0.003467 0.422915 0.414912 0 
5 0.893617 0.044134 0.423535 0.003467 0.422915 0.414912 0 
5 0.914894 0.076498 0.378608 0.003467 0.422915 0.414912 0 
5 0.93617 0.129248 0.43618 0.003467 0.422915 0.414912 1 
5 0.957447 0.090759 0.464445 0.003467 0.422915 0.414912 0 
5 0.978723 0.13093 0.489735 0.003467 0.422915 0.414912 1 
5 1 0.121713 0.484231 0.003467 0.422915 0.414912 1 
