7 0 0.036658 0.368492 0.002455 0.307613 0.528947 0 
7 0.021277 0.030383 0.305861 0.002038 0.278094 0.573684 0 
7 0.042553 0.034466 0.245463 0.002322 0.336613 0.492105 0 
7 0.06383 0.037649 0.200387 0.002532 0.306318 0.550877 0 
7 0.085106 0.02588 0.159476 0.001739 0.256085 0.633772 0 
7 0.106383 0.024439 0.13374 0.001643 0.214397 0.641228 0 
7 0.12766 0.025159 0.128682 0.001693 0.178664 0.669298 0 
7 0.148936 0.025099 0.125707 0.001678 0.166753 0.726316 0 
7 0.170213 0.02588 0.131062 0.001728 0.164423 0.719298 0 
7 0.191489 0.027081 0.14698 0.001805 0.167012 0.736842 0 
7 0.212766 0.028552 0.168997 0.001905 0.17711 0.707456 0 
7 0.234043 0.027981 0.207379 0.001863 0.195495 0.734649 0 
7 0.255319 0.035667 0.246058 0.002381 0.236665 0.665351 0 
7 0.276596 0.042662 0.307944 0.002858 0.280425 0.592544 0 
7 0.297872 0.041341 0.357334 0.002771 0.282496 0.610965 0 
7 0.319149 0.044224 0.392294 0.002977 0.298809 0.589912 0 
7 0.340426 0.045875 0.43975 0.003083 0.326256 0.555702 0 
7 0.361702 0.046235 0.453734 0.003089 0.334801 0.507456 0 
7 0.382979 0.046235 0.450907 0.003093 0.351113 0.520614 1 
7 0.404255 0.046205 0.446296 0.003101 0.361212 0.510088 1 
7 0.425532 0.045905 0.430973 0.003093 0.365614 0.487281 1 
7 0.446809 0.046205 0.420857 0.003116 0.374417 0.493421 1 
7 0.468085 0.046085 0.409848 0.00311 0.377266 0.477632 1 
7 0.489362 0.045785 0.402261 0.003087 0.376748 0.498246 1 
7 0.510638 0.045635 0.388872 0.003078 0.377784 0.501316 1 
7 0.531915 0.045094 0.377864 0.003037 0.375971 0.505702 1 
7 0.553191 0.044644 0.36507 0.003006 0.377784 0.489912 1 
7 0.574468 0.045815 0.361648 0.003087 0.377784 0.492982 1 
7 0.595745 0.045545 0.353466 0.003068 0.382444 0.506579 1 
7 0.617021 0.046115 0.350045 0.003105 0.395391 0.50614 1 
7 0.638298 0.045545 0.352722 0.003066 0.394355 0.508333 1 
7 0.659574 0.045935 0.357185 0.003095 0.417659 0.442105 1 
7 0.680851 0.044914 0.339334 0.003033 0.417918 0.473246 1 
7 0.702128 0.045725 0.352276 0.003091 0.429052 0.446491 1 
7 0.723404 0.045905 0.357929 0.003101 0.429311 0.464912 1 
7 0.744681 0.045575 0.354656 0.003078 0.411186 0.474123 1 
7 0.765957 0.044734 0.339334 0.003016 0.387882 0.511842 1 
7 0.787234 0.046205 0.346325 0.003091 0.362248 0.552632 1 
7 0.808511 0.046205 0.367599 0.003081 0.359399 0.545614 1 
7 0.829787 0.045815 0.365516 0.003068 0.383221 0.486404 1 
7 0.851064 0.046175 0.346028 0.003097 0.3739 0.526754 1 
7 0.87234 0.044494 0.320589 0.002983 0.346453 0.551754 1 
7 0.893617 0.044914 0.333383 0.003006 0.319524 0.625439 1 
7 0.914894 0.042212 0.328027 0.002821 0.294666 0.625877 1 
7 0.93617 0.044974 0.33978 0.002995 0.280425 0.651316 1 
7 0.957447 0.043323 0.316572 0.002881 0.282237 0.649561 1 
7 0.978723 0.044344 0.305415 0.002964 0.341792 0.544298 1 
7 1 0.040921 0.261232 0.002754 0.33014 0.545614 0 
