1 0 0.048487 0.231032 0.003467 0.422915 0.414912 0 
1 0.021277 0.048487 0.184766 0.003467 0.422915 0.414912 0 
1 0.042553 0.047526 0.157394 0.003467 0.422915 0.414912 0 
1 0.06383 0.047526 0.134633 0.003467 0.422915 0.414912 0 
1 0.085106 0.048487 0.114252 0.003467 0.422915 0.414912 0 
1 0.106383 0.047526 0.097739 0.003467 0.422915 0.414912 0 
1 0.12766 0.047526 0.093276 0.003467 0.422915 0.414912 0 
1 0.148936 0.047526 0.09521 0.003467 0.422915 0.414912 0 
1 0.170213 0.049688 0.122434 0.003467 0.422915 0.414912 0 
1 0.191489 0.051219 0.157542 0.003467 0.422915 0.414912 0 
1 0.212766 0.074817 0.255579 0.003467 0.422915 0.414912 1 
1 0.234043 0.074817 0.357185 0.003467 0.422915 0.414912 1 
1 0.255319 0.095322 0.368789 0.003467 0.422915 0.414912 1 
1 0.276596 0.095322 0.421898 0.003467 0.422915 0.414912 1 
1 0.297872 0.074817 0.44332 0.003467 0.422915 0.414912 1 
1 0.319149 0.074817 0.449271 0.003467 0.422915 0.414912 1 
1 0.340426 0.062447 0.493901 0.003467 0.422915 0.414912 0 
1 0.361702 0.062447 0.514728 0.003467 0.422915 0.414912 0 
1 0.382979 0.080491 0.517852 0.003467 0.422915 0.414912 1 
1 0.404255 0.074817 0.505653 0.003467 0.422915 0.414912 1 
1 0.425532 0.080491 0.498364 0.003467 0.422915 0.414912 1 
1 0.446809 0.074817 0.497471 0.003467 0.422915 0.414912 1 
1 0.468085 0.062447 0.495537 0.003467 0.422915 0.414912 0 
1 0.489362 0.062447 0.492264 0.003467 0.422915 0.414912 0 
1 0.510638 0.080491 0.501785 0.003467 0.422915 0.414912 1 
1 0.531915 0.080491 0.497173 0.003467 0.422915 0.414912 1 
1 0.553191 0.080491 0.500446 0.003467 0.422915 0.414912 1 
1 0.574468 0.080491 0.497173 0.003467 0.422915 0.414912 1 
1 0.595745 0.080491 0.493157 0.003467 0.422915 0.414912 1 
1 0.617021 0.080491 0.49643 0.003467 0.422915 0.414912 1 
1 0.638298 0.094362 0.509223 0.003467 0.422915 0.414912 1 
1 0.659574 0.105981 0.50967 0.003467 0.422915 0.414912 1 
1 0.680851 0.106341 0.497025 0.003467 0.422915 0.414912 1 
1 0.702128 0.095322 0.488991 0.003467 0.422915 0.414912 1 
1 0.723404 0.095322 0.458792 0.003467 0.422915 0.414912 1 
1 0.744681 0.062447 0.43618 0.003467 0.422915 0.414912 0 
1 0.765957 0.062447 0.404046 0.003467 0.422915 0.414912 0 
1 0.787234 0.062447 0.396013 0.003467 0.422915 0.414912 0 
1 0.808511 0.051219 0.410295 0.003467 0.422915 0.414912 0 
1 0.829787 0.05215 0.420262 0.003467 0.422915 0.414912 0 
1 0.851064 0.074817 0.390509 0.003467 0.422915 0.414912 1 
1 0.87234 0.062447 0.348706 0.003467 0.422915 0.414912 0 
1 0.893617 0.074817 0.378012 0.003467 0.422915 0.414912 1 
1 0.914894 0.074817 0.391253 0.003467 0.422915 0.414912 1 
1 0.93617 0.080491 0.40598 0.003467 0.422915 0.414912 1 
1 0.957447 0.062447 0.402261 0.003467 0.422915 0.414912 0 
1 0.978723 0.080491 0.399137 0.003467 0.422915 0.414912 1 
1 1 0.062447 0.38069 0.003467 0.422915 0.414912 0 
