5 0 0.044134 0.397798 0.003467 0.422915 0.414912 0 
5 0.021277 0.044134 0.367748 0.003467 0.422915 0.414912 0 
5 0.042553 0.045935 0.333978 0.003467 0.422915 0.414912 0 
5 0.06383 0.042032 0.279381 0.003467 0.422915 0.414912 0 
5 0.085106 0.042032 0.230586 0.003467 0.422915 0.414912 0 
5 0.106383 0.041011 0.185957 0.003467 0.422915 0.414912 0 
5 0.12766 0.036117 0.160369 0.003467 0.422915 0.414912 0 
5 0.148936 0.036117 0.140881 0.003467 0.422915 0.414912 0 
5 0.170213 0.042032 0.13493 0.003467 0.422915 0.414912 0 
5 0.191489 0.044734 0.138352 0.003467 0.422915 0.414912 0 
5 0.212766 0.045094 0.16751 0.003467 0.422915 0.414912 0 
5 0.234043 0.046505 0.203213 0.003467 0.422915 0.414912 0 
5 0.255319 0.049027 0.276852 0.003467 0.422915 0.414912 0 
5 0.276596 0.054732 0.339185 0.003467 0.422915 0.414912 1 
5 0.297872 0.057554 0.345284 0.003467 0.422915 0.414912 1 
5 0.319149 0.05326 0.402112 0.003467 0.422915 0.414912 1 
5 0.340426 0.081062 0.44094 0.003467 0.422915 0.414912 1 
5 0.361702 0.06611 0.463404 0.003467 0.422915 0.414912 1 
5 0.382979 0.061817 0.514133 0.003467 0.422915 0.414912 1 
5 0.404255 0.081062 0.528117 0.003467 0.422915 0.414912 1 
5 0.425532 0.061817 0.523505 0.003467 0.422915 0.414912 1 
5 0.446809 0.061817 0.513984 0.003467 0.422915 0.414912 1 
5 0.468085 0.061817 0.513835 0.003467 0.422915 0.414912 1 
5 0.489362 0.061817 0.501934 0.003467 0.422915 0.414912 1 
5 0.510638 0.061817 0.501934 0.003467 0.422915 0.414912 1 
5 0.531915 0.081062 0.509075 0.003467 0.422915 0.414912 1 
5 0.553191 0.072085 0.504017 0.003467 0.422915 0.414912 1 
5 0.574468 0.056743 0.501636 0.003467 0.422915 0.414912 1 
5 0.595745 0.077609 0.492562 0.003467 0.422915 0.414912 1 
5 0.617021 0.057554 0.48795 0.003467 0.422915 0.414912 1 
5 0.638298 0.057554 0.48438 0.003467 0.422915 0.414912 1 
5 0.659574 0.061817 0.483338 0.003467 0.422915 0.414912 1 
5 0.680851 0.06611 0.473073 0.003467 0.422915 0.414912 1 
5 0.702128 0.061817 0.472627 0.003467 0.422915 0.414912 1 
5 0.723404 0.05326 0.458197 0.003467 0.422915 0.414912 0 
5 0.744681 0.06611 0.46266 0.003467 0.422915 0.414912 1 
5 0.765957 0.089678 0.48795 0.003467 0.422915 0.414912 1 
5 0.787234 0.061817 0.476793 0.003467 0.422915 0.414912 1 
5 0.808511 0.057554 0.436924 0.003467 0.422915 0.414912 1 
5 0.829787 0.05326 0.402559 0.003467 0.422915 0.414912 0 
5 0.851064 0.049027 0.363285 0.003467 0.422915 0.414912 0 
5 0.87234 0.047256 0.345135 0.003467 0.422915 0.414912 0 
5 0.893617 0.05326 0.320143 0.003467 0.422915 0.414912 0 
5 0.914894 0.046836 0.306308 0.003467 0.422915 0.414912 0 
5 0.93617 0.051849 0.36745 0.003467 0.422915 0.414912 0 
5 0.957447 0.05326 0.39393 0.003467 0.422915 0.414912 0 
5 0.978723 0.05326 0.415799 0.003467 0.422915 0.414912 0 
5 1 0.051849 0.406724 0.003467 0.422915 0.414912 0 
