1 0 0.027021 0.349003 0.001807 0.382703 0.642544 0 
1 0.021277 0.02591 0.312705 0.001726 0.353703 0.692105 0 
1 0.042553 0.027261 0.281315 0.001685 0.397721 0.626754 0 
1 0.06383 0.02669 0.245463 0.001778 0.371051 0.681579 0 
1 0.085106 0.02621 0.197858 0.001651 0.324443 0.685965 0 
1 0.106383 0.02588 0.167956 0.001375 0.274728 0.690351 0 
1 0.12766 0.024168 0.137905 0.001361 0.237183 0.707895 0 
1 0.148936 0.022667 0.117376 0.001049 0.19653 0.769298 0 
1 0.170213 0.021166 0.103689 0.001049 0.172708 0.804386 0 
1 0.191489 0.021166 0.10116 0.00119 0.150699 0.878947 0 
1 0.212766 0.021166 0.105177 0.000976 0.142672 0.900877 0 
1 0.234043 0.021166 0.111128 0.000976 0.126877 0.900877 0 
1 0.255319 0.021166 0.137905 0.000976 0.134127 0.900877 0 
1 0.276596 0.021166 0.164981 0.001047 0.143449 0.900877 0 
1 0.297872 0.023598 0.198602 0.000953 0.122216 0.900877 0 
1 0.319149 0.027291 0.253645 0.001271 0.150181 0.878947 1 
1 0.340426 0.029723 0.317614 0.001248 0.185655 0.813158 1 
1 0.361702 0.030323 0.366111 0.001047 0.219316 0.769298 1 
1 0.382979 0.031374 0.411038 0.002034 0.243397 0.782018 1 
1 0.404255 0.032034 0.431568 0.001753 0.257897 0.76886 1 
1 0.425532 0.031674 0.415799 0.00166 0.259451 0.74693 1 
1 0.446809 0.031914 0.397798 0.001863 0.239254 0.729825 1 
1 0.468085 0.027621 0.378756 0.001103 0.233817 0.750877 1 
1 0.489362 0.027801 0.36388 0.001552 0.236924 0.759649 1 
1 0.510638 0.029182 0.346177 0.001903 0.242361 0.776316 1 
1 0.531915 0.029723 0.330705 0.001566 0.232522 0.750877 1 
1 0.553191 0.027471 0.307647 0.001589 0.226308 0.772807 1 
1 0.574468 0.029963 0.292026 0.001558 0.214397 0.75614 1 
1 0.595745 0.028432 0.273133 0.000976 0.205852 0.747368 1 
1 0.617021 0.028672 0.267331 0.000976 0.194459 0.747368 1 
1 0.638298 0.028372 0.268224 0.001074 0.192905 0.769298 1 
1 0.659574 0.028161 0.281761 0.000976 0.19653 0.795614 1 
1 0.680851 0.02651 0.294853 0.001051 0.210772 0.819298 0 
1 0.702128 0.023868 0.328325 0.001504 0.238736 0.797368 0 
1 0.723404 0.022607 0.37474 0.001508 0.264112 0.746491 0 
1 0.744681 0.030743 0.468908 0.001886 0.319782 0.716228 1 
1 0.765957 0.032785 0.50967 0.00209 0.394355 0.674561 1 
1 0.787234 0.032605 0.519339 0.002185 0.41274 0.69693 1 
1 0.808511 0.030623 0.496281 0.002046 0.39332 0.713158 1 
1 0.829787 0.030143 0.469354 0.002011 0.375971 0.712281 1 
1 0.851064 0.029362 0.453883 0.001955 0.365614 0.721053 1 
1 0.87234 0.030023 0.434692 0.001998 0.352667 0.732456 1 
1 0.893617 0.030533 0.414758 0.00204 0.331176 0.745614 1 
1 0.914894 0.029032 0.376822 0.001938 0.309684 0.775439 1 
1 0.93617 0.030593 0.399583 0.00204 0.308907 0.770175 1 
1 0.957447 0.030233 0.394972 0.002011 0.312791 0.741228 1 
1 0.978723 0.031074 0.388426 0.002096 0.379078 0.671053 1 
1 1 0.028552 0.365665 0.001907 0.372864 0.700877 1 
