5 0 0.029693 0.362392 0.001948 0.317711 0.535526 0 
5 0.021277 0.028822 0.309134 0.001876 0.295184 0.527632 0 
5 0.042553 0.029512 0.252455 0.001938 0.353444 0.451316 0 
5 0.06383 0.028792 0.216305 0.00189 0.331693 0.530263 0 
5 0.085106 0.028642 0.177923 0.00187 0.297255 0.553509 0 
5 0.106383 0.028612 0.159476 0.001712 0.263594 0.590351 0 
5 0.12766 0.028612 0.157096 0.00187 0.252719 0.608772 0 
5 0.148936 0.028612 0.1626 0.001861 0.251165 0.651754 0 
5 0.170213 0.028612 0.189676 0.001845 0.265924 0.686842 0 
5 0.191489 0.028612 0.218685 0.001784 0.286898 0.613158 0 
5 0.212766 0.029422 0.311514 0.001793 0.344899 0.583772 0 
5 0.234043 0.032545 0.396162 0.002115 0.421543 0.564474 1 
5 0.255319 0.035397 0.442279 0.002356 0.527447 0.371491 1 
5 0.276596 0.037438 0.499851 0.002534 0.597359 0.324123 1 
5 0.297872 0.030863 0.516364 0.002092 0.553599 0.346491 1 
5 0.319149 0.029392 0.519488 0.001986 0.537027 0.314912 0 
5 0.340426 0.029242 0.534216 0.001986 0.541429 0.359649 0 
5 0.361702 0.033866 0.549985 0.002418 0.533661 0.376316 1 
5 0.382979 0.035157 0.563225 0.002405 0.531331 0.351316 1 
5 0.404255 0.035547 0.556977 0.002443 0.525893 0.333333 1 
5 0.425532 0.032335 0.545373 0.002219 0.528742 0.397807 1 
5 0.446809 0.029572 0.553407 0.002017 0.542206 0.424561 0 
5 0.468085 0.035217 0.555638 0.002395 0.527706 0.445175 1 
5 0.489362 0.033445 0.547605 0.002277 0.53651 0.466667 1 
5 0.510638 0.030323 0.543737 0.00205 0.537545 0.478509 1 
5 0.531915 0.029422 0.541208 0.001986 0.547126 0.466667 0 
5 0.553191 0.028912 0.533918 0.001955 0.546867 0.447807 0 
5 0.574468 0.028822 0.52767 0.001946 0.543501 0.466667 0 
5 0.595745 0.029542 0.522315 0.002 0.538322 0.478509 0 
5 0.617021 0.030593 0.524695 0.002065 0.532885 0.527193 1 
5 0.638298 0.033535 0.526778 0.00226 0.539358 0.508333 1 
5 0.659574 0.034586 0.526629 0.002331 0.527706 0.504825 1 
5 0.680851 0.030053 0.514877 0.002021 0.520715 0.512719 0 
5 0.702128 0.030053 0.522612 0.002023 0.524858 0.519737 0 
5 0.723404 0.028822 0.505802 0.001921 0.48291 0.576754 0 
5 0.744681 0.028822 0.503422 0.001905 0.450803 0.618421 0 
5 0.765957 0.028822 0.509372 0.001743 0.435267 0.615351 0 
5 0.787234 0.029633 0.510265 0.001971 0.461419 0.551754 0 
5 0.808511 0.028972 0.493157 0.001936 0.46349 0.544298 0 
5 0.829787 0.028762 0.467718 0.001911 0.442258 0.562281 0 
5 0.851064 0.028642 0.422791 0.001907 0.414811 0.561404 0 
5 0.87234 0.028462 0.390955 0.001892 0.382703 0.584649 0 
5 0.893617 0.028732 0.413419 0.001903 0.338167 0.630702 0 
5 0.914894 0.028672 0.420411 0.001886 0.301398 0.652193 0 
5 0.93617 0.029032 0.44332 0.001518 0.284827 0.663596 0 
5 0.957447 0.034676 0.448974 0.002275 0.273951 0.638596 1 
5 0.978723 0.038309 0.438411 0.002516 0.342051 0.538596 1 
5 1 0.037799 0.416245 0.002462 0.345417 0.589035 1 
