2 0 0.090729 0.419667 0.003467 0.422915 0.414912 1 
2 0.021277 0.102738 0.409997 0.003467 0.422915 0.414912 1 
2 0.042553 0.083554 0.391253 0.003467 0.422915 0.414912 0 
2 0.06383 0.083554 0.333829 0.003467 0.422915 0.414912 0 
2 0.085106 0.071304 0.276703 0.003467 0.422915 0.414912 0 
2 0.106383 0.068752 0.234157 0.003467 0.422915 0.414912 0 
2 0.12766 0.068752 0.190717 0.003467 0.422915 0.414912 0 
2 0.148936 0.067041 0.166766 0.003467 0.422915 0.414912 0 
2 0.170213 0.068422 0.151592 0.003467 0.422915 0.414912 0 
2 0.191489 0.069833 0.150253 0.003467 0.422915 0.414912 0 
2 0.212766 0.069833 0.173758 0.003467 0.422915 0.414912 0 
2 0.234043 0.072895 0.222107 0.003467 0.422915 0.414912 0 
2 0.255319 0.102588 0.314936 0.003467 0.422915 0.414912 1 
2 0.276596 0.104389 0.408509 0.003467 0.422915 0.414912 1 
2 0.297872 0.069833 0.405237 0.003467 0.422915 0.414912 0 
2 0.319149 0.102498 0.456412 0.003467 0.422915 0.414912 1 
2 0.340426 0.09217 0.475454 0.003467 0.422915 0.414912 1 
2 0.361702 0.090399 0.469206 0.003467 0.422915 0.414912 1 
2 0.382979 0.102498 0.509075 0.003467 0.422915 0.414912 1 
2 0.404255 0.102588 0.522166 0.003467 0.422915 0.414912 1 
2 0.425532 0.102498 0.512348 0.003467 0.422915 0.414912 1 
2 0.446809 0.096944 0.495091 0.003467 0.422915 0.414912 1 
2 0.468085 0.096944 0.485867 0.003467 0.422915 0.414912 1 
2 0.489362 0.09217 0.479173 0.003467 0.422915 0.414912 1 
2 0.510638 0.060316 0.473073 0.003467 0.422915 0.414912 0 
2 0.531915 0.09217 0.468462 0.003467 0.422915 0.414912 1 
2 0.553191 0.096944 0.464594 0.003467 0.422915 0.414912 1 
2 0.574468 0.09217 0.458643 0.003467 0.422915 0.414912 1 
2 0.595745 0.057193 0.442577 0.003467 0.422915 0.414912 0 
2 0.617021 0.057193 0.437816 0.003467 0.422915 0.414912 0 
2 0.638298 0.09217 0.433651 0.003467 0.422915 0.414912 1 
2 0.659574 0.084814 0.433502 0.003467 0.422915 0.414912 0 
2 0.680851 0.09217 0.443172 0.003467 0.422915 0.414912 1 
2 0.702128 0.096944 0.453288 0.003467 0.422915 0.414912 1 
2 0.723404 0.09217 0.451056 0.003467 0.422915 0.414912 1 
2 0.744681 0.060316 0.474859 0.003467 0.422915 0.414912 0 
2 0.765957 0.102498 0.492413 0.003467 0.422915 0.414912 1 
2 0.787234 0.102498 0.531389 0.003467 0.422915 0.414912 1 
2 0.808511 0.090399 0.501339 0.003467 0.422915 0.414912 1 
2 0.829787 0.049117 0.471288 0.003467 0.422915 0.414912 0 
2 0.851064 0.09217 0.448081 0.003467 0.422915 0.414912 1 
2 0.87234 0.084814 0.421749 0.003467 0.422915 0.414912 0 
2 0.893617 0.060316 0.393782 0.003467 0.422915 0.414912 0 
2 0.914894 0.047076 0.355846 0.003467 0.422915 0.414912 0 
2 0.93617 0.104389 0.396459 0.003467 0.422915 0.414912 1 
2 0.957447 0.096944 0.418923 0.003467 0.422915 0.414912 1 
2 0.978723 0.096944 0.431419 0.003467 0.422915 0.414912 1 
2 1 0.09217 0.426659 0.003467 0.422915 0.414912 1 
