1 0 0.038579 0.442577 0.002605 0.426722 0.62807 0 
1 0.021277 0.035907 0.401517 0.002437 0.407302 0.634649 0 
1 0.042553 0.044914 0.358227 0.003066 0.447437 0.558333 1 
1 0.06383 0.037709 0.319548 0.00258 0.421543 0.608772 0 
1 0.085106 0.034466 0.274026 0.002279 0.387623 0.636842 0 
1 0.106383 0.033025 0.236239 0.001986 0.343086 0.658772 0 
1 0.12766 0.033025 0.208123 0.00156 0.295443 0.680702 0 
1 0.148936 0.029272 0.186105 0.001971 0.265148 0.791228 0 
1 0.170213 0.035457 0.167063 0.001863 0.23304 0.85614 0 
1 0.191489 0.031224 0.163642 0.001764 0.208441 0.87807 0 
1 0.212766 0.028161 0.163939 0.001834 0.188244 0.896491 0 
1 0.234043 0.031164 0.176733 0.001751 0.180476 0.9 0 
1 0.255319 0.036658 0.200684 0.001257 0.181253 0.834211 0 
1 0.276596 0.037589 0.227016 0.000976 0.183066 0.834211 0 
1 0.297872 0.030533 0.269711 0.000976 0.149663 0.87807 0 
1 0.319149 0.033535 0.349598 0.000976 0.163646 0.87807 0 
1 0.340426 0.030173 0.42532 0.001716 0.214397 0.913596 0 
1 0.361702 0.035817 0.488545 0.001786 0.258415 0.885965 0 
1 0.382979 0.034286 0.538381 0.001556 0.284309 0.880263 0 
1 0.404255 0.031464 0.556977 0.00161 0.294925 0.918421 0 
1 0.425532 0.033025 0.542844 0.001764 0.308389 0.918421 0 
1 0.446809 0.033025 0.514579 0.00161 0.302952 0.918421 0 
1 0.468085 0.033025 0.484082 0.00156 0.292077 0.905702 0 
1 0.489362 0.033025 0.44942 0.001554 0.282496 0.880263 0 
1 0.510638 0.033025 0.427105 0.001558 0.280425 0.867544 0 
1 0.531915 0.033025 0.400774 0.001591 0.273692 0.854825 0 
1 0.553191 0.033025 0.372508 0.001618 0.281719 0.842105 0 
1 0.574468 0.033025 0.349003 0.001554 0.264889 0.829386 0 
1 0.595745 0.033025 0.333978 0.001548 0.253496 0.829386 0 
1 0.617021 0.033025 0.326986 0.001548 0.236147 0.829386 0 
1 0.638298 0.032214 0.333829 0.001537 0.227084 0.842105 0 
1 0.659574 0.032214 0.348111 0.001543 0.238736 0.854825 0 
1 0.680851 0.028912 0.373252 0.001548 0.234593 0.867544 0 
1 0.702128 0.032124 0.431717 0.001587 0.268514 0.880263 0 
1 0.723404 0.033025 0.520232 0.00171 0.334542 0.836404 0 
1 0.744681 0.035067 0.654716 0.002239 0.439669 0.792105 0 
1 0.765957 0.043683 0.706486 0.00286 0.51217 0.737719 1 
1 0.787234 0.043113 0.705594 0.00286 0.508286 0.770614 1 
1 0.808511 0.084154 0.68551 0.005629 0.489384 0.693421 1 
1 0.829787 0.038189 0.65427 0.002526 0.47333 0.725877 1 
1 0.851064 0.037619 0.623178 0.002511 0.456499 0.726754 1 
1 0.87234 0.037799 0.616037 0.002482 0.443811 0.772807 1 
1 0.893617 0.037228 0.567093 0.001882 0.419213 0.772807 1 
1 0.914894 0.037529 0.509521 0.002071 0.394096 0.794737 1 
1 0.93617 0.03882 0.515323 0.002021 0.372864 0.794737 1 
1 0.957447 0.036117 0.489884 0.002036 0.357069 0.816667 1 
1 0.978723 0.038009 0.468759 0.002387 0.42957 0.746053 1 
1 1 0.034766 0.44213 0.002262 0.43216 0.772807 0 
