6 0 0.03975 0.584796 0.002725 0.487053 0.512719 0 
6 0.021277 0.040351 0.562333 0.002773 0.46349 0.538596 0 
6 0.042553 0.043383 0.529009 0.002979 0.515277 0.455702 0 
6 0.06383 0.046055 0.48676 0.003432 0.488348 0.515789 0 
6 0.085106 0.042362 0.425915 0.002923 0.44666 0.575877 0 
6 0.106383 0.036838 0.373103 0.002522 0.404713 0.65 0 
6 0.12766 0.035247 0.318209 0.001948 0.359917 0.673246 0 
6 0.148936 0.032905 0.286373 0.002225 0.324184 0.811842 0 
6 0.170213 0.028552 0.264653 0.001926 0.306059 0.721053 0 
6 0.191489 0.029092 0.266141 0.001973 0.284827 0.709649 0 
6 0.212766 0.030293 0.291431 0.002061 0.288711 0.739912 0 
6 0.234043 0.031764 0.342309 0.002164 0.314604 0.728947 0 
6 0.255319 0.035457 0.459238 0.002412 0.385293 0.632895 0 
6 0.276596 0.040621 0.582862 0.002752 0.469705 0.54693 0 
6 0.297872 0.05203 0.612615 0.003519 0.517607 0.517105 1 
6 0.319149 0.050769 0.697114 0.003425 0.592698 0.424123 0 
6 0.340426 0.038489 0.72047 0.00259 0.623511 0.427193 0 
6 0.361702 0.037589 0.69756 0.002518 0.62869 0.411842 0 
6 0.382979 0.081512 0.722999 0.005488 0.649663 0.386404 1 
6 0.404255 0.073316 0.719131 0.00496 0.63361 0.427193 1 
6 0.425532 0.073466 0.688634 0.004996 0.622216 0.371491 1 
6 0.446809 0.055182 0.65665 0.003779 0.608752 0.385965 1 
6 0.468085 0.03927 0.625707 0.00268 0.601243 0.409211 0 
6 0.489362 0.038129 0.606813 0.002601 0.586743 0.428947 0 
6 0.510638 0.037589 0.574829 0.002555 0.573537 0.438158 0 
6 0.531915 0.037468 0.557275 0.002545 0.562403 0.455263 0 
6 0.553191 0.037589 0.542844 0.002553 0.581564 0.422368 0 
6 0.574468 0.037589 0.527373 0.002559 0.57768 0.409211 0 
6 0.595745 0.036238 0.512199 0.002459 0.562144 0.438596 0 
6 0.617021 0.037258 0.499256 0.002522 0.554117 0.460526 0 
6 0.638298 0.034947 0.489586 0.002362 0.528483 0.519737 0 
6 0.659574 0.037378 0.504909 0.002516 0.516054 0.522368 0 
6 0.680851 0.036177 0.5241 0.002437 0.506991 0.555702 0 
6 0.702128 0.037498 0.570961 0.002526 0.529001 0.552193 0 
6 0.723404 0.037408 0.645344 0.002495 0.57276 0.524561 0 
6 0.744681 0.03948 0.750967 0.002609 0.636199 0.478509 0 
6 0.765957 0.041702 0.779381 0.002761 0.651476 0.488596 0 
6 0.787234 0.043593 0.772389 0.002904 0.62377 0.513596 0 
6 0.808511 0.055872 0.738024 0.00376 0.585707 0.535526 1 
6 0.829787 0.089678 0.712883 0.006084 0.555412 0.527193 1 
6 0.851064 0.042542 0.683428 0.00291 0.51942 0.566228 0 
6 0.87234 0.048787 0.664683 0.003529 0.504661 0.552632 1 
6 0.893617 0.035217 0.631806 0.002374 0.458571 0.659211 0 
6 0.914894 0.036177 0.588962 0.002416 0.430865 0.675877 0 
6 0.93617 0.041762 0.641476 0.002769 0.416106 0.708333 0 
6 0.957447 0.058905 0.663344 0.003945 0.417918 0.64386 1 
6 0.978723 0.083433 0.652782 0.005658 0.51709 0.470614 1 
6 1 0.044824 0.62526 0.003074 0.502848 0.541228 1 
