5 0 0.042452 0.49152 0.0029 0.42957 0.429386 0 
5 0.021277 0.040651 0.469354 0.002773 0.415329 0.429386 0 
5 0.042553 0.042692 0.448974 0.002916 0.467892 0.349123 0 
5 0.06383 0.041371 0.399435 0.002821 0.441481 0.417105 0 
5 0.085106 0.038129 0.3374 0.002597 0.399275 0.439474 0 
5 0.106383 0.037048 0.294704 0.002526 0.357846 0.444737 0 
5 0.12766 0.032815 0.248884 0.002239 0.307872 0.497368 0 
5 0.148936 0.030713 0.216007 0.002092 0.268255 0.545614 0 
5 0.170213 0.027741 0.200089 0.001888 0.249871 0.571491 0 
5 0.191489 0.028161 0.198304 0.001907 0.241844 0.588596 0 
5 0.212766 0.028912 0.225231 0.001959 0.244692 0.569298 0 
5 0.234043 0.031014 0.280125 0.002113 0.27913 0.510965 0 
5 0.255319 0.032034 0.374888 0.002185 0.351372 0.489474 0 
5 0.276596 0.037799 0.472478 0.002561 0.437338 0.298684 0 
5 0.297872 0.036598 0.470247 0.002522 0.472553 0.258772 0 
5 0.319149 0.055993 0.51443 0.003847 0.551787 0.185965 1 
5 0.340426 0.133031 0.529158 0.00914 0.589591 0.172807 1 
5 0.361702 0.101747 0.512645 0.006992 0.591403 0.192982 1 
5 0.382979 0.124835 0.546415 0.008565 0.595805 0.203509 1 
5 0.404255 0.119221 0.558614 0.008176 0.58493 0.205702 1 
5 0.425532 0.140867 0.542844 0.009715 0.57276 0.186404 1 
5 0.446809 0.10511 0.521422 0.007272 0.569912 0.223246 1 
5 0.468085 0.072805 0.504463 0.005037 0.562662 0.205702 1 
5 0.489362 0.042482 0.498215 0.002952 0.56551 0.185526 0 
5 0.510638 0.037018 0.489735 0.002584 0.553858 0.144298 0 
5 0.531915 0.036388 0.484528 0.002543 0.546608 0.140789 0 
5 0.553191 0.038369 0.484082 0.003319 0.571466 0.110965 0 
5 0.574468 0.037649 0.472776 0.003394 0.567323 0.081579 0 
5 0.595745 0.038069 0.466379 0.002657 0.559814 0.122807 0 
5 0.617021 0.034736 0.451949 0.002424 0.548421 0.138596 0 
5 0.638298 0.034286 0.452841 0.002395 0.529001 0.157895 0 
5 0.659574 0.033205 0.457751 0.00232 0.527447 0.152632 0 
5 0.680851 0.034376 0.463701 0.002403 0.525893 0.170614 0 
5 0.702128 0.037679 0.474561 0.002626 0.545313 0.127632 0 
5 0.723404 0.044134 0.495537 0.00307 0.570171 0.117105 0 
5 0.744681 0.161643 0.563969 0.011219 0.616779 0.13114 1 
5 0.765957 0.311577 0.626748 0.021321 0.639565 0.173246 1 
5 0.787234 0.307524 0.629128 0.021111 0.627136 0.176754 1 
5 0.808511 0.149003 0.603094 0.010282 0.598912 0.167105 1 
5 0.829787 0.089198 0.577953 0.006149 0.561108 0.251754 1 
5 0.851064 0.056203 0.562333 0.00386 0.540911 0.326754 0 
5 0.87234 0.044164 0.540315 0.003024 0.515018 0.341228 0 
5 0.893617 0.0396 0.496876 0.002727 0.477214 0.325877 0 
5 0.914894 0.033265 0.4518 0.002306 0.444847 0.350439 0 
5 0.93617 0.036928 0.499702 0.002551 0.424909 0.367544 0 
5 0.957447 0.036898 0.509372 0.002545 0.409373 0.363158 0 
5 0.978723 0.042722 0.511009 0.002952 0.486535 0.271053 0 
5 1 0.043863 0.497917 0.00297 0.48058 0.317982 0 
