5 0 0.035817 0.351384 0.00128 0.33739 0.739035 1 
5 0.021277 0.036298 0.29634 0.000858 0.297514 0.722807 1 
5 0.042553 0.032995 0.243975 0.001128 0.357328 0.722807 0 
5 0.06383 0.02681 0.21199 0.000868 0.322113 0.771053 0 
5 0.085106 0.021256 0.188783 0.000831 0.269808 0.902632 0 
5 0.106383 0.019875 0.172121 0.000839 0.24029 0.902632 0 
5 0.12766 0.021346 0.167361 0.000837 0.226308 0.902632 0 
5 0.148936 0.021827 0.16632 0.000837 0.2232 0.902632 0 
5 0.170213 0.027621 0.187147 0.000839 0.235111 0.902632 0 
5 0.191489 0.029242 0.222999 0.00097 0.249612 0.902632 0 
5 0.212766 0.032935 0.285183 0.001145 0.302175 0.898246 0 
5 0.234043 0.035367 0.344243 0.001701 0.339979 0.774561 1 
5 0.255319 0.033866 0.384112 0.001751 0.383739 0.70614 0 
5 0.276596 0.030443 0.450015 0.001579 0.472553 0.672368 0 
5 0.297872 0.028372 0.493157 0.001672 0.470999 0.715351 0 
5 0.319149 0.028251 0.547307 0.001699 0.491196 0.749123 0 
5 0.340426 0.035877 0.623921 0.002179 0.511911 0.717105 1 
5 0.361702 0.031884 0.646385 0.002032 0.521233 0.72807 0 
5 0.382979 0.034586 0.653079 0.002198 0.524081 0.724123 1 
5 0.404255 0.028762 0.657096 0.001921 0.527706 0.722807 0 
5 0.425532 0.029933 0.673014 0.002387 0.531072 0.714035 0 
5 0.446809 0.04008 0.68313 0.003012 0.544278 0.660088 1 
5 0.468085 0.392819 0.693246 0.00247 0.543242 0.568421 1 
5 0.489362 0.545124 0.701131 0.014788 0.551787 0.728509 1 
5 0.510638 0.356971 0.712288 0.00711 0.562144 0.735088 1 
5 0.531915 0.246217 0.718387 0.006967 0.563956 0.725877 1 
5 0.553191 0.050498 0.7169 0.00286 0.559296 0.632018 0 
5 0.574468 0.042752 0.714073 0.002821 0.55826 0.685965 0 
5 0.595745 0.044584 0.70961 0.002937 0.555412 0.669737 0 
5 0.617021 0.041071 0.700238 0.002707 0.548679 0.674123 0 
5 0.638298 0.041732 0.693692 0.00275 0.548162 0.673246 0 
5 0.659574 0.040801 0.678221 0.00269 0.545831 0.654825 0 
5 0.680851 0.036087 0.65055 0.002381 0.538063 0.666228 0 
5 0.702128 0.034286 0.629872 0.002252 0.517866 0.688596 0 
5 0.723404 0.030263 0.582565 0.001986 0.483946 0.728509 0 
5 0.744681 0.028522 0.548646 0.001859 0.437856 0.802193 0 
5 0.765957 0.028462 0.514579 0.001726 0.39332 0.847368 0 
5 0.787234 0.028191 0.493008 0.00128 0.365873 0.847368 0 
5 0.808511 0.028522 0.493752 0.00085 0.337131 0.803509 0 
5 0.829787 0.028462 0.49033 0.000858 0.345676 0.803509 0 
5 0.851064 0.028402 0.447783 0.000885 0.358364 0.76886 0 
5 0.87234 0.028131 0.412972 0.000858 0.350078 0.76886 0 
5 0.893617 0.029753 0.436626 0.000899 0.319782 0.790789 0 
5 0.914894 0.029903 0.439006 0.000839 0.289487 0.790789 0 
5 0.93617 0.037108 0.452098 0.000839 0.274469 0.790789 0 
5 0.957447 0.037048 0.441982 0.000839 0.274469 0.790789 0 
5 0.978723 0.037198 0.421898 0.001059 0.358105 0.74693 0 
5 1 0.035487 0.388129 0.001105 0.358881 0.733772 0 
