1 0 0.050198 0.286671 0.003467 0.422915 0.414912 0 
1 0.021277 0.050198 0.249479 0.003467 0.422915 0.414912 0 
1 0.042553 0.048337 0.228057 0.003467 0.422915 0.414912 0 
1 0.06383 0.048037 0.19875 0.003467 0.422915 0.414912 0 
1 0.085106 0.045485 0.165129 0.003467 0.422915 0.414912 0 
1 0.106383 0.045485 0.140583 0.003467 0.422915 0.414912 0 
1 0.12766 0.045485 0.126004 0.003467 0.422915 0.414912 0 
1 0.148936 0.045485 0.11321 0.003467 0.422915 0.414912 0 
1 0.170213 0.045485 0.10964 0.003467 0.422915 0.414912 0 
1 0.191489 0.046776 0.125558 0.003467 0.422915 0.414912 0 
1 0.212766 0.048337 0.156501 0.003467 0.422915 0.414912 0 
1 0.234043 0.046776 0.203065 0.003467 0.422915 0.414912 0 
1 0.255319 0.050198 0.29634 0.003467 0.422915 0.414912 0 
1 0.276596 0.051759 0.386343 0.003467 0.422915 0.414912 1 
1 0.297872 0.05305 0.38069 0.003467 0.422915 0.414912 1 
1 0.319149 0.05305 0.435138 0.003467 0.422915 0.414912 1 
1 0.340426 0.053381 0.460131 0.003467 0.422915 0.414912 1 
1 0.361702 0.057884 0.468164 0.003467 0.422915 0.414912 1 
1 0.382979 0.073946 0.513389 0.003467 0.422915 0.414912 1 
1 0.404255 0.09238 0.53377 0.003467 0.422915 0.414912 1 
1 0.425532 0.091209 0.529902 0.003467 0.422915 0.414912 1 
1 0.446809 0.080071 0.522761 0.003467 0.422915 0.414912 1 
1 0.468085 0.064639 0.519191 0.003467 0.422915 0.414912 1 
1 0.489362 0.062387 0.506397 0.003467 0.422915 0.414912 1 
1 0.510638 0.062387 0.512348 0.003467 0.422915 0.414912 1 
1 0.531915 0.057884 0.510414 0.003467 0.422915 0.414912 1 
1 0.553191 0.057974 0.511009 0.003467 0.422915 0.414912 1 
1 0.574468 0.057974 0.506992 0.003467 0.422915 0.414912 1 
1 0.595745 0.057884 0.505058 0.003467 0.422915 0.414912 1 
1 0.617021 0.057884 0.5 0.003467 0.422915 0.414912 1 
1 0.638298 0.053381 0.488545 0.003467 0.422915 0.414912 0 
1 0.659574 0.057974 0.494793 0.003467 0.422915 0.414912 1 
1 0.680851 0.057884 0.495537 0.003467 0.422915 0.414912 1 
1 0.702128 0.053381 0.50119 0.003467 0.422915 0.414912 0 
1 0.723404 0.055632 0.524398 0.003467 0.422915 0.414912 0 
1 0.744681 0.121713 0.580184 0.003467 0.422915 0.414912 1 
1 0.765957 0.119491 0.587028 0.003467 0.422915 0.414912 1 
1 0.787234 0.093071 0.548795 0.003467 0.422915 0.414912 1 
1 0.808511 0.080071 0.500298 0.003467 0.422915 0.414912 1 
1 0.829787 0.060106 0.45909 0.003467 0.422915 0.414912 1 
1 0.851064 0.060106 0.439155 0.003467 0.422915 0.414912 1 
1 0.87234 0.056113 0.416096 0.003467 0.422915 0.414912 0 
1 0.893617 0.053381 0.384856 0.003467 0.422915 0.414912 0 
1 0.914894 0.05266 0.350788 0.003467 0.422915 0.414912 0 
1 0.93617 0.053381 0.405683 0.003467 0.422915 0.414912 0 
1 0.957447 0.050198 0.426361 0.003467 0.422915 0.414912 0 
1 0.978723 0.051099 0.43975 0.003467 0.422915 0.414912 0 
1 1 0.050198 0.435733 0.003467 0.422915 0.414912 0 
