7 0 0.041732 0.421749 0.003467 0.422915 0.414912 0 
7 0.021277 0.041642 0.373698 0.003467 0.422915 0.414912 0 
7 0.042553 0.041642 0.348706 0.003467 0.422915 0.414912 0 
7 0.06383 0.041642 0.29277 0.003467 0.422915 0.414912 0 
7 0.085106 0.041341 0.243826 0.003467 0.422915 0.414912 0 
7 0.106383 0.041642 0.203213 0.003467 0.422915 0.414912 0 
7 0.12766 0.041341 0.178072 0.003467 0.422915 0.414912 0 
7 0.148936 0.041642 0.153079 0.003467 0.422915 0.414912 0 
7 0.170213 0.041281 0.139244 0.003467 0.422915 0.414912 0 
7 0.191489 0.041281 0.130913 0.003467 0.422915 0.414912 0 
7 0.212766 0.041642 0.136418 0.003467 0.422915 0.414912 0 
7 0.234043 0.041642 0.148616 0.003467 0.422915 0.414912 0 
7 0.255319 0.059865 0.17227 0.003467 0.422915 0.414912 1 
7 0.276596 0.041642 0.196519 0.003467 0.422915 0.414912 0 
7 0.297872 0.061367 0.229545 0.003467 0.422915 0.414912 1 
7 0.319149 0.063949 0.309283 0.003467 0.422915 0.414912 1 
7 0.340426 0.063949 0.388129 0.003467 0.422915 0.414912 1 
7 0.361702 0.063949 0.447932 0.003467 0.422915 0.414912 1 
7 0.382979 0.041882 0.506397 0.003467 0.422915 0.414912 0 
7 0.404255 0.042602 0.524844 0.003467 0.422915 0.414912 0 
7 0.425532 0.041732 0.514579 0.003467 0.422915 0.414912 0 
7 0.446809 0.041642 0.499405 0.003467 0.422915 0.414912 0 
7 0.468085 0.041732 0.48795 0.003467 0.422915 0.414912 0 
7 0.489362 0.041732 0.469652 0.003467 0.422915 0.414912 0 
7 0.510638 0.041732 0.448081 0.003467 0.422915 0.414912 0 
7 0.531915 0.041732 0.421154 0.003467 0.422915 0.414912 0 
7 0.553191 0.041642 0.392443 0.003467 0.422915 0.414912 0 
7 0.574468 0.041642 0.368938 0.003467 0.422915 0.414912 0 
7 0.595745 0.041642 0.341267 0.003467 0.422915 0.414912 0 
7 0.617021 0.041732 0.346028 0.003467 0.422915 0.414912 0 
7 0.638298 0.041642 0.348408 0.003467 0.422915 0.414912 0 
7 0.659574 0.041732 0.364921 0.003467 0.422915 0.414912 0 
7 0.680851 0.041732 0.393633 0.003467 0.422915 0.414912 0 
7 0.702128 0.063949 0.459833 0.003467 0.422915 0.414912 1 
7 0.723404 0.063949 0.553109 0.003467 0.422915 0.414912 1 
7 0.744681 0.063949 0.673758 0.003467 0.422915 0.414912 1 
7 0.765957 0.063949 0.711693 0.003467 0.422915 0.414912 1 
7 0.787234 0.042602 0.708271 0.003467 0.422915 0.414912 0 
7 0.808511 0.061126 0.676436 0.003467 0.422915 0.414912 1 
7 0.829787 0.042602 0.652187 0.003467 0.422915 0.414912 0 
7 0.851064 0.063949 0.627641 0.003467 0.422915 0.414912 1 
7 0.87234 0.041762 0.593722 0.003467 0.422915 0.414912 0 
7 0.893617 0.041732 0.547307 0.003467 0.422915 0.414912 0 
7 0.914894 0.041642 0.485123 0.003467 0.422915 0.414912 0 
7 0.93617 0.041732 0.499107 0.003467 0.422915 0.414912 0 
7 0.957447 0.041642 0.472181 0.003467 0.422915 0.414912 0 
7 0.978723 0.041642 0.458346 0.003467 0.422915 0.414912 0 
7 1 0.041642 0.435138 0.003467 0.422915 0.414912 0 
