4 0 0.058394 0.3072 0.003467 0.422915 0.414912 1 
4 0.021277 0.056923 0.237876 0.003467 0.422915 0.414912 0 
4 0.042553 0.056923 0.185064 0.003467 0.422915 0.414912 0 
4 0.06383 0.055242 0.147426 0.003467 0.422915 0.414912 0 
4 0.085106 0.055242 0.120649 0.003467 0.422915 0.414912 0 
4 0.106383 0.055242 0.100119 0.003467 0.422915 0.414912 0 
4 0.12766 0.055242 0.088069 0.003467 0.422915 0.414912 0 
4 0.148936 0.055242 0.087325 0.003467 0.422915 0.414912 0 
4 0.170213 0.055242 0.105177 0.003467 0.422915 0.414912 0 
4 0.191489 0.056923 0.131955 0.003467 0.422915 0.414912 0 
4 0.212766 0.076138 0.184766 0.003467 0.422915 0.414912 1 
4 0.234043 0.058394 0.242636 0.003467 0.422915 0.414912 1 
4 0.255319 0.058394 0.258405 0.003467 0.422915 0.414912 1 
4 0.276596 0.058394 0.3072 0.003467 0.422915 0.414912 1 
4 0.297872 0.057644 0.335466 0.003467 0.422915 0.414912 0 
4 0.319149 0.058394 0.367004 0.003467 0.422915 0.414912 1 
4 0.340426 0.058394 0.421749 0.003467 0.422915 0.414912 1 
4 0.361702 0.060796 0.441833 0.003467 0.422915 0.414912 1 
4 0.382979 0.060796 0.438262 0.003467 0.422915 0.414912 1 
4 0.404255 0.060796 0.417584 0.003467 0.422915 0.414912 1 
4 0.425532 0.058394 0.425915 0.003467 0.422915 0.414912 1 
4 0.446809 0.059896 0.43499 0.003467 0.422915 0.414912 1 
4 0.468085 0.062838 0.429039 0.003467 0.422915 0.414912 1 
4 0.489362 0.060796 0.428741 0.003467 0.422915 0.414912 1 
4 0.510638 0.062838 0.435882 0.003467 0.422915 0.414912 1 
4 0.531915 0.058394 0.430824 0.003467 0.422915 0.414912 1 
4 0.553191 0.060976 0.42651 0.003467 0.422915 0.414912 1 
4 0.574468 0.062447 0.43008 0.003467 0.422915 0.414912 1 
4 0.595745 0.066531 0.437221 0.003467 0.422915 0.414912 1 
4 0.617021 0.066531 0.441684 0.003467 0.422915 0.414912 1 
4 0.638298 0.066531 0.437072 0.003467 0.422915 0.414912 1 
4 0.659574 0.060796 0.430378 0.003467 0.422915 0.414912 1 
4 0.680851 0.066531 0.425617 0.003467 0.422915 0.414912 1 
4 0.702128 0.066531 0.418477 0.003467 0.422915 0.414912 1 
4 0.723404 0.062838 0.389319 0.003467 0.422915 0.414912 1 
4 0.744681 0.058394 0.368492 0.003467 0.422915 0.414912 0 
4 0.765957 0.058394 0.344243 0.003467 0.422915 0.414912 0 
4 0.787234 0.058394 0.331895 0.003467 0.422915 0.414912 0 
4 0.808511 0.058394 0.33859 0.003467 0.422915 0.414912 0 
4 0.829787 0.058394 0.352276 0.003467 0.422915 0.414912 0 
4 0.851064 0.058394 0.333383 0.003467 0.422915 0.414912 0 
4 0.87234 0.058394 0.308242 0.003467 0.422915 0.414912 0 
4 0.893617 0.066531 0.341119 0.003467 0.422915 0.414912 1 
4 0.914894 0.060796 0.362838 0.003467 0.422915 0.414912 1 
4 0.93617 0.076138 0.386492 0.003467 0.422915 0.414912 1 
4 0.957447 0.062838 0.380839 0.003467 0.422915 0.414912 1 
4 0.978723 0.076138 0.372211 0.003467 0.422915 0.414912 1 
4 1 0.078029 0.343945 0.003467 0.422915 0.414912 1 
