4 0 0.054642 0.44823 0.003467 0.422915 0.414912 1 
4 0.021277 0.054642 0.429485 0.003467 0.422915 0.414912 1 
4 0.042553 0.051489 0.399286 0.003467 0.422915 0.414912 1 
4 0.06383 0.041041 0.331449 0.003467 0.422915 0.414912 0 
4 0.085106 0.041041 0.271794 0.003467 0.422915 0.414912 0 
4 0.106383 0.041041 0.228206 0.003467 0.422915 0.414912 0 
4 0.12766 0.041041 0.183576 0.003467 0.422915 0.414912 0 
4 0.148936 0.041041 0.162452 0.003467 0.422915 0.414912 0 
4 0.170213 0.046956 0.151592 0.003467 0.422915 0.414912 1 
4 0.191489 0.046956 0.147724 0.003467 0.422915 0.414912 1 
4 0.212766 0.046956 0.174353 0.003467 0.422915 0.414912 1 
4 0.234043 0.047106 0.2169 0.003467 0.422915 0.414912 1 
4 0.255319 0.049868 0.307349 0.003467 0.422915 0.414912 1 
4 0.276596 0.047106 0.403451 0.003467 0.422915 0.414912 1 
4 0.297872 0.046956 0.407766 0.003467 0.422915 0.414912 1 
4 0.319149 0.041161 0.465486 0.003467 0.422915 0.414912 0 
4 0.340426 0.040711 0.490777 0.003467 0.422915 0.414912 0 
4 0.361702 0.041161 0.493603 0.003467 0.422915 0.414912 0 
4 0.382979 0.045515 0.519786 0.003467 0.422915 0.414912 1 
4 0.404255 0.046956 0.531836 0.003467 0.422915 0.414912 1 
4 0.425532 0.046956 0.520976 0.003467 0.422915 0.414912 1 
4 0.446809 0.047106 0.490925 0.003467 0.422915 0.414912 1 
4 0.468085 0.047106 0.49762 0.003467 0.422915 0.414912 1 
4 0.489362 0.047106 0.490479 0.003467 0.422915 0.414912 1 
4 0.510638 0.047106 0.482892 0.003467 0.422915 0.414912 1 
4 0.531915 0.047436 0.475751 0.003467 0.422915 0.414912 1 
4 0.553191 0.047436 0.474412 0.003467 0.422915 0.414912 1 
4 0.574468 0.047106 0.466825 0.003467 0.422915 0.414912 1 
4 0.595745 0.047106 0.458792 0.003467 0.422915 0.414912 1 
4 0.617021 0.047106 0.446742 0.003467 0.422915 0.414912 1 
4 0.638298 0.046956 0.439601 0.003467 0.422915 0.414912 1 
4 0.659574 0.046956 0.442428 0.003467 0.422915 0.414912 1 
4 0.680851 0.042482 0.450461 0.003467 0.422915 0.414912 0 
4 0.702128 0.042482 0.468015 0.003467 0.422915 0.414912 0 
4 0.723404 0.046956 0.510562 0.003467 0.422915 0.414912 1 
4 0.744681 0.046956 0.592086 0.003467 0.422915 0.414912 1 
4 0.765957 0.046956 0.584796 0.003467 0.422915 0.414912 1 
4 0.787234 0.042482 0.558018 0.003467 0.422915 0.414912 0 
4 0.808511 0.040711 0.52053 0.003467 0.422915 0.414912 0 
4 0.829787 0.040711 0.493454 0.003467 0.422915 0.414912 0 
4 0.851064 0.042482 0.473817 0.003467 0.422915 0.414912 0 
4 0.87234 0.041882 0.453585 0.003467 0.422915 0.414912 0 
4 0.893617 0.046956 0.407468 0.003467 0.422915 0.414912 1 
4 0.914894 0.046956 0.371169 0.003467 0.422915 0.414912 1 
4 0.93617 0.056443 0.422345 0.003467 0.422915 0.414912 1 
4 0.957447 0.051699 0.442577 0.003467 0.422915 0.414912 1 
4 0.978723 0.075868 0.46385 0.003467 0.422915 0.414912 1 
4 1 0.075267 0.462065 0.003467 0.422915 0.414912 1 
