1 0 0.030083 0.314639 0.002065 0.306318 0.387719 1 
1 0.021277 0.029783 0.27105 0.002036 0.282755 0.408333 1 
1 0.042553 0.030083 0.243529 0.002059 0.323666 0.347368 1 
1 0.06383 0.030173 0.202916 0.002059 0.301916 0.421053 1 
1 0.085106 0.030113 0.162452 0.002248 0.250647 0.382456 1 
1 0.106383 0.028372 0.132847 0.001921 0.213102 0.462719 0 
1 0.12766 0.027021 0.101755 0.001822 0.183325 0.501754 0 
1 0.148936 0.02594 0.084945 0.001745 0.147592 0.546053 0 
1 0.170213 0.024108 0.074085 0.001622 0.121699 0.583772 0 
1 0.191489 0.022817 0.067986 0.001533 0.100725 0.616667 0 
1 0.212766 0.021346 0.074829 0.001435 0.091144 0.615789 0 
1 0.234043 0.021917 0.078102 0.001475 0.084412 0.637719 0 
1 0.255319 0.024739 0.096995 0.001662 0.086225 0.633333 0 
1 0.276596 0.02591 0.125558 0.001739 0.085966 0.659211 0 
1 0.297872 0.024799 0.153823 0.001664 0.081046 0.671053 0 
1 0.319149 0.027021 0.206635 0.001809 0.101502 0.64693 0 
1 0.340426 0.028882 0.263761 0.001944 0.129208 0.587719 1 
1 0.361702 0.030023 0.308242 0.002034 0.155619 0.524561 1 
1 0.382979 0.030083 0.344243 0.002048 0.17711 0.521491 1 
1 0.404255 0.030023 0.353169 0.002048 0.187209 0.514912 1 
1 0.425532 0.030113 0.350788 0.002054 0.197566 0.498684 1 
1 0.446809 0.030023 0.341565 0.002046 0.191352 0.51886 1 
1 0.468085 0.030023 0.336507 0.002046 0.190834 0.515789 1 
1 0.489362 0.030023 0.323713 0.002048 0.192646 0.494737 1 
1 0.510638 0.030023 0.318358 0.002048 0.190834 0.494737 1 
1 0.531915 0.030023 0.303481 0.002044 0.18203 0.499561 1 
1 0.553191 0.028702 0.284737 0.001953 0.176592 0.517105 1 
1 0.574468 0.027891 0.267777 0.001892 0.168824 0.510088 0 
1 0.595745 0.028071 0.258108 0.001903 0.170119 0.516667 0 
1 0.617021 0.027711 0.250372 0.001876 0.160539 0.521491 0 
1 0.638298 0.027111 0.241744 0.001834 0.154065 0.533772 0 
1 0.659574 0.027501 0.23981 0.001859 0.156655 0.548246 0 
1 0.680851 0.027531 0.244421 0.001859 0.160021 0.545175 0 
1 0.702128 0.028191 0.252306 0.001909 0.176851 0.52807 0 
1 0.723404 0.028762 0.290539 0.001948 0.206888 0.497807 1 
1 0.744681 0.031584 0.384112 0.00216 0.242103 0.454825 1 
1 0.765957 0.038669 0.457899 0.00268 0.293112 0.364912 1 
1 0.787234 0.050498 0.485719 0.003496 0.367685 0.279825 1 
1 0.808511 0.049658 0.465189 0.003434 0.384257 0.260965 1 
1 0.829787 0.043773 0.449717 0.003039 0.361212 0.280702 1 
1 0.851064 0.038309 0.426659 0.002671 0.350854 0.29693 1 
1 0.87234 0.033836 0.402559 0.002358 0.337131 0.313596 1 
1 0.893617 0.033025 0.368789 0.002293 0.305023 0.317105 1 
1 0.914894 0.032124 0.338441 0.002219 0.280166 0.350439 1 
1 0.93617 0.03918 0.359863 0.002682 0.27188 0.353947 1 
1 0.957447 0.03966 0.35778 0.002732 0.266183 0.342982 1 
1 0.978723 0.040441 0.352871 0.002792 0.335836 0.277632 1 
1 1 0.038219 0.332788 0.002636 0.334542 0.314474 1 
