2 0 0.028852 0.347962 0.001809 0.342569 0.72193 0 
2 0.021277 0.027861 0.313448 0.001772 0.312791 0.711404 0 
2 0.042553 0.028492 0.290241 0.001867 0.372605 0.675 0 
2 0.06383 0.027771 0.256471 0.001818 0.357328 0.690351 0 
2 0.085106 0.028372 0.224784 0.001851 0.331693 0.706579 0 
2 0.106383 0.027831 0.19637 0.001811 0.311497 0.729825 0 
2 0.12766 0.027171 0.167658 0.001768 0.281201 0.729386 0 
2 0.148936 0.027171 0.154865 0.001766 0.263853 0.718421 0 
2 0.170213 0.027621 0.15055 0.001791 0.260228 0.775877 0 
2 0.191489 0.028221 0.158584 0.001822 0.250129 0.788158 0 
2 0.212766 0.028312 0.197263 0.001828 0.257121 0.80307 0 
2 0.234043 0.027621 0.245611 0.001791 0.277059 0.764912 0 
2 0.255319 0.028101 0.346921 0.001853 0.348006 0.683772 0 
2 0.276596 0.028972 0.454924 0.00193 0.426463 0.557895 0 
2 0.297872 0.028432 0.500298 0.001928 0.487053 0.494737 0 
2 0.319149 0.029242 0.573788 0.001992 0.558001 0.414474 0 
2 0.340426 0.029212 0.590449 0.001978 0.587002 0.358333 0 
2 0.361702 0.029302 0.582862 0.001984 0.596841 0.34386 0 
2 0.382979 0.029242 0.593722 0.001973 0.600207 0.339474 0 
2 0.404255 0.029092 0.584796 0.001953 0.585189 0.357018 0 
2 0.425532 0.028942 0.575424 0.001951 0.569394 0.39693 0 
2 0.446809 0.028942 0.560101 0.001961 0.564992 0.39693 0 
2 0.468085 0.028942 0.54582 0.00198 0.561108 0.459649 0 
2 0.489362 0.027591 0.538679 0.001903 0.553599 0.456579 0 
2 0.510638 0.027201 0.530646 0.001876 0.529518 0.474123 0 
2 0.531915 0.027261 0.522017 0.001874 0.535215 0.504386 0 
2 0.553191 0.027321 0.516662 0.001876 0.552046 0.469737 0 
2 0.574468 0.027171 0.508777 0.001863 0.545054 0.525 0 
2 0.595745 0.027561 0.504463 0.001888 0.537027 0.475877 0 
2 0.617021 0.027561 0.49152 0.001899 0.534697 0.446053 0 
2 0.638298 0.028342 0.484231 0.001965 0.524081 0.406579 0 
2 0.659574 0.028612 0.494198 0.00199 0.526152 0.41886 0 
2 0.680851 0.028972 0.521868 0.002019 0.543242 0.394737 0 
2 0.702128 0.033806 0.572746 0.002364 0.581564 0.360965 1 
2 0.723404 0.034646 0.649509 0.002401 0.675557 0.284211 1 
2 0.744681 0.034106 0.697114 0.002356 0.729674 0.284211 1 
2 0.765957 0.029663 0.67227 0.002011 0.706888 0.207456 0 
2 0.787234 0.029542 0.637905 0.001988 0.652253 0.237281 0 
2 0.808511 0.029182 0.597739 0.001975 0.606422 0.305702 0 
2 0.829787 0.028942 0.559952 0.001992 0.573796 0.339035 0 
2 0.851064 0.028942 0.539125 0.002007 0.54376 0.313596 0 
2 0.87234 0.028522 0.515025 0.001994 0.513465 0.390351 0 
2 0.893617 0.027921 0.482297 0.001957 0.480321 0.337719 0 
2 0.914894 0.027141 0.435287 0.00189 0.445106 0.399123 0 
2 0.93617 0.028041 0.466379 0.001755 0.404454 0.568421 0 
2 0.957447 0.027231 0.473669 0.00182 0.394873 0.581579 0 
2 0.978723 0.029092 0.480363 0.001967 0.45391 0.502193 1 
2 1 0.029843 0.481256 0.001992 0.441222 0.542982 1 
