2 0 0.05281 0.43856 0.003378 0.423356 0.727193 0 
2 0.021277 0.056413 0.40717 0.003612 0.41274 0.772807 1 
2 0.042553 0.058514 0.38188 0.003795 0.473848 0.687719 1 
2 0.06383 0.059385 0.343648 0.003872 0.467633 0.66886 1 
2 0.085106 0.056953 0.310622 0.003702 0.441481 0.717544 1 
2 0.106383 0.051789 0.276555 0.003319 0.412222 0.775439 0 
2 0.12766 0.049958 0.249926 0.00241 0.386587 0.772368 0 
2 0.148936 0.05239 0.240107 0.002229 0.374676 0.772368 0 
2 0.170213 0.037378 0.229991 0.002381 0.354221 0.786842 0 
2 0.191489 0.040351 0.249479 0.002304 0.358105 0.794298 0 
2 0.212766 0.046535 0.299464 0.002742 0.355515 0.805702 0 
2 0.234043 0.046866 0.351384 0.002991 0.392025 0.742544 0 
2 0.255319 0.06635 0.458048 0.004277 0.454169 0.646053 1 
2 0.276596 0.064039 0.548497 0.004348 0.525893 0.644737 1 
2 0.297872 0.048907 0.584201 0.003238 0.576385 0.577632 0 
2 0.319149 0.070043 0.664386 0.004815 0.668307 0.478947 1 
2 0.340426 0.086586 0.712734 0.005781 0.721129 0.450877 1 
2 0.361702 0.110034 0.745314 0.007364 0.737701 0.467544 1 
2 0.382979 0.137474 0.774472 0.009958 0.753237 0.473684 1 
2 0.404255 0.115948 0.760042 0.007756 0.74521 0.510965 1 
2 0.425532 0.07935 0.739512 0.005415 0.732004 0.483772 1 
2 0.446809 0.081182 0.70961 0.005368 0.728379 0.499123 1 
2 0.468085 0.076918 0.687891 0.005087 0.722424 0.491228 1 
2 0.489362 0.076108 0.683428 0.005035 0.707405 0.534649 1 
2 0.510638 0.077009 0.670187 0.005073 0.698343 0.560526 1 
2 0.531915 0.074967 0.651592 0.004913 0.688503 0.541667 1 
2 0.553191 0.075898 0.641625 0.005012 0.711807 0.475439 1 
2 0.574468 0.075207 0.625409 0.004996 0.714915 0.501316 1 
2 0.595745 0.075688 0.62169 0.005029 0.709995 0.497368 1 
2 0.617021 0.076558 0.623029 0.005091 0.710513 0.473246 1 
2 0.638298 0.077279 0.638054 0.005133 0.702486 0.499123 1 
2 0.659574 0.088237 0.665873 0.005845 0.710772 0.557456 1 
2 0.680851 0.084244 0.691758 0.005561 0.7087 0.560088 1 
2 0.702128 0.09226 0.747397 0.00612 0.736147 0.523246 1 
2 0.723404 0.115438 0.827432 0.007661 0.784827 0.516667 1 
2 0.744681 0.147262 0.904641 0.009782 0.838944 0.462719 1 
2 0.765957 0.145851 0.904641 0.009751 0.8203 0.428947 1 
2 0.787234 0.119281 0.8795 0.007931 0.772139 0.526754 1 
2 0.808511 0.088627 0.831747 0.005947 0.714397 0.504825 1 
2 0.829787 0.084514 0.792919 0.005544 0.676075 0.502632 1 
2 0.851064 0.07878 0.774323 0.005243 0.637494 0.516667 1 
2 0.87234 0.074847 0.747099 0.004981 0.613672 0.55 0 
2 0.893617 0.072355 0.692502 0.004805 0.574573 0.535965 0 
2 0.914894 0.0526 0.63017 0.003542 0.539099 0.532456 0 
2 0.93617 0.06581 0.636566 0.004437 0.495598 0.607456 0 
2 0.957447 0.059265 0.628236 0.003999 0.460642 0.598246 0 
2 0.978723 0.090789 0.626153 0.006157 0.534179 0.564474 1 
2 1 0.09214 0.605475 0.006172 0.511911 0.588158 1 
