1 0 0.059265 0.215412 0.003467 0.422915 0.414912 0 
1 0.021277 0.059265 0.179411 0.003467 0.422915 0.414912 0 
1 0.042553 0.059265 0.149658 0.003467 0.422915 0.414912 0 
1 0.06383 0.050829 0.121392 0.003467 0.422915 0.414912 0 
1 0.085106 0.050829 0.103541 0.003467 0.422915 0.414912 0 
1 0.106383 0.050829 0.096251 0.003467 0.422915 0.414912 0 
1 0.12766 0.050829 0.092681 0.003467 0.422915 0.414912 0 
1 0.148936 0.050829 0.101012 0.003467 0.422915 0.414912 0 
1 0.170213 0.050859 0.131508 0.003467 0.422915 0.414912 0 
1 0.191489 0.059956 0.168551 0.003467 0.422915 0.414912 0 
1 0.212766 0.088807 0.253198 0.003467 0.422915 0.414912 1 
1 0.234043 0.095473 0.345582 0.003467 0.422915 0.414912 1 
1 0.255319 0.098475 0.378161 0.003467 0.422915 0.414912 1 
1 0.276596 0.111625 0.447188 0.003467 0.422915 0.414912 1 
1 0.297872 0.059956 0.477388 0.003467 0.422915 0.414912 0 
1 0.319149 0.088807 0.501339 0.003467 0.422915 0.414912 1 
1 0.340426 0.088807 0.556531 0.003467 0.422915 0.414912 1 
1 0.361702 0.088807 0.583904 0.003467 0.422915 0.414912 1 
1 0.382979 0.111625 0.574531 0.003467 0.422915 0.414912 1 
1 0.404255 0.088807 0.580631 0.003467 0.422915 0.414912 1 
1 0.425532 0.111625 0.597441 0.003467 0.422915 0.414912 1 
1 0.446809 0.119491 0.615144 0.003467 0.422915 0.414912 1 
1 0.468085 0.11862 0.610681 0.003467 0.422915 0.414912 1 
1 0.489362 0.119491 0.608747 0.003467 0.422915 0.414912 1 
1 0.510638 0.11862 0.603689 0.003467 0.422915 0.414912 1 
1 0.531915 0.11862 0.59521 0.003467 0.422915 0.414912 1 
1 0.553191 0.111865 0.587325 0.003467 0.422915 0.414912 1 
1 0.574468 0.111865 0.581077 0.003467 0.422915 0.414912 1 
1 0.595745 0.11862 0.580184 0.003467 0.422915 0.414912 1 
1 0.617021 0.119491 0.588069 0.003467 0.422915 0.414912 1 
1 0.638298 0.11862 0.589408 0.003467 0.422915 0.414912 1 
1 0.659574 0.11862 0.592383 0.003467 0.422915 0.414912 1 
1 0.680851 0.11862 0.577804 0.003467 0.422915 0.414912 1 
1 0.702128 0.111865 0.557423 0.003467 0.422915 0.414912 1 
1 0.723404 0.098475 0.519339 0.003467 0.422915 0.414912 1 
1 0.744681 0.095473 0.491669 0.003467 0.422915 0.414912 1 
1 0.765957 0.095473 0.465635 0.003467 0.422915 0.414912 1 
1 0.787234 0.088807 0.451056 0.003467 0.422915 0.414912 1 
1 0.808511 0.095473 0.46623 0.003467 0.422915 0.414912 1 
1 0.829787 0.088807 0.464445 0.003467 0.422915 0.414912 1 
1 0.851064 0.095473 0.434246 0.003467 0.422915 0.414912 1 
1 0.87234 0.074817 0.383814 0.003467 0.422915 0.414912 0 
1 0.893617 0.098475 0.402261 0.003467 0.422915 0.414912 1 
1 0.914894 0.059956 0.407468 0.003467 0.422915 0.414912 0 
1 0.93617 0.088807 0.423683 0.003467 0.422915 0.414912 1 
1 0.957447 0.076888 0.422493 0.003467 0.422915 0.414912 0 
1 0.978723 0.076888 0.410295 0.003467 0.422915 0.414912 0 
1 1 0.095473 0.389021 0.003467 0.422915 0.414912 1 
