7 0 0.054401 0.384707 0.003737 0.385034 0.42193 0 
7 0.021277 0.047166 0.322969 0.003224 0.343863 0.435965 0 
7 0.042553 0.053531 0.262719 0.00366 0.401605 0.401754 0 
7 0.06383 0.060616 0.222702 0.003988 0.372346 0.395175 0 
7 0.085106 0.042813 0.179857 0.002898 0.314345 0.459211 0 
7 0.106383 0.041341 0.152931 0.002777 0.259192 0.550439 0 
7 0.12766 0.040981 0.138352 0.002725 0.21595 0.579386 0 
7 0.148936 0.035607 0.130616 0.002364 0.20145 0.594737 0 
7 0.170213 0.030653 0.138054 0.002021 0.193164 0.687719 0 
7 0.191489 0.03993 0.151145 0.002611 0.204039 0.69386 0 
7 0.212766 0.037709 0.181791 0.002466 0.217245 0.688596 0 
7 0.234043 0.03912 0.217495 0.002551 0.245728 0.659649 0 
7 0.255319 0.043473 0.261827 0.00285 0.301916 0.65 0 
7 0.276596 0.044554 0.323416 0.002943 0.353444 0.645175 0 
7 0.297872 0.044013 0.378459 0.002921 0.343345 0.632456 0 
7 0.319149 0.050769 0.411782 0.003369 0.356551 0.623246 0 
7 0.340426 0.060376 0.455668 0.004015 0.383221 0.635965 1 
7 0.361702 0.051309 0.465635 0.003295 0.383739 0.635088 0 
7 0.382979 0.053831 0.453288 0.003583 0.390471 0.593421 0 
7 0.404255 0.051849 0.44094 0.003454 0.388141 0.603509 0 
7 0.425532 0.053291 0.427403 0.003542 0.387882 0.61886 0 
7 0.446809 0.045575 0.41208 0.003016 0.36406 0.619737 0 
7 0.468085 0.045695 0.399286 0.003103 0.37131 0.602193 0 
7 0.489362 0.044494 0.385153 0.002946 0.359917 0.645175 0 
7 0.510638 0.045575 0.371021 0.003012 0.34697 0.64693 0 
7 0.531915 0.044434 0.353317 0.002925 0.33739 0.621491 0 
7 0.553191 0.044404 0.342755 0.002931 0.336095 0.632456 0 
7 0.574468 0.044254 0.331003 0.002916 0.314863 0.619737 0 
7 0.595745 0.044374 0.323564 0.002931 0.311497 0.613596 0 
7 0.617021 0.044194 0.321333 0.002919 0.305023 0.617105 0 
7 0.638298 0.043893 0.315977 0.00291 0.304764 0.610088 0 
7 0.659574 0.044164 0.321035 0.002925 0.317193 0.602193 0 
7 0.680851 0.043353 0.306159 0.002883 0.317452 0.574123 0 
7 0.702128 0.043863 0.318804 0.002921 0.328068 0.575 0 
7 0.723404 0.043923 0.324457 0.002919 0.331693 0.593421 0 
7 0.744681 0.043923 0.32535 0.00291 0.318488 0.587719 0 
7 0.765957 0.043173 0.315829 0.002871 0.306059 0.585088 0 
7 0.787234 0.043653 0.32535 0.0029 0.290264 0.625877 0 
7 0.808511 0.044224 0.348259 0.002923 0.301916 0.655702 0 
7 0.829787 0.044554 0.353317 0.002946 0.334283 0.601754 0 
7 0.851064 0.044254 0.323862 0.002937 0.341792 0.566228 0 
7 0.87234 0.043893 0.307051 0.002914 0.315381 0.600877 0 
7 0.893617 0.044194 0.329664 0.002916 0.29855 0.659211 0 
7 0.914894 0.043803 0.32773 0.002877 0.277576 0.669298 0 
7 0.93617 0.045785 0.346325 0.002991 0.277317 0.707018 0 
7 0.957447 0.044404 0.329069 0.002906 0.274469 0.625439 0 
7 0.978723 0.044524 0.317019 0.002954 0.368721 0.563158 0 
7 1 0.043983 0.282803 0.002939 0.376748 0.521053 0 
