1 0 0.090068 0.420708 0.005802 0.439927 0.587281 1 
1 0.021277 0.088687 0.376079 0.005748 0.414552 0.590351 1 
1 0.042553 0.089288 0.336209 0.00585 0.469705 0.557456 1 
1 0.06383 0.081992 0.298274 0.005345 0.44899 0.576754 1 
1 0.085106 0.070223 0.254984 0.004555 0.410668 0.638596 0 
1 0.106383 0.044674 0.214371 0.00291 0.371828 0.626754 0 
1 0.12766 0.044314 0.184618 0.002904 0.333506 0.59693 0 
1 0.148936 0.036478 0.161113 0.002397 0.294666 0.621491 0 
1 0.170213 0.024168 0.140583 0.001581 0.268255 0.642544 0 
1 0.191489 0.024108 0.139244 0.001583 0.237183 0.652193 0 
1 0.212766 0.023718 0.14222 0.001556 0.218281 0.673246 0 
1 0.234043 0.024949 0.151592 0.001624 0.207147 0.730263 0 
1 0.255319 0.02582 0.177923 0.001672 0.211548 0.780263 0 
1 0.276596 0.02627 0.2108 0.001689 0.218022 0.768421 0 
1 0.297872 0.030323 0.240702 0.001708 0.181512 0.838158 0 
1 0.319149 0.05311 0.309432 0.002248 0.208959 0.838158 0 
1 0.340426 0.073256 0.381137 0.003525 0.251942 0.863596 0 
1 0.361702 0.081632 0.455222 0.004533 0.279907 0.869298 1 
1 0.382979 0.089258 0.529307 0.004132 0.304505 0.876316 1 
1 0.404255 0.090068 0.565903 0.005345 0.309166 0.777632 1 
1 0.425532 0.090459 0.579441 0.005571 0.304505 0.810526 1 
1 0.446809 0.090789 0.576614 0.005575 0.296996 0.804386 1 
1 0.468085 0.091209 0.574829 0.005577 0.291559 0.812281 1 
1 0.489362 0.090068 0.570217 0.005503 0.290523 0.825439 1 
1 0.510638 0.093191 0.567986 0.005685 0.291818 0.832018 1 
1 0.531915 0.09265 0.554448 0.00564 0.28638 0.84386 1 
1 0.553191 0.09253 0.534365 0.005636 0.288452 0.838596 1 
1 0.574468 0.090459 0.512943 0.005521 0.281978 0.860088 1 
1 0.595745 0.090068 0.505653 0.005245 0.277059 0.865351 1 
1 0.617021 0.090068 0.501934 0.004855 0.267996 0.865351 1 
1 0.638298 0.090068 0.50357 0.005087 0.269549 0.846053 1 
1 0.659574 0.090068 0.508033 0.004921 0.26463 0.861404 1 
1 0.680851 0.090999 0.526927 0.005083 0.27188 0.842105 1 
1 0.702128 0.093521 0.572002 0.005544 0.29622 0.775 1 
1 0.723404 0.097394 0.610235 0.005945 0.35189 0.782456 1 
1 0.744681 0.119941 0.692056 0.007447 0.422838 0.685965 1 
1 0.765957 0.130689 0.732966 0.008369 0.506732 0.496491 1 
1 0.787234 0.120992 0.723297 0.007877 0.513465 0.527193 1 
1 0.808511 0.102288 0.689527 0.006618 0.486018 0.475439 1 
1 0.829787 0.096223 0.662898 0.00618 0.468669 0.491228 1 
1 0.851064 0.096403 0.638203 0.006186 0.455981 0.482456 1 
1 0.87234 0.096463 0.613062 0.006151 0.445365 0.493421 1 
1 0.893617 0.094122 0.562184 0.005972 0.407302 0.504386 1 
1 0.914894 0.097244 0.513538 0.006194 0.378301 0.548246 1 
1 0.93617 0.099766 0.52291 0.006342 0.356551 0.643421 1 
1 0.957447 0.095052 0.494496 0.005989 0.348006 0.564912 1 
1 0.978723 0.099045 0.475156 0.006369 0.426463 0.44386 1 
1 1 0.094452 0.437965 0.006086 0.421284 0.489035 1 
