5 0 0.074817 0.375483 0.003467 0.422915 0.414912 1 
5 0.021277 0.05215 0.312705 0.003467 0.422915 0.414912 0 
5 0.042553 0.051219 0.259 0.003467 0.422915 0.414912 0 
5 0.06383 0.051219 0.212437 0.003467 0.422915 0.414912 0 
5 0.085106 0.051219 0.17465 0.003467 0.422915 0.414912 0 
5 0.106383 0.049688 0.152782 0.003467 0.422915 0.414912 0 
5 0.12766 0.051219 0.14222 0.003467 0.422915 0.414912 0 
5 0.148936 0.049688 0.140137 0.003467 0.422915 0.414912 0 
5 0.170213 0.074517 0.167212 0.003467 0.422915 0.414912 1 
5 0.191489 0.074817 0.201577 0.003467 0.422915 0.414912 1 
5 0.212766 0.093371 0.283398 0.003467 0.422915 0.414912 1 
5 0.234043 0.093371 0.381285 0.003467 0.422915 0.414912 1 
5 0.255319 0.106131 0.398393 0.003467 0.422915 0.414912 1 
5 0.276596 0.106131 0.465933 0.003467 0.422915 0.414912 1 
5 0.297872 0.080491 0.487057 0.003467 0.422915 0.414912 1 
5 0.319149 0.080491 0.489586 0.003467 0.422915 0.414912 1 
5 0.340426 0.080491 0.541208 0.003467 0.422915 0.414912 1 
5 0.361702 0.093371 0.557423 0.003467 0.422915 0.414912 1 
5 0.382979 0.108442 0.537191 0.003467 0.422915 0.414912 1 
5 0.404255 0.093371 0.533323 0.003467 0.422915 0.414912 1 
5 0.425532 0.098445 0.527819 0.003467 0.422915 0.414912 1 
5 0.446809 0.093371 0.527373 0.003467 0.422915 0.414912 1 
5 0.468085 0.093371 0.524398 0.003467 0.422915 0.414912 1 
5 0.489362 0.098445 0.51324 0.003467 0.422915 0.414912 1 
5 0.510638 0.098445 0.514728 0.003467 0.422915 0.414912 1 
5 0.531915 0.098445 0.497769 0.003467 0.422915 0.414912 1 
5 0.553191 0.080491 0.48557 0.003467 0.422915 0.414912 1 
5 0.574468 0.093371 0.477388 0.003467 0.422915 0.414912 1 
5 0.595745 0.080491 0.464891 0.003467 0.422915 0.414912 1 
5 0.617021 0.080491 0.477834 0.003467 0.422915 0.414912 1 
5 0.638298 0.080491 0.486611 0.003467 0.422915 0.414912 1 
5 0.659574 0.093371 0.501488 0.003467 0.422915 0.414912 1 
5 0.680851 0.106131 0.508777 0.003467 0.422915 0.414912 1 
5 0.702128 0.106131 0.526183 0.003467 0.422915 0.414912 1 
5 0.723404 0.098445 0.506099 0.003467 0.422915 0.414912 1 
5 0.744681 0.093371 0.502231 0.003467 0.422915 0.414912 1 
5 0.765957 0.106131 0.489438 0.003467 0.422915 0.414912 1 
5 0.787234 0.106131 0.488248 0.003467 0.422915 0.414912 1 
5 0.808511 0.098445 0.485867 0.003467 0.422915 0.414912 1 
5 0.829787 0.086796 0.471735 0.003467 0.422915 0.414912 1 
5 0.851064 0.106131 0.435585 0.003467 0.422915 0.414912 1 
5 0.87234 0.086796 0.397352 0.003467 0.422915 0.414912 1 
5 0.893617 0.106341 0.419964 0.003467 0.422915 0.414912 1 
5 0.914894 0.093371 0.424427 0.003467 0.422915 0.414912 1 
5 0.93617 0.093371 0.445849 0.003467 0.422915 0.414912 1 
5 0.957447 0.080491 0.450164 0.003467 0.422915 0.414912 0 
5 0.978723 0.080491 0.448974 0.003467 0.422915 0.414912 0 
5 1 0.098445 0.42889 0.003467 0.422915 0.414912 1 
