1 0 0.034346 0.467718 0.00232 0.411963 0.517105 0 
1 0.021277 0.036057 0.425469 0.002443 0.389177 0.528509 0 
1 0.042553 0.056593 0.383666 0.003847 0.432677 0.45 1 
1 0.06383 0.040981 0.342904 0.002798 0.410409 0.489035 0 
1 0.085106 0.03969 0.298869 0.00269 0.364578 0.562719 0 
1 0.106383 0.033626 0.258256 0.002262 0.322631 0.628509 0 
1 0.12766 0.033445 0.219726 0.002239 0.289487 0.689912 0 
1 0.148936 0.032695 0.195031 0.002183 0.255567 0.750439 0 
1 0.170213 0.031764 0.176584 0.002119 0.226049 0.783772 0 
1 0.191489 0.030623 0.170931 0.001693 0.200155 0.809649 0 
1 0.212766 0.030113 0.174204 0.001805 0.187985 0.831579 0 
1 0.234043 0.033175 0.187593 0.000976 0.170378 0.809649 0 
1 0.255319 0.032665 0.216453 0.001824 0.172967 0.831579 0 
1 0.276596 0.031644 0.241148 0.001853 0.170119 0.848684 0 
1 0.297872 0.032965 0.281018 0.001147 0.13594 0.853509 0 
1 0.319149 0.033626 0.369979 0.001689 0.149922 0.853509 0 
1 0.340426 0.033475 0.456263 0.002179 0.198343 0.832018 0 
1 0.361702 0.034436 0.525736 0.002237 0.231745 0.801754 0 
1 0.382979 0.037168 0.579292 0.002405 0.269291 0.765789 0 
1 0.404255 0.033626 0.597292 0.002169 0.282496 0.775439 0 
1 0.425532 0.033626 0.583904 0.002173 0.294925 0.763596 0 
1 0.446809 0.033626 0.547307 0.002179 0.293112 0.762719 0 
1 0.468085 0.033626 0.509075 0.002173 0.290005 0.764474 0 
1 0.489362 0.033656 0.478132 0.002177 0.287675 0.75 0 
1 0.510638 0.033626 0.449717 0.002187 0.284568 0.752193 0 
1 0.531915 0.033626 0.417882 0.002185 0.276282 0.74693 0 
1 0.553191 0.033626 0.385897 0.0022 0.292853 0.724123 0 
1 0.574468 0.033626 0.362838 0.002194 0.283014 0.707895 0 
1 0.595745 0.033626 0.347962 0.002194 0.276023 0.726316 0 
1 0.617021 0.033626 0.337697 0.001381 0.264112 0.726316 0 
1 0.638298 0.033626 0.337251 0.001577 0.259969 0.739035 0 
1 0.659574 0.033475 0.358375 0.001575 0.254531 0.751754 0 
1 0.680851 0.032905 0.391253 0.002131 0.261264 0.764474 0 
1 0.702128 0.034466 0.462511 0.002225 0.292595 0.718421 0 
1 0.723404 0.045094 0.575275 0.002896 0.363283 0.678947 0 
1 0.744681 0.054431 0.710652 0.003494 0.454687 0.596491 1 
1 0.765957 0.046295 0.759298 0.003014 0.485759 0.59693 0 
1 0.787234 0.116489 0.754537 0.007626 0.468669 0.561842 1 
1 0.808511 0.179717 0.73014 0.012 0.447954 0.653509 1 
1 0.829787 0.147652 0.709908 0.0099 0.432677 0.676754 1 
1 0.851064 0.129939 0.692651 0.008735 0.412222 0.680702 1 
1 0.87234 0.123364 0.676584 0.008739 0.399016 0.671053 1 
1 0.893617 0.036868 0.624517 0.00297 0.370792 0.605263 0 
1 0.914894 0.041522 0.56263 0.00317 0.34697 0.641667 0 
1 0.93617 0.047466 0.553407 0.003182 0.336354 0.650439 0 
1 0.957447 0.03936 0.530794 0.002464 0.333765 0.648684 0 
1 0.978723 0.06524 0.50119 0.004371 0.397721 0.575439 1 
1 1 0.038459 0.466082 0.002588 0.396945 0.594298 0 
