5 0 0.05281 0.445998 0.00356 0.470999 0.519737 1 
5 0.021277 0.050558 0.428295 0.003386 0.444588 0.54693 0 
5 0.042553 0.060706 0.397798 0.004082 0.490161 0.45614 1 
5 0.06383 0.048757 0.350491 0.003205 0.46349 0.468421 0 
5 0.085106 0.044944 0.293216 0.00301 0.403677 0.492105 0 
5 0.106383 0.044344 0.250372 0.002968 0.360176 0.514474 0 
5 0.12766 0.042963 0.203957 0.002848 0.311497 0.570175 0 
5 0.148936 0.041281 0.182535 0.002725 0.278353 0.619737 0 
5 0.170213 0.036268 0.174055 0.002387 0.255049 0.627193 0 
5 0.191489 0.042002 0.182684 0.002761 0.245728 0.643421 0 
5 0.212766 0.041852 0.205296 0.002757 0.264112 0.603509 0 
5 0.234043 0.043473 0.250669 0.002879 0.286639 0.601754 0 
5 0.255319 0.057524 0.344689 0.003855 0.371051 0.555263 1 
5 0.276596 0.057644 0.422345 0.003851 0.452356 0.492982 1 
5 0.297872 0.047916 0.421154 0.003236 0.481098 0.439474 0 
5 0.319149 0.051339 0.466677 0.003484 0.539617 0.397368 1 
5 0.340426 0.049958 0.484677 0.0034 0.564474 0.4 0 
5 0.361702 0.048847 0.487057 0.003342 0.559555 0.349123 0 
5 0.382979 0.06551 0.530348 0.004468 0.576385 0.435526 1 
5 0.404255 0.06608 0.543439 0.004479 0.562144 0.425 1 
5 0.425532 0.050739 0.529456 0.00345 0.564215 0.435088 1 
5 0.446809 0.05254 0.516959 0.003562 0.559037 0.424123 1 
5 0.468085 0.050438 0.507885 0.00343 0.55334 0.425439 1 
5 0.489362 0.048247 0.501934 0.003295 0.551269 0.379386 0 
5 0.510638 0.048877 0.489735 0.003336 0.541947 0.335526 0 
5 0.531915 0.048907 0.489289 0.003342 0.532626 0.35614 0 
5 0.553191 0.049057 0.491372 0.003355 0.547385 0.351754 0 
5 0.574468 0.047586 0.483487 0.003259 0.540653 0.321053 0 
5 0.595745 0.047166 0.464296 0.003236 0.535733 0.332018 0 
5 0.617021 0.043923 0.466825 0.00301 0.533661 0.343421 0 
5 0.638298 0.043353 0.451056 0.002964 0.522009 0.347368 0 
5 0.659574 0.043683 0.457304 0.002983 0.517607 0.359649 0 
5 0.680851 0.042722 0.459536 0.002914 0.516831 0.351316 0 
5 0.702128 0.043203 0.468313 0.002952 0.536251 0.351316 0 
5 0.723404 0.048607 0.47471 0.003317 0.555153 0.374123 0 
5 0.744681 0.049568 0.5 0.00338 0.572501 0.420175 0 
5 0.765957 0.060016 0.527522 0.004061 0.573796 0.455702 1 
5 0.787234 0.070914 0.556531 0.004744 0.576126 0.471053 1 
5 0.808511 0.058334 0.536894 0.003914 0.58726 0.373246 1 
5 0.829787 0.042813 0.508033 0.0029 0.568099 0.409211 0 
5 0.851064 0.043503 0.485719 0.002927 0.547385 0.438158 0 
5 0.87234 0.043083 0.469206 0.002883 0.516313 0.425439 0 
5 0.893617 0.042182 0.432609 0.002831 0.484723 0.428509 0 
5 0.914894 0.041882 0.39036 0.002829 0.447178 0.386404 0 
5 0.93617 0.054251 0.443172 0.003652 0.423356 0.463596 1 
5 0.957447 0.049718 0.463255 0.003373 0.402641 0.430263 0 
5 0.978723 0.086556 0.470693 0.00592 0.510357 0.399123 1 
5 1 0.086376 0.459685 0.005858 0.507768 0.451316 1 
