7 0 0.075838 0.422791 0.005214 0.423615 0.432456 1 
7 0.021277 0.075027 0.408509 0.005114 0.383739 0.46886 1 
7 0.042553 0.077219 0.373252 0.005282 0.426204 0.400439 1 
7 0.06383 0.063408 0.31568 0.004331 0.387882 0.407018 0 
7 0.085106 0.061697 0.263612 0.004217 0.345935 0.40307 0 
7 0.106383 0.048037 0.2108 0.003261 0.294666 0.46886 0 
7 0.12766 0.043803 0.17108 0.00296 0.251683 0.495175 0 
7 0.148936 0.041792 0.142666 0.002821 0.210513 0.501754 0 
7 0.170213 0.042933 0.126004 0.002889 0.182807 0.534211 0 
7 0.191489 0.043383 0.12407 0.002896 0.169083 0.577632 0 
7 0.212766 0.043023 0.120797 0.002879 0.162869 0.567982 0 
7 0.234043 0.043413 0.13136 0.002914 0.164682 0.572807 0 
7 0.255319 0.055032 0.177328 0.003671 0.185396 0.570614 0 
7 0.276596 0.061967 0.22047 0.004146 0.216727 0.560088 0 
7 0.297872 0.064819 0.262422 0.00436 0.232781 0.528509 0 
7 0.319149 0.084664 0.325498 0.005798 0.273433 0.514035 1 
7 0.340426 0.085295 0.371318 0.00585 0.304247 0.540789 1 
7 0.361702 0.086706 0.400179 0.005802 0.329363 0.554825 1 
7 0.382979 0.086976 0.434841 0.005806 0.352149 0.449123 1 
7 0.404255 0.089288 0.443023 0.005945 0.361212 0.501754 1 
7 0.425532 0.090068 0.435882 0.006016 0.36639 0.555263 1 
7 0.446809 0.087757 0.420708 0.005872 0.367944 0.544737 1 
7 0.468085 0.090068 0.409402 0.006018 0.361989 0.546491 1 
7 0.489362 0.090459 0.399732 0.006018 0.367685 0.579386 1 
7 0.510638 0.090068 0.387533 0.005939 0.360953 0.607018 1 
7 0.531915 0.090068 0.378756 0.005933 0.360435 0.57193 1 
7 0.553191 0.075627 0.367748 0.005014 0.351631 0.569298 1 
7 0.574468 0.050288 0.353615 0.003336 0.338426 0.59693 0 
7 0.595745 0.061367 0.347813 0.004061 0.334283 0.591667 0 
7 0.617021 0.049147 0.338887 0.003257 0.326774 0.602632 0 
7 0.638298 0.062958 0.330854 0.004165 0.324184 0.601754 0 
7 0.659574 0.062808 0.333234 0.004163 0.318747 0.642544 0 
7 0.680851 0.067491 0.329515 0.00446 0.323925 0.60614 0 
7 0.702128 0.083493 0.336805 0.005517 0.33972 0.609211 1 
7 0.723404 0.076408 0.325796 0.005054 0.369757 0.570614 1 
7 0.744681 0.074847 0.347962 0.004979 0.386328 0.579386 1 
7 0.765957 0.063919 0.399137 0.004256 0.393837 0.554825 0 
7 0.787234 0.081692 0.444362 0.005484 0.411704 0.514035 1 
7 0.808511 0.057464 0.427551 0.003874 0.401864 0.500439 0 
7 0.829787 0.044314 0.387087 0.002991 0.386587 0.434649 0 
7 0.851064 0.047286 0.365516 0.003184 0.360953 0.553509 0 
7 0.87234 0.067371 0.347516 0.004489 0.352149 0.575877 1 
7 0.893617 0.055872 0.329664 0.003695 0.316416 0.602193 0 
7 0.914894 0.043053 0.307944 0.00285 0.283014 0.57193 0 
7 0.93617 0.047706 0.334276 0.003155 0.272657 0.660526 0 
7 0.957447 0.045965 0.339929 0.003029 0.28405 0.572368 0 
7 0.978723 0.075477 0.349301 0.005029 0.382703 0.508333 1 
7 1 0.051429 0.329069 0.003446 0.385293 0.50614 0 
