1 0 0.014861 0.390955 0.000976 0.382185 0.47807 0 
1 0.021277 0.002102 0.347664 0.000139 0.350337 0.332895 0 
1 0.042553 0.01315 0.309283 0.00086 0.398239 0.466667 0 
1 0.06383 0.011709 0.267926 0.000754 0.371828 0.521053 0 
1 0.085106 0.009547 0.228801 0.000754 0.317193 0.491228 0 
1 0.106383 0.006095 0.195478 0.000397 0.263594 0.476316 0 
1 0.12766 0.007896 0.174055 0.000513 0.227084 0.465789 0 
1 0.148936 0.000901 0.149658 0.000118 0.178405 0.461404 0 
1 0.170213 0 0.136715 0 0.163646 0.505702 0 
1 0.191489 0 0.133145 0 0.12869 0.555702 0 
1 0.212766 0 0.138947 0 0.105645 0.585088 0 
1 0.234043 0 0.14698 0 0.098912 0.558772 0 
1 0.255319 0.017143 0.170187 0.001113 0.109529 0.764035 0 
1 0.276596 0.036448 0.195775 0.000839 0.125842 0.765789 1 
1 0.297872 0.041071 0.225379 0.000862 0.112895 0.765789 1 
1 0.319149 0.042843 0.297233 0.000976 0.107716 0.765789 1 
1 0.340426 0.042813 0.373401 0.00166 0.168824 0.765789 1 
1 0.361702 0.043653 0.426956 0.002096 0.212584 0.765789 1 
1 0.382979 0.043653 0.472478 0.00259 0.22579 0.765789 1 
1 0.404255 0.043653 0.488248 0.002586 0.258674 0.765789 1 
1 0.425532 0.043653 0.474561 0.002594 0.268514 0.765789 1 
1 0.446809 0.043473 0.447932 0.002705 0.270067 0.756579 1 
1 0.468085 0.0526 0.425766 0.001425 0.259451 0.590351 1 
1 0.489362 0.043653 0.402708 0.000976 0.253237 0.590351 1 
1 0.510638 0.043653 0.380095 0.000976 0.257121 0.590351 1 
1 0.531915 0.043293 0.353615 0.000976 0.259969 0.590351 1 
1 0.553191 0.042422 0.329366 0.00108 0.262817 0.590351 1 
1 0.574468 0.041582 0.310622 0.001288 0.254531 0.590351 1 
1 0.595745 0.041371 0.292324 0.000976 0.24754 0.590351 1 
1 0.617021 0.041492 0.284588 0.000976 0.243397 0.590351 1 
1 0.638298 0.041792 0.290092 0.000976 0.246245 0.590351 1 
1 0.659574 0.041852 0.300803 0.000976 0.241067 0.590351 1 
1 0.680851 0.041341 0.334722 0.00156 0.238995 0.660965 1 
1 0.702128 0.041972 0.402112 0.002804 0.284568 0.692105 1 
1 0.723404 0.043623 0.50848 0.002952 0.370016 0.511404 1 
1 0.744681 0.057344 0.598036 0.003961 0.443035 0.479386 1 
1 0.765957 0.051039 0.607855 0.003535 0.447954 0.526316 1 
1 0.787234 0.044254 0.589557 0.003051 0.427499 0.544737 1 
1 0.808511 0.043653 0.565903 0.002981 0.397462 0.610088 1 
1 0.829787 0.043653 0.541654 0.002958 0.383998 0.642544 1 
1 0.851064 0.043653 0.534216 0.002946 0.364319 0.667544 1 
1 0.87234 0.043653 0.512794 0.002927 0.340497 0.706579 1 
1 0.893617 0.043653 0.48676 0.002906 0.319265 0.748684 1 
1 0.914894 0.042032 0.451056 0.002177 0.304764 0.765789 1 
1 0.93617 0.043053 0.479917 0.001705 0.309684 0.765789 1 
1 0.957447 0.041972 0.473966 0.001392 0.306059 0.765789 1 
1 0.978723 0.037318 0.459685 0.002453 0.382185 0.713158 1 
1 1 0.032154 0.420708 0.001963 0.382444 0.765789 0 
