6 0 0.034586 0.553109 0.002291 0.471517 0.64386 0 
6 0.021277 0.033475 0.534365 0.00221 0.444847 0.645175 0 
6 0.042553 0.033475 0.503868 0.002216 0.496634 0.560965 0 
6 0.06383 0.033325 0.454478 0.002212 0.476955 0.587281 0 
6 0.085106 0.033325 0.390062 0.002171 0.439151 0.612281 0 
6 0.106383 0.032305 0.344243 0.002104 0.394355 0.634211 0 
6 0.12766 0.031974 0.293514 0.002077 0.357328 0.65614 0 
6 0.148936 0.027981 0.257364 0.001872 0.319524 0.676316 0 
6 0.170213 0.025399 0.238024 0.001699 0.302952 0.714474 0 
6 0.191489 0.024078 0.23609 0.001608 0.288711 0.741667 0 
6 0.212766 0.02636 0.263314 0.001759 0.302693 0.723246 0 
6 0.234043 0.029963 0.324606 0.002009 0.328327 0.671053 0 
6 0.255319 0.031074 0.439006 0.002098 0.409632 0.615789 0 
6 0.276596 0.035187 0.557721 0.00232 0.495598 0.584649 1 
6 0.297872 0.035217 0.581226 0.002343 0.527965 0.514474 1 
6 0.319149 0.042002 0.647724 0.00279 0.597877 0.498246 1 
6 0.340426 0.041311 0.652038 0.002761 0.629208 0.474123 1 
6 0.361702 0.04005 0.635376 0.00268 0.624288 0.479386 1 
6 0.382979 0.042212 0.657691 0.002823 0.625842 0.480702 1 
6 0.404255 0.040561 0.650104 0.002721 0.606422 0.514035 1 
6 0.425532 0.03897 0.620054 0.002611 0.588296 0.514912 1 
6 0.446809 0.037258 0.592086 0.002497 0.569135 0.521491 1 
6 0.468085 0.034436 0.558465 0.002314 0.557742 0.532456 0 
6 0.489362 0.033055 0.544927 0.002223 0.545054 0.512719 0 
6 0.510638 0.033025 0.525588 0.002219 0.522786 0.5 0 
6 0.531915 0.032815 0.510414 0.002196 0.523304 0.482018 0 
6 0.553191 0.032785 0.503124 0.002198 0.535215 0.459211 0 
6 0.574468 0.032455 0.49152 0.002179 0.528483 0.474123 0 
6 0.595745 0.031734 0.466379 0.002154 0.5145 0.452193 0 
6 0.617021 0.031614 0.46504 0.00215 0.491973 0.460526 0 
6 0.638298 0.030623 0.463553 0.002144 0.47566 0.474123 0 
6 0.659574 0.030623 0.462957 0.002204 0.448472 0.354825 0 
6 0.680851 0.032214 0.469652 0.002221 0.442258 0.344298 0 
6 0.702128 0.031314 0.481553 0.002154 0.443553 0.397807 0 
6 0.723404 0.031284 0.510265 0.002162 0.471517 0.395175 0 
6 0.744681 0.035127 0.588515 0.002403 0.526929 0.344737 1 
6 0.765957 0.044464 0.629277 0.003066 0.575867 0.276316 1 
6 0.787234 0.042813 0.632401 0.002929 0.576385 0.307018 1 
6 0.808511 0.0393 0.601458 0.002676 0.546349 0.345175 1 
6 0.829787 0.037198 0.567539 0.002524 0.517866 0.370614 1 
6 0.851064 0.034736 0.549985 0.002383 0.483428 0.408333 1 
6 0.87234 0.034226 0.531092 0.002364 0.46841 0.435526 1 
6 0.893617 0.033115 0.507438 0.002239 0.431383 0.483333 0 
6 0.914894 0.031224 0.468015 0.002117 0.40782 0.567544 0 
6 0.93617 0.033025 0.525588 0.002196 0.402123 0.692105 0 
6 0.957447 0.033716 0.558167 0.002229 0.403418 0.653509 0 
6 0.978723 0.035967 0.561886 0.002395 0.492232 0.558333 1 
6 1 0.037408 0.554448 0.002457 0.487312 0.624561 1 
