3 0 0.075327 0.433056 0.005291 0.375712 0.500526 1 
3 0.021277 0.06536 0.406873 0.004794 0.340497 0.500526 0 
3 0.042553 0.067101 0.37593 0.004863 0.389953 0.500526 0 
3 0.06383 0.062147 0.324011 0.004335 0.357846 0.500526 0 
3 0.085106 0.0529 0.265992 0.004105 0.320818 0.500526 0 
3 0.106383 0.046445 0.218387 0.00322 0.273175 0.500526 0 
3 0.12766 0.045154 0.183576 0.003066 0.234852 0.500526 0 
3 0.148936 0.043473 0.159923 0.002973 0.197048 0.500526 0 
3 0.170213 0.041702 0.149212 0.002885 0.172708 0.500526 0 
3 0.191489 0.042122 0.147724 0.002879 0.163387 0.500526 0 
3 0.212766 0.043323 0.17956 0.002939 0.171414 0.500526 0 
3 0.234043 0.045725 0.218685 0.003105 0.207147 0.500526 0 
3 0.255319 0.049117 0.307647 0.003698 0.275764 0.500526 0 
3 0.276596 0.055392 0.399583 0.004491 0.359917 0.500526 0 
3 0.297872 0.059625 0.407766 0.004786 0.405748 0.500526 0 
3 0.319149 0.077519 0.456561 0.005928 0.476696 0.500526 1 
3 0.340426 0.087156 0.475602 0.006845 0.498446 0.500526 1 
3 0.361702 0.084514 0.480661 0.00646 0.499482 0.500526 1 
3 0.382979 0.09199 0.523654 0.006338 0.497152 0.500526 1 
3 0.404255 0.099225 0.542249 0.006799 0.492232 0.500526 1 
3 0.425532 0.088567 0.53377 0.00628 0.5 0.500526 1 
3 0.446809 0.076588 0.513835 0.005289 0.498705 0.500526 1 
3 0.468085 0.084844 0.517852 0.006286 0.496893 0.500526 1 
3 0.489362 0.084514 0.520678 0.006365 0.498187 0.500526 1 
3 0.510638 0.075507 0.518744 0.005187 0.503366 0.500526 1 
3 0.531915 0.075507 0.511604 0.00538 0.520456 0.500526 1 
3 0.553191 0.074847 0.505207 0.005334 0.524599 0.500526 1 
3 0.574468 0.075207 0.515918 0.005303 0.538063 0.500526 1 
3 0.595745 0.082593 0.513538 0.005617 0.538322 0.500526 1 
3 0.617021 0.075087 0.506992 0.005357 0.531849 0.500526 1 
3 0.638298 0.075507 0.49881 0.005301 0.518643 0.500526 1 
3 0.659574 0.075567 0.494793 0.005253 0.532367 0.500526 1 
3 0.680851 0.086196 0.497769 0.006007 0.559555 0.500526 1 
3 0.702128 0.123274 0.510414 0.009306 0.579492 0.500526 1 
3 0.723404 0.108292 0.544927 0.007426 0.624288 0.500526 1 
3 0.744681 0.124745 0.597441 0.011284 0.652771 0.500526 1 
3 0.765957 0.127447 0.579441 0.011496 0.634386 0.500526 1 
3 0.787234 0.112796 0.540167 0.007545 0.581046 0.500526 1 
3 0.808511 0.094452 0.496132 0.006354 0.523304 0.500526 1 
3 0.829787 0.073976 0.459982 0.005031 0.496634 0.500526 0 
3 0.851064 0.081962 0.43975 0.005588 0.47825 0.500526 1 
3 0.87234 0.068212 0.413419 0.004647 0.432418 0.500526 0 
3 0.893617 0.059505 0.377715 0.004078 0.396945 0.500526 0 
3 0.914894 0.060886 0.358375 0.004182 0.378301 0.500526 0 
3 0.93617 0.059265 0.415799 0.004073 0.326774 0.500526 0 
3 0.957447 0.055602 0.436924 0.003828 0.368203 0.500526 0 
3 0.978723 0.069383 0.446593 0.004821 0.419731 0.500526 0 
3 1 0.061307 0.438709 0.004458 0.420249 0.500526 0 
