6 0 0.025459 0.165278 0.001689 0.154065 0.836404 1 
6 0.021277 0.024859 0.126897 0.001647 0.129467 0.844298 0 
6 0.042553 0.024529 0.091044 0.001635 0.18203 0.745614 0 
6 0.06383 0.023778 0.061886 0.001581 0.153288 0.816228 0 
6 0.085106 0.019605 0.042547 0.001298 0.112895 0.868421 0 
6 0.106383 0.018734 0.030794 0.001242 0.082341 0.853947 0 
6 0.12766 0.020055 0.026034 0.001329 0.060073 0.856579 0 
6 0.148936 0.015852 0.024993 0.001049 0.045572 0.873684 0 
6 0.170213 0.019935 0.031538 0.001317 0.042206 0.878947 0 
6 0.191489 0.019575 0.035555 0.001294 0.038063 0.884211 0 
6 0.212766 0.019695 0.047456 0.000953 0.029518 0.903509 0 
6 0.234043 0.021016 0.066052 0.000976 0.024081 0.903509 0 
6 0.255319 0.021676 0.084647 0.000976 0.039876 0.903509 0 
6 0.276596 0.023628 0.12526 0.000976 0.055153 0.903509 0 
6 0.297872 0.02648 0.167361 0.000976 0.033661 0.903509 1 
6 0.319149 0.028071 0.205742 0.000976 0.04609 0.903509 1 
6 0.340426 0.029032 0.257661 0.000976 0.062403 0.903509 1 
6 0.361702 0.030263 0.297382 0.001435 0.081046 0.903509 1 
6 0.382979 0.030623 0.317019 0.001865 0.0971 0.902193 1 
6 0.404255 0.029723 0.32892 0.001795 0.10435 0.903509 1 
6 0.425532 0.029512 0.338887 0.001676 0.112118 0.903509 1 
6 0.446809 0.030233 0.347664 0.001847 0.11652 0.903509 1 
6 0.468085 0.029963 0.357037 0.001946 0.120145 0.887719 1 
6 0.489362 0.030623 0.360904 0.002027 0.117815 0.877193 1 
6 0.510638 0.030533 0.359417 0.001469 0.110306 0.828947 1 
6 0.531915 0.029512 0.347664 0.00124 0.101761 0.868421 1 
6 0.553191 0.030233 0.354805 0.001747 0.101502 0.877193 1 
6 0.574468 0.032184 0.358822 0.000976 0.089332 0.828947 1 
6 0.595745 0.031464 0.357185 0.001037 0.08985 0.828947 1 
6 0.617021 0.031764 0.353913 0.001425 0.096064 0.820175 1 
6 0.638298 0.030924 0.352276 0.001824 0.09943 0.828947 1 
6 0.659574 0.030473 0.355549 0.002034 0.114448 0.834211 1 
6 0.680851 0.030563 0.355846 0.00204 0.122216 0.837281 1 
6 0.702128 0.030623 0.360458 0.002044 0.131279 0.829825 1 
6 0.723404 0.029633 0.354508 0.001876 0.125065 0.843421 1 
6 0.744681 0.029723 0.351086 0.00198 0.118332 0.861842 1 
6 0.765957 0.029723 0.342458 0.001789 0.113413 0.855263 1 
6 0.787234 0.029422 0.334276 0.001857 0.104091 0.903509 1 
6 0.808511 0.029783 0.339036 0.001622 0.095805 0.903509 1 
6 0.829787 0.032965 0.358375 0.002162 0.111859 0.876754 1 
6 0.851064 0.032815 0.348855 0.002187 0.142672 0.840351 1 
6 0.87234 0.032485 0.320292 0.002162 0.142154 0.819737 1 
6 0.893617 0.032725 0.328176 0.002173 0.120922 0.852632 1 
6 0.914894 0.029422 0.314341 0.001556 0.107457 0.868421 1 
6 0.93617 0.031314 0.314341 0.001575 0.110823 0.859649 1 
6 0.957447 0.030173 0.29634 0.001735 0.108234 0.841667 1 
6 0.978723 0.032214 0.27834 0.002164 0.202486 0.684649 1 
6 1 0.029242 0.234454 0.001886 0.207923 0.746053 1 
