1 0 0.038159 0.294406 0.002503 0.285603 0.577632 0 
1 0.021277 0.035877 0.257066 0.002349 0.257897 0.589474 0 
1 0.042553 0.036838 0.223148 0.002428 0.307095 0.514912 0 
1 0.06383 0.035667 0.190717 0.002343 0.284309 0.567105 0 
1 0.085106 0.031044 0.15427 0.002067 0.260487 0.617982 0 
1 0.106383 0.029422 0.129277 0.001876 0.226049 0.7 0 
1 0.12766 0.029182 0.103541 0.00189 0.202745 0.735526 0 
1 0.148936 0.02678 0.096697 0.00173 0.18436 0.743421 0 
1 0.170213 0.02663 0.088962 0.001718 0.166494 0.760526 0 
1 0.191489 0.024709 0.085689 0.001593 0.146815 0.823246 0 
1 0.212766 0.024138 0.098036 0.001545 0.133092 0.814474 0 
1 0.234043 0.022607 0.103243 0.001444 0.128172 0.832456 0 
1 0.255319 0.024619 0.119756 0.00157 0.124288 0.825439 0 
1 0.276596 0.02648 0.142666 0.001556 0.121181 0.853509 0 
1 0.297872 0.029993 0.171378 0.000827 0.113154 0.809649 0 
1 0.319149 0.029903 0.22047 0 0.129467 0.809649 0 
1 0.340426 0.030053 0.269563 0.001699 0.170896 0.80307 0 
1 0.361702 0.032755 0.316424 0.002059 0.191869 0.770614 0 
1 0.382979 0.034376 0.351086 0.001784 0.211548 0.772807 0 
1 0.404255 0.034496 0.360756 0.001741 0.220093 0.734649 0 
1 0.425532 0.034466 0.370574 0.002142 0.235111 0.747807 0 
1 0.446809 0.034977 0.36626 0.002181 0.236147 0.734649 0 
1 0.468085 0.033716 0.359863 0.001502 0.24029 0.744737 0 
1 0.489362 0.033806 0.366558 0.001278 0.242361 0.74386 0 
1 0.510638 0.033355 0.365516 0.000833 0.251165 0.74386 0 
1 0.531915 0.035427 0.362838 0.002202 0.247022 0.756579 1 
1 0.553191 0.035427 0.352425 0.002202 0.240031 0.756579 1 
1 0.574468 0.035427 0.347218 0.002181 0.238995 0.756579 1 
1 0.595745 0.035547 0.342309 0.002202 0.220093 0.756579 1 
1 0.617021 0.035187 0.336507 0.002181 0.220611 0.756579 1 
1 0.638298 0.034947 0.334424 0.001955 0.215432 0.756579 1 
1 0.659574 0.035547 0.340226 0.002202 0.22087 0.756579 1 
1 0.680851 0.035427 0.340524 0.002181 0.222941 0.756579 1 
1 0.702128 0.035427 0.346921 0.002181 0.246763 0.756579 1 
1 0.723404 0.034226 0.348408 0.002189 0.256603 0.703947 0 
1 0.744681 0.034106 0.39036 0.002187 0.287934 0.732895 0 
1 0.765957 0.03888 0.469801 0.002516 0.340497 0.656579 1 
1 0.787234 0.040591 0.475007 0.00263 0.384516 0.597807 1 
1 0.808511 0.03903 0.447635 0.002528 0.381409 0.614474 1 
1 0.829787 0.040291 0.40479 0.002594 0.352149 0.692105 1 
1 0.851064 0.038369 0.371764 0.002455 0.334283 0.705263 1 
1 0.87234 0.038549 0.371764 0.002451 0.319782 0.73114 1 
1 0.893617 0.037438 0.342755 0.002499 0.297514 0.757018 1 
1 0.914894 0.035367 0.307498 0.002258 0.272657 0.761842 1 
1 0.93617 0.035397 0.330408 0.002096 0.271621 0.786842 1 
1 0.957447 0.035607 0.329069 0.002264 0.264371 0.771491 1 
1 0.978723 0.037619 0.337846 0.002393 0.312532 0.711842 1 
1 1 0.034917 0.303779 0.002225 0.297255 0.72807 1 
