7 0 0.043983 0.336656 0.003467 0.422915 0.414912 0 
7 0.021277 0.043863 0.292175 0.003467 0.422915 0.414912 0 
7 0.042553 0.043833 0.266885 0.003467 0.422915 0.414912 0 
7 0.06383 0.043833 0.218536 0.003467 0.422915 0.414912 0 
7 0.085106 0.043833 0.174353 0.003467 0.422915 0.414912 0 
7 0.106383 0.043833 0.136864 0.003467 0.422915 0.414912 0 
7 0.12766 0.043683 0.114252 0.003467 0.422915 0.414912 0 
7 0.148936 0.043683 0.089259 0.003467 0.422915 0.414912 0 
7 0.170213 0.043683 0.076912 0.003467 0.422915 0.414912 0 
7 0.191489 0.043683 0.071854 0.003467 0.422915 0.414912 0 
7 0.212766 0.043683 0.076763 0.003467 0.422915 0.414912 0 
7 0.234043 0.043833 0.08911 0.003467 0.422915 0.414912 0 
7 0.255319 0.043833 0.109491 0.003467 0.422915 0.414912 0 
7 0.276596 0.043833 0.129872 0.003467 0.422915 0.414912 0 
7 0.297872 0.043833 0.153526 0.003467 0.422915 0.414912 0 
7 0.319149 0.043983 0.214222 0.003467 0.422915 0.414912 0 
7 0.340426 0.043983 0.284142 0.003467 0.422915 0.414912 0 
7 0.361702 0.044134 0.339929 0.003467 0.422915 0.414912 0 
7 0.382979 0.044134 0.391996 0.003467 0.422915 0.414912 0 
7 0.404255 0.044134 0.417882 0.003467 0.422915 0.414912 0 
7 0.425532 0.044134 0.424874 0.003467 0.422915 0.414912 0 
7 0.446809 0.044134 0.421452 0.003467 0.422915 0.414912 0 
7 0.468085 0.083884 0.410741 0.003467 0.422915 0.414912 1 
7 0.489362 0.083884 0.402261 0.003467 0.422915 0.414912 1 
7 0.510638 0.083884 0.394823 0.003467 0.422915 0.414912 1 
7 0.531915 0.084724 0.381434 0.003467 0.422915 0.414912 1 
7 0.553191 0.083884 0.360458 0.003467 0.422915 0.414912 1 
7 0.574468 0.083884 0.340821 0.003467 0.422915 0.414912 1 
7 0.595745 0.082353 0.332342 0.003467 0.422915 0.414912 1 
7 0.617021 0.082353 0.322523 0.003467 0.422915 0.414912 1 
7 0.638298 0.083884 0.333234 0.003467 0.422915 0.414912 1 
7 0.659574 0.083884 0.341267 0.003467 0.422915 0.414912 1 
7 0.680851 0.086676 0.363731 0.003467 0.422915 0.414912 1 
7 0.702128 0.089708 0.420857 0.003467 0.422915 0.414912 1 
7 0.723404 0.121502 0.493752 0.003467 0.422915 0.414912 1 
7 0.744681 0.121502 0.558911 0.003467 0.422915 0.414912 1 
7 0.765957 0.089708 0.571407 0.003467 0.422915 0.414912 1 
7 0.787234 0.086676 0.550878 0.003467 0.422915 0.414912 1 
7 0.808511 0.044404 0.523951 0.003467 0.422915 0.414912 0 
7 0.829787 0.044254 0.49524 0.003467 0.422915 0.414912 0 
7 0.851064 0.044254 0.466677 0.003467 0.422915 0.414912 0 
7 0.87234 0.044134 0.447932 0.003467 0.422915 0.414912 0 
7 0.893617 0.044134 0.401964 0.003467 0.422915 0.414912 0 
7 0.914894 0.044134 0.349747 0.003467 0.422915 0.414912 0 
7 0.93617 0.044134 0.372954 0.003467 0.422915 0.414912 0 
7 0.957447 0.043983 0.368938 0.003467 0.422915 0.414912 0 
7 0.978723 0.043983 0.372062 0.003467 0.422915 0.414912 0 
7 1 0.043983 0.352127 0.003467 0.422915 0.414912 0 
