5 0 0.041762 0.591639 0.002798 0.498187 0.59386 1 
5 0.021277 0.042242 0.572895 0.002848 0.471776 0.625877 1 
5 0.042553 0.063919 0.5482 0.004335 0.524858 0.475877 1 
5 0.06383 0.068902 0.504463 0.004697 0.49508 0.535088 1 
5 0.085106 0.054612 0.449866 0.003706 0.454428 0.605263 1 
5 0.106383 0.040891 0.396608 0.002651 0.419472 0.662719 0 
5 0.12766 0.038399 0.344094 0.002576 0.378042 0.732018 0 
5 0.148936 0.033626 0.302291 0.002243 0.34231 0.738596 0 
5 0.170213 0.032605 0.280125 0.002167 0.318229 0.785526 0 
5 0.191489 0.033025 0.271348 0.002177 0.309166 0.794298 0 
5 0.212766 0.033265 0.29753 0.002204 0.322113 0.780263 0 
5 0.234043 0.034496 0.357185 0.0023 0.345935 0.732895 0 
5 0.255319 0.040951 0.47352 0.002457 0.413516 0.629825 0 
5 0.276596 0.043083 0.600714 0.002946 0.500259 0.528947 1 
5 0.297872 0.041612 0.634186 0.003016 0.552822 0.510088 1 
5 0.319149 0.044554 0.724933 0.002983 0.64086 0.387281 1 
5 0.340426 0.041041 0.741297 0.002759 0.684102 0.385088 0 
5 0.361702 0.035517 0.723743 0.002376 0.693164 0.375877 0 
5 0.382979 0.040741 0.744868 0.002682 0.709736 0.410088 0 
5 0.404255 0.041852 0.74219 0.002779 0.704039 0.390789 1 
5 0.425532 0.040861 0.712288 0.002732 0.689021 0.371491 0 
5 0.446809 0.063378 0.678518 0.003949 0.67245 0.406579 1 
5 0.468085 0.033626 0.646385 0.002266 0.655101 0.39386 0 
5 0.489362 0.035697 0.61931 0.002387 0.651217 0.397807 0 
5 0.510638 0.034016 0.603987 0.00227 0.629726 0.452193 0 
5 0.531915 0.033626 0.586135 0.002233 0.625842 0.439474 0 
5 0.553191 0.033626 0.576465 0.002241 0.655101 0.385526 0 
5 0.574468 0.033626 0.567242 0.002243 0.66028 0.405702 0 
5 0.595745 0.033626 0.555489 0.002239 0.647074 0.436842 0 
5 0.617021 0.033626 0.541803 0.002231 0.633351 0.444298 0 
5 0.638298 0.033626 0.534365 0.002227 0.623511 0.460965 0 
5 0.659574 0.033626 0.554746 0.002225 0.61419 0.466667 0 
5 0.680851 0.033626 0.590003 0.002221 0.604868 0.489035 0 
5 0.702128 0.037258 0.646385 0.002462 0.615484 0.503509 0 
5 0.723404 0.050348 0.744719 0.003286 0.662869 0.492105 1 
5 0.744681 0.193917 0.859119 0.012648 0.731486 0.493421 1 
5 0.765957 0.083133 0.877269 0.005528 0.73537 0.398684 1 
5 0.787234 0.120962 0.868789 0.008168 0.694718 0.483772 1 
5 0.808511 0.119461 0.839631 0.008135 0.658208 0.507456 1 
5 0.829787 0.069563 0.812705 0.004765 0.610047 0.532018 1 
5 0.851064 0.074757 0.791431 0.005096 0.591403 0.588596 1 
5 0.87234 0.089648 0.771497 0.006126 0.569135 0.623246 1 
5 0.893617 0.033956 0.725528 0.002306 0.51709 0.603509 0 
5 0.914894 0.034856 0.656352 0.002339 0.489643 0.605263 0 
5 0.93617 0.03924 0.675692 0.002617 0.473848 0.625439 0 
5 0.957447 0.036868 0.67465 0.002464 0.459865 0.633333 0 
5 0.978723 0.077579 0.659923 0.005191 0.545831 0.547807 1 
5 1 0.056893 0.63493 0.003853 0.525375 0.548246 1 
