3 0 0.038429 0.525588 0.002457 0.476955 0.729386 0 
3 0.021277 0.03921 0.505356 0.002248 0.454687 0.757456 0 
3 0.042553 0.040441 0.481256 0.002551 0.50492 0.662281 0 
3 0.06383 0.034256 0.432758 0.002148 0.493527 0.708333 0 
3 0.085106 0.028281 0.377566 0.00182 0.450803 0.765789 0 
3 0.106383 0.028281 0.333829 0.001531 0.404972 0.765789 0 
3 0.12766 0.022757 0.2831 0.001325 0.351631 0.742982 0 
3 0.148936 0.018494 0.250669 0.001178 0.309425 0.67193 0 
3 0.170213 0.01372 0.23014 0.000885 0.281719 0.619737 0 
3 0.191489 0.01294 0.22776 0.000837 0.261523 0.647807 0 
3 0.212766 0.017413 0.259149 0.001045 0.270844 0.765789 0 
3 0.234043 0.022367 0.305415 0.000976 0.308907 0.765789 0 
3 0.255319 0.040771 0.422345 0.001824 0.400829 0.749561 0 
3 0.276596 0.043083 0.543737 0.002711 0.500777 0.713158 0 
3 0.297872 0.043263 0.568432 0.002769 0.556447 0.575877 0 
3 0.319149 0.130719 0.653675 0.008594 0.638011 0.511842 1 
3 0.340426 0.11805 0.68194 0.007898 0.682548 0.49693 1 
3 0.361702 0.097784 0.678965 0.00671 0.676334 0.491667 1 
3 0.382979 0.093371 0.704255 0.00624 0.683066 0.476754 1 
3 0.404255 0.101147 0.712139 0.005646 0.665976 0.517982 1 
3 0.425532 0.084184 0.687891 0.005702 0.644485 0.426754 1 
3 0.446809 0.057434 0.654716 0.003947 0.627395 0.389035 0 
3 0.468085 0.072235 0.652187 0.004956 0.618332 0.439912 1 
3 0.489362 0.073136 0.644005 0.005017 0.605904 0.427632 1 
3 0.510638 0.066591 0.623921 0.004566 0.58001 0.44386 1 
3 0.531915 0.069022 0.614996 0.004749 0.575608 0.442105 1 
3 0.553191 0.063348 0.603987 0.004377 0.593734 0.362281 0 
3 0.574468 0.094182 0.590301 0.006606 0.588814 0.252632 1 
3 0.595745 0.07947 0.570812 0.005557 0.569135 0.296053 1 
3 0.617021 0.066831 0.560101 0.004678 0.548938 0.298684 1 
3 0.638298 0.072475 0.551324 0.005056 0.534179 0.336842 1 
3 0.659574 0.068542 0.556084 0.004761 0.530036 0.355702 1 
3 0.680851 0.069743 0.573044 0.00484 0.528483 0.375439 1 
3 0.702128 0.085565 0.627343 0.005706 0.557483 0.483333 1 
3 0.723404 0.111805 0.739215 0.00743 0.63102 0.603509 1 
3 0.744681 0.339318 0.819548 0.022173 0.712843 0.60307 1 
3 0.765957 0.317221 0.822226 0.0205 0.70637 0.597807 1 
3 0.787234 0.142008 0.787414 0.009319 0.658985 0.585088 1 
3 0.808511 0.123454 0.758405 0.008159 0.617815 0.509211 1 
3 0.829787 0.126606 0.726272 0.00855 0.584671 0.541228 1 
3 0.851064 0.120331 0.706189 0.008012 0.554894 0.580263 1 
3 0.87234 0.095202 0.670783 0.006363 0.522009 0.528509 1 
3 0.893617 0.069893 0.623921 0.004701 0.486277 0.586842 0 
3 0.914894 0.044104 0.580482 0.002962 0.458053 0.543421 0 
3 0.93617 0.047346 0.60488 0.003149 0.435008 0.56886 0 
3 0.957447 0.043623 0.589705 0.002883 0.411704 0.607895 0 
3 0.978723 0.043833 0.569176 0.002865 0.488607 0.526754 0 
3 1 0.043623 0.554597 0.002852 0.483428 0.54693 0 
