1 0 0.03942 0.406427 0.002592 0.396686 0.619737 0 
1 0.021277 0.030053 0.351979 0.001778 0.366908 0.628947 0 
1 0.042553 0.033505 0.317465 0.0022 0.421543 0.553947 0 
1 0.06383 0.029332 0.270455 0.001926 0.397204 0.593421 0 
1 0.085106 0.028402 0.226123 0.001712 0.35681 0.634211 0 
1 0.106383 0.029092 0.195924 0.001327 0.324961 0.634211 0 
1 0.12766 0.02663 0.161559 0.001735 0.303729 0.701316 0 
1 0.148936 0.025339 0.14579 0.001645 0.28405 0.739035 0 
1 0.170213 0.027081 0.127343 0.001764 0.258156 0.694298 0 
1 0.191489 0.016783 0.121541 0.001093 0.230451 0.689035 0 
1 0.212766 0.01324 0.124963 0.00086 0.207405 0.741667 0 
1 0.234043 0.017113 0.141625 0.001107 0.191611 0.763596 0 
1 0.255319 0.018614 0.163047 0.001201 0.190057 0.782456 0 
1 0.276596 0.018014 0.18194 0.001159 0.191093 0.779386 0 
1 0.297872 0.020446 0.220321 0.001311 0.166494 0.775877 0 
1 0.319149 0.022727 0.284142 0.001159 0.188503 0.834649 0 
1 0.340426 0.027561 0.360607 0.001768 0.218281 0.811404 0 
1 0.361702 0.029693 0.413567 0.001899 0.264112 0.765351 0 
1 0.382979 0.048097 0.454032 0.001984 0.274469 0.712281 0 
1 0.404255 0.059505 0.468164 0.002009 0.284309 0.681579 0 
1 0.425532 0.040561 0.456858 0.002009 0.286121 0.673684 0 
1 0.446809 0.037949 0.444808 0.002009 0.287934 0.681579 0 
1 0.468085 0.055002 0.425766 0.002009 0.285603 0.659211 0 
1 0.489362 0.044164 0.406575 0.002009 0.277317 0.616228 0 
1 0.510638 0.029753 0.385748 0.001423 0.277317 0.612281 0 
1 0.531915 0.029182 0.364921 0.001032 0.271362 0.592544 0 
1 0.553191 0.028672 0.340226 0.000885 0.287157 0.592544 0 
1 0.574468 0.02594 0.314639 0.000837 0.280166 0.601316 0 
1 0.595745 0.024769 0.304969 0.000837 0.273692 0.601316 0 
1 0.617021 0.023838 0.292175 0.000835 0.256603 0.601316 0 
1 0.638298 0.023838 0.294704 0.000837 0.251165 0.601316 0 
1 0.659574 0.024168 0.30958 0.000837 0.264371 0.601316 0 
1 0.680851 0.02645 0.337846 0.000837 0.279389 0.575 0 
1 0.702128 0.028071 0.409997 0.001346 0.320559 0.563158 0 
1 0.723404 0.054011 0.518447 0.003648 0.414552 0.497368 1 
1 0.744681 0.069052 0.601458 0.004686 0.494821 0.474561 1 
1 0.765957 0.079951 0.626748 0.005434 0.508027 0.535526 1 
1 0.787234 0.094332 0.61321 0.006346 0.488607 0.582018 1 
1 0.808511 0.110214 0.593127 0.007374 0.467892 0.629386 1 
1 0.829787 0.091089 0.578697 0.006055 0.440963 0.648246 1 
1 0.851064 0.084514 0.548349 0.004666 0.419731 0.681579 1 
1 0.87234 0.093011 0.536299 0.00441 0.408856 0.648684 1 
1 0.893617 0.137204 0.496132 0.007576 0.383221 0.72193 1 
1 0.914894 0.097334 0.458792 0.002289 0.348006 0.692105 1 
1 0.93617 0.095503 0.466825 0.002009 0.324702 0.681579 1 
1 0.957447 0.070434 0.459387 0.001971 0.315381 0.664912 1 
1 0.978723 0.037859 0.447188 0.0022 0.368462 0.617982 0 
1 1 0.033175 0.421601 0.002177 0.365873 0.622807 0 
