4 0 0.058034 0.357632 0.003467 0.422915 0.414912 0 
4 0.021277 0.056593 0.290241 0.003467 0.422915 0.414912 0 
4 0.042553 0.055242 0.234752 0.003467 0.422915 0.414912 0 
4 0.06383 0.055242 0.195329 0.003467 0.422915 0.414912 0 
4 0.085106 0.055242 0.156352 0.003467 0.422915 0.414912 0 
4 0.106383 0.055242 0.143707 0.003467 0.422915 0.414912 0 
4 0.12766 0.055242 0.137905 0.003467 0.422915 0.414912 0 
4 0.148936 0.055242 0.137459 0.003467 0.422915 0.414912 0 
4 0.170213 0.067191 0.158137 0.003467 0.422915 0.414912 0 
4 0.191489 0.077369 0.196519 0.003467 0.422915 0.414912 0 
4 0.212766 0.077849 0.271645 0.003467 0.422915 0.414912 0 
4 0.234043 0.077849 0.357334 0.003467 0.422915 0.414912 0 
4 0.255319 0.080881 0.375483 0.003467 0.422915 0.414912 1 
4 0.276596 0.067191 0.433353 0.003467 0.422915 0.414912 0 
4 0.297872 0.059265 0.458494 0.003467 0.422915 0.414912 0 
4 0.319149 0.076588 0.482297 0.003467 0.422915 0.414912 0 
4 0.340426 0.090068 0.539869 0.003467 0.422915 0.414912 1 
4 0.361702 0.093161 0.563374 0.003467 0.422915 0.414912 1 
4 0.382979 0.080881 0.563969 0.003467 0.422915 0.414912 1 
4 0.404255 0.077849 0.562184 0.003467 0.422915 0.414912 0 
4 0.425532 0.073106 0.566052 0.003467 0.422915 0.414912 0 
4 0.446809 0.080881 0.573044 0.003467 0.422915 0.414912 1 
4 0.468085 0.076588 0.579887 0.003467 0.422915 0.414912 0 
4 0.489362 0.077849 0.584499 0.003467 0.422915 0.414912 1 
4 0.510638 0.080881 0.596549 0.003467 0.422915 0.414912 1 
4 0.531915 0.087036 0.604284 0.003467 0.422915 0.414912 1 
4 0.553191 0.087036 0.609789 0.003467 0.422915 0.414912 1 
4 0.574468 0.090068 0.610086 0.003467 0.422915 0.414912 1 
4 0.595745 0.090609 0.608301 0.003467 0.422915 0.414912 1 
4 0.617021 0.093161 0.619607 0.003467 0.422915 0.414912 1 
4 0.638298 0.096073 0.624517 0.003467 0.422915 0.414912 1 
4 0.659574 0.093161 0.626004 0.003467 0.422915 0.414912 1 
4 0.680851 0.093161 0.608896 0.003467 0.422915 0.414912 1 
4 0.702128 0.087036 0.598036 0.003467 0.422915 0.414912 1 
4 0.723404 0.083974 0.5723 0.003467 0.422915 0.414912 1 
4 0.744681 0.080881 0.546266 0.003467 0.422915 0.414912 1 
4 0.765957 0.083974 0.504612 0.003467 0.422915 0.414912 1 
4 0.787234 0.083974 0.492264 0.003467 0.422915 0.414912 1 
4 0.808511 0.099315 0.519488 0.003467 0.422915 0.414912 1 
4 0.829787 0.093161 0.516364 0.003467 0.422915 0.414912 1 
4 0.851064 0.083974 0.469057 0.003467 0.422915 0.414912 1 
4 0.87234 0.080881 0.428741 0.003467 0.422915 0.414912 1 
4 0.893617 0.093161 0.44942 0.003467 0.422915 0.414912 1 
4 0.914894 0.087036 0.446445 0.003467 0.422915 0.414912 1 
4 0.93617 0.090098 0.457602 0.003467 0.422915 0.414912 1 
4 0.957447 0.083974 0.450461 0.003467 0.422915 0.414912 1 
4 0.978723 0.087036 0.433948 0.003467 0.422915 0.414912 1 
4 1 0.080101 0.398691 0.003467 0.422915 0.414912 1 
