1 0 0.027531 0.280125 0.00168 0.273433 0.896053 0 
1 0.021277 0.027171 0.24814 0.00168 0.243138 0.89386 0 
1 0.042553 0.02615 0.194585 0.001541 0.301398 0.833772 0 
1 0.06383 0.02621 0.174502 0.001539 0.267996 0.792105 0 
1 0.085106 0.024228 0.153526 0.000833 0.22579 0.835965 0 
1 0.106383 0.021646 0.135525 0.000831 0.189798 0.879825 0 
1 0.12766 0.020566 0.13493 0.000829 0.168566 0.886404 0 
1 0.148936 0.022637 0.135823 0.000827 0.148628 0.886404 0 
1 0.170213 0.022637 0.131062 0.000823 0.148628 0.886404 0 
1 0.191489 0.023718 0.139096 0.000821 0.13102 0.886404 0 
1 0.212766 0.024379 0.156204 0.000821 0.129726 0.886404 0 
1 0.234043 0.024709 0.165427 0.000821 0.119368 0.886404 0 
1 0.255319 0.025369 0.178816 0.001107 0.127395 0.889474 0 
1 0.276596 0.025459 0.212288 0.001109 0.148887 0.911842 0 
1 0.297872 0.025339 0.25543 0.00097 0.147333 0.886404 0 
1 0.319149 0.02609 0.295745 0.001539 0.160798 0.896053 0 
1 0.340426 0.02672 0.346474 0.001683 0.183843 0.939912 0 
1 0.361702 0.028011 0.380095 0.001683 0.197566 0.939912 0 
1 0.382979 0.028312 0.393038 0.001683 0.221129 0.917982 0 
1 0.404255 0.028522 0.398245 0.001683 0.226308 0.896053 0 
1 0.425532 0.028161 0.397947 0.001683 0.234076 0.896053 0 
1 0.446809 0.028492 0.403749 0.001683 0.238219 0.896053 0 
1 0.468085 0.028101 0.405534 0.001683 0.24754 0.896053 0 
1 0.489362 0.028191 0.395418 0.001683 0.248835 0.896053 0 
1 0.510638 0.028312 0.384112 0.001813 0.232004 0.830263 0 
1 0.531915 0.027771 0.36507 0.001683 0.223718 0.830263 0 
1 0.553191 0.02684 0.350045 0.001683 0.214138 0.852193 0 
1 0.574468 0.027141 0.333829 0.001683 0.209995 0.830263 0 
1 0.595745 0.027291 0.329515 0.001683 0.205075 0.830263 0 
1 0.617021 0.027381 0.331598 0.001683 0.205852 0.830263 0 
1 0.638298 0.0269 0.326837 0.001683 0.211289 0.830263 0 
1 0.659574 0.027441 0.326837 0.001683 0.221388 0.830263 0 
1 0.680851 0.02681 0.323713 0.001683 0.229674 0.830263 0 
1 0.702128 0.027921 0.338441 0.001683 0.237701 0.830263 1 
1 0.723404 0.027441 0.343053 0.001683 0.250388 0.830263 1 
1 0.744681 0.027231 0.335912 0.001683 0.230451 0.830263 1 
1 0.765957 0.027141 0.3313 0.001683 0.220611 0.830263 1 
1 0.787234 0.027051 0.332937 0.001683 0.218799 0.830263 0 
1 0.808511 0.028462 0.35659 0.001735 0.222683 0.846053 1 
1 0.829787 0.028041 0.364772 0.001735 0.261781 0.830263 1 
1 0.851064 0.027321 0.339185 0.00171 0.2768 0.830263 1 
1 0.87234 0.02666 0.306903 0.001683 0.260228 0.830263 0 
1 0.893617 0.028462 0.324159 0.001813 0.233817 0.833333 1 
1 0.914894 0.02624 0.316721 0.0014 0.217504 0.896053 0 
1 0.93617 0.027441 0.326837 0.001683 0.214397 0.896053 1 
1 0.957447 0.02654 0.301845 0.001683 0.214397 0.911842 0 
1 0.978723 0.027771 0.285778 0.001735 0.290523 0.874123 1 
1 1 0.02639 0.241744 0.001683 0.292595 0.867544 0 
