1 0 0.051909 0.23252 0.003467 0.422915 0.414912 0 
1 0.021277 0.051909 0.19042 0.003467 0.422915 0.414912 0 
1 0.042553 0.051909 0.155757 0.003467 0.422915 0.414912 0 
1 0.06383 0.040351 0.135674 0.003467 0.422915 0.414912 0 
1 0.085106 0.040351 0.114252 0.003467 0.422915 0.414912 0 
1 0.106383 0.040351 0.101607 0.003467 0.422915 0.414912 0 
1 0.12766 0.040351 0.097888 0.003467 0.422915 0.414912 0 
1 0.148936 0.051909 0.10964 0.003467 0.422915 0.414912 0 
1 0.170213 0.068212 0.135674 0.003467 0.422915 0.414912 1 
1 0.191489 0.074276 0.173312 0.003467 0.422915 0.414912 1 
1 0.212766 0.074817 0.253198 0.003467 0.422915 0.414912 1 
1 0.234043 0.067371 0.340375 0.003467 0.422915 0.414912 1 
1 0.255319 0.067371 0.34945 0.003467 0.422915 0.414912 1 
1 0.276596 0.067371 0.41446 0.003467 0.422915 0.414912 1 
1 0.297872 0.062838 0.445998 0.003467 0.422915 0.414912 0 
1 0.319149 0.062838 0.467272 0.003467 0.422915 0.414912 0 
1 0.340426 0.067371 0.525439 0.003467 0.422915 0.414912 1 
1 0.361702 0.067371 0.553704 0.003467 0.422915 0.414912 1 
1 0.382979 0.067371 0.550878 0.003467 0.422915 0.414912 1 
1 0.404255 0.067371 0.555638 0.003467 0.422915 0.414912 1 
1 0.425532 0.067371 0.563225 0.003467 0.422915 0.414912 1 
1 0.446809 0.067371 0.567837 0.003467 0.422915 0.414912 1 
1 0.468085 0.067371 0.572151 0.003467 0.422915 0.414912 1 
1 0.489362 0.070704 0.577655 0.003467 0.422915 0.414912 1 
1 0.510638 0.067371 0.582713 0.003467 0.422915 0.414912 1 
1 0.531915 0.074817 0.582713 0.003467 0.422915 0.414912 1 
1 0.553191 0.074817 0.590449 0.003467 0.422915 0.414912 1 
1 0.574468 0.074817 0.584647 0.003467 0.422915 0.414912 1 
1 0.595745 0.095893 0.592681 0.003467 0.422915 0.414912 1 
1 0.617021 0.115618 0.603243 0.003467 0.422915 0.414912 1 
1 0.638298 0.125465 0.613657 0.003467 0.422915 0.414912 1 
1 0.659574 0.127477 0.621988 0.003467 0.422915 0.414912 1 
1 0.680851 0.125465 0.603689 0.003467 0.422915 0.414912 1 
1 0.702128 0.125465 0.590598 0.003467 0.422915 0.414912 1 
1 0.723404 0.114987 0.550729 0.003467 0.422915 0.414912 1 
1 0.744681 0.103008 0.525141 0.003467 0.422915 0.414912 1 
1 0.765957 0.095893 0.488545 0.003467 0.422915 0.414912 1 
1 0.787234 0.074817 0.468015 0.003467 0.422915 0.414912 1 
1 0.808511 0.114987 0.487801 0.003467 0.422915 0.414912 1 
1 0.829787 0.103008 0.494793 0.003467 0.422915 0.414912 1 
1 0.851064 0.10589 0.46028 0.003467 0.422915 0.414912 1 
1 0.87234 0.103008 0.419518 0.003467 0.422915 0.414912 1 
1 0.893617 0.103008 0.428593 0.003467 0.422915 0.414912 1 
1 0.914894 0.095893 0.429039 0.003467 0.422915 0.414912 1 
1 0.93617 0.119971 0.444362 0.003467 0.422915 0.414912 1 
1 0.957447 0.10589 0.438114 0.003467 0.422915 0.414912 1 
1 0.978723 0.103008 0.426659 0.003467 0.422915 0.414912 1 
1 1 0.114987 0.408063 0.003467 0.422915 0.414912 1 
