5 0 0.031884 0.370872 0.002121 0.314345 0.597807 0 
5 0.021277 0.027111 0.308985 0.001803 0.289228 0.583333 0 
5 0.042553 0.028041 0.254537 0.001872 0.339979 0.525439 0 
5 0.06383 0.028071 0.212586 0.001874 0.316934 0.525439 0 
5 0.085106 0.0266 0.175543 0.001776 0.26696 0.530702 0 
5 0.106383 0.025219 0.148021 0.001678 0.225531 0.54386 0 
5 0.12766 0.024288 0.139988 0.001616 0.198861 0.580702 0 
5 0.148936 0.025369 0.146831 0.001685 0.186432 0.609649 0 
5 0.170213 0.030323 0.169592 0.002011 0.194459 0.596491 0 
5 0.191489 0.036057 0.20842 0.002401 0.213361 0.557018 0 
5 0.212766 0.042242 0.285927 0.002838 0.270067 0.55 1 
5 0.234043 0.046595 0.365516 0.003114 0.352926 0.517105 1 
5 0.255319 0.045364 0.378756 0.003054 0.464526 0.470175 1 
5 0.276596 0.043563 0.435138 0.002921 0.53651 0.347368 1 
5 0.297872 0.044314 0.464891 0.002973 0.488607 0.390789 1 
5 0.319149 0.045605 0.484528 0.00306 0.481616 0.396491 1 
5 0.340426 0.05308 0.538976 0.003527 0.480321 0.503947 1 
5 0.361702 0.053531 0.561589 0.003533 0.481357 0.490789 1 
5 0.382979 0.050168 0.55668 0.003311 0.480321 0.482018 1 
5 0.404255 0.047646 0.548497 0.003155 0.483428 0.45307 1 
5 0.425532 0.047616 0.545671 0.003151 0.485759 0.463596 1 
5 0.446809 0.055662 0.552217 0.003695 0.4855 0.482018 1 
5 0.468085 0.054792 0.548497 0.003627 0.47566 0.479386 1 
5 0.489362 0.05266 0.543291 0.003479 0.472294 0.466228 1 
5 0.510638 0.054251 0.546564 0.003581 0.486277 0.464474 1 
5 0.531915 0.055272 0.550431 0.003658 0.497929 0.47193 1 
5 0.553191 0.05263 0.548646 0.00349 0.49767 0.429386 1 
5 0.574468 0.05311 0.54091 0.003525 0.498705 0.420175 1 
5 0.595745 0.053651 0.537786 0.003567 0.486277 0.397807 1 
5 0.617021 0.054912 0.537935 0.003652 0.489384 0.383333 1 
5 0.638298 0.057073 0.533026 0.003833 0.494821 0.415789 1 
5 0.659574 0.058184 0.529009 0.003897 0.498705 0.405702 1 
5 0.680851 0.055092 0.506992 0.0037 0.489643 0.386404 1 
5 0.702128 0.053681 0.498066 0.003608 0.48291 0.360526 1 
5 0.723404 0.046445 0.473817 0.003128 0.441222 0.369298 1 
5 0.744681 0.045965 0.459685 0.003105 0.4029 0.406579 1 
5 0.765957 0.045184 0.440643 0.003068 0.360694 0.462719 1 
5 0.787234 0.045425 0.445403 0.003091 0.341015 0.45 1 
5 0.808511 0.045034 0.457156 0.003056 0.34697 0.394298 1 
5 0.829787 0.046145 0.448081 0.003122 0.380373 0.375 1 
5 0.851064 0.045845 0.407914 0.003105 0.368203 0.335088 1 
5 0.87234 0.044284 0.365814 0.003006 0.338426 0.399123 1 
5 0.893617 0.050528 0.403451 0.003411 0.306318 0.572807 1 
5 0.914894 0.046956 0.423386 0.003139 0.271621 0.531579 1 
5 0.93617 0.048967 0.43975 0.003265 0.257897 0.641667 1 
5 0.957447 0.047496 0.44094 0.003162 0.255308 0.602632 1 
5 0.978723 0.050889 0.431419 0.003446 0.349819 0.504386 1 
5 1 0.050528 0.402112 0.003386 0.349301 0.51886 1 
