6 0 0.083463 0.44942 0.005488 0.462714 0.592982 1 
6 0.021277 0.081902 0.434841 0.005388 0.42232 0.584649 1 
6 0.042553 0.083103 0.397352 0.005511 0.471258 0.530263 1 
6 0.06383 0.07881 0.351235 0.005243 0.445106 0.517982 1 
6 0.085106 0.06608 0.29753 0.004385 0.401605 0.549123 0 
6 0.106383 0.063618 0.246504 0.004188 0.360176 0.620175 0 
6 0.12766 0.053531 0.207676 0.003498 0.31797 0.642105 0 
6 0.148936 0.044314 0.178072 0.002896 0.284568 0.606579 0 
6 0.170213 0.041612 0.161559 0.00273 0.262558 0.656579 0 
6 0.191489 0.044073 0.164088 0.002871 0.252978 0.697807 0 
6 0.212766 0.041822 0.186403 0.002732 0.267737 0.675 0 
6 0.234043 0.046325 0.235198 0.003037 0.292595 0.647368 0 
6 0.255319 0.06596 0.330408 0.004402 0.377784 0.482895 0 
6 0.276596 0.068872 0.423237 0.004626 0.444329 0.514035 0 
6 0.297872 0.056233 0.429783 0.003793 0.491714 0.424123 0 
6 0.319149 0.072445 0.491967 0.004917 0.549197 0.365789 0 
6 0.340426 0.072415 0.487652 0.004944 0.584412 0.323246 0 
6 0.361702 0.073346 0.498364 0.005 0.580269 0.356579 0 
6 0.382979 0.077099 0.544183 0.005231 0.581564 0.396491 1 
6 0.404255 0.085055 0.562035 0.005708 0.568876 0.408333 1 
6 0.425532 0.106941 0.556233 0.00716 0.517866 0.517105 1 
6 0.446809 0.103579 0.545076 0.006923 0.50725 0.492982 1 
6 0.468085 0.120271 0.533026 0.008089 0.559296 0.465789 1 
6 0.489362 0.136484 0.525885 0.009117 0.562144 0.561842 1 
6 0.510638 0.125135 0.513835 0.008348 0.544795 0.560965 1 
6 0.531915 0.123874 0.507885 0.008288 0.55101 0.563596 1 
6 0.553191 0.120872 0.501041 0.008074 0.55101 0.485526 1 
6 0.574468 0.123454 0.495537 0.008299 0.544019 0.495175 1 
6 0.595745 0.087937 0.486611 0.005881 0.530036 0.486842 1 
6 0.617021 0.087967 0.47114 0.005862 0.522786 0.411842 1 
6 0.638298 0.087456 0.470693 0.005854 0.503625 0.453509 1 
6 0.659574 0.088747 0.488099 0.005928 0.487053 0.436842 1 
6 0.680851 0.089618 0.497769 0.006003 0.469446 0.415351 1 
6 0.702128 0.090068 0.505356 0.006028 0.478509 0.433772 1 
6 0.723404 0.084334 0.511604 0.005667 0.481098 0.393421 1 
6 0.744681 0.088747 0.555043 0.005955 0.519938 0.277193 1 
6 0.765957 0.083824 0.56873 0.005708 0.556447 0.250877 1 
6 0.787234 0.080731 0.548944 0.00555 0.55826 0.244737 1 
6 0.808511 0.074667 0.516067 0.005187 0.532367 0.230702 0 
6 0.829787 0.067251 0.484975 0.004715 0.496893 0.216667 0 
6 0.851064 0.070073 0.46385 0.004925 0.481875 0.212719 0 
6 0.87234 0.05203 0.439453 0.003656 0.462196 0.211404 0 
6 0.893617 0.042662 0.403749 0.002979 0.428534 0.255702 0 
6 0.914894 0.042272 0.372359 0.002935 0.395132 0.263158 0 
6 0.93617 0.0786 0.424725 0.005426 0.388659 0.410965 1 
6 0.957447 0.074156 0.453585 0.005081 0.38115 0.40307 0 
6 0.978723 0.084364 0.474264 0.005895 0.49275 0.29693 1 
6 1 0.081692 0.472181 0.005717 0.478509 0.339912 1 
