5 0 0.035457 0.325498 0.002684 0.237442 0.609649 0 
5 0.021277 0.034346 0.260785 0.002513 0.209218 0.661404 0 
5 0.042553 0.034826 0.202618 0.002424 0.256862 0.655263 0 
5 0.06383 0.030563 0.157394 0.002125 0.221906 0.712281 0 
5 0.085106 0.029452 0.116781 0.00204 0.171673 0.67807 0 
5 0.106383 0.033475 0.091491 0.002277 0.124806 0.590351 0 
5 0.12766 0.027201 0.074383 0.001585 0.08493 0.793421 0 
5 0.148936 0.022037 0.06144 0.001462 0.080269 0.88114 0 
5 0.170213 0.024349 0.063672 0.001587 0.073278 0.90307 0 
5 0.191489 0.023628 0.060696 0.001531 0.070948 0.897807 0 
5 0.212766 0.024228 0.066944 0.001523 0.064992 0.90307 0 
5 0.234043 0.024709 0.078846 0.001506 0.05826 0.90307 0 
5 0.255319 0.023838 0.088664 0.001479 0.075608 0.90307 0 
5 0.276596 0.024919 0.122136 0.001647 0.075608 0.899561 0 
5 0.297872 0.024919 0.152484 0.001575 0.05826 0.90307 0 
5 0.319149 0.024919 0.18432 0.001633 0.067323 0.90307 0 
5 0.340426 0.027531 0.235495 0.001421 0.090627 0.90307 0 
5 0.361702 0.028131 0.265397 0.001454 0.111082 0.859211 0 
5 0.382979 0.028522 0.286522 0.001786 0.141636 0.876316 0 
5 0.404255 0.029422 0.302291 0.001951 0.163646 0.844298 0 
5 0.425532 0.031074 0.319845 0.002069 0.195495 0.790351 0 
5 0.446809 0.032064 0.33859 0.00214 0.225013 0.770175 0 
5 0.468085 0.033746 0.355549 0.002262 0.245987 0.729825 0 
5 0.489362 0.034226 0.361202 0.002304 0.256603 0.710965 0 
5 0.510638 0.034106 0.363582 0.002297 0.266701 0.689474 0 
5 0.531915 0.032515 0.361351 0.002185 0.273433 0.703509 0 
5 0.553191 0.031494 0.355549 0.002115 0.277576 0.691228 0 
5 0.574468 0.035577 0.352276 0.002389 0.288452 0.676754 1 
5 0.595745 0.034676 0.345135 0.002331 0.295702 0.659649 1 
5 0.617021 0.031314 0.335614 0.002108 0.300363 0.664912 0 
5 0.638298 0.034676 0.33859 0.002341 0.312532 0.627632 1 
5 0.659574 0.035937 0.335763 0.00243 0.330658 0.60307 1 
5 0.680851 0.035937 0.33249 0.002424 0.348265 0.582456 1 
5 0.702128 0.035937 0.345879 0.002416 0.359399 0.549561 1 
5 0.723404 0.035937 0.337251 0.002399 0.344899 0.585088 1 
5 0.744681 0.035937 0.329813 0.002397 0.328586 0.611842 1 
5 0.765957 0.034826 0.320887 0.002333 0.307613 0.670175 1 
5 0.787234 0.029963 0.312109 0.002011 0.283273 0.704386 0 
5 0.808511 0.029933 0.326688 0.002005 0.259969 0.736404 0 
5 0.829787 0.030323 0.348706 0.002029 0.261523 0.719298 0 
5 0.851064 0.030563 0.335912 0.002046 0.263594 0.729386 0 
5 0.87234 0.030323 0.314341 0.002023 0.254531 0.779386 0 
5 0.893617 0.030533 0.330556 0.002034 0.226567 0.79693 0 
5 0.914894 0.029602 0.323713 0.001961 0.198084 0.835965 0 
5 0.93617 0.029572 0.315234 0.001957 0.186173 0.857895 0 
5 0.957447 0.028942 0.29277 0.001913 0.182289 0.855702 0 
5 0.978723 0.030863 0.274472 0.002061 0.266442 0.694737 1 
5 1 0.028342 0.22895 0.001892 0.255826 0.714035 0 
