2 0 0.029572 0.34335 0.001967 0.353703 0.719737 1 
2 0.021277 0.028101 0.301547 0.001867 0.329622 0.730263 1 
2 0.042553 0.029633 0.272687 0.00193 0.376489 0.680702 1 
2 0.06383 0.028492 0.244273 0.001897 0.357846 0.703947 1 
2 0.085106 0.027531 0.209908 0.001776 0.321854 0.746491 0 
2 0.106383 0.027951 0.185808 0.001624 0.285603 0.746491 1 
2 0.12766 0.024048 0.160518 0.001593 0.243656 0.776754 0 
2 0.148936 0.021977 0.143112 0.001456 0.21595 0.8 0 
2 0.170213 0.023538 0.139691 0.001562 0.192387 0.810088 0 
2 0.191489 0.025339 0.146831 0.00168 0.186432 0.844298 0 
2 0.212766 0.02681 0.177774 0.001774 0.199896 0.834211 0 
2 0.234043 0.028822 0.232223 0.001913 0.234076 0.78114 1 
2 0.255319 0.030893 0.338738 0.001826 0.307613 0.746053 1 
2 0.276596 0.037919 0.442428 0.002516 0.394873 0.659211 1 
2 0.297872 0.033596 0.452098 0.002262 0.438374 0.608772 1 
2 0.319149 0.037919 0.52172 0.002574 0.506732 0.552632 1 
2 0.340426 0.042813 0.547754 0.002889 0.548162 0.510526 1 
2 0.361702 0.042242 0.550878 0.002854 0.562921 0.505263 1 
2 0.382979 0.063288 0.590747 0.004256 0.566805 0.55 1 
2 0.404255 0.07959 0.603838 0.005341 0.55826 0.546491 1 
2 0.425532 0.059745 0.594615 0.004022 0.547126 0.535965 1 
2 0.446809 0.043443 0.576317 0.002943 0.539876 0.51886 1 
2 0.468085 0.042362 0.567688 0.002875 0.534697 0.53114 1 
2 0.489362 0.042572 0.563225 0.002887 0.529518 0.507456 1 
2 0.510638 0.040591 0.554151 0.002757 0.506473 0.573684 1 
2 0.531915 0.041552 0.544183 0.002806 0.502848 0.560526 1 
2 0.553191 0.041762 0.541357 0.002817 0.506473 0.565351 1 
2 0.574468 0.040471 0.527373 0.002727 0.502589 0.582895 1 
2 0.595745 0.038039 0.511009 0.002561 0.488607 0.546491 1 
2 0.617021 0.037138 0.500744 0.002511 0.488348 0.545614 1 
2 0.638298 0.035067 0.497025 0.002372 0.484205 0.527632 1 
2 0.659574 0.037078 0.512199 0.002503 0.488089 0.56886 1 
2 0.680851 0.112495 0.532133 0.007646 0.476437 0.279825 1 
2 0.702128 0.140267 0.568283 0.009607 0.494045 0.264912 1 
2 0.723404 0.174643 0.609342 0.011969 0.516054 0.239912 1 
2 0.744681 0.313979 0.676287 0.021338 0.565769 0.22807 1 
2 0.765957 0.385013 0.682832 0.026011 0.586484 0.196053 1 
2 0.787234 0.279602 0.658286 0.018967 0.568876 0.291228 1 
2 0.808511 0.080401 0.611723 0.005517 0.529259 0.310965 1 
2 0.829787 0.042422 0.581226 0.002931 0.501295 0.386404 0 
2 0.851064 0.050258 0.558762 0.002933 0.473589 0.435088 0 
2 0.87234 0.043053 0.533621 0.002954 0.447954 0.449123 0 
2 0.893617 0.038279 0.493454 0.002621 0.395391 0.489474 0 
2 0.914894 0.034586 0.438857 0.00236 0.361212 0.475439 0 
2 0.93617 0.03993 0.488991 0.002709 0.364578 0.58114 0 
2 0.957447 0.041522 0.497322 0.002798 0.359658 0.566667 0 
2 0.978723 0.054792 0.506546 0.003698 0.446401 0.428947 0 
2 1 0.041792 0.498661 0.002858 0.436561 0.473684 0 
