7 0 0.036748 0.339185 0.001909 0.360694 0.787281 1 
7 0.021277 0.038099 0.278489 0.001836 0.315898 0.727193 1 
7 0.042553 0.037649 0.221363 0.002459 0.369498 0.682456 1 
7 0.06383 0.037018 0.174353 0.001865 0.339461 0.683333 1 
7 0.085106 0.030443 0.149212 0.001986 0.289228 0.814474 1 
7 0.106383 0.022787 0.128533 0.001597 0.248576 0.85307 0 
7 0.12766 0.025009 0.119756 0.001616 0.231486 0.897807 0 
7 0.148936 0.024379 0.117673 0.001491 0.220093 0.902632 0 
7 0.170213 0.02609 0.123921 0.001568 0.221388 0.902632 0 
7 0.191489 0.028822 0.131955 0.001656 0.214397 0.880702 0 
7 0.212766 0.029723 0.15784 0.001616 0.225272 0.858772 0 
7 0.234043 0.029212 0.176436 0.001583 0.237183 0.858772 0 
7 0.255319 0.030383 0.211842 0.001045 0.262817 0.729386 0 
7 0.276596 0.032365 0.270009 0.001674 0.293889 0.727193 1 
7 0.297872 0.033716 0.319994 0.001953 0.314345 0.696491 1 
7 0.319149 0.035097 0.36507 0.002077 0.34231 0.696491 1 
7 0.340426 0.036208 0.422047 0.002316 0.399016 0.677632 1 
7 0.361702 0.034286 0.439899 0.002204 0.438633 0.681579 1 
7 0.382979 0.033656 0.448676 0.002185 0.47333 0.635526 1 
7 0.404255 0.031734 0.441386 0.002054 0.506732 0.618421 1 
7 0.425532 0.032214 0.442577 0.002079 0.529001 0.600877 1 
7 0.446809 0.034526 0.442874 0.002237 0.562403 0.54386 1 
7 0.468085 0.032425 0.443767 0.002106 0.57535 0.548246 1 
7 0.489362 0.034046 0.43856 0.002216 0.59218 0.530702 1 
7 0.510638 0.036538 0.437072 0.002387 0.596323 0.489912 1 
7 0.531915 0.036027 0.430527 0.002362 0.608752 0.461404 1 
7 0.553191 0.034316 0.428146 0.00225 0.614966 0.463158 1 
7 0.574468 0.033836 0.421303 0.002212 0.568358 0.562281 1 
7 0.595745 0.035157 0.420113 0.002297 0.561108 0.502193 1 
7 0.617021 0.034316 0.422642 0.00225 0.566805 0.488596 1 
7 0.638298 0.044344 0.42294 0.002912 0.595287 0.397368 1 
7 0.659574 0.068392 0.435733 0.004499 0.658726 0.345175 1 
7 0.680851 0.055572 0.417287 0.003677 0.646297 0.327193 1 
7 0.702128 0.077999 0.426064 0.005168 0.641119 0.384649 1 
7 0.723404 0.06644 0.424725 0.004408 0.654842 0.372368 1 
7 0.744681 0.049147 0.416245 0.003265 0.638011 0.339035 1 
7 0.765957 0.0662 0.400179 0.004408 0.615225 0.382895 1 
7 0.787234 0.057494 0.380393 0.003833 0.588037 0.373246 1 
7 0.808511 0.03891 0.380244 0.00259 0.527706 0.457895 1 
7 0.829787 0.046175 0.404641 0.003056 0.489125 0.48114 1 
7 0.851064 0.054011 0.389467 0.003562 0.486277 0.552632 1 
7 0.87234 0.049958 0.369533 0.003276 0.459606 0.577632 1 
7 0.893617 0.046385 0.381434 0.003031 0.423356 0.645614 1 
7 0.914894 0.036388 0.373847 0.002374 0.380114 0.696491 0 
7 0.93617 0.036808 0.37831 0.002389 0.354221 0.742544 0 
7 0.957447 0.035277 0.346623 0.00226 0.330399 0.764474 0 
7 0.978723 0.035817 0.320589 0.002275 0.3739 0.705702 0 
7 1 0.032545 0.270604 0.002052 0.349301 0.731579 0 
