3 0 0.056263 0.451503 0.003467 0.422915 0.414912 0 
3 0.021277 0.057644 0.432163 0.003467 0.422915 0.414912 0 
3 0.042553 0.056263 0.410295 0.003467 0.422915 0.414912 0 
3 0.06383 0.047286 0.356293 0.003467 0.422915 0.414912 0 
3 0.085106 0.067221 0.297233 0.003467 0.422915 0.414912 0 
3 0.106383 0.070914 0.253942 0.003467 0.422915 0.414912 0 
3 0.12766 0.067221 0.213776 0.003467 0.422915 0.414912 0 
3 0.148936 0.064519 0.19042 0.003467 0.422915 0.414912 0 
3 0.170213 0.064879 0.169295 0.003467 0.422915 0.414912 0 
3 0.191489 0.063108 0.162005 0.003467 0.422915 0.414912 0 
3 0.212766 0.063108 0.195031 0.003467 0.422915 0.414912 0 
3 0.234043 0.048487 0.226569 0.003467 0.422915 0.414912 0 
3 0.255319 0.051219 0.320887 0.003467 0.422915 0.414912 0 
3 0.276596 0.051219 0.401517 0.003467 0.422915 0.414912 0 
3 0.297872 0.047286 0.389616 0.003467 0.422915 0.414912 0 
3 0.319149 0.049928 0.441833 0.003467 0.422915 0.414912 0 
3 0.340426 0.057644 0.476198 0.003467 0.422915 0.414912 0 
3 0.361702 0.071995 0.481256 0.003467 0.422915 0.414912 0 
3 0.382979 0.074517 0.518001 0.003467 0.422915 0.414912 1 
3 0.404255 0.074517 0.530794 0.003467 0.422915 0.414912 1 
3 0.425532 0.073586 0.515174 0.003467 0.422915 0.414912 1 
3 0.446809 0.083584 0.501488 0.003467 0.422915 0.414912 1 
3 0.468085 0.071995 0.488396 0.003467 0.422915 0.414912 1 
3 0.489362 0.057644 0.481851 0.003467 0.422915 0.414912 0 
3 0.510638 0.071995 0.477239 0.003467 0.422915 0.414912 1 
3 0.531915 0.057644 0.464891 0.003467 0.422915 0.414912 0 
3 0.553191 0.05242 0.461024 0.003467 0.422915 0.414912 0 
3 0.574468 0.048487 0.458346 0.003467 0.422915 0.414912 0 
3 0.595745 0.048487 0.448527 0.003467 0.422915 0.414912 0 
3 0.617021 0.048487 0.442279 0.003467 0.422915 0.414912 0 
3 0.638298 0.048487 0.435138 0.003467 0.422915 0.414912 0 
3 0.659574 0.048487 0.435287 0.003467 0.422915 0.414912 0 
3 0.680851 0.048487 0.434097 0.003467 0.422915 0.414912 0 
3 0.702128 0.049928 0.438411 0.003467 0.422915 0.414912 0 
3 0.723404 0.048487 0.443469 0.003467 0.422915 0.414912 0 
3 0.744681 0.057644 0.47114 0.003467 0.422915 0.414912 0 
3 0.765957 0.083584 0.513389 0.003467 0.422915 0.414912 1 
3 0.787234 0.057644 0.531985 0.003467 0.422915 0.414912 0 
3 0.808511 0.059475 0.496281 0.003467 0.422915 0.414912 1 
3 0.829787 0.048487 0.46147 0.003467 0.422915 0.414912 0 
3 0.851064 0.057644 0.449271 0.003467 0.422915 0.414912 0 
3 0.87234 0.057644 0.423683 0.003467 0.422915 0.414912 0 
3 0.893617 0.048487 0.391401 0.003467 0.422915 0.414912 0 
3 0.914894 0.046445 0.356293 0.003467 0.422915 0.414912 0 
3 0.93617 0.074517 0.408807 0.003467 0.422915 0.414912 1 
3 0.957447 0.074517 0.436328 0.003467 0.422915 0.414912 1 
3 0.978723 0.057644 0.45299 0.003467 0.422915 0.414912 0 
3 1 0.051219 0.440791 0.003467 0.422915 0.414912 0 
