2 0 0.042752 0.244868 0.002869 0.326515 0.530702 1 
2 0.021277 0.043083 0.22047 0.002879 0.312015 0.506579 1 
2 0.042553 0.046235 0.188337 0.003101 0.377525 0.437719 1 
2 0.06383 0.043053 0.166171 0.002894 0.35448 0.497368 1 
2 0.085106 0.040861 0.140137 0.002727 0.311238 0.584211 0 
2 0.106383 0.029693 0.126748 0.001959 0.251942 0.579825 0 
2 0.12766 0.02612 0.124219 0.001718 0.212325 0.617105 0 
2 0.148936 0.024018 0.128682 0.001583 0.21854 0.617105 0 
2 0.170213 0.03933 0.164683 0.002599 0.227343 0.569298 0 
2 0.191489 0.057073 0.213181 0.003806 0.24262 0.52807 1 
2 0.212766 0.076528 0.291877 0.005201 0.301916 0.437281 1 
2 0.234043 0.097154 0.373252 0.006666 0.388659 0.359649 1 
2 0.255319 0.093041 0.398691 0.00651 0.513206 0.263596 1 
2 0.276596 0.119791 0.452693 0.008365 0.603573 0.229825 1 
2 0.297872 0.094992 0.476793 0.00668 0.551269 0.291228 1 
2 0.319149 0.122913 0.492711 0.008484 0.540653 0.280702 1 
2 0.340426 0.143269 0.540762 0.009848 0.550233 0.376316 1 
2 0.361702 0.129278 0.555489 0.008859 0.552563 0.317982 1 
2 0.382979 0.130569 0.550729 0.009011 0.548938 0.241228 1 
2 0.404255 0.106341 0.547605 0.00736 0.546608 0.275877 1 
2 0.425532 0.116398 0.545968 0.008043 0.550492 0.278947 1 
2 0.446809 0.111835 0.543142 0.007752 0.552563 0.266228 1 
2 0.468085 0.11877 0.534067 0.008218 0.546349 0.26886 1 
2 0.489362 0.146842 0.530943 0.010079 0.550492 0.257895 1 
2 0.510638 0.148253 0.53496 0.010172 0.562144 0.242105 1 
2 0.531915 0.146121 0.532877 0.010023 0.56059 0.240351 1 
2 0.553191 0.14438 0.53496 0.00989 0.576903 0.243421 1 
2 0.574468 0.125976 0.527819 0.00861 0.571983 0.199123 1 
2 0.595745 0.143509 0.525141 0.009699 0.561885 0.393421 1 
2 0.617021 0.127537 0.533472 0.008575 0.560073 0.360965 1 
2 0.638298 0.139276 0.542249 0.009356 0.562403 0.353509 1 
2 0.659574 0.146211 0.54701 0.009782 0.570689 0.383772 1 
2 0.680851 0.137144 0.541654 0.009221 0.569394 0.40307 1 
2 0.702128 0.129849 0.530943 0.008756 0.56318 0.382456 1 
2 0.723404 0.089948 0.506099 0.006086 0.512688 0.360088 1 
2 0.744681 0.059145 0.483338 0.003999 0.466857 0.378509 0 
2 0.765957 0.044224 0.454478 0.002981 0.423356 0.404386 0 
2 0.787234 0.044284 0.449122 0.002975 0.399275 0.4 0 
2 0.808511 0.05251 0.45537 0.00354 0.403418 0.369737 0 
2 0.829787 0.060916 0.445552 0.00413 0.439927 0.342544 0 
2 0.851064 0.047466 0.408956 0.003222 0.431124 0.342982 0 
2 0.87234 0.042873 0.364177 0.0029 0.400052 0.392544 0 
2 0.893617 0.049478 0.400922 0.003317 0.367426 0.483333 0 
2 0.914894 0.063558 0.414906 0.004242 0.324702 0.514035 0 
2 0.93617 0.069233 0.437965 0.004614 0.298809 0.53114 0 
2 0.957447 0.067431 0.460726 0.004518 0.288969 0.540351 0 
2 0.978723 0.124775 0.452395 0.008425 0.424133 0.483772 1 
2 1 0.091329 0.432609 0.006221 0.423615 0.434649 1 
