6 0 0.058575 0.566647 0.003781 0.517607 0.691667 0 
6 0.021277 0.05239 0.536596 0.003382 0.488607 0.684649 0 
6 0.042553 0.079801 0.522761 0.005199 0.545572 0.634649 0 
6 0.06383 0.076258 0.476495 0.00495 0.524081 0.639912 0 
6 0.085106 0.050528 0.41684 0.00327 0.483169 0.644298 0 
6 0.106383 0.045004 0.365219 0.002921 0.445365 0.667105 0 
6 0.12766 0.044734 0.315085 0.002896 0.404454 0.707895 0 
6 0.148936 0.03936 0.284885 0.002547 0.381926 0.732018 0 
6 0.170213 0.030833 0.263166 0.001955 0.353703 0.772368 0 
6 0.191489 0.02696 0.258852 0.001735 0.347488 0.764035 0 
6 0.212766 0.041492 0.282505 0.002663 0.358364 0.787719 0 
6 0.234043 0.044494 0.332193 0.002875 0.383221 0.764035 0 
6 0.255319 0.050408 0.43499 0.003305 0.467892 0.639035 0 
6 0.276596 0.066951 0.547605 0.004387 0.547126 0.590351 0 
6 0.297872 0.055692 0.591937 0.003691 0.600207 0.488158 0 
6 0.319149 0.093521 0.672865 0.006128 0.681512 0.571053 0 
6 0.340426 0.091029 0.701428 0.005881 0.727861 0.544298 0 
6 0.361702 0.095623 0.715263 0.006211 0.732004 0.542544 0 
6 0.382979 0.127747 0.770158 0.008282 0.741844 0.559211 1 
6 0.404255 0.140026 0.787861 0.009007 0.733299 0.579386 1 
6 0.425532 0.112766 0.784737 0.007235 0.683584 0.591228 1 
6 0.446809 0.133902 0.771794 0.008673 0.717763 0.574123 1 
6 0.468085 0.150174 0.757066 0.009676 0.704816 0.607456 1 
6 0.489362 0.155578 0.754389 0.009944 0.696271 0.657018 1 
6 0.510638 0.140357 0.751265 0.008884 0.659762 0.688158 1 
6 0.531915 0.140507 0.744273 0.008853 0.649146 0.713596 1 
6 0.553191 0.14414 0.737876 0.009096 0.669601 0.67807 1 
6 0.574468 0.130449 0.730437 0.008265 0.658208 0.718421 1 
6 0.595745 0.138525 0.740107 0.008727 0.635681 0.732456 1 
6 0.617021 0.127147 0.731181 0.008024 0.622734 0.701316 1 
6 0.638298 0.100937 0.720768 0.006383 0.605645 0.746053 0 
6 0.659574 0.112105 0.748735 0.007071 0.590886 0.785088 1 
6 0.680851 0.100216 0.778191 0.006323 0.587778 0.752193 0 
6 0.702128 0.095292 0.805861 0.006074 0.603573 0.735088 0 
6 0.723404 0.094542 0.831895 0.006088 0.629726 0.673246 0 
6 0.744681 0.112345 0.880244 0.007239 0.685396 0.598246 1 
6 0.765957 0.104509 0.867301 0.006739 0.717504 0.546053 0 
6 0.787234 0.095773 0.848408 0.006136 0.698602 0.592105 0 
6 0.808511 0.087667 0.801547 0.005644 0.650699 0.635526 0 
6 0.829787 0.07845 0.767777 0.005098 0.618591 0.654825 0 
6 0.851064 0.06599 0.733859 0.004294 0.580528 0.672807 0 
6 0.87234 0.066921 0.71199 0.004339 0.562144 0.661404 0 
6 0.893617 0.056293 0.667956 0.003641 0.520974 0.571053 0 
6 0.914894 0.061637 0.614549 0.004036 0.494045 0.589035 0 
6 0.93617 0.086766 0.638798 0.003752 0.470482 0.662719 0 
6 0.957447 0.086466 0.642368 0.004387 0.457535 0.706579 0 
6 0.978723 0.089498 0.620946 0.005748 0.542983 0.632895 1 
6 1 0.085625 0.600565 0.005498 0.531849 0.692982 0 
