3 0 0.037138 0.559952 0.002489 0.48291 0.685088 1 
3 0.021277 0.040591 0.550431 0.00273 0.461678 0.710526 1 
3 0.042553 0.043503 0.526927 0.002958 0.515277 0.598684 1 
3 0.06383 0.038429 0.480958 0.002619 0.484723 0.637719 1 
3 0.085106 0.033325 0.415948 0.002277 0.445624 0.563596 0 
3 0.106383 0.033205 0.368045 0.002266 0.39565 0.645614 0 
3 0.12766 0.033085 0.312705 0.002248 0.354738 0.705702 0 
3 0.148936 0.032635 0.277001 0.002198 0.324184 0.783333 0 
3 0.170213 0.030173 0.256323 0.002027 0.301139 0.796053 0 
3 0.191489 0.028552 0.252306 0.001915 0.285344 0.813158 0 
3 0.212766 0.028942 0.27834 0.00194 0.294407 0.789912 0 
3 0.234043 0.030893 0.332193 0.002081 0.316157 0.748684 0 
3 0.255319 0.031434 0.449717 0.002129 0.395132 0.710526 0 
3 0.276596 0.032124 0.579589 0.002156 0.475401 0.651316 0 
3 0.297872 0.031374 0.618715 0.002094 0.523045 0.639474 0 
3 0.319149 0.033806 0.695329 0.002235 0.590886 0.587281 0 
3 0.340426 0.033085 0.713776 0.002183 0.641119 0.548684 0 
3 0.361702 0.033025 0.694585 0.002185 0.653806 0.535088 0 
3 0.382979 0.033596 0.708718 0.002225 0.665976 0.503947 0 
3 0.404255 0.033175 0.709313 0.002204 0.660539 0.515789 0 
3 0.425532 0.040231 0.691312 0.002686 0.652771 0.484211 1 
3 0.446809 0.03978 0.659774 0.002688 0.642931 0.472807 1 
3 0.468085 0.033145 0.63612 0.002246 0.627395 0.469298 0 
3 0.489362 0.033025 0.616334 0.002233 0.62869 0.5 0 
3 0.510638 0.033025 0.605921 0.002225 0.604609 0.560526 0 
3 0.531915 0.033025 0.588367 0.002221 0.602538 0.538158 0 
3 0.553191 0.033085 0.575573 0.002225 0.627913 0.501316 0 
3 0.574468 0.033085 0.564118 0.002225 0.625324 0.508772 0 
3 0.595745 0.033115 0.552663 0.002221 0.615743 0.523246 0 
3 0.617021 0.033055 0.540018 0.00221 0.605386 0.548684 0 
3 0.638298 0.033025 0.530051 0.002202 0.577162 0.601316 0 
3 0.659574 0.033025 0.525885 0.002198 0.573019 0.588596 0 
3 0.680851 0.033085 0.564415 0.0022 0.561885 0.599123 0 
3 0.702128 0.033596 0.614847 0.002239 0.571983 0.59693 0 
3 0.723404 0.036027 0.699048 0.002372 0.611859 0.564474 1 
3 0.744681 0.038069 0.819399 0.00248 0.684619 0.535526 1 
3 0.765957 0.0399 0.855251 0.002603 0.699896 0.546053 1 
3 0.787234 0.041762 0.833383 0.002761 0.66261 0.590351 1 
3 0.808511 0.03915 0.801547 0.002615 0.619368 0.618421 1 
3 0.829787 0.040921 0.768224 0.002752 0.603832 0.606579 1 
3 0.851064 0.037438 0.74457 0.002522 0.57043 0.652193 1 
3 0.87234 0.035097 0.713478 0.002354 0.541947 0.680263 1 
3 0.893617 0.033205 0.665873 0.00221 0.511652 0.729386 0 
3 0.914894 0.033295 0.605326 0.002208 0.483687 0.767105 0 
3 0.93617 0.03933 0.626153 0.00258 0.451838 0.797807 1 
3 0.957447 0.037589 0.611128 0.002333 0.429829 0.795614 1 
3 0.978723 0.041191 0.601458 0.002424 0.509839 0.639474 1 
3 1 0.036778 0.589408 0.002459 0.508286 0.691667 1 
