6 0 0.07959 0.36269 0.003467 0.422915 0.414912 1 
6 0.021277 0.07836 0.301398 0.003467 0.422915 0.414912 1 
6 0.042553 0.048487 0.239215 0.003467 0.422915 0.414912 0 
6 0.06383 0.047526 0.197263 0.003467 0.422915 0.414912 0 
6 0.085106 0.047526 0.154567 0.003467 0.422915 0.414912 0 
6 0.106383 0.047526 0.123475 0.003467 0.422915 0.414912 0 
6 0.12766 0.047526 0.099375 0.003467 0.422915 0.414912 0 
6 0.148936 0.047526 0.092383 0.003467 0.422915 0.414912 0 
6 0.170213 0.068242 0.096846 0.003467 0.422915 0.414912 0 
6 0.191489 0.069983 0.106665 0.003467 0.422915 0.414912 0 
6 0.212766 0.069983 0.132996 0.003467 0.422915 0.414912 0 
6 0.234043 0.071364 0.163493 0.003467 0.422915 0.414912 0 
6 0.255319 0.071364 0.204255 0.003467 0.422915 0.414912 0 
6 0.276596 0.076318 0.2651 0.003467 0.422915 0.414912 1 
6 0.297872 0.089738 0.320292 0.003467 0.422915 0.414912 1 
6 0.319149 0.093101 0.355846 0.003467 0.422915 0.414912 1 
6 0.340426 0.093101 0.401517 0.003467 0.422915 0.414912 1 
6 0.361702 0.089888 0.417138 0.003467 0.422915 0.414912 1 
6 0.382979 0.088597 0.406575 0.003467 0.422915 0.414912 1 
6 0.404255 0.087937 0.386938 0.003467 0.422915 0.414912 1 
6 0.425532 0.07896 0.372954 0.003467 0.422915 0.414912 1 
6 0.446809 0.076318 0.369533 0.003467 0.422915 0.414912 1 
6 0.468085 0.076318 0.348408 0.003467 0.422915 0.414912 1 
6 0.489362 0.076318 0.340077 0.003467 0.422915 0.414912 1 
6 0.510638 0.074517 0.326242 0.003467 0.422915 0.414912 1 
6 0.531915 0.074517 0.310919 0.003467 0.422915 0.414912 1 
6 0.553191 0.057524 0.294258 0.003467 0.422915 0.414912 0 
6 0.574468 0.074517 0.287414 0.003467 0.422915 0.414912 1 
6 0.595745 0.057524 0.281166 0.003467 0.422915 0.414912 0 
6 0.617021 0.071364 0.282952 0.003467 0.422915 0.414912 1 
6 0.638298 0.074517 0.28072 0.003467 0.422915 0.414912 1 
6 0.659574 0.071364 0.283398 0.003467 0.422915 0.414912 1 
6 0.680851 0.074517 0.272538 0.003467 0.422915 0.414912 1 
6 0.702128 0.076318 0.291877 0.003467 0.422915 0.414912 1 
6 0.723404 0.07896 0.298126 0.003467 0.422915 0.414912 1 
6 0.744681 0.083283 0.308985 0.003467 0.422915 0.414912 1 
6 0.765957 0.083283 0.305713 0.003467 0.422915 0.414912 1 
6 0.787234 0.076318 0.330705 0.003467 0.422915 0.414912 1 
6 0.808511 0.07896 0.333085 0.003467 0.422915 0.414912 1 
6 0.829787 0.075177 0.323862 0.003467 0.422915 0.414912 1 
6 0.851064 0.076318 0.301696 0.003467 0.422915 0.414912 1 
6 0.87234 0.074517 0.271794 0.003467 0.422915 0.414912 1 
6 0.893617 0.074517 0.286224 0.003467 0.422915 0.414912 1 
6 0.914894 0.074517 0.294704 0.003467 0.422915 0.414912 1 
6 0.93617 0.087937 0.308093 0.003467 0.422915 0.414912 1 
6 0.957447 0.076318 0.290092 0.003467 0.422915 0.414912 1 
6 0.978723 0.050498 0.280571 0.003467 0.422915 0.414912 0 
6 1 0.050498 0.23981 0.003467 0.422915 0.414912 0 
