5 0 0.027771 0.358227 0.001674 0.373123 0.85 0 
5 0.021277 0.025249 0.309729 0.00112 0.338426 0.842544 0 
5 0.042553 0.025489 0.253198 0.001413 0.399793 0.767982 0 
5 0.06383 0.024709 0.226421 0.000868 0.367685 0.772368 0 
5 0.085106 0.024138 0.195924 0.000841 0.318229 0.798684 0 
5 0.106383 0.016332 0.186105 0.000841 0.282496 0.886404 0 
5 0.12766 0.018284 0.182535 0.000841 0.276541 0.886404 0 
5 0.148936 0.021466 0.192205 0.000841 0.271621 0.886404 0 
5 0.170213 0.028822 0.225082 0.001674 0.28146 0.825877 0 
5 0.191489 0.035097 0.259298 0.001674 0.301139 0.817105 0 
5 0.212766 0.044013 0.339185 0.001996 0.351113 0.825 0 
5 0.234043 0.035517 0.416989 0.001674 0.425427 0.804386 0 
5 0.255319 0.034856 0.458494 0.002206 0.51942 0.625439 0 
5 0.276596 0.030203 0.522166 0.001984 0.600207 0.582895 0 
5 0.297872 0.028522 0.564713 0.001863 0.573278 0.635526 0 
5 0.319149 0.028041 0.592234 0.00182 0.580787 0.639912 0 
5 0.340426 0.035877 0.648021 0.002331 0.596064 0.613596 0 
5 0.361702 0.049237 0.668402 0.00323 0.606422 0.414035 1 
5 0.382979 0.032034 0.666617 0.002117 0.614448 0.465789 0 
5 0.404255 0.030623 0.666468 0.002011 0.632315 0.565789 0 
5 0.425532 0.033866 0.67108 0.002214 0.665976 0.514035 0 
5 0.446809 0.033566 0.675394 0.002198 0.683325 0.50614 0 
5 0.468085 0.037619 0.676733 0.002474 0.68436 0.416228 0 
5 0.489362 0.038279 0.687444 0.002534 0.691352 0.374123 0 
5 0.510638 0.061337 0.698304 0.004063 0.722165 0.352632 1 
5 0.531915 0.072445 0.697709 0.004811 0.731227 0.259649 1 
5 0.553191 0.057464 0.697114 0.003849 0.741585 0.206579 1 
5 0.574468 0.060796 0.696073 0.004067 0.748835 0.20307 1 
5 0.595745 0.056143 0.70366 0.003764 0.743915 0.169298 1 
5 0.617021 0.051399 0.719875 0.003442 0.751165 0.150877 1 
5 0.638298 0.104179 0.737876 0.007015 0.763076 0.16886 1 
5 0.659574 0.064639 0.741446 0.004371 0.738736 0.209211 1 
5 0.680851 0.046776 0.717941 0.003164 0.737183 0.139474 1 
5 0.702128 0.037048 0.715561 0.002493 0.712584 0.191667 0 
5 0.723404 0.043113 0.684618 0.002904 0.647851 0.293421 1 
5 0.744681 0.028612 0.646087 0.001907 0.576903 0.432456 0 
5 0.765957 0.026991 0.604582 0.001749 0.521491 0.600439 0 
5 0.787234 0.028161 0.589705 0.001803 0.482134 0.618421 0 
5 0.808511 0.028522 0.599078 0.00183 0.4855 0.619298 0 
5 0.829787 0.028402 0.598185 0.001824 0.491973 0.601316 0 
5 0.851064 0.029422 0.556084 0.001907 0.472294 0.603509 0 
5 0.87234 0.034166 0.502083 0.002233 0.442258 0.589474 0 
5 0.893617 0.072955 0.51681 0.004821 0.401605 0.603509 1 
5 0.914894 0.037288 0.505207 0.002497 0.357846 0.695614 0 
5 0.93617 0.040201 0.503124 0.002673 0.341792 0.750439 1 
5 0.957447 0.031734 0.484677 0.002094 0.325479 0.804386 0 
5 0.978723 0.037619 0.463106 0.002489 0.407302 0.676754 0 
5 1 0.028942 0.427105 0.001965 0.406266 0.803947 0 
