3 0 0.061787 0.48557 0.004167 0.396427 0.546053 1 
3 0.021277 0.051249 0.468462 0.003446 0.36406 0.567105 0 
3 0.042553 0.060436 0.440345 0.004073 0.4174 0.470175 0 
3 0.06383 0.049207 0.38798 0.003322 0.382703 0.527632 0 
3 0.085106 0.044884 0.329217 0.003004 0.336613 0.607895 0 
3 0.106383 0.043353 0.283398 0.002875 0.292853 0.699123 0 
3 0.12766 0.041341 0.234752 0.002705 0.255567 0.743421 0 
3 0.148936 0.041251 0.205891 0.002671 0.223977 0.758333 0 
3 0.170213 0.042242 0.192651 0.002619 0.205334 0.743421 0 
3 0.191489 0.034286 0.193395 0.002223 0.191093 0.763158 0 
3 0.212766 0.03906 0.220024 0.002464 0.200673 0.757456 0 
3 0.234043 0.041582 0.265695 0.002692 0.232263 0.74693 0 
3 0.255319 0.043803 0.367301 0.002862 0.305282 0.732895 0 
3 0.276596 0.046445 0.4759 0.003099 0.389436 0.592105 0 
3 0.297872 0.049057 0.48795 0.003301 0.445883 0.505702 0 
3 0.319149 0.047916 0.559506 0.003238 0.51217 0.481579 0 
3 0.340426 0.057434 0.571705 0.003745 0.553858 0.42193 0 
3 0.361702 0.067822 0.567242 0.004603 0.554376 0.400877 1 
3 0.382979 0.085925 0.597739 0.005683 0.564992 0.467544 1 
3 0.404255 0.059595 0.60235 0.004038 0.555153 0.415351 0 
3 0.425532 0.072085 0.590598 0.004938 0.54609 0.467105 1 
3 0.446809 0.066831 0.569325 0.004557 0.542206 0.403509 1 
3 0.468085 0.061066 0.554448 0.004254 0.538063 0.371053 1 
3 0.489362 0.055542 0.54091 0.00381 0.534179 0.375439 0 
3 0.510638 0.051729 0.527373 0.003548 0.520197 0.402193 0 
3 0.531915 0.05239 0.516513 0.003562 0.519679 0.397807 0 
3 0.553191 0.058965 0.512645 0.00403 0.537286 0.363596 0 
3 0.574468 0.075267 0.512645 0.005147 0.545831 0.356579 1 
3 0.595745 0.057854 0.509819 0.003965 0.532885 0.410965 0 
3 0.617021 0.054491 0.498512 0.003729 0.522786 0.382018 0 
3 0.638298 0.05287 0.49762 0.003616 0.506473 0.403947 0 
3 0.659574 0.051789 0.506843 0.003525 0.475919 0.433772 0 
3 0.680851 0.068062 0.533621 0.004632 0.516572 0.490789 1 
3 0.702128 0.070764 0.579887 0.004798 0.540135 0.528509 1 
3 0.723404 0.083764 0.659625 0.005629 0.602796 0.457456 1 
3 0.744681 0.095623 0.718239 0.00641 0.665717 0.448246 1 
3 0.765957 0.09184 0.705445 0.006344 0.654065 0.442982 1 
3 0.787234 0.075417 0.674502 0.005085 0.603055 0.45614 1 
3 0.808511 0.058514 0.634781 0.00397 0.560849 0.387719 0 
3 0.829787 0.059835 0.602053 0.004078 0.535474 0.413596 1 
3 0.851064 0.053441 0.578399 0.003641 0.503107 0.419298 0 
3 0.87234 0.069683 0.559209 0.004732 0.479026 0.459649 1 
3 0.893617 0.05212 0.515918 0.003558 0.436561 0.488158 0 
3 0.914894 0.053471 0.472776 0.003614 0.404972 0.530263 0 
3 0.93617 0.053711 0.515918 0.003619 0.39073 0.580263 0 
3 0.957447 0.048127 0.516513 0.003247 0.375971 0.565351 0 
3 0.978723 0.053501 0.520678 0.003635 0.456758 0.436404 0 
3 1 0.055302 0.51562 0.003787 0.444847 0.483333 0 
