1 0 0.031254 0.391848 0.001946 0.374417 0.725439 1 
1 0.021277 0.030353 0.348557 0.000931 0.34231 0.681579 1 
1 0.042553 0.027021 0.31568 0.001793 0.388141 0.657895 0 
1 0.06383 0.026991 0.272984 0.001348 0.356033 0.687719 0 
1 0.085106 0.02594 0.228801 0.001626 0.322372 0.7 0 
1 0.106383 0.042452 0.194882 0.001103 0.282237 0.7 1 
1 0.12766 0.03915 0.164237 0.000953 0.24029 0.7 1 
1 0.148936 0.030833 0.138054 0.000908 0.205334 0.7 1 
1 0.170213 0.02693 0.126599 0.000862 0.175039 0.74386 0 
1 0.191489 0.0133 0.119458 0.000885 0.153288 0.813158 0 
1 0.212766 0.01369 0.122731 0.000908 0.13827 0.814912 0 
1 0.234043 0.014741 0.132699 0.000976 0.133868 0.815351 0 
1 0.255319 0.017924 0.159774 0.001111 0.140601 0.883772 0 
1 0.276596 0.022727 0.180899 0.001491 0.148887 0.884649 0 
1 0.297872 0.028281 0.221511 0.000976 0.122475 0.888596 0 
1 0.319149 0.024829 0.286076 0.001103 0.139047 0.888596 0 
1 0.340426 0.030893 0.344838 0.001481 0.17478 0.735088 1 
1 0.361702 0.032094 0.392889 0.00211 0.191869 0.749561 1 
1 0.382979 0.032725 0.428295 0.00214 0.212066 0.740789 1 
1 0.404255 0.032755 0.44094 0.00214 0.224236 0.732018 1 
1 0.425532 0.032755 0.425766 0.00214 0.229156 0.732018 1 
1 0.446809 0.032725 0.410741 0.00214 0.236406 0.723246 1 
1 0.468085 0.032575 0.391401 0.00214 0.23537 0.722807 1 
1 0.489362 0.031914 0.375335 0.0021 0.243138 0.721491 1 
1 0.510638 0.031464 0.352127 0.001992 0.249612 0.708772 1 
1 0.531915 0.030713 0.338887 0.001732 0.249353 0.708772 1 
1 0.553191 0.028462 0.314639 0.001589 0.258674 0.72193 1 
1 0.574468 0.02603 0.294853 0.001365 0.249612 0.72193 0 
1 0.595745 0.025489 0.279232 0.001074 0.24521 0.72193 0 
1 0.617021 0.024589 0.267629 0.000976 0.243915 0.704386 0 
1 0.638298 0.024168 0.265992 0.000976 0.24521 0.704386 0 
1 0.659574 0.024168 0.269265 0.000976 0.244951 0.708772 0 
1 0.680851 0.024168 0.275811 0.000976 0.258933 0.708772 0 
1 0.702128 0.025609 0.297977 0.001365 0.280166 0.708772 0 
1 0.723404 0.02609 0.334127 0.001749 0.334801 0.661404 0 
1 0.744681 0.030023 0.442279 0.001998 0.39565 0.678947 1 
1 0.765957 0.032755 0.511009 0.002148 0.453133 0.67193 1 
1 0.787234 0.032425 0.502678 0.002131 0.45391 0.695614 1 
1 0.808511 0.032245 0.477536 0.002127 0.435008 0.710088 1 
1 0.829787 0.032485 0.451205 0.002158 0.420508 0.696491 1 
1 0.851064 0.032395 0.439453 0.002192 0.412998 0.729825 1 
1 0.87234 0.032695 0.430675 0.00215 0.395909 0.740789 1 
1 0.893617 0.031464 0.396013 0.001824 0.35914 0.74386 1 
1 0.914894 0.028852 0.36388 0.001589 0.338685 0.74386 1 
1 0.93617 0.030383 0.385153 0.001743 0.324702 0.762719 1 
1 0.957447 0.031884 0.390806 0.002094 0.331952 0.742105 1 
1 0.978723 0.032605 0.394972 0.002167 0.402382 0.671053 1 
1 1 0.031854 0.377566 0.002113 0.406266 0.702632 1 
