7 0 0.054912 0.410741 0.00372 0.441222 0.464474 0 
7 0.021277 0.048127 0.396013 0.003234 0.393837 0.483772 0 
7 0.042553 0.055152 0.363731 0.003716 0.438115 0.410088 0 
7 0.06383 0.048037 0.312258 0.003226 0.406266 0.484649 0 
7 0.085106 0.043083 0.250223 0.002877 0.353185 0.50614 0 
7 0.106383 0.042542 0.211098 0.002829 0.301139 0.583333 0 
7 0.12766 0.029212 0.172419 0.001926 0.249871 0.627632 0 
7 0.148936 0.020506 0.141029 0.001344 0.220093 0.683772 0 
7 0.170213 0.02594 0.130021 0.001689 0.204298 0.719298 0 
7 0.191489 0.02567 0.110681 0.001672 0.187727 0.709211 0 
7 0.212766 0.02594 0.120946 0.001685 0.174003 0.754386 0 
7 0.234043 0.025519 0.138054 0.001653 0.171414 0.752632 0 
7 0.255319 0.033085 0.181642 0.002154 0.210772 0.673684 0 
7 0.276596 0.036988 0.228057 0.00242 0.237442 0.67193 0 
7 0.297872 0.034046 0.259447 0.002225 0.249612 0.690789 0 
7 0.319149 0.043863 0.321928 0.002881 0.28146 0.699561 0 
7 0.340426 0.042993 0.369682 0.00284 0.315122 0.637281 0 
7 0.361702 0.057584 0.396906 0.003828 0.332729 0.613158 0 
7 0.382979 0.063468 0.434395 0.004215 0.356033 0.65 1 
7 0.404255 0.047676 0.445998 0.003155 0.363542 0.648246 0 
7 0.425532 0.042452 0.429188 0.002808 0.368203 0.622807 0 
7 0.446809 0.043143 0.412377 0.002856 0.367426 0.616228 0 
7 0.468085 0.043323 0.400476 0.002871 0.356292 0.588158 0 
7 0.489362 0.042512 0.389021 0.002827 0.362248 0.574123 0 
7 0.510638 0.043533 0.381583 0.002896 0.351631 0.56886 0 
7 0.531915 0.043053 0.361797 0.002871 0.348006 0.542544 0 
7 0.553191 0.041792 0.346772 0.002786 0.339202 0.582895 0 
7 0.574468 0.040231 0.335317 0.002667 0.333247 0.594298 0 
7 0.595745 0.041822 0.324755 0.002773 0.322631 0.557456 0 
7 0.617021 0.042813 0.32773 0.002854 0.323666 0.506579 0 
7 0.638298 0.043233 0.328325 0.002898 0.31072 0.489912 0 
7 0.659574 0.042813 0.324457 0.002871 0.3058 0.490789 0 
7 0.680851 0.041942 0.326688 0.002819 0.314863 0.461842 0 
7 0.702128 0.042752 0.329069 0.002885 0.325997 0.460526 1 
7 0.723404 0.041762 0.327581 0.002823 0.332988 0.474561 0 
7 0.744681 0.042122 0.349598 0.002856 0.331693 0.510088 0 
7 0.765957 0.043323 0.382475 0.002904 0.340756 0.549561 1 
7 0.787234 0.044164 0.429783 0.002935 0.34697 0.574561 1 
7 0.808511 0.050588 0.422196 0.003369 0.395132 0.509211 1 
7 0.829787 0.044794 0.390658 0.003018 0.386328 0.450877 1 
7 0.851064 0.042783 0.375781 0.002896 0.361212 0.440351 1 
7 0.87234 0.041251 0.351235 0.002786 0.336613 0.497807 0 
7 0.893617 0.041942 0.329961 0.002821 0.315898 0.493421 0 
7 0.914894 0.036147 0.309729 0.002424 0.289487 0.505702 0 
7 0.93617 0.042602 0.329515 0.002848 0.287675 0.575877 0 
7 0.957447 0.043923 0.344094 0.002919 0.292595 0.547807 1 
7 0.978723 0.056863 0.342309 0.003814 0.397721 0.430263 1 
7 1 0.048247 0.319845 0.003251 0.396945 0.478947 1 
