5 0 0.042362 0.563225 0.002804 0.49275 0.511842 1 
5 0.021277 0.040531 0.54701 0.00268 0.467374 0.560088 0 
5 0.042553 0.048006 0.516067 0.003195 0.515795 0.389912 1 
5 0.06383 0.040741 0.470544 0.002727 0.483946 0.459649 0 
5 0.085106 0.042963 0.418923 0.002856 0.444588 0.535088 1 
5 0.106383 0.040561 0.369682 0.002684 0.400311 0.600877 0 
5 0.12766 0.040201 0.318655 0.00264 0.354997 0.683333 0 
5 0.148936 0.037649 0.278191 0.00247 0.319524 0.697368 0 
5 0.170213 0.03921 0.258256 0.002563 0.298291 0.721053 0 
5 0.191489 0.032845 0.251265 0.002142 0.28638 0.752632 0 
5 0.212766 0.036117 0.278042 0.002356 0.291818 0.746053 0 
5 0.234043 0.03954 0.325052 0.002586 0.315381 0.700439 0 
5 0.255319 0.040321 0.428295 0.002669 0.384516 0.57193 0 
5 0.276596 0.040261 0.510265 0.002678 0.44899 0.498684 0 
5 0.297872 0.03966 0.535555 0.002613 0.483946 0.560088 0 
5 0.319149 0.04005 0.626153 0.002615 0.559555 0.530263 0 
5 0.340426 0.040861 0.683576 0.002653 0.617556 0.436842 0 
5 0.361702 0.040711 0.697114 0.002642 0.648887 0.474123 0 
5 0.382979 0.041462 0.734752 0.002688 0.663905 0.427632 0 
5 0.404255 0.041762 0.738024 0.00273 0.657949 0.437281 0 
5 0.425532 0.041612 0.711395 0.00274 0.636717 0.449561 0 
5 0.446809 0.042032 0.687147 0.002781 0.625842 0.451754 0 
5 0.468085 0.042182 0.665129 0.002802 0.61419 0.446053 1 
5 0.489362 0.042032 0.647575 0.002806 0.601502 0.382895 1 
5 0.510638 0.041612 0.631657 0.002786 0.583635 0.358333 0 
5 0.531915 0.040891 0.617971 0.00273 0.579492 0.375439 0 
5 0.553191 0.041912 0.603094 0.002779 0.607198 0.341667 1 
5 0.574468 0.040891 0.592681 0.002794 0.605386 0.348684 0 
5 0.595745 0.041041 0.581375 0.002759 0.59477 0.349123 0 
5 0.617021 0.041341 0.580184 0.002752 0.579234 0.380702 0 
5 0.638298 0.041041 0.574383 0.00273 0.56784 0.410526 0 
5 0.659574 0.041041 0.578697 0.002727 0.565251 0.402193 0 
5 0.680851 0.040861 0.599078 0.002703 0.560073 0.449123 0 
5 0.702128 0.041161 0.649658 0.002705 0.58001 0.489912 0 
5 0.723404 0.046325 0.741446 0.003022 0.636458 0.434211 1 
5 0.744681 0.106761 0.830259 0.007023 0.707405 0.419298 1 
5 0.765957 0.059475 0.837846 0.003978 0.697566 0.386842 1 
5 0.787234 0.041401 0.815234 0.002742 0.66028 0.49693 0 
5 0.808511 0.041612 0.782803 0.00273 0.616261 0.544737 0 
5 0.829787 0.05299 0.757215 0.003486 0.582859 0.516667 1 
5 0.851064 0.083073 0.739363 0.005521 0.56059 0.550877 1 
5 0.87234 0.069173 0.709015 0.00462 0.528224 0.500877 1 
5 0.893617 0.041341 0.66141 0.00275 0.490419 0.517982 0 
5 0.914894 0.040771 0.605772 0.00269 0.469705 0.557895 0 
5 0.93617 0.043023 0.640732 0.002819 0.452874 0.597368 0 
5 0.957447 0.042272 0.643261 0.002775 0.439669 0.591228 0 
5 0.978723 0.05218 0.625855 0.00344 0.527706 0.424123 1 
5 1 0.041131 0.600119 0.002738 0.515536 0.499123 0 
