2 0 0.028462 0.237578 0.000837 0.252719 0.758333 1 
2 0.021277 0.028462 0.20961 0.000827 0.233299 0.753947 1 
2 0.042553 0.028462 0.179857 0.001236 0.302434 0.789035 1 
2 0.06383 0.028462 0.159328 0.000841 0.296479 0.784649 1 
2 0.085106 0.024739 0.13731 0.000841 0.26204 0.815351 0 
2 0.106383 0.023958 0.129128 0.000841 0.238477 0.841667 0 
2 0.12766 0.024739 0.133591 0.000841 0.221388 0.841667 0 
2 0.148936 0.02609 0.144154 0.000841 0.216727 0.841667 0 
2 0.170213 0.025369 0.172716 0.000841 0.227602 0.857018 0 
2 0.191489 0.029753 0.220173 0.001406 0.249094 0.857018 1 
2 0.212766 0.028041 0.299762 0.001413 0.308131 0.830263 0 
2 0.234043 0.032905 0.376376 0.002019 0.377525 0.739035 1 
2 0.255319 0.028402 0.40717 0.001778 0.483946 0.603509 0 
2 0.276596 0.030863 0.468164 0.001953 0.556447 0.555263 1 
2 0.297872 0.028822 0.495686 0.001824 0.520974 0.634649 1 
2 0.319149 0.029182 0.512645 0.001838 0.50492 0.614912 1 
2 0.340426 0.033746 0.567688 0.002144 0.515795 0.706579 1 
2 0.361702 0.034826 0.588218 0.002214 0.515795 0.70307 1 
2 0.382979 0.03909 0.588962 0.002484 0.51709 0.707456 1 
2 0.404255 0.035787 0.582565 0.002277 0.512947 0.700439 1 
2 0.425532 0.038369 0.580928 0.002447 0.524081 0.684649 1 
2 0.446809 0.030984 0.581672 0.001971 0.490937 0.705702 1 
2 0.468085 0.030924 0.576763 0.001944 0.450026 0.737719 1 
2 0.489362 0.032605 0.588367 0.002002 0.482393 0.747368 1 
2 0.510638 0.031884 0.59402 0.002017 0.530813 0.716228 1 
2 0.531915 0.033145 0.590301 0.0021 0.525634 0.722368 1 
2 0.553191 0.030863 0.587325 0.001955 0.527447 0.681579 1 
2 0.574468 0.030413 0.560547 0.001926 0.528224 0.628947 1 
2 0.595745 0.030203 0.570366 0.001813 0.511652 0.658333 1 
2 0.617021 0.030233 0.576168 0.001882 0.508545 0.648684 1 
2 0.638298 0.030984 0.576317 0.001955 0.516572 0.669737 1 
2 0.659574 0.030893 0.578846 0.001955 0.528742 0.657895 1 
2 0.680851 0.029452 0.564862 0.00187 0.529259 0.609649 0 
2 0.702128 0.028702 0.552514 0.001818 0.518643 0.645175 0 
2 0.723404 0.028161 0.513686 0.001612 0.465044 0.680263 0 
2 0.744681 0.028161 0.498959 0.001608 0.416882 0.680263 0 
2 0.765957 0.028161 0.48319 0.001572 0.392543 0.680263 0 
2 0.787234 0.028161 0.499256 0.001585 0.407561 0.680263 0 
2 0.808511 0.027651 0.485867 0.001774 0.433454 0.648246 0 
2 0.829787 0.026 0.462511 0.001691 0.427758 0.671491 0 
2 0.851064 0.024649 0.430527 0.000893 0.404972 0.664912 0 
2 0.87234 0.023868 0.386046 0.00097 0.368462 0.664912 0 
2 0.893617 0.024919 0.406724 0.000831 0.324184 0.664912 0 
2 0.914894 0.024829 0.411782 0.000821 0.285862 0.664912 0 
2 0.93617 0.02654 0.436775 0.000821 0.270844 0.664912 0 
2 0.957447 0.028221 0.440048 0.000821 0.259451 0.664912 0 
2 0.978723 0.028161 0.4277 0.000858 0.352926 0.664912 0 
2 1 0.028161 0.394674 0.00085 0.363024 0.664912 0 
