3 0 0.031134 0.475602 0.002067 0.407561 0.458333 0 
3 0.021277 0.031134 0.460726 0.002077 0.382444 0.489035 1 
3 0.042553 0.031134 0.425766 0.002088 0.440704 0.399561 1 
3 0.06383 0.031134 0.378012 0.002081 0.410668 0.46886 1 
3 0.085106 0.031134 0.317614 0.002077 0.37131 0.471491 1 
3 0.106383 0.030623 0.272389 0.002059 0.325997 0.530263 0 
3 0.12766 0.029723 0.22404 0.001996 0.294925 0.564035 0 
3 0.148936 0.027021 0.200982 0.001807 0.264889 0.605702 0 
3 0.170213 0.02636 0.182237 0.001757 0.243656 0.635526 0 
3 0.191489 0.0266 0.186998 0.001772 0.234076 0.659649 0 
3 0.212766 0.027021 0.216156 0.001803 0.245728 0.62193 0 
3 0.234043 0.027771 0.258703 0.001818 0.269808 0.587281 0 
3 0.255319 0.029542 0.352276 0.001984 0.330658 0.490351 0 
3 0.276596 0.029422 0.428444 0.001959 0.391507 0.453947 0 
3 0.297872 0.029152 0.404344 0.001934 0.416882 0.423684 0 
3 0.319149 0.029723 0.450164 0.001971 0.47333 0.326316 0 
3 0.340426 0.030353 0.484677 0.002034 0.522009 0.387719 0 
3 0.361702 0.030833 0.492115 0.002071 0.532885 0.377193 0 
3 0.382979 0.031524 0.518001 0.002121 0.534179 0.375 1 
3 0.404255 0.031524 0.526629 0.002121 0.520197 0.415789 1 
3 0.425532 0.029933 0.509967 0.002009 0.507768 0.370614 0 
3 0.446809 0.029783 0.48557 0.001992 0.498446 0.322807 0 
3 0.468085 0.029723 0.471883 0.001986 0.486535 0.363596 0 
3 0.489362 0.029723 0.465784 0.001984 0.477214 0.376754 0 
3 0.510638 0.029482 0.462809 0.001967 0.462455 0.401754 0 
3 0.531915 0.029572 0.447486 0.001973 0.459606 0.325877 0 
3 0.553191 0.029723 0.45299 0.00199 0.470741 0.283333 0 
3 0.574468 0.029482 0.441684 0.001975 0.467633 0.289912 0 
3 0.595745 0.029663 0.437072 0.001984 0.459089 0.319737 0 
3 0.617021 0.029422 0.423386 0.001975 0.446919 0.34386 0 
3 0.638298 0.029753 0.425617 0.002019 0.434231 0.381579 0 
3 0.659574 0.029572 0.427254 0.002017 0.430347 0.412281 0 
3 0.680851 0.029542 0.428741 0.002015 0.431124 0.4 0 
3 0.702128 0.029723 0.434841 0.002032 0.435785 0.386404 0 
3 0.723404 0.029452 0.443172 0.002007 0.444847 0.448684 0 
3 0.744681 0.029242 0.47233 0.001965 0.453651 0.395614 0 
3 0.765957 0.029783 0.53258 0.00199 0.465303 0.447368 0 
3 0.787234 0.029753 0.5482 0.002007 0.50492 0.409211 0 
3 0.808511 0.030023 0.521422 0.002029 0.509581 0.425439 1 
3 0.829787 0.029542 0.480363 0.00198 0.4855 0.37807 0 
3 0.851064 0.029242 0.461767 0.001951 0.460383 0.416228 0 
3 0.87234 0.029332 0.445106 0.001955 0.44174 0.362281 0 
3 0.893617 0.028852 0.412229 0.001934 0.414293 0.410526 0 
3 0.914894 0.028852 0.380839 0.001942 0.394873 0.432018 0 
3 0.93617 0.028852 0.427254 0.001926 0.377007 0.464912 0 
3 0.957447 0.028852 0.447486 0.001907 0.355515 0.497368 0 
3 0.978723 0.029663 0.457899 0.001971 0.444847 0.317544 1 
3 1 0.029663 0.461916 0.001975 0.435008 0.383772 1 
