2 0 0.029092 0.234752 0.001928 0.233558 0.445175 0 
2 0.021277 0.028161 0.205296 0.001867 0.212584 0.442544 0 
2 0.042553 0.038189 0.179857 0.002549 0.282755 0.317544 1 
2 0.06383 0.030323 0.148765 0.002021 0.260487 0.37807 1 
2 0.085106 0.02678 0.123326 0.001778 0.221388 0.441667 0 
2 0.106383 0.02621 0.108896 0.001737 0.180735 0.492982 0 
2 0.12766 0.02597 0.110235 0.001714 0.157431 0.558772 0 
2 0.148936 0.025339 0.112615 0.001666 0.142672 0.545614 0 
2 0.170213 0.025459 0.145492 0.001676 0.143708 0.553509 0 
2 0.191489 0.025639 0.187444 0.001691 0.147333 0.555263 0 
2 0.212766 0.028462 0.256918 0.00188 0.186691 0.529825 0 
2 0.234043 0.028732 0.338441 0.001913 0.24029 0.416667 0 
2 0.255319 0.028612 0.360309 0.001917 0.309684 0.370614 0 
2 0.276596 0.037949 0.428741 0.00258 0.38115 0.305702 1 
2 0.297872 0.029753 0.44823 0.002 0.347747 0.438158 1 
2 0.319149 0.030323 0.457453 0.00205 0.348006 0.42807 1 
2 0.340426 0.048457 0.509967 0.003259 0.350854 0.447807 1 
2 0.361702 0.053681 0.527819 0.003583 0.34464 0.491667 1 
2 0.382979 0.054461 0.522464 0.003627 0.338167 0.477193 1 
2 0.404255 0.047466 0.515472 0.00317 0.331434 0.475877 1 
2 0.425532 0.040741 0.507289 0.002742 0.326774 0.480263 1 
2 0.446809 0.036177 0.508182 0.002441 0.319006 0.471053 1 
2 0.468085 0.031314 0.501636 0.002113 0.311497 0.498246 0 
2 0.489362 0.030323 0.497322 0.002042 0.304764 0.500877 0 
2 0.510638 0.034646 0.500298 0.002339 0.308389 0.459211 1 
2 0.531915 0.032034 0.492115 0.002162 0.308131 0.480702 0 
2 0.553191 0.030143 0.471288 0.002032 0.312273 0.458333 0 
2 0.574468 0.029182 0.469057 0.001961 0.296737 0.508772 0 
2 0.595745 0.029182 0.458494 0.001959 0.295184 0.504386 0 
2 0.617021 0.029182 0.464891 0.001959 0.296737 0.482895 0 
2 0.638298 0.029753 0.469206 0.002 0.301916 0.489912 0 
2 0.659574 0.030563 0.474264 0.002061 0.315381 0.438596 0 
2 0.680851 0.028822 0.464891 0.001938 0.318747 0.44693 0 
2 0.702128 0.029182 0.470693 0.001969 0.325738 0.456579 0 
2 0.723404 0.028011 0.447635 0.00188 0.303211 0.491228 0 
2 0.744681 0.027981 0.437667 0.001882 0.276541 0.534649 0 
2 0.765957 0.028041 0.428741 0.001897 0.257121 0.515789 0 
2 0.787234 0.028011 0.428295 0.001894 0.256603 0.502193 0 
2 0.808511 0.028432 0.431717 0.001932 0.285344 0.439035 0 
2 0.829787 0.027921 0.415948 0.001899 0.290005 0.446491 0 
2 0.851064 0.028011 0.385153 0.001894 0.275505 0.462719 0 
2 0.87234 0.027951 0.355846 0.001886 0.248576 0.453509 0 
2 0.893617 0.028432 0.390806 0.001915 0.215432 0.52193 0 
2 0.914894 0.027411 0.39765 0.001843 0.182807 0.582018 0 
2 0.93617 0.028011 0.421601 0.00188 0.171414 0.597807 0 
2 0.957447 0.028372 0.430229 0.001901 0.172967 0.567982 0 
2 0.978723 0.029182 0.428444 0.001971 0.271103 0.440351 0 
2 1 0.028912 0.408509 0.001961 0.28146 0.462281 0 
