3 0 0.048727 0.43618 0.003203 0.361989 0.62193 1 
3 0.021277 0.045995 0.380393 0.003024 0.319524 0.603509 0 
3 0.042553 0.051909 0.328027 0.003411 0.381926 0.610965 1 
3 0.06383 0.044914 0.277298 0.002943 0.346712 0.663158 0 
3 0.085106 0.041492 0.224784 0.002694 0.302434 0.75307 0 
3 0.106383 0.041702 0.197709 0.002678 0.262299 0.755702 0 
3 0.12766 0.027921 0.180006 0.001791 0.227343 0.796053 0 
3 0.148936 0.030833 0.17346 0.001978 0.212325 0.805702 0 
3 0.170213 0.035697 0.200387 0.002287 0.197566 0.793421 0 
3 0.191489 0.03888 0.246058 0.002484 0.192905 0.85 0 
3 0.212766 0.044374 0.339631 0.002621 0.212843 0.831579 0 
3 0.234043 0.068602 0.434841 0.002889 0.241585 0.844298 1 
3 0.255319 0.02603 0.455222 0.001676 0.263076 0.742105 0 
3 0.276596 0.048247 0.509075 0.00311 0.308907 0.72193 1 
3 0.297872 0.042843 0.517108 0.002769 0.262558 0.715351 0 
3 0.319149 0.042843 0.512943 0.00273 0.263335 0.719298 0 
3 0.340426 0.044224 0.549836 0.002827 0.272139 0.720175 0 
3 0.361702 0.043623 0.551622 0.002802 0.273951 0.698246 0 
3 0.382979 0.043083 0.541357 0.002765 0.267737 0.708333 0 
3 0.404255 0.043233 0.519488 0.002775 0.279389 0.697807 0 
3 0.425532 0.043023 0.510414 0.002763 0.28146 0.708333 0 
3 0.446809 0.042632 0.501934 0.002732 0.276282 0.72807 0 
3 0.468085 0.042632 0.484528 0.002725 0.279648 0.725877 0 
3 0.489362 0.042632 0.477536 0.00273 0.269291 0.719298 0 
3 0.510638 0.042632 0.473222 0.002736 0.270326 0.690351 0 
3 0.531915 0.042632 0.462214 0.002738 0.26696 0.704386 0 
3 0.553191 0.042632 0.457602 0.002736 0.266183 0.707018 0 
3 0.574468 0.042242 0.442725 0.002711 0.262558 0.702632 0 
3 0.595745 0.03891 0.421749 0.002497 0.260228 0.689912 0 
3 0.617021 0.041161 0.423683 0.002644 0.260746 0.683772 0 
3 0.638298 0.042632 0.442279 0.002744 0.276541 0.65614 0 
3 0.659574 0.042632 0.445403 0.002754 0.281719 0.64693 0 
3 0.680851 0.042632 0.43618 0.002759 0.299068 0.642982 0 
3 0.702128 0.042632 0.437816 0.00275 0.302693 0.649123 0 
3 0.723404 0.041852 0.405683 0.00269 0.29363 0.664474 0 
3 0.744681 0.042632 0.416989 0.002725 0.276023 0.697807 0 
3 0.765957 0.042632 0.422791 0.002713 0.258933 0.720175 0 
3 0.787234 0.043023 0.455817 0.002742 0.269032 0.678509 0 
3 0.808511 0.044073 0.46504 0.002829 0.301398 0.614035 0 
3 0.829787 0.043563 0.455965 0.002811 0.316416 0.630702 0 
3 0.851064 0.042632 0.417138 0.002738 0.299327 0.662719 0 
3 0.87234 0.035247 0.385748 0.002254 0.27421 0.664474 0 
3 0.893617 0.036688 0.406129 0.002337 0.236665 0.749123 0 
3 0.914894 0.041552 0.416096 0.002626 0.210772 0.740789 0 
3 0.93617 0.044854 0.446593 0.002835 0.201709 0.810088 1 
3 0.957447 0.044824 0.463404 0.002842 0.202227 0.761842 1 
3 0.978723 0.114717 0.465635 0.00683 0.353962 0.717982 1 
3 1 0.060466 0.449717 0.003934 0.372605 0.695614 1 
