4 0 0.035457 0.292175 0.002437 0.19653 0.370175 0 
4 0.021277 0.030473 0.23981 0.002115 0.169601 0.376754 0 
4 0.042553 0.031914 0.189081 0.002219 0.226567 0.302632 0 
4 0.06383 0.030924 0.153823 0.002177 0.201709 0.389035 0 
4 0.085106 0.029933 0.12169 0.0021 0.154842 0.466228 0 
4 0.106383 0.029753 0.101755 0.002042 0.117297 0.513596 0 
4 0.12766 0.028131 0.090003 0.001928 0.095546 0.535088 0 
4 0.148936 0.028672 0.09283 0.001963 0.085448 0.517982 0 
4 0.170213 0.028942 0.106367 0.001984 0.089332 0.531579 0 
4 0.191489 0.028942 0.120649 0.001982 0.097359 0.517544 0 
4 0.212766 0.029783 0.163642 0.002042 0.122734 0.535088 0 
4 0.234043 0.028882 0.209015 0.001973 0.149663 0.566667 0 
4 0.255319 0.029182 0.230289 0.002005 0.198343 0.463158 0 
4 0.276596 0.032935 0.284588 0.002281 0.243656 0.42807 0 
4 0.297872 0.031164 0.32535 0.002158 0.226567 0.485526 0 
4 0.319149 0.035727 0.366706 0.002482 0.242879 0.496491 0 
4 0.340426 0.037378 0.429485 0.00258 0.272139 0.472368 0 
4 0.361702 0.0393 0.454775 0.002661 0.284827 0.48114 0 
4 0.382979 0.042903 0.460428 0.002898 0.301398 0.47193 0 
4 0.404255 0.047556 0.458792 0.003218 0.313309 0.466228 0 
4 0.425532 0.050949 0.458346 0.003454 0.329881 0.490351 0 
4 0.446809 0.063558 0.461619 0.00431 0.337908 0.456579 1 
4 0.468085 0.07836 0.473966 0.005307 0.345417 0.472807 1 
4 0.489362 0.043233 0.480661 0.002931 0.346194 0.407018 0 
4 0.510638 0.040951 0.487206 0.002775 0.351372 0.433772 0 
4 0.531915 0.051819 0.488694 0.003504 0.353962 0.480702 0 
4 0.553191 0.044134 0.488099 0.00297 0.351372 0.523246 0 
4 0.574468 0.040441 0.484231 0.002711 0.311497 0.558333 0 
4 0.595745 0.05314 0.480958 0.00356 0.353703 0.525 0 
4 0.617021 0.047226 0.478727 0.003174 0.355515 0.512719 0 
4 0.638298 0.053711 0.472181 0.003627 0.363024 0.457018 0 
4 0.659574 0.089018 0.468462 0.00602 0.373123 0.412719 1 
4 0.680851 0.072415 0.446593 0.004927 0.379337 0.354386 1 
4 0.702128 0.046746 0.422791 0.003195 0.368203 0.341667 1 
4 0.723404 0.037529 0.379946 0.002567 0.321077 0.382018 0 
4 0.744681 0.036117 0.350937 0.002464 0.278612 0.40307 0 
4 0.765957 0.033986 0.324606 0.002335 0.236147 0.505702 0 
4 0.787234 0.031164 0.300952 0.002148 0.19912 0.531579 0 
4 0.808511 0.030023 0.301547 0.002067 0.172708 0.575439 0 
4 0.829787 0.029963 0.304225 0.002061 0.166753 0.561404 0 
4 0.851064 0.029963 0.279827 0.002063 0.183325 0.536404 0 
4 0.87234 0.029482 0.264207 0.002027 0.177628 0.553509 0 
4 0.893617 0.031764 0.309432 0.002183 0.154842 0.601754 0 
4 0.914894 0.029723 0.336507 0.002034 0.144226 0.636404 0 
4 0.93617 0.033385 0.375632 0.002283 0.153806 0.636842 0 
4 0.957447 0.035397 0.390658 0.002416 0.164423 0.635965 0 
4 0.978723 0.030323 0.373103 0.002019 0.265407 0.632895 0 
4 1 0.036027 0.363582 0.002453 0.265148 0.445614 0 
