6 0 0.040561 0.558614 0.002779 0.469187 0.472807 0 
6 0.021277 0.040231 0.540762 0.002765 0.433454 0.517982 0 
6 0.042553 0.044764 0.510116 0.003097 0.487571 0.399561 1 
6 0.06383 0.037979 0.461024 0.002613 0.399275 0.574123 0 
6 0.085106 0.037438 0.395269 0.002545 0.360435 0.625 0 
6 0.106383 0.036748 0.345433 0.00248 0.31564 0.717105 0 
6 0.12766 0.034646 0.302291 0.002322 0.298032 0.71886 0 
6 0.148936 0.033265 0.27224 0.002237 0.307354 0.711404 0 
6 0.170213 0.033025 0.250074 0.002216 0.285603 0.75614 0 
6 0.191489 0.033025 0.249926 0.002212 0.276541 0.768421 0 
6 0.212766 0.033025 0.274323 0.002214 0.279389 0.77807 0 
6 0.234043 0.033325 0.326391 0.002246 0.30347 0.712281 0 
6 0.255319 0.034616 0.441684 0.002368 0.375712 0.536842 0 
6 0.276596 0.034887 0.562035 0.002447 0.466857 0.370175 0 
6 0.297872 0.034196 0.600268 0.002401 0.518902 0.342982 0 
6 0.319149 0.037468 0.690717 0.002605 0.593216 0.267982 0 
6 0.340426 0.033746 0.707974 0.002316 0.636717 0.282895 0 
6 0.361702 0.034256 0.699197 0.002333 0.636199 0.29693 0 
6 0.382979 0.042122 0.723148 0.002852 0.643708 0.328509 1 
6 0.404255 0.056953 0.717941 0.003891 0.62869 0.295175 1 
6 0.425532 0.055122 0.682089 0.003797 0.609529 0.302193 1 
6 0.446809 0.045905 0.648319 0.003178 0.594511 0.292982 1 
6 0.468085 0.033325 0.603094 0.002295 0.57768 0.317544 0 
6 0.489362 0.033325 0.587474 0.002281 0.56318 0.334211 0 
6 0.510638 0.040141 0.570366 0.00275 0.533661 0.212281 1 
6 0.531915 0.034646 0.547456 0.002393 0.533402 0.207895 0 
6 0.553191 0.035187 0.531241 0.002428 0.542206 0.200877 0 
6 0.574468 0.033325 0.517257 0.002291 0.529518 0.250439 0 
6 0.595745 0.033265 0.50119 0.002273 0.511393 0.326316 0 
6 0.617021 0.033325 0.484826 0.002264 0.500518 0.358772 0 
6 0.638298 0.033115 0.47114 0.002241 0.48058 0.42193 0 
6 0.659574 0.033205 0.479619 0.002237 0.467892 0.455263 0 
6 0.680851 0.033085 0.498215 0.002231 0.464267 0.432895 0 
6 0.702128 0.033235 0.543439 0.002248 0.487312 0.398684 0 
6 0.723404 0.033626 0.608747 0.002254 0.535992 0.364912 0 
6 0.744681 0.036688 0.689973 0.002474 0.609529 0.282895 0 
6 0.765957 0.035877 0.705445 0.002451 0.617297 0.24386 0 
6 0.787234 0.035667 0.682832 0.002451 0.592698 0.280263 0 
6 0.808511 0.033325 0.646087 0.002277 0.558519 0.29693 0 
6 0.829787 0.033265 0.611128 0.002264 0.521491 0.299123 0 
6 0.851064 0.047376 0.591044 0.003234 0.493009 0.288596 1 
6 0.87234 0.034226 0.567391 0.002337 0.469446 0.356579 0 
6 0.893617 0.033295 0.530646 0.00227 0.430347 0.383333 0 
6 0.914894 0.034826 0.493454 0.002387 0.399016 0.403947 0 
6 0.93617 0.054011 0.549985 0.003693 0.387105 0.433333 1 
6 0.957447 0.037498 0.571407 0.002586 0.390212 0.405702 0 
6 0.978723 0.099676 0.584201 0.006915 0.47825 0.299561 1 
6 1 0.07875 0.569027 0.00554 0.472812 0.284649 1 
