3 0 0.055242 0.347367 0.003467 0.422915 0.414912 0 
3 0.021277 0.056083 0.280869 0.003467 0.422915 0.414912 0 
3 0.042553 0.056923 0.225974 0.003467 0.422915 0.414912 0 
3 0.06383 0.055242 0.189676 0.003467 0.422915 0.414912 0 
3 0.085106 0.055242 0.156055 0.003467 0.422915 0.414912 0 
3 0.106383 0.055242 0.132104 0.003467 0.422915 0.414912 0 
3 0.12766 0.055242 0.12645 0.003467 0.422915 0.414912 0 
3 0.148936 0.055242 0.133294 0.003467 0.422915 0.414912 0 
3 0.170213 0.060166 0.158881 0.003467 0.422915 0.414912 0 
3 0.191489 0.073946 0.189824 0.003467 0.422915 0.414912 1 
3 0.212766 0.076258 0.263314 0.003467 0.422915 0.414912 1 
3 0.234043 0.076498 0.337251 0.003467 0.422915 0.414912 1 
3 0.255319 0.082893 0.364177 0.003467 0.422915 0.414912 1 
3 0.276596 0.084634 0.415501 0.003467 0.422915 0.414912 1 
3 0.297872 0.088027 0.453734 0.003467 0.422915 0.414912 1 
3 0.319149 0.090068 0.490033 0.003467 0.422915 0.414912 1 
3 0.340426 0.101477 0.54701 0.003467 0.422915 0.414912 1 
3 0.361702 0.10484 0.566052 0.003467 0.422915 0.414912 1 
3 0.382979 0.096073 0.567688 0.003467 0.422915 0.414912 1 
3 0.404255 0.101477 0.562035 0.003467 0.422915 0.414912 1 
3 0.425532 0.101477 0.553704 0.003467 0.422915 0.414912 1 
3 0.446809 0.098145 0.558316 0.003467 0.422915 0.414912 1 
3 0.468085 0.094752 0.555043 0.003467 0.422915 0.414912 1 
3 0.489362 0.091389 0.549836 0.003467 0.422915 0.414912 1 
3 0.510638 0.091389 0.547456 0.003467 0.422915 0.414912 1 
3 0.531915 0.091389 0.539125 0.003467 0.422915 0.414912 1 
3 0.553191 0.088027 0.530051 0.003467 0.422915 0.414912 1 
3 0.574468 0.084664 0.522315 0.003467 0.422915 0.414912 1 
3 0.595745 0.076498 0.516959 0.003467 0.422915 0.414912 1 
3 0.617021 0.076498 0.510116 0.003467 0.422915 0.414912 1 
3 0.638298 0.084664 0.509372 0.003467 0.422915 0.414912 1 
3 0.659574 0.076498 0.511157 0.003467 0.422915 0.414912 1 
3 0.680851 0.085835 0.507289 0.003467 0.422915 0.414912 1 
3 0.702128 0.076498 0.507587 0.003467 0.422915 0.414912 1 
3 0.723404 0.090068 0.47947 0.003467 0.422915 0.414912 1 
3 0.744681 0.088027 0.455817 0.003467 0.422915 0.414912 1 
3 0.765957 0.084664 0.424278 0.003467 0.422915 0.414912 1 
3 0.787234 0.084634 0.411782 0.003467 0.422915 0.414912 1 
3 0.808511 0.088027 0.421749 0.003467 0.422915 0.414912 1 
3 0.829787 0.090068 0.419369 0.003467 0.422915 0.414912 1 
3 0.851064 0.076498 0.391401 0.003467 0.422915 0.414912 0 
3 0.87234 0.084634 0.364029 0.003467 0.422915 0.414912 1 
3 0.893617 0.084634 0.38679 0.003467 0.422915 0.414912 1 
3 0.914894 0.076498 0.406129 0.003467 0.422915 0.414912 0 
3 0.93617 0.076498 0.428444 0.003467 0.422915 0.414912 0 
3 0.957447 0.067281 0.424278 0.003467 0.422915 0.414912 0 
3 0.978723 0.067281 0.412526 0.003467 0.422915 0.414912 0 
3 1 0.076498 0.391401 0.003467 0.422915 0.414912 0 
