4 0 0.070464 0.460577 0.004753 0.481875 0.574123 1 
4 0.021277 0.060406 0.44942 0.00404 0.451062 0.582895 0 
4 0.042553 0.068422 0.413567 0.004605 0.508286 0.491667 1 
4 0.06383 0.062087 0.367004 0.004173 0.470482 0.511404 0 
4 0.085106 0.058124 0.304374 0.003851 0.418436 0.605702 0 
4 0.106383 0.050468 0.261381 0.003305 0.367426 0.607018 0 
4 0.12766 0.047556 0.218834 0.003112 0.33014 0.637719 0 
4 0.148936 0.042813 0.195626 0.002804 0.287675 0.642105 0 
4 0.170213 0.041972 0.180006 0.002746 0.251942 0.714035 0 
4 0.191489 0.042572 0.185361 0.002781 0.251683 0.662281 0 
4 0.212766 0.038459 0.205445 0.002528 0.262558 0.630702 0 
4 0.234043 0.044674 0.256918 0.00295 0.293112 0.653947 0 
4 0.255319 0.050919 0.358375 0.003398 0.365355 0.594298 0 
4 0.276596 0.049327 0.433056 0.003311 0.459347 0.467544 0 
4 0.297872 0.037138 0.419964 0.002505 0.491973 0.452632 0 
4 0.319149 0.050468 0.46742 0.003419 0.558001 0.42807 0 
4 0.340426 0.054041 0.485719 0.003668 0.586743 0.40307 0 
4 0.361702 0.045455 0.484082 0.00312 0.582341 0.333333 0 
4 0.382979 0.057073 0.522166 0.003903 0.591921 0.417105 0 
4 0.404255 0.051759 0.53734 0.003525 0.588555 0.430702 0 
4 0.425532 0.059325 0.525736 0.004032 0.585189 0.385526 0 
4 0.446809 0.057163 0.508777 0.003897 0.593216 0.393421 0 
4 0.468085 0.055572 0.497769 0.003785 0.593475 0.424123 0 
4 0.489362 0.057494 0.495686 0.003897 0.585448 0.44386 0 
4 0.510638 0.053531 0.488396 0.00361 0.562403 0.424123 0 
4 0.531915 0.047706 0.478578 0.003245 0.548421 0.385965 0 
4 0.553191 0.049147 0.4759 0.003353 0.556447 0.362281 0 
4 0.574468 0.044434 0.472478 0.003047 0.553858 0.337719 0 
4 0.595745 0.043413 0.465189 0.002975 0.547385 0.354825 0 
4 0.617021 0.042182 0.458197 0.002887 0.540653 0.364035 0 
4 0.638298 0.043383 0.446147 0.00296 0.529259 0.380263 0 
4 0.659574 0.043863 0.450461 0.002985 0.531331 0.412719 0 
4 0.680851 0.044674 0.454775 0.003039 0.538581 0.394298 0 
4 0.702128 0.045515 0.464445 0.003101 0.553081 0.366228 0 
4 0.723404 0.051969 0.481256 0.00355 0.574832 0.400439 0 
4 0.744681 0.05248 0.506248 0.003556 0.58001 0.432895 0 
4 0.765957 0.057614 0.524993 0.003893 0.572242 0.497807 1 
4 0.787234 0.070464 0.549539 0.004734 0.586484 0.439035 1 
4 0.808511 0.055332 0.520381 0.003749 0.614448 0.338596 1 
4 0.829787 0.047196 0.483487 0.003216 0.596582 0.332895 0 
4 0.851064 0.043023 0.465189 0.002937 0.568358 0.317544 0 
4 0.87234 0.042512 0.442428 0.002889 0.537286 0.413596 0 
4 0.893617 0.042873 0.419816 0.0029 0.506732 0.390351 0 
4 0.914894 0.041011 0.382178 0.00279 0.475401 0.370614 0 
4 0.93617 0.060526 0.430973 0.00409 0.43682 0.482895 1 
4 0.957447 0.042722 0.45061 0.002906 0.42232 0.431579 0 
4 0.978723 0.071364 0.466677 0.004861 0.523045 0.407895 1 
4 1 0.063408 0.464891 0.004308 0.513982 0.457018 1 
