7 0 0.059896 0.383963 0.003918 0.419731 0.576316 0 
7 0.021277 0.047136 0.319101 0.003095 0.380632 0.507018 0 
7 0.042553 0.048427 0.267034 0.003216 0.430865 0.495614 0 
7 0.06383 0.046415 0.215263 0.003066 0.393837 0.552632 0 
7 0.085106 0.044944 0.17227 0.002964 0.340238 0.586404 0 
7 0.106383 0.043713 0.146534 0.002867 0.291041 0.638158 0 
7 0.12766 0.042182 0.127938 0.002759 0.258933 0.67193 0 
7 0.148936 0.041131 0.122583 0.00268 0.230709 0.65 0 
7 0.170213 0.027411 0.130318 0.001789 0.224236 0.661842 0 
7 0.191489 0.036268 0.140286 0.002364 0.222941 0.697368 0 
7 0.212766 0.042843 0.1687 0.002788 0.236665 0.762281 0 
7 0.234043 0.042212 0.204999 0.002709 0.271621 0.74693 0 
7 0.255319 0.043233 0.250074 0.00279 0.31564 0.695614 0 
7 0.276596 0.044764 0.31449 0.002921 0.363542 0.657895 0 
7 0.297872 0.043773 0.371764 0.002862 0.354221 0.681579 0 
7 0.319149 0.053561 0.412675 0.003511 0.375453 0.664912 0 
7 0.340426 0.063648 0.457602 0.004161 0.394096 0.695614 1 
7 0.361702 0.073316 0.477536 0.004171 0.403418 0.672807 1 
7 0.382979 0.055963 0.465338 0.003662 0.392543 0.675 1 
7 0.404255 0.051339 0.451056 0.003355 0.394096 0.667982 0 
7 0.425532 0.047406 0.433948 0.003103 0.38348 0.673684 0 
7 0.446809 0.046836 0.430229 0.003058 0.370274 0.716228 0 
7 0.468085 0.044254 0.41803 0.002889 0.362248 0.692544 0 
7 0.489362 0.045004 0.404344 0.002939 0.361471 0.686404 0 
7 0.510638 0.044224 0.388872 0.002894 0.354738 0.675877 0 
7 0.531915 0.044494 0.364624 0.002902 0.336095 0.714035 0 
7 0.553191 0.044524 0.354359 0.002896 0.335836 0.702632 0 
7 0.574468 0.043953 0.346325 0.002856 0.32289 0.729825 0 
7 0.595745 0.042632 0.333085 0.00275 0.307613 0.752632 0 
7 0.617021 0.042632 0.328771 0.002752 0.307613 0.725439 0 
7 0.638298 0.042632 0.321482 0.002763 0.304505 0.742982 0 
7 0.659574 0.042632 0.325201 0.002765 0.316934 0.705263 0 
7 0.680851 0.041251 0.309432 0.002665 0.315898 0.711404 0 
7 0.702128 0.042302 0.326242 0.002725 0.32522 0.654386 0 
7 0.723404 0.043953 0.343945 0.002862 0.328327 0.701754 0 
7 0.744681 0.044704 0.346921 0.00291 0.329622 0.69693 0 
7 0.765957 0.043923 0.346623 0.002875 0.317711 0.645175 0 
7 0.787234 0.044314 0.354656 0.002898 0.319006 0.675 0 
7 0.808511 0.044644 0.361351 0.002929 0.343863 0.635526 0 
7 0.829787 0.049418 0.357185 0.003255 0.348006 0.604825 1 
7 0.851064 0.044013 0.329813 0.002902 0.322113 0.619737 0 
7 0.87234 0.043263 0.311961 0.002844 0.299845 0.641228 0 
7 0.893617 0.043383 0.327135 0.002838 0.269808 0.721491 0 
7 0.914894 0.042873 0.331598 0.002781 0.255567 0.750439 0 
7 0.93617 0.044104 0.346177 0.002848 0.261005 0.736404 0 
7 0.957447 0.043923 0.331151 0.002848 0.277835 0.646491 0 
7 0.978723 0.050168 0.31687 0.003315 0.367167 0.550877 1 
7 1 0.043923 0.273282 0.00291 0.359658 0.558772 0 
