6 0 0.035247 0.371913 0.002424 0.33014 0.430263 0 
6 0.021277 0.027381 0.310622 0.001874 0.302952 0.459649 0 
6 0.042553 0.028161 0.252455 0.001934 0.349819 0.282456 0 
6 0.06383 0.028732 0.209461 0.001973 0.321854 0.338158 0 
6 0.085106 0.02681 0.172568 0.00183 0.272139 0.428509 0 
6 0.106383 0.02636 0.151741 0.001791 0.222683 0.515789 0 
6 0.12766 0.025609 0.138203 0.001732 0.197825 0.565789 0 
6 0.148936 0.024228 0.146236 0.001637 0.179441 0.59386 0 
6 0.170213 0.025099 0.168253 0.001695 0.185655 0.606579 0 
6 0.191489 0.02657 0.202916 0.001791 0.214656 0.578947 0 
6 0.212766 0.043833 0.290241 0.002977 0.282755 0.501754 1 
6 0.234043 0.038759 0.375632 0.002655 0.347488 0.485526 0 
6 0.255319 0.044494 0.39036 0.003064 0.460124 0.326316 1 
6 0.276596 0.056413 0.456412 0.003903 0.539876 0.277632 1 
6 0.297872 0.042963 0.488396 0.002985 0.507509 0.35 1 
6 0.319149 0.03933 0.508926 0.002734 0.508286 0.409649 0 
6 0.340426 0.056263 0.571854 0.00387 0.518125 0.478509 1 
6 0.361702 0.069833 0.600863 0.004786 0.521491 0.509649 1 
6 0.382979 0.087997 0.605028 0.006045 0.525375 0.513158 1 
6 0.404255 0.070193 0.608004 0.004817 0.527706 0.474561 1 
6 0.425532 0.064999 0.60607 0.004468 0.522786 0.509649 1 
6 0.446809 0.06521 0.604284 0.004485 0.525634 0.481579 1 
6 0.468085 0.064399 0.607111 0.004427 0.515536 0.512281 1 
6 0.489362 0.063138 0.60607 0.004341 0.508286 0.47807 1 
6 0.510638 0.095352 0.609045 0.006545 0.515018 0.512719 1 
6 0.531915 0.068872 0.6144 0.004711 0.513723 0.490789 1 
6 0.553191 0.081602 0.612764 0.005567 0.509581 0.491228 1 
6 0.574468 0.088567 0.606218 0.006034 0.509322 0.465789 1 
6 0.595745 0.066741 0.598185 0.004553 0.493268 0.440351 1 
6 0.617021 0.061817 0.598631 0.004217 0.493009 0.433772 1 
6 0.638298 0.06599 0.597441 0.004499 0.491714 0.471491 1 
6 0.659574 0.081032 0.595061 0.005517 0.494562 0.47807 1 
6 0.680851 0.085595 0.569622 0.00586 0.508545 0.476754 1 
6 0.702128 0.092891 0.555043 0.006373 0.501295 0.432018 1 
6 0.723404 0.060256 0.512496 0.004152 0.462973 0.364474 1 
6 0.744681 0.050919 0.491967 0.003515 0.418695 0.415789 1 
6 0.765957 0.046595 0.47947 0.003214 0.386846 0.45307 0 
6 0.787234 0.046685 0.48676 0.003218 0.380891 0.426316 0 
6 0.808511 0.049418 0.480512 0.003407 0.399275 0.422807 0 
6 0.829787 0.048427 0.454478 0.003324 0.386587 0.440789 0 
6 0.851064 0.034766 0.411038 0.002385 0.35189 0.500439 0 
6 0.87234 0.028762 0.363731 0.001967 0.323666 0.524123 0 
6 0.893617 0.032395 0.408509 0.002216 0.298291 0.519737 0 
6 0.914894 0.028702 0.422047 0.001955 0.264889 0.603509 0 
6 0.93617 0.03939 0.436328 0.00269 0.255049 0.590351 0 
6 0.957447 0.029392 0.436328 0.00199 0.249353 0.657456 0 
6 0.978723 0.033415 0.417584 0.002285 0.341015 0.459649 0 
6 1 0.034706 0.395418 0.002381 0.352667 0.503947 0 
