1 0 0.082082 0.361202 0.005604 0.372605 0.420175 1 
1 0.021277 0.060706 0.319101 0.004152 0.341015 0.422368 0 
1 0.042553 0.070133 0.286819 0.004819 0.377525 0.356579 0 
1 0.06383 0.06572 0.241 0.004483 0.353962 0.45 0 
1 0.085106 0.048547 0.195031 0.003274 0.306836 0.546053 0 
1 0.106383 0.045905 0.166766 0.00306 0.263335 0.64693 0 
1 0.12766 0.044854 0.137905 0.002952 0.220352 0.721491 0 
1 0.148936 0.037258 0.113954 0.002428 0.186173 0.754386 0 
1 0.170213 0.040411 0.105772 0.002322 0.158726 0.765789 0 
1 0.191489 0.041672 0.097739 0.002358 0.133092 0.765789 0 
1 0.212766 0.044013 0.10845 0.002867 0.115225 0.765789 0 
1 0.234043 0.041492 0.113359 0.0027 0.116779 0.765789 0 
1 0.255319 0.043773 0.132252 0.002848 0.107716 0.765789 0 
1 0.276596 0.046535 0.159476 0.003051 0.116261 0.714474 0 
1 0.297872 0.046685 0.200238 0.003068 0.098395 0.714474 0 
1 0.319149 0.048367 0.270455 0.002966 0.110306 0.714474 0 
1 0.340426 0.054341 0.346028 0.003209 0.153806 0.727193 0 
1 0.361702 0.063258 0.415353 0.004188 0.182289 0.700877 0 
1 0.382979 0.070283 0.48319 0.004682 0.20145 0.707456 0 
1 0.404255 0.089798 0.517108 0.005791 0.219575 0.701316 1 
1 0.425532 0.089468 0.512943 0.005617 0.227602 0.682895 1 
1 0.446809 0.101597 0.502231 0.006599 0.225531 0.716667 1 
1 0.468085 0.095473 0.490925 0.006103 0.227084 0.699123 1 
1 0.489362 0.084094 0.469801 0.005484 0.230451 0.678947 1 
1 0.510638 0.074607 0.446445 0.00496 0.223977 0.639474 0 
1 0.531915 0.058544 0.41684 0.003909 0.215432 0.662281 0 
1 0.553191 0.055092 0.384707 0.003344 0.211289 0.613596 0 
1 0.574468 0.058995 0.360161 0.003398 0.194977 0.569737 0 
1 0.595745 0.048727 0.34335 0.002605 0.184619 0.591667 0 
1 0.617021 0.05221 0.339929 0.003091 0.17478 0.591667 0 
1 0.638298 0.057824 0.346325 0.003533 0.168048 0.569737 0 
1 0.659574 0.049418 0.357037 0.003328 0.17478 0.655263 0 
1 0.680851 0.048847 0.371764 0.003243 0.184878 0.672368 0 
1 0.702128 0.051549 0.420857 0.003436 0.210772 0.646491 0 
1 0.723404 0.060526 0.480661 0.004121 0.263853 0.507018 0 
1 0.744681 0.09154 0.554448 0.006244 0.346194 0.440789 1 
1 0.765957 0.097424 0.573341 0.006649 0.385034 0.405263 1 
1 0.787234 0.09247 0.55787 0.006367 0.374935 0.408333 1 
1 0.808511 0.089108 0.534662 0.006157 0.35914 0.426316 1 
1 0.829787 0.086976 0.506546 0.005978 0.348524 0.442105 1 
1 0.851064 0.073976 0.488248 0.005098 0.327809 0.434211 1 
1 0.87234 0.075838 0.474561 0.00522 0.316934 0.466667 1 
1 0.893617 0.056713 0.42889 0.003874 0.295443 0.519298 0 
1 0.914894 0.046535 0.381137 0.00312 0.287675 0.670614 0 
1 0.93617 0.05317 0.395716 0.003554 0.282237 0.582018 0 
1 0.957447 0.05254 0.390658 0.003515 0.284568 0.597368 0 
1 0.978723 0.058995 0.390062 0.003986 0.360953 0.492544 0 
1 1 0.049418 0.350045 0.003353 0.350337 0.534649 0 
