1 0 0.048487 0.225528 0.003467 0.422915 0.414912 0 
1 0.021277 0.047526 0.181047 0.003467 0.422915 0.414912 0 
1 0.042553 0.047526 0.149807 0.003467 0.422915 0.414912 0 
1 0.06383 0.047526 0.130021 0.003467 0.422915 0.414912 0 
1 0.085106 0.047526 0.109938 0.003467 0.422915 0.414912 0 
1 0.106383 0.047526 0.098631 0.003467 0.422915 0.414912 0 
1 0.12766 0.047526 0.097144 0.003467 0.422915 0.414912 0 
1 0.148936 0.071364 0.101458 0.003467 0.422915 0.414912 0 
1 0.170213 0.073886 0.131062 0.003467 0.422915 0.414912 0 
1 0.191489 0.073886 0.169592 0.003467 0.422915 0.414912 0 
1 0.212766 0.074817 0.249926 0.003467 0.422915 0.414912 0 
1 0.234043 0.076438 0.340375 0.003467 0.422915 0.414912 0 
1 0.255319 0.093671 0.353615 0.003467 0.422915 0.414912 1 
1 0.276596 0.093671 0.41208 0.003467 0.422915 0.414912 1 
1 0.297872 0.076438 0.44823 0.003467 0.422915 0.414912 0 
1 0.319149 0.099616 0.460726 0.003467 0.422915 0.414912 1 
1 0.340426 0.099616 0.511901 0.003467 0.422915 0.414912 1 
1 0.361702 0.115918 0.528563 0.003467 0.422915 0.414912 1 
1 0.382979 0.109253 0.517554 0.003467 0.422915 0.414912 1 
1 0.404255 0.115918 0.507885 0.003467 0.422915 0.414912 1 
1 0.425532 0.115918 0.499256 0.003467 0.422915 0.414912 1 
1 0.446809 0.115918 0.494942 0.003467 0.422915 0.414912 1 
1 0.468085 0.109253 0.484826 0.003467 0.422915 0.414912 1 
1 0.489362 0.109253 0.48438 0.003467 0.422915 0.414912 1 
1 0.510638 0.109253 0.483041 0.003467 0.422915 0.414912 1 
1 0.531915 0.109253 0.476198 0.003467 0.422915 0.414912 1 
1 0.553191 0.108502 0.463553 0.003467 0.422915 0.414912 1 
1 0.574468 0.093671 0.451949 0.003467 0.422915 0.414912 1 
1 0.595745 0.097304 0.447337 0.003467 0.422915 0.414912 1 
1 0.617021 0.10592 0.447486 0.003467 0.422915 0.414912 1 
1 0.638298 0.109253 0.449569 0.003467 0.422915 0.414912 1 
1 0.659574 0.109253 0.454329 0.003467 0.422915 0.414912 1 
1 0.680851 0.109253 0.463106 0.003467 0.422915 0.414912 1 
1 0.702128 0.109253 0.47352 0.003467 0.422915 0.414912 1 
1 0.723404 0.119581 0.457007 0.003467 0.422915 0.414912 1 
1 0.744681 0.119491 0.453288 0.003467 0.422915 0.414912 1 
1 0.765957 0.115918 0.435436 0.003467 0.422915 0.414912 1 
1 0.787234 0.119161 0.436031 0.003467 0.422915 0.414912 1 
1 0.808511 0.116579 0.435733 0.003467 0.422915 0.414912 1 
1 0.829787 0.109253 0.419518 0.003467 0.422915 0.414912 1 
1 0.851064 0.109253 0.39274 0.003467 0.422915 0.414912 1 
1 0.87234 0.109253 0.351979 0.003467 0.422915 0.414912 1 
1 0.893617 0.119551 0.383814 0.003467 0.422915 0.414912 1 
1 0.914894 0.109253 0.39512 0.003467 0.422915 0.414912 1 
1 0.93617 0.119491 0.421749 0.003467 0.422915 0.414912 1 
1 0.957447 0.113306 0.430378 0.003467 0.422915 0.414912 1 
1 0.978723 0.113306 0.425171 0.003467 0.422915 0.414912 1 
1 1 0.115918 0.411485 0.003467 0.422915 0.414912 1 
