2 0 0.075057 0.441089 0.003467 0.422915 0.414912 1 
2 0.021277 0.086676 0.425617 0.003467 0.422915 0.414912 1 
2 0.042553 0.075718 0.405088 0.003467 0.422915 0.414912 1 
2 0.06383 0.071995 0.345433 0.003467 0.422915 0.414912 1 
2 0.085106 0.070914 0.293365 0.003467 0.422915 0.414912 1 
2 0.106383 0.067581 0.246653 0.003467 0.422915 0.414912 1 
2 0.12766 0.062898 0.204552 0.003467 0.422915 0.414912 1 
2 0.148936 0.062898 0.178221 0.003467 0.422915 0.414912 1 
2 0.170213 0.064519 0.16022 0.003467 0.422915 0.414912 1 
2 0.191489 0.064519 0.158881 0.003467 0.422915 0.414912 1 
2 0.212766 0.064519 0.176584 0.003467 0.422915 0.414912 1 
2 0.234043 0.056263 0.212586 0.003467 0.422915 0.414912 0 
2 0.255319 0.071995 0.303035 0.003467 0.422915 0.414912 1 
2 0.276596 0.056263 0.385004 0.003467 0.422915 0.414912 0 
2 0.297872 0.056263 0.375781 0.003467 0.422915 0.414912 0 
2 0.319149 0.070914 0.43975 0.003467 0.422915 0.414912 1 
2 0.340426 0.070914 0.47233 0.003467 0.422915 0.414912 1 
2 0.361702 0.074517 0.488099 0.003467 0.422915 0.414912 1 
2 0.382979 0.110784 0.533323 0.003467 0.422915 0.414912 1 
2 0.404255 0.120812 0.541357 0.003467 0.422915 0.414912 1 
2 0.425532 0.120812 0.527819 0.003467 0.422915 0.414912 1 
2 0.446809 0.107151 0.515472 0.003467 0.422915 0.414912 1 
2 0.468085 0.107151 0.504314 0.003467 0.422915 0.414912 1 
2 0.489362 0.100366 0.496281 0.003467 0.422915 0.414912 1 
2 0.510638 0.100667 0.493752 0.003467 0.422915 0.414912 1 
2 0.531915 0.090068 0.475156 0.003467 0.422915 0.414912 1 
2 0.553191 0.087997 0.475454 0.003467 0.422915 0.414912 1 
2 0.574468 0.087997 0.465486 0.003467 0.422915 0.414912 1 
2 0.595745 0.080701 0.446593 0.003467 0.422915 0.414912 1 
2 0.617021 0.087997 0.441982 0.003467 0.422915 0.414912 1 
2 0.638298 0.074517 0.429188 0.003467 0.422915 0.414912 1 
2 0.659574 0.074517 0.438857 0.003467 0.422915 0.414912 1 
2 0.680851 0.074517 0.43737 0.003467 0.422915 0.414912 1 
2 0.702128 0.086676 0.445254 0.003467 0.422915 0.414912 1 
2 0.723404 0.074517 0.454032 0.003467 0.422915 0.414912 0 
2 0.744681 0.090068 0.488694 0.003467 0.422915 0.414912 1 
2 0.765957 0.100366 0.541803 0.003467 0.422915 0.414912 1 
2 0.787234 0.100366 0.565159 0.003467 0.422915 0.414912 1 
2 0.808511 0.074517 0.537489 0.003467 0.422915 0.414912 0 
2 0.829787 0.048487 0.50967 0.003467 0.422915 0.414912 0 
2 0.851064 0.071995 0.487057 0.003467 0.422915 0.414912 0 
2 0.87234 0.048487 0.456263 0.003467 0.422915 0.414912 0 
2 0.893617 0.047286 0.42413 0.003467 0.422915 0.414912 0 
2 0.914894 0.046445 0.390955 0.003467 0.422915 0.414912 0 
2 0.93617 0.062988 0.427849 0.003467 0.422915 0.414912 0 
2 0.957447 0.056263 0.451503 0.003467 0.422915 0.414912 0 
2 0.978723 0.051219 0.465189 0.003467 0.422915 0.414912 0 
2 1 0.051219 0.461172 0.003467 0.422915 0.414912 0 
