3 0 0.041852 0.557721 0.002709 0.471517 0.657895 0 
3 0.021277 0.042452 0.540018 0.002784 0.445883 0.652632 0 
3 0.042553 0.072265 0.512199 0.004811 0.499482 0.486404 1 
3 0.06383 0.038339 0.472032 0.002565 0.46841 0.624123 0 
3 0.085106 0.025189 0.412526 0.001645 0.42232 0.651316 0 
3 0.106383 0.024619 0.36388 0.001562 0.373641 0.765789 0 
3 0.12766 0.027381 0.315085 0.001647 0.327033 0.765789 0 
3 0.148936 0.017173 0.275364 0.000976 0.282496 0.701316 0 
3 0.170213 0.014531 0.255579 0.000931 0.257897 0.721491 0 
3 0.191489 0.01345 0.253198 0.000862 0.248835 0.720614 0 
3 0.212766 0.016663 0.276406 0.000968 0.257121 0.765789 0 
3 0.234043 0.024198 0.332342 0.000976 0.285085 0.765789 0 
3 0.255319 0.036988 0.441089 0.002086 0.371828 0.725439 0 
3 0.276596 0.042452 0.55906 0.002711 0.460642 0.630702 0 
3 0.297872 0.042632 0.599524 0.002808 0.516313 0.500439 0 
3 0.319149 0.049808 0.689527 0.003359 0.589332 0.370175 0 
3 0.340426 0.049297 0.724784 0.003448 0.649663 0.325439 0 
3 0.361702 0.069563 0.718685 0.004927 0.65536 0.30307 1 
3 0.382979 0.076378 0.747397 0.005413 0.666753 0.340789 1 
3 0.404255 0.07836 0.749182 0.005496 0.659244 0.415789 1 
3 0.425532 0.074667 0.741148 0.005218 0.645262 0.411404 1 
3 0.446809 0.068152 0.716751 0.004767 0.635163 0.419298 1 
3 0.468085 0.075447 0.699197 0.005228 0.62377 0.459211 1 
3 0.489362 0.075537 0.692056 0.005195 0.618591 0.47807 1 
3 0.510638 0.060016 0.678072 0.00415 0.59477 0.439035 1 
3 0.531915 0.056323 0.662005 0.003922 0.593475 0.385088 0 
3 0.553191 0.046565 0.659923 0.003255 0.611082 0.350877 0 
3 0.574468 0.050378 0.649212 0.003533 0.61652 0.323246 0 
3 0.595745 0.043233 0.634781 0.003039 0.599689 0.34693 0 
3 0.617021 0.056653 0.628384 0.003965 0.591662 0.420614 1 
3 0.638298 0.058154 0.623773 0.004057 0.576903 0.465789 1 
3 0.659574 0.066771 0.651294 0.004618 0.568617 0.478947 1 
3 0.680851 0.064129 0.690866 0.004433 0.574055 0.550877 1 
3 0.702128 0.064579 0.757364 0.004516 0.592698 0.521491 1 
3 0.723404 0.073226 0.847516 0.005147 0.665976 0.446491 1 
3 0.744681 0.090759 0.911485 0.006273 0.723718 0.411404 1 
3 0.765957 0.085205 0.901517 0.005874 0.711807 0.407018 1 
3 0.787234 0.073316 0.872954 0.00512 0.666494 0.467105 1 
3 0.808511 0.076888 0.835912 0.005415 0.628949 0.466667 1 
3 0.829787 0.066771 0.795745 0.004705 0.596323 0.491228 1 
3 0.851064 0.070253 0.770902 0.004919 0.563439 0.541228 1 
3 0.87234 0.044013 0.733413 0.003037 0.53651 0.544298 0 
3 0.893617 0.041972 0.682237 0.002819 0.499741 0.664474 0 
3 0.914894 0.041251 0.613954 0.002694 0.473071 0.75307 0 
3 0.93617 0.037048 0.638947 0.001843 0.452097 0.765789 0 
3 0.957447 0.038759 0.623773 0.001489 0.433713 0.765789 0 
3 0.978723 0.041101 0.600863 0.002605 0.509063 0.671053 0 
3 1 0.040231 0.581672 0.002559 0.506473 0.710965 0 
