6 0 0.035967 0.375335 0.002358 0.322113 0.580702 1 
6 0.021277 0.032455 0.32044 0.002133 0.294407 0.545175 1 
6 0.042553 0.035817 0.262868 0.002387 0.351631 0.474123 1 
6 0.06383 0.032275 0.224784 0.00214 0.324184 0.530702 1 
6 0.085106 0.029272 0.187444 0.001554 0.288711 0.546491 0 
6 0.106383 0.028672 0.164534 0.00188 0.261264 0.607018 0 
6 0.12766 0.028612 0.162749 0.001874 0.245987 0.624561 0 
6 0.148936 0.029242 0.170931 0.001907 0.242879 0.633772 0 
6 0.170213 0.029482 0.195329 0.001911 0.253237 0.632018 0 
6 0.191489 0.030113 0.228057 0.001944 0.268773 0.624123 0 
6 0.212766 0.036147 0.316275 0.002341 0.327809 0.567105 1 
6 0.234043 0.040351 0.409551 0.002634 0.394873 0.491228 1 
6 0.255319 0.03924 0.453734 0.002624 0.511911 0.340351 1 
6 0.276596 0.03999 0.497917 0.002734 0.588814 0.278947 1 
6 0.297872 0.035217 0.515174 0.002414 0.535733 0.353509 1 
6 0.319149 0.034826 0.527373 0.002391 0.524081 0.373246 1 
6 0.340426 0.037318 0.551324 0.002561 0.520456 0.348246 1 
6 0.361702 0.036478 0.558762 0.002507 0.516572 0.351754 1 
6 0.382979 0.037258 0.565754 0.002555 0.523045 0.326754 1 
6 0.404255 0.037498 0.565308 0.00257 0.532885 0.314912 1 
6 0.425532 0.037198 0.564564 0.002555 0.529259 0.327632 1 
6 0.446809 0.037378 0.562481 0.002567 0.525893 0.307895 1 
6 0.468085 0.036988 0.555341 0.002543 0.520715 0.326754 1 
6 0.489362 0.036958 0.552217 0.002567 0.529259 0.308772 1 
6 0.510638 0.036808 0.543142 0.002565 0.535992 0.279386 1 
6 0.531915 0.036808 0.550431 0.002567 0.536251 0.32807 1 
6 0.553191 0.036838 0.5482 0.002576 0.538063 0.294737 1 
6 0.574468 0.035937 0.53972 0.002513 0.530295 0.242982 1 
6 0.595745 0.034826 0.532282 0.002435 0.525634 0.313596 1 
6 0.617021 0.034826 0.525588 0.002426 0.50725 0.336404 1 
6 0.638298 0.034826 0.525141 0.00242 0.513206 0.372368 1 
6 0.659574 0.034826 0.531836 0.00241 0.507509 0.374561 1 
6 0.680851 0.032575 0.514133 0.002256 0.501036 0.377193 0 
6 0.702128 0.031644 0.49643 0.002173 0.484464 0.411404 0 
6 0.723404 0.028882 0.46742 0.001971 0.45391 0.411404 0 
6 0.744681 0.028792 0.450907 0.001955 0.422061 0.498246 0 
6 0.765957 0.028912 0.463701 0.001953 0.409114 0.479825 0 
6 0.787234 0.029783 0.462214 0.002029 0.434749 0.426316 0 
6 0.808511 0.028912 0.441684 0.001975 0.431901 0.37193 0 
6 0.829787 0.028882 0.425915 0.001975 0.410409 0.414912 0 
6 0.851064 0.028762 0.385451 0.001948 0.371051 0.500439 0 
6 0.87234 0.027111 0.353615 0.001826 0.340497 0.535965 0 
6 0.893617 0.028762 0.376376 0.001934 0.306059 0.522807 0 
6 0.914894 0.028942 0.392294 0.001932 0.269808 0.407456 0 
6 0.93617 0.030413 0.417584 0.002065 0.251165 0.505702 0 
6 0.957447 0.033175 0.417882 0.002235 0.244692 0.517982 0 
6 0.978723 0.035427 0.400774 0.002387 0.289487 0.424123 1 
6 1 0.037108 0.397501 0.002516 0.315122 0.412719 1 
