2 0 0.048367 0.282952 0.003467 0.422915 0.414912 0 
2 0.021277 0.047526 0.249926 0.003467 0.422915 0.414912 0 
2 0.042553 0.047526 0.235198 0.003467 0.422915 0.414912 0 
2 0.06383 0.048367 0.185213 0.003467 0.422915 0.414912 0 
2 0.085106 0.045785 0.146831 0.003467 0.422915 0.414912 0 
2 0.106383 0.044314 0.117078 0.003467 0.422915 0.414912 0 
2 0.12766 0.044314 0.095656 0.003467 0.422915 0.414912 0 
2 0.148936 0.044314 0.085986 0.003467 0.422915 0.414912 0 
2 0.170213 0.033355 0.084647 0.003467 0.422915 0.414912 0 
2 0.191489 0.03933 0.093276 0.003467 0.422915 0.414912 0 
2 0.212766 0.03933 0.126004 0.003467 0.422915 0.414912 0 
2 0.234043 0.038069 0.164386 0.003467 0.422915 0.414912 0 
2 0.255319 0.03933 0.231032 0.003467 0.422915 0.414912 0 
2 0.276596 0.03954 0.294258 0.003467 0.422915 0.414912 0 
2 0.297872 0.03963 0.30601 0.003467 0.422915 0.414912 0 
2 0.319149 0.042752 0.358673 0.003467 0.422915 0.414912 0 
2 0.340426 0.047466 0.396757 0.003467 0.422915 0.414912 0 
2 0.361702 0.05218 0.425766 0.003467 0.422915 0.414912 1 
2 0.382979 0.053681 0.459833 0.003467 0.422915 0.414912 1 
2 0.404255 0.062958 0.466528 0.003467 0.422915 0.414912 1 
2 0.425532 0.046685 0.458048 0.003467 0.422915 0.414912 0 
2 0.446809 0.047466 0.451056 0.003467 0.422915 0.414912 0 
2 0.468085 0.044134 0.443618 0.003467 0.422915 0.414912 0 
2 0.489362 0.044134 0.444213 0.003467 0.422915 0.414912 0 
2 0.510638 0.045334 0.437816 0.003467 0.422915 0.414912 0 
2 0.531915 0.045334 0.438114 0.003467 0.422915 0.414912 0 
2 0.553191 0.044134 0.438114 0.003467 0.422915 0.414912 0 
2 0.574468 0.044134 0.432163 0.003467 0.422915 0.414912 0 
2 0.595745 0.044134 0.425915 0.003467 0.422915 0.414912 0 
2 0.617021 0.044134 0.425469 0.003467 0.422915 0.414912 0 
2 0.638298 0.044134 0.425469 0.003467 0.422915 0.414912 0 
2 0.659574 0.044134 0.429634 0.003467 0.422915 0.414912 0 
2 0.680851 0.044134 0.429485 0.003467 0.422915 0.414912 0 
2 0.702128 0.044134 0.433353 0.003467 0.422915 0.414912 0 
2 0.723404 0.044134 0.433651 0.003467 0.422915 0.414912 0 
2 0.744681 0.05218 0.452246 0.003467 0.422915 0.414912 1 
2 0.765957 0.077759 0.49152 0.003467 0.422915 0.414912 1 
2 0.787234 0.068182 0.479619 0.003467 0.422915 0.414912 1 
2 0.808511 0.047466 0.439601 0.003467 0.422915 0.414912 0 
2 0.829787 0.044134 0.410295 0.003467 0.422915 0.414912 0 
2 0.851064 0.044134 0.391253 0.003467 0.422915 0.414912 0 
2 0.87234 0.044134 0.358673 0.003467 0.422915 0.414912 0 
2 0.893617 0.05218 0.332342 0.003467 0.422915 0.414912 1 
2 0.914894 0.043383 0.32163 0.003467 0.422915 0.414912 0 
2 0.93617 0.043383 0.363582 0.003467 0.422915 0.414912 0 
2 0.957447 0.043383 0.383071 0.003467 0.422915 0.414912 0 
2 0.978723 0.043383 0.397798 0.003467 0.422915 0.414912 0 
2 1 0.044134 0.401815 0.003467 0.422915 0.414912 0 
