4 0 0.076678 0.484975 0.005041 0.51217 0.646053 0 
4 0.021277 0.075808 0.469354 0.005017 0.479803 0.608772 0 
4 0.042553 0.084334 0.438262 0.005615 0.531849 0.532456 1 
4 0.06383 0.074967 0.386492 0.004996 0.503884 0.549561 0 
4 0.085106 0.050949 0.331747 0.003369 0.464267 0.59386 0 
4 0.106383 0.047376 0.276257 0.003116 0.419213 0.65614 0 
4 0.12766 0.045545 0.229694 0.002983 0.373641 0.659211 0 
4 0.148936 0.043983 0.194585 0.002885 0.342828 0.648246 0 
4 0.170213 0.044434 0.179708 0.002896 0.314345 0.736842 0 
4 0.191489 0.044374 0.179262 0.002875 0.313827 0.760965 0 
4 0.212766 0.036808 0.208866 0.002391 0.324443 0.722807 0 
4 0.234043 0.03984 0.256174 0.002613 0.357069 0.642105 0 
4 0.255319 0.048877 0.364624 0.00327 0.437338 0.585088 0 
4 0.276596 0.050919 0.462957 0.00344 0.526411 0.483772 0 
4 0.297872 0.033505 0.47114 0.0023 0.554894 0.401316 0 
4 0.319149 0.082593 0.523802 0.005555 0.630243 0.421053 1 
4 0.340426 0.087607 0.533175 0.005808 0.659762 0.453947 1 
4 0.361702 0.085805 0.523356 0.005708 0.652253 0.455702 1 
4 0.382979 0.085925 0.559655 0.005715 0.647074 0.474123 1 
4 0.404255 0.084274 0.566944 0.005588 0.630761 0.491228 1 
4 0.425532 0.072025 0.54939 0.004757 0.602279 0.516228 1 
4 0.446809 0.073136 0.532133 0.004796 0.593216 0.536404 1 
4 0.468085 0.083103 0.520678 0.005459 0.584153 0.569737 1 
4 0.489362 0.057284 0.512496 0.003785 0.566805 0.563158 0 
4 0.510638 0.036268 0.503868 0.002412 0.546608 0.472368 0 
4 0.531915 0.041792 0.499405 0.002794 0.536251 0.419737 0 
4 0.553191 0.036808 0.49033 0.002466 0.547903 0.370175 0 
4 0.574468 0.038519 0.481553 0.002582 0.543242 0.387281 0 
4 0.595745 0.04005 0.477685 0.002682 0.538581 0.380263 0 
4 0.617021 0.029693 0.465338 0.002015 0.52667 0.363596 0 
4 0.638298 0.030653 0.453436 0.002048 0.515018 0.350439 0 
4 0.659574 0.037829 0.465933 0.00258 0.507509 0.390789 0 
4 0.680851 0.043263 0.47709 0.002881 0.510098 0.419737 0 
4 0.702128 0.043173 0.489735 0.002871 0.515536 0.425 0 
4 0.723404 0.041882 0.515769 0.002796 0.540394 0.423246 0 
4 0.744681 0.084424 0.579143 0.005621 0.569912 0.472807 1 
4 0.765957 0.121893 0.630616 0.008126 0.621181 0.535088 1 
4 0.787234 0.121803 0.628236 0.008159 0.651994 0.469298 1 
4 0.808511 0.096343 0.587474 0.006502 0.633092 0.474123 1 
4 0.829787 0.0795 0.556382 0.00532 0.595028 0.451754 1 
4 0.851064 0.047376 0.539869 0.003184 0.551787 0.475 0 
4 0.87234 0.055392 0.519935 0.003716 0.541947 0.454825 0 
4 0.893617 0.056893 0.478578 0.003816 0.503366 0.441228 0 
4 0.914894 0.043143 0.436626 0.002916 0.464526 0.348684 0 
4 0.93617 0.084124 0.469354 0.005613 0.440704 0.594737 1 
4 0.957447 0.060766 0.483785 0.004003 0.41999 0.566667 0 
4 0.978723 0.089288 0.488545 0.005914 0.522009 0.492105 1 
4 1 0.084064 0.493157 0.00555 0.506991 0.637281 1 
