5 0 0.078029 0.316721 0.003467 0.422915 0.414912 1 
5 0.021277 0.058394 0.25305 0.003467 0.422915 0.414912 0 
5 0.042553 0.058394 0.19518 0.003467 0.422915 0.414912 0 
5 0.06383 0.055242 0.156352 0.003467 0.422915 0.414912 0 
5 0.085106 0.055242 0.125112 0.003467 0.422915 0.414912 0 
5 0.106383 0.055242 0.106962 0.003467 0.422915 0.414912 0 
5 0.12766 0.055242 0.092532 0.003467 0.422915 0.414912 0 
5 0.148936 0.076138 0.097292 0.003467 0.422915 0.414912 1 
5 0.170213 0.06584 0.114252 0.003467 0.422915 0.414912 1 
5 0.191489 0.058394 0.138203 0.003467 0.422915 0.414912 0 
5 0.212766 0.073226 0.192651 0.003467 0.422915 0.414912 1 
5 0.234043 0.06584 0.25186 0.003467 0.422915 0.414912 1 
5 0.255319 0.076888 0.269265 0.003467 0.422915 0.414912 1 
5 0.276596 0.074817 0.315829 0.003467 0.422915 0.414912 1 
5 0.297872 0.085985 0.344689 0.003467 0.422915 0.414912 1 
5 0.319149 0.089798 0.381137 0.003467 0.422915 0.414912 1 
5 0.340426 0.103399 0.446891 0.003467 0.422915 0.414912 1 
5 0.361702 0.097274 0.466379 0.003467 0.422915 0.414912 1 
5 0.382979 0.090939 0.465784 0.003467 0.422915 0.414912 1 
5 0.404255 0.082293 0.463106 0.003467 0.422915 0.414912 1 
5 0.425532 0.097274 0.457602 0.003467 0.422915 0.414912 1 
5 0.446809 0.095473 0.452246 0.003467 0.422915 0.414912 1 
5 0.468085 0.089798 0.448378 0.003467 0.422915 0.414912 1 
5 0.489362 0.090939 0.448825 0.003467 0.422915 0.414912 1 
5 0.510638 0.090939 0.449271 0.003467 0.422915 0.414912 1 
5 0.531915 0.089798 0.440196 0.003467 0.422915 0.414912 1 
5 0.553191 0.101267 0.435882 0.003467 0.422915 0.414912 1 
5 0.574468 0.103399 0.428146 0.003467 0.422915 0.414912 1 
5 0.595745 0.097274 0.420262 0.003467 0.422915 0.414912 1 
5 0.617021 0.090939 0.423386 0.003467 0.422915 0.414912 1 
5 0.638298 0.100546 0.416691 0.003467 0.422915 0.414912 1 
5 0.659574 0.090939 0.413865 0.003467 0.422915 0.414912 1 
5 0.680851 0.090939 0.399881 0.003467 0.422915 0.414912 1 
5 0.702128 0.089798 0.388129 0.003467 0.422915 0.414912 1 
5 0.723404 0.082293 0.363731 0.003467 0.422915 0.414912 1 
5 0.744681 0.082293 0.354359 0.003467 0.422915 0.414912 1 
5 0.765957 0.080611 0.331895 0.003467 0.422915 0.414912 1 
5 0.787234 0.07872 0.318804 0.003467 0.422915 0.414912 1 
5 0.808511 0.082293 0.321184 0.003467 0.422915 0.414912 1 
5 0.829787 0.085985 0.329961 0.003467 0.422915 0.414912 1 
5 0.851064 0.074817 0.311514 0.003467 0.422915 0.414912 0 
5 0.87234 0.058394 0.286076 0.003467 0.422915 0.414912 0 
5 0.893617 0.082293 0.327284 0.003467 0.422915 0.414912 1 
5 0.914894 0.085985 0.350491 0.003467 0.422915 0.414912 1 
5 0.93617 0.082293 0.384409 0.003467 0.422915 0.414912 1 
5 0.957447 0.074817 0.386492 0.003467 0.422915 0.414912 0 
5 0.978723 0.074817 0.370872 0.003467 0.422915 0.414912 0 
5 1 0.080611 0.343796 0.003467 0.422915 0.414912 0 
