2 0 0.074517 0.38679 0.003467 0.422915 0.414912 1 
2 0.021277 0.051459 0.327284 0.003467 0.422915 0.414912 0 
2 0.042553 0.049478 0.272835 0.003467 0.422915 0.414912 0 
2 0.06383 0.049478 0.225974 0.003467 0.422915 0.414912 0 
2 0.085106 0.040801 0.189081 0.003467 0.422915 0.414912 0 
2 0.106383 0.059865 0.157096 0.003467 0.422915 0.414912 1 
2 0.12766 0.059865 0.140583 0.003467 0.422915 0.414912 1 
2 0.148936 0.068992 0.136566 0.003467 0.422915 0.414912 1 
2 0.170213 0.069923 0.158584 0.003467 0.422915 0.414912 1 
2 0.191489 0.074517 0.196519 0.003467 0.422915 0.414912 1 
2 0.212766 0.082202 0.281315 0.003467 0.422915 0.414912 1 
2 0.234043 0.107572 0.37712 0.003467 0.422915 0.414912 1 
2 0.255319 0.107572 0.386641 0.003467 0.422915 0.414912 1 
2 0.276596 0.107572 0.443618 0.003467 0.422915 0.414912 1 
2 0.297872 0.074517 0.46385 0.003467 0.422915 0.414912 1 
2 0.319149 0.074517 0.465338 0.003467 0.422915 0.414912 1 
2 0.340426 0.074517 0.500744 0.003467 0.422915 0.414912 1 
2 0.361702 0.074517 0.518744 0.003467 0.422915 0.414912 1 
2 0.382979 0.059865 0.508777 0.003467 0.422915 0.414912 0 
2 0.404255 0.074517 0.494793 0.003467 0.422915 0.414912 1 
2 0.425532 0.074517 0.490777 0.003467 0.422915 0.414912 1 
2 0.446809 0.074517 0.488248 0.003467 0.422915 0.414912 1 
2 0.468085 0.059865 0.48438 0.003467 0.422915 0.414912 0 
2 0.489362 0.059865 0.485719 0.003467 0.422915 0.414912 0 
2 0.510638 0.05221 0.47947 0.003467 0.422915 0.414912 0 
2 0.531915 0.074487 0.480363 0.003467 0.422915 0.414912 1 
2 0.553191 0.059865 0.475454 0.003467 0.422915 0.414912 0 
2 0.574468 0.059865 0.469057 0.003467 0.422915 0.414912 0 
2 0.595745 0.05221 0.463404 0.003467 0.422915 0.414912 0 
2 0.617021 0.074517 0.465486 0.003467 0.422915 0.414912 1 
2 0.638298 0.059865 0.462809 0.003467 0.422915 0.414912 0 
2 0.659574 0.059865 0.469057 0.003467 0.422915 0.414912 0 
2 0.680851 0.059865 0.461916 0.003467 0.422915 0.414912 0 
2 0.702128 0.059865 0.455668 0.003467 0.422915 0.414912 0 
2 0.723404 0.072625 0.434841 0.003467 0.422915 0.414912 1 
2 0.744681 0.059865 0.41922 0.003467 0.422915 0.414912 0 
2 0.765957 0.059865 0.39765 0.003467 0.422915 0.414912 0 
2 0.787234 0.059865 0.410741 0.003467 0.422915 0.414912 0 
2 0.808511 0.059865 0.430675 0.003467 0.422915 0.414912 0 
2 0.829787 0.059865 0.419072 0.003467 0.422915 0.414912 0 
2 0.851064 0.051459 0.38679 0.003467 0.422915 0.414912 0 
2 0.87234 0.049478 0.351532 0.003467 0.422915 0.414912 0 
2 0.893617 0.059865 0.378905 0.003467 0.422915 0.414912 0 
2 0.914894 0.05221 0.385153 0.003467 0.422915 0.414912 0 
2 0.93617 0.06551 0.41684 0.003467 0.422915 0.414912 1 
2 0.957447 0.074517 0.422047 0.003467 0.422915 0.414912 1 
2 0.978723 0.087276 0.417584 0.003467 0.422915 0.414912 1 
2 1 0.087276 0.40122 0.003467 0.422915 0.414912 1 
