7 0 0.070343 0.408361 0.004684 0.384775 0.483772 1 
7 0.021277 0.069203 0.347664 0.004622 0.348006 0.515351 1 
7 0.042553 0.072355 0.292175 0.004873 0.397204 0.465351 1 
7 0.06383 0.058665 0.243529 0.003961 0.372605 0.452632 0 
7 0.085106 0.043413 0.191015 0.002912 0.307872 0.531579 0 
7 0.106383 0.042722 0.162749 0.002838 0.270067 0.608772 0 
7 0.12766 0.041942 0.138798 0.002754 0.227861 0.655263 0 
7 0.148936 0.03984 0.134335 0.002607 0.207405 0.678947 0 
7 0.170213 0.035217 0.140137 0.002302 0.198084 0.696491 0 
7 0.191489 0.035637 0.149658 0.002318 0.204816 0.705263 0 
7 0.212766 0.041612 0.175692 0.002703 0.232522 0.702632 0 
7 0.234043 0.042272 0.213924 0.00275 0.25479 0.663596 0 
7 0.255319 0.043863 0.259 0.002877 0.297773 0.685965 0 
7 0.276596 0.064009 0.320887 0.004206 0.359399 0.704386 1 
7 0.297872 0.067611 0.379203 0.00442 0.369239 0.740351 1 
7 0.319149 0.071004 0.412972 0.004628 0.387882 0.728509 1 
7 0.340426 0.084274 0.448825 0.005177 0.411963 0.751754 1 
7 0.361702 0.077579 0.46385 0.005039 0.417659 0.714912 1 
7 0.382979 0.076048 0.4518 0.004956 0.41507 0.719737 1 
7 0.404255 0.073856 0.433651 0.004823 0.418954 0.662281 1 
7 0.425532 0.072085 0.422047 0.004726 0.41274 0.667105 1 
7 0.446809 0.06587 0.408063 0.004333 0.411704 0.624561 1 
7 0.468085 0.058544 0.395567 0.003874 0.396945 0.632456 1 
7 0.489362 0.06545 0.380839 0.004321 0.385034 0.61886 1 
7 0.510638 0.055512 0.371616 0.003681 0.377525 0.569737 0 
7 0.531915 0.05227 0.350491 0.003481 0.361471 0.558772 0 
7 0.553191 0.043683 0.336061 0.002921 0.353703 0.528947 0 
7 0.574468 0.043653 0.329961 0.002916 0.337649 0.536404 0 
7 0.595745 0.043113 0.323564 0.002887 0.323149 0.52807 0 
7 0.617021 0.043023 0.318506 0.002881 0.31072 0.552193 0 
7 0.638298 0.042993 0.306605 0.002883 0.310979 0.535088 0 
7 0.659574 0.043413 0.318804 0.002912 0.33014 0.531579 0 
7 0.680851 0.042692 0.293514 0.002873 0.331952 0.496491 0 
7 0.702128 0.043143 0.314192 0.002904 0.333506 0.513158 0 
7 0.723404 0.043203 0.325796 0.002906 0.331176 0.514474 0 
7 0.744681 0.042903 0.329813 0.002877 0.319265 0.53114 0 
7 0.765957 0.042933 0.319994 0.002883 0.31072 0.546491 0 
7 0.787234 0.043143 0.327879 0.002881 0.310461 0.558772 0 
7 0.808511 0.043923 0.360309 0.002931 0.332211 0.575439 0 
7 0.829787 0.045184 0.353615 0.003014 0.349042 0.524123 0 
7 0.851064 0.043293 0.331003 0.002904 0.338944 0.527632 0 
7 0.87234 0.042843 0.306456 0.002867 0.314086 0.55307 0 
7 0.893617 0.043353 0.324011 0.002892 0.297255 0.59693 0 
7 0.914894 0.043113 0.33011 0.002867 0.267737 0.618421 0 
7 0.93617 0.044194 0.34216 0.00291 0.270585 0.673246 0 
7 0.957447 0.044314 0.32892 0.002923 0.273175 0.597368 0 
7 0.978723 0.053681 0.307795 0.004049 0.377007 0.540351 1 
7 1 0.043113 0.275513 0.002898 0.379337 0.485965 0 
