2 0 0.034076 0.39512 0.002164 0.3739 0.743421 0 
2 0.021277 0.032425 0.356888 0.001984 0.34697 0.765789 0 
2 0.042553 0.033295 0.326986 0.002113 0.396168 0.689474 0 
2 0.06383 0.029182 0.293365 0.001855 0.374935 0.716228 0 
2 0.085106 0.018974 0.258108 0.001201 0.333765 0.736404 0 
2 0.106383 0.011469 0.230437 0.000727 0.284827 0.712281 0 
2 0.12766 0 0.208866 0 0.241326 0.581579 0 
2 0.148936 0 0.183725 0 0.204557 0.536404 0 
2 0.170213 0 0.182684 0 0.182548 0.522368 0 
2 0.191489 0 0.186849 0 0.171155 0.587281 0 
2 0.212766 0.004173 0.22285 0.000268 0.179441 0.59693 0 
2 0.234043 0.037138 0.277447 0.001577 0.222941 0.765789 1 
2 0.255319 0.032305 0.371318 0.001429 0.308131 0.75614 0 
2 0.276596 0.040831 0.467867 0.002665 0.38115 0.684211 1 
2 0.297872 0.040831 0.482446 0.002684 0.428793 0.602632 1 
2 0.319149 0.041612 0.563672 0.002784 0.500259 0.499123 1 
2 0.340426 0.041822 0.620202 0.002825 0.56551 0.44693 1 
2 0.361702 0.042392 0.645344 0.002877 0.599948 0.413158 1 
2 0.382979 0.043533 0.691461 0.002979 0.613413 0.385526 1 
2 0.404255 0.043803 0.70366 0.003002 0.605645 0.400439 1 
2 0.425532 0.045935 0.700536 0.003155 0.595805 0.39386 1 
2 0.446809 0.044374 0.681047 0.003051 0.590109 0.416228 1 
2 0.468085 0.042722 0.657394 0.002902 0.575091 0.483772 1 
2 0.489362 0.042722 0.654121 0.002892 0.567582 0.490351 1 
2 0.510638 0.042692 0.646831 0.002881 0.551269 0.525877 1 
2 0.531915 0.042933 0.636864 0.002887 0.551787 0.518421 1 
2 0.553191 0.042783 0.622583 0.002885 0.575608 0.484211 1 
2 0.574468 0.042212 0.607409 0.002844 0.570948 0.489474 1 
2 0.595745 0.042422 0.600119 0.002852 0.566805 0.465789 1 
2 0.617021 0.042122 0.593573 0.002829 0.556965 0.490789 1 
2 0.638298 0.041852 0.588515 0.002804 0.52667 0.585526 1 
2 0.659574 0.042392 0.605475 0.002835 0.525634 0.480263 1 
2 0.680851 0.042152 0.632699 0.00284 0.542465 0.517544 1 
2 0.702128 0.043953 0.690717 0.002983 0.564215 0.453947 1 
2 0.723404 0.050408 0.77596 0.003417 0.618332 0.486842 1 
2 0.744681 0.046265 0.84097 0.003095 0.692905 0.366228 1 
2 0.765957 0.044254 0.842011 0.002956 0.673485 0.503509 1 
2 0.787234 0.044884 0.814936 0.003016 0.636199 0.5 1 
2 0.808511 0.054642 0.775364 0.003706 0.590368 0.510088 1 
2 0.829787 0.044314 0.743231 0.003043 0.55101 0.526754 1 
2 0.851064 0.043533 0.713924 0.002962 0.522009 0.565789 1 
2 0.87234 0.042963 0.676584 0.002898 0.504402 0.608333 1 
2 0.893617 0.042332 0.635823 0.002827 0.466339 0.64386 1 
2 0.914894 0.046776 0.579887 0.00312 0.446142 0.627193 1 
2 0.93617 0.042993 0.619756 0.002896 0.426722 0.656579 1 
2 0.957447 0.042122 0.616037 0.002835 0.418695 0.675 1 
2 0.978723 0.043653 0.602797 0.002966 0.499223 0.524123 1 
2 1 0.042062 0.588218 0.00286 0.493786 0.551754 1 
