1 0 0.059325 0.30601 0.003953 0.352408 0.507895 0 
1 0.021277 0.042632 0.263761 0.002865 0.307354 0.492982 0 
1 0.042553 0.046415 0.233413 0.003126 0.355515 0.489912 0 
1 0.06383 0.042873 0.198007 0.002881 0.3203 0.515351 0 
1 0.085106 0.040471 0.160964 0.002717 0.283532 0.507456 0 
1 0.106383 0.037438 0.129128 0.002503 0.228638 0.588158 0 
1 0.12766 0.037529 0.105177 0.002482 0.190575 0.619298 0 
1 0.148936 0.034286 0.093871 0.002258 0.161056 0.646053 0 
1 0.170213 0.038609 0.084945 0.00253 0.13361 0.707895 0 
1 0.191489 0.037859 0.083755 0.002472 0.121699 0.717544 0 
1 0.212766 0.029602 0.082565 0.001932 0.107716 0.721491 0 
1 0.234043 0.024318 0.085838 0.001552 0.096582 0.766228 0 
1 0.255319 0.037649 0.112615 0.001656 0.09218 0.787719 0 
1 0.276596 0.033986 0.141922 0.001656 0.117038 0.778947 0 
1 0.297872 0.023598 0.169592 0.001579 0.11419 0.817544 0 
1 0.319149 0.038729 0.218387 0.001716 0.137494 0.822807 0 
1 0.340426 0.03966 0.272687 0.002536 0.170896 0.775877 0 
1 0.361702 0.043473 0.322523 0.002813 0.190057 0.675439 0 
1 0.382979 0.042002 0.360458 0.002752 0.197566 0.701754 0 
1 0.404255 0.042002 0.382773 0.00273 0.213879 0.759649 0 
1 0.425532 0.042002 0.383517 0.002518 0.232004 0.771491 0 
1 0.446809 0.042002 0.382475 0.002563 0.24262 0.759649 0 
1 0.468085 0.042002 0.38679 0.002711 0.248835 0.675439 0 
1 0.489362 0.044764 0.396311 0.002914 0.255049 0.732895 0 
1 0.510638 0.046565 0.40241 0.003014 0.258415 0.747368 0 
1 0.531915 0.049388 0.403303 0.003174 0.258933 0.806579 0 
1 0.553191 0.05275 0.395418 0.003373 0.252201 0.799123 1 
1 0.574468 0.051249 0.39393 0.003207 0.247022 0.81886 1 
1 0.595745 0.051009 0.39512 0.00302 0.237442 0.817982 1 
1 0.617021 0.056503 0.391253 0.003596 0.234335 0.851316 1 
1 0.638298 0.048517 0.392443 0.003085 0.232004 0.834649 0 
1 0.659574 0.045905 0.390211 0.002927 0.231745 0.817105 0 
1 0.680851 0.043893 0.390806 0.002821 0.236924 0.722368 0 
1 0.702128 0.043083 0.397947 0.002796 0.254531 0.658333 0 
1 0.723404 0.040981 0.403154 0.002686 0.276282 0.611842 0 
1 0.744681 0.045425 0.433502 0.002991 0.299327 0.654386 0 
1 0.765957 0.069683 0.490628 0.004576 0.336872 0.649561 1 
1 0.787234 0.078029 0.52053 0.005112 0.372346 0.635088 1 
1 0.808511 0.068992 0.505802 0.004541 0.389953 0.600877 1 
1 0.829787 0.048427 0.478727 0.003201 0.379855 0.571053 1 
1 0.851064 0.05287 0.457602 0.003496 0.367944 0.603509 1 
1 0.87234 0.042933 0.429783 0.002825 0.343863 0.617544 0 
1 0.893617 0.042452 0.397054 0.002788 0.319782 0.655263 0 
1 0.914894 0.033686 0.35778 0.002206 0.298809 0.639474 0 
1 0.93617 0.042993 0.371318 0.002817 0.282496 0.635965 0 
1 0.957447 0.043413 0.365814 0.002856 0.282755 0.593421 0 
1 0.978723 0.054191 0.364029 0.0036 0.373123 0.519737 1 
1 1 0.044254 0.333978 0.002935 0.371569 0.561404 0 
