5 0 0.060046 0.365963 0.003467 0.422915 0.414912 0 
5 0.021277 0.051099 0.302291 0.003467 0.422915 0.414912 0 
5 0.042553 0.049778 0.247248 0.003467 0.422915 0.414912 0 
5 0.06383 0.049778 0.20842 0.003467 0.422915 0.414912 0 
5 0.085106 0.049778 0.17465 0.003467 0.422915 0.414912 0 
5 0.106383 0.059865 0.157989 0.003467 0.422915 0.414912 0 
5 0.12766 0.059865 0.154567 0.003467 0.422915 0.414912 0 
5 0.148936 0.071845 0.153228 0.003467 0.422915 0.414912 0 
5 0.170213 0.059865 0.170634 0.003467 0.422915 0.414912 0 
5 0.191489 0.059865 0.215858 0.003467 0.422915 0.414912 0 
5 0.212766 0.101357 0.287861 0.003467 0.422915 0.414912 1 
5 0.234043 0.108502 0.371764 0.003467 0.422915 0.414912 1 
5 0.255319 0.109253 0.394972 0.003467 0.422915 0.414912 1 
5 0.276596 0.109253 0.459833 0.003467 0.422915 0.414912 1 
5 0.297872 0.097304 0.495835 0.003467 0.422915 0.414912 0 
5 0.319149 0.109253 0.515174 0.003467 0.422915 0.414912 1 
5 0.340426 0.119491 0.572002 0.003467 0.422915 0.414912 1 
5 0.361702 0.122913 0.591937 0.003467 0.422915 0.414912 1 
5 0.382979 0.122913 0.594763 0.003467 0.422915 0.414912 1 
5 0.404255 0.130569 0.58911 0.003467 0.422915 0.414912 1 
5 0.425532 0.129008 0.588813 0.003467 0.422915 0.414912 1 
5 0.446809 0.130569 0.588218 0.003467 0.422915 0.414912 1 
5 0.468085 0.130569 0.58316 0.003467 0.422915 0.414912 1 
5 0.489362 0.130569 0.580184 0.003467 0.422915 0.414912 1 
5 0.510638 0.129008 0.580631 0.003467 0.422915 0.414912 1 
5 0.531915 0.130569 0.583457 0.003467 0.422915 0.414912 1 
5 0.553191 0.134262 0.578251 0.003467 0.422915 0.414912 1 
5 0.574468 0.129008 0.575424 0.003467 0.422915 0.414912 1 
5 0.595745 0.130569 0.566201 0.003467 0.422915 0.414912 1 
5 0.617021 0.143149 0.574531 0.003467 0.422915 0.414912 1 
5 0.638298 0.143149 0.575424 0.003467 0.422915 0.414912 1 
5 0.659574 0.130569 0.578697 0.003467 0.422915 0.414912 1 
5 0.680851 0.129008 0.560845 0.003467 0.422915 0.414912 1 
5 0.702128 0.126186 0.537786 0.003467 0.422915 0.414912 1 
5 0.723404 0.109253 0.495686 0.003467 0.422915 0.414912 1 
5 0.744681 0.101357 0.464296 0.003467 0.422915 0.414912 0 
5 0.765957 0.101357 0.445552 0.003467 0.422915 0.414912 0 
5 0.787234 0.108502 0.453734 0.003467 0.422915 0.414912 1 
5 0.808511 0.101357 0.464743 0.003467 0.422915 0.414912 0 
5 0.829787 0.082833 0.443916 0.003467 0.422915 0.414912 0 
5 0.851064 0.101357 0.416691 0.003467 0.422915 0.414912 0 
5 0.87234 0.097304 0.369384 0.003467 0.422915 0.414912 0 
5 0.893617 0.097304 0.402261 0.003467 0.422915 0.414912 0 
5 0.914894 0.09247 0.416096 0.003467 0.422915 0.414912 0 
5 0.93617 0.108502 0.439453 0.003467 0.422915 0.414912 1 
5 0.957447 0.101357 0.433056 0.003467 0.422915 0.414912 0 
5 0.978723 0.09247 0.41565 0.003467 0.422915 0.414912 0 
5 1 0.082833 0.384261 0.003467 0.422915 0.414912 0 
