4 0 0.081812 0.358822 0.003467 0.422915 0.414912 0 
4 0.021277 0.077279 0.291431 0.003467 0.422915 0.414912 0 
4 0.042553 0.074186 0.237876 0.003467 0.422915 0.414912 0 
4 0.06383 0.074186 0.203808 0.003467 0.422915 0.414912 0 
4 0.085106 0.074186 0.176287 0.003467 0.422915 0.414912 0 
4 0.106383 0.074186 0.158286 0.003467 0.422915 0.414912 0 
4 0.12766 0.074186 0.148468 0.003467 0.422915 0.414912 0 
4 0.148936 0.076678 0.153972 0.003467 0.422915 0.414912 0 
4 0.170213 0.074817 0.177626 0.003467 0.422915 0.414912 0 
4 0.191489 0.076979 0.210949 0.003467 0.422915 0.414912 0 
4 0.212766 0.082353 0.274769 0.003467 0.422915 0.414912 0 
4 0.234043 0.09229 0.342309 0.003467 0.422915 0.414912 0 
4 0.255319 0.087697 0.364624 0.003467 0.422915 0.414912 0 
4 0.276596 0.102768 0.428741 0.003467 0.422915 0.414912 0 
4 0.297872 0.111084 0.469801 0.003467 0.422915 0.414912 0 
4 0.319149 0.116278 0.504463 0.003467 0.422915 0.414912 0 
4 0.340426 0.127117 0.569771 0.003467 0.422915 0.414912 1 
4 0.361702 0.18458 0.600417 0.003467 0.422915 0.414912 1 
4 0.382979 0.164615 0.59521 0.003467 0.422915 0.414912 1 
4 0.404255 0.134682 0.600714 0.003467 0.422915 0.414912 1 
4 0.425532 0.164615 0.604433 0.003467 0.422915 0.414912 1 
4 0.446809 0.164615 0.604284 0.003467 0.422915 0.414912 1 
4 0.468085 0.164615 0.606665 0.003467 0.422915 0.414912 1 
4 0.489362 0.164615 0.604284 0.003467 0.422915 0.414912 1 
4 0.510638 0.140987 0.613805 0.003467 0.422915 0.414912 1 
4 0.531915 0.147112 0.619458 0.003467 0.422915 0.414912 1 
4 0.553191 0.164615 0.616334 0.003467 0.422915 0.414912 1 
4 0.574468 0.134682 0.604731 0.003467 0.422915 0.414912 1 
4 0.595745 0.135103 0.598334 0.003467 0.422915 0.414912 1 
4 0.617021 0.134682 0.594168 0.003467 0.422915 0.414912 1 
4 0.638298 0.119671 0.584796 0.003467 0.422915 0.414912 0 
4 0.659574 0.116278 0.575275 0.003467 0.422915 0.414912 0 
4 0.680851 0.116278 0.554151 0.003467 0.422915 0.414912 0 
4 0.702128 0.106161 0.538381 0.003467 0.422915 0.414912 0 
4 0.723404 0.096013 0.507289 0.003467 0.422915 0.414912 0 
4 0.744681 0.089288 0.487504 0.003467 0.422915 0.414912 0 
4 0.765957 0.089288 0.463701 0.003467 0.422915 0.414912 0 
4 0.787234 0.096013 0.447635 0.003467 0.422915 0.414912 0 
4 0.808511 0.09265 0.451056 0.003467 0.422915 0.414912 0 
4 0.829787 0.095322 0.451056 0.003467 0.422915 0.414912 0 
4 0.851064 0.09265 0.415501 0.003467 0.422915 0.414912 0 
4 0.87234 0.085895 0.381434 0.003467 0.422915 0.414912 0 
4 0.893617 0.09265 0.405237 0.003467 0.422915 0.414912 0 
4 0.914894 0.09265 0.418923 0.003467 0.422915 0.414912 0 
4 0.93617 0.096013 0.433204 0.003467 0.422915 0.414912 0 
4 0.957447 0.089288 0.428593 0.003467 0.422915 0.414912 0 
4 0.978723 0.09229 0.420113 0.003467 0.422915 0.414912 0 
4 1 0.09265 0.395418 0.003467 0.422915 0.414912 0 
