6 0 0.056593 0.363731 0.003467 0.422915 0.414912 0 
6 0.021277 0.056593 0.299464 0.003467 0.422915 0.414912 0 
6 0.042553 0.055242 0.239512 0.003467 0.422915 0.414912 0 
6 0.06383 0.055242 0.198602 0.003467 0.422915 0.414912 0 
6 0.085106 0.055242 0.17346 0.003467 0.422915 0.414912 0 
6 0.106383 0.055242 0.141476 0.003467 0.422915 0.414912 0 
6 0.12766 0.055242 0.129872 0.003467 0.422915 0.414912 0 
6 0.148936 0.055242 0.124368 0.003467 0.422915 0.414912 0 
6 0.170213 0.055242 0.133294 0.003467 0.422915 0.414912 0 
6 0.191489 0.055242 0.137608 0.003467 0.422915 0.414912 0 
6 0.212766 0.055242 0.162303 0.003467 0.422915 0.414912 0 
6 0.234043 0.068452 0.178965 0.003467 0.422915 0.414912 0 
6 0.255319 0.056593 0.207676 0.003467 0.422915 0.414912 0 
6 0.276596 0.077369 0.278786 0.003467 0.422915 0.414912 0 
6 0.297872 0.081122 0.33249 0.003467 0.422915 0.414912 1 
6 0.319149 0.077369 0.376525 0.003467 0.422915 0.414912 0 
6 0.340426 0.077369 0.423237 0.003467 0.422915 0.414912 0 
6 0.361702 0.067551 0.44942 0.003467 0.422915 0.414912 0 
6 0.382979 0.059595 0.454032 0.003467 0.422915 0.414912 0 
6 0.404255 0.067551 0.456561 0.003467 0.422915 0.414912 0 
6 0.425532 0.075387 0.455519 0.003467 0.422915 0.414912 0 
6 0.446809 0.059595 0.455222 0.003467 0.422915 0.414912 0 
6 0.468085 0.057794 0.456858 0.003467 0.422915 0.414912 0 
6 0.489362 0.075387 0.458643 0.003467 0.422915 0.414912 1 
6 0.510638 0.077369 0.46147 0.003467 0.422915 0.414912 1 
6 0.531915 0.075387 0.457304 0.003467 0.422915 0.414912 1 
6 0.553191 0.085655 0.457453 0.003467 0.422915 0.414912 1 
6 0.574468 0.086436 0.461172 0.003467 0.422915 0.414912 1 
6 0.595745 0.090969 0.457453 0.003467 0.422915 0.414912 1 
6 0.617021 0.0916 0.459387 0.003467 0.422915 0.414912 1 
6 0.638298 0.095473 0.45537 0.003467 0.422915 0.414912 1 
6 0.659574 0.090969 0.462214 0.003467 0.422915 0.414912 1 
6 0.680851 0.090969 0.444064 0.003467 0.422915 0.414912 1 
6 0.702128 0.089408 0.447635 0.003467 0.422915 0.414912 1 
6 0.723404 0.0916 0.450164 0.003467 0.422915 0.414912 1 
6 0.744681 0.089408 0.439453 0.003467 0.422915 0.414912 1 
6 0.765957 0.086316 0.417435 0.003467 0.422915 0.414912 1 
6 0.787234 0.085655 0.403005 0.003467 0.422915 0.414912 1 
6 0.808511 0.086436 0.415501 0.003467 0.422915 0.414912 1 
6 0.829787 0.085655 0.423832 0.003467 0.422915 0.414912 1 
6 0.851064 0.083884 0.397352 0.003467 0.422915 0.414912 1 
6 0.87234 0.076738 0.371318 0.003467 0.422915 0.414912 1 
6 0.893617 0.085655 0.368789 0.003467 0.422915 0.414912 1 
6 0.914894 0.077369 0.36745 0.003467 0.422915 0.414912 1 
6 0.93617 0.077369 0.365665 0.003467 0.422915 0.414912 1 
6 0.957447 0.075387 0.335763 0.003467 0.422915 0.414912 1 
6 0.978723 0.056593 0.310622 0.003467 0.422915 0.414912 0 
6 1 0.056593 0.263761 0.003467 0.422915 0.414912 0 
