7 0 0.056593 0.250223 0.003467 0.422915 0.414912 0 
7 0.021277 0.055242 0.192502 0.003467 0.422915 0.414912 0 
7 0.042553 0.055242 0.151889 0.003467 0.422915 0.414912 0 
7 0.06383 0.055242 0.124814 0.003467 0.422915 0.414912 0 
7 0.085106 0.055242 0.109342 0.003467 0.422915 0.414912 0 
7 0.106383 0.055242 0.095805 0.003467 0.422915 0.414912 0 
7 0.12766 0.067551 0.090449 0.003467 0.422915 0.414912 0 
7 0.148936 0.055242 0.085986 0.003467 0.422915 0.414912 0 
7 0.170213 0.067551 0.094168 0.003467 0.422915 0.414912 0 
7 0.191489 0.068602 0.098334 0.003467 0.422915 0.414912 0 
7 0.212766 0.072535 0.114996 0.003467 0.422915 0.414912 0 
7 0.234043 0.067551 0.122731 0.003467 0.422915 0.414912 0 
7 0.255319 0.076738 0.141029 0.003467 0.422915 0.414912 1 
7 0.276596 0.076738 0.180601 0.003467 0.422915 0.414912 1 
7 0.297872 0.079651 0.229991 0.003467 0.422915 0.414912 1 
7 0.319149 0.080611 0.281018 0.003467 0.422915 0.414912 1 
7 0.340426 0.085655 0.339631 0.003467 0.422915 0.414912 1 
7 0.361702 0.081902 0.379946 0.003467 0.422915 0.414912 1 
7 0.382979 0.076138 0.402112 0.003467 0.422915 0.414912 1 
7 0.404255 0.086436 0.422047 0.003467 0.422915 0.414912 1 
7 0.425532 0.085655 0.433799 0.003467 0.422915 0.414912 1 
7 0.446809 0.090759 0.445849 0.003467 0.422915 0.414912 1 
7 0.468085 0.0916 0.454924 0.003467 0.422915 0.414912 1 
7 0.489362 0.0916 0.458494 0.003467 0.422915 0.414912 1 
7 0.510638 0.09274 0.461172 0.003467 0.422915 0.414912 1 
7 0.531915 0.0916 0.461767 0.003467 0.422915 0.414912 1 
7 0.553191 0.096854 0.458197 0.003467 0.422915 0.414912 1 
7 0.574468 0.095473 0.459536 0.003467 0.422915 0.414912 1 
7 0.595745 0.100546 0.463553 0.003467 0.422915 0.414912 1 
7 0.617021 0.100546 0.464594 0.003467 0.422915 0.414912 1 
7 0.638298 0.102948 0.457304 0.003467 0.422915 0.414912 1 
7 0.659574 0.100006 0.45909 0.003467 0.422915 0.414912 1 
7 0.680851 0.100546 0.458941 0.003467 0.422915 0.414912 1 
7 0.702128 0.100546 0.474115 0.003467 0.422915 0.414912 1 
7 0.723404 0.104299 0.480512 0.003467 0.422915 0.414912 1 
7 0.744681 0.102948 0.478132 0.003467 0.422915 0.414912 1 
7 0.765957 0.098145 0.481553 0.003467 0.422915 0.414912 1 
7 0.787234 0.106761 0.481107 0.003467 0.422915 0.414912 1 
7 0.808511 0.10514 0.506843 0.003467 0.422915 0.414912 1 
7 0.829787 0.10514 0.520232 0.003467 0.422915 0.414912 1 
7 0.851064 0.096854 0.495983 0.003467 0.422915 0.414912 1 
7 0.87234 0.09274 0.445403 0.003467 0.422915 0.414912 1 
7 0.893617 0.096854 0.444064 0.003467 0.422915 0.414912 1 
7 0.914894 0.090969 0.424278 0.003467 0.422915 0.414912 1 
7 0.93617 0.090969 0.41803 0.003467 0.422915 0.414912 1 
7 0.957447 0.081902 0.370872 0.003467 0.422915 0.414912 0 
7 0.978723 0.075387 0.334573 0.003467 0.422915 0.414912 0 
7 1 0.075387 0.296489 0.003467 0.422915 0.414912 0 
