3 0 0.058034 0.368343 0.003467 0.422915 0.414912 0 
3 0.021277 0.056593 0.297084 0.003467 0.422915 0.414912 0 
3 0.042553 0.056593 0.236983 0.003467 0.422915 0.414912 0 
3 0.06383 0.055242 0.203808 0.003467 0.422915 0.414912 0 
3 0.085106 0.055242 0.18194 0.003467 0.422915 0.414912 0 
3 0.106383 0.055242 0.164088 0.003467 0.422915 0.414912 0 
3 0.12766 0.055242 0.158286 0.003467 0.422915 0.414912 0 
3 0.148936 0.067341 0.163195 0.003467 0.422915 0.414912 0 
3 0.170213 0.067041 0.183576 0.003467 0.422915 0.414912 0 
3 0.191489 0.070704 0.223148 0.003467 0.422915 0.414912 1 
3 0.212766 0.073646 0.308242 0.003467 0.422915 0.414912 1 
3 0.234043 0.077219 0.397501 0.003467 0.422915 0.414912 1 
3 0.255319 0.077219 0.433353 0.003467 0.422915 0.414912 1 
3 0.276596 0.077219 0.487801 0.003467 0.422915 0.414912 1 
3 0.297872 0.073556 0.507885 0.003467 0.422915 0.414912 1 
3 0.319149 0.077219 0.519637 0.003467 0.422915 0.414912 1 
3 0.340426 0.088237 0.561143 0.003467 0.422915 0.414912 1 
3 0.361702 0.088237 0.573639 0.003467 0.422915 0.414912 1 
3 0.382979 0.084544 0.549093 0.003467 0.422915 0.414912 1 
3 0.404255 0.077219 0.536299 0.003467 0.422915 0.414912 1 
3 0.425532 0.077219 0.542547 0.003467 0.422915 0.414912 1 
3 0.446809 0.084544 0.55058 0.003467 0.422915 0.414912 1 
3 0.468085 0.080881 0.540464 0.003467 0.422915 0.414912 1 
3 0.489362 0.080881 0.532877 0.003467 0.422915 0.414912 1 
3 0.510638 0.077219 0.529158 0.003467 0.422915 0.414912 1 
3 0.531915 0.073556 0.533472 0.003467 0.422915 0.414912 1 
3 0.553191 0.070704 0.53258 0.003467 0.422915 0.414912 1 
3 0.574468 0.070704 0.509223 0.003467 0.422915 0.414912 1 
3 0.595745 0.058364 0.514281 0.003467 0.422915 0.414912 0 
3 0.617021 0.070704 0.525141 0.003467 0.422915 0.414912 1 
3 0.638298 0.073556 0.52767 0.003467 0.422915 0.414912 1 
3 0.659574 0.073556 0.535257 0.003467 0.422915 0.414912 1 
3 0.680851 0.070704 0.530497 0.003467 0.422915 0.414912 1 
3 0.702128 0.067041 0.523951 0.003467 0.422915 0.414912 0 
3 0.723404 0.058364 0.49152 0.003467 0.422915 0.414912 0 
3 0.744681 0.058364 0.470396 0.003467 0.422915 0.414912 0 
3 0.765957 0.058364 0.444362 0.003467 0.422915 0.414912 0 
3 0.787234 0.058364 0.430378 0.003467 0.422915 0.414912 0 
3 0.808511 0.067041 0.454924 0.003467 0.422915 0.414912 0 
3 0.829787 0.058364 0.446742 0.003467 0.422915 0.414912 0 
3 0.851064 0.058364 0.415204 0.003467 0.422915 0.414912 0 
3 0.87234 0.058364 0.384856 0.003467 0.422915 0.414912 0 
3 0.893617 0.058364 0.405534 0.003467 0.422915 0.414912 0 
3 0.914894 0.058364 0.42651 0.003467 0.422915 0.414912 0 
3 0.93617 0.058364 0.444659 0.003467 0.422915 0.414912 0 
3 0.957447 0.058364 0.439899 0.003467 0.422915 0.414912 0 
3 0.978723 0.067041 0.421898 0.003467 0.422915 0.414912 0 
3 1 0.058364 0.396162 0.003467 0.422915 0.414912 0 
