5 0 0.036658 0.528414 0.002518 0.3884 0.462719 0 
5 0.021277 0.034136 0.508926 0.002335 0.358622 0.552193 0 
5 0.042553 0.040711 0.473222 0.002779 0.410927 0.466228 0 
5 0.06383 0.037048 0.424576 0.00252 0.39073 0.534211 0 
5 0.085106 0.035067 0.363285 0.002368 0.344899 0.534211 0 
5 0.106383 0.035247 0.310919 0.002374 0.306318 0.535965 0 
5 0.12766 0.032665 0.264058 0.002194 0.265407 0.60614 0 
5 0.148936 0.029663 0.228057 0.001975 0.237183 0.675 0 
5 0.170213 0.027021 0.208569 0.001799 0.226825 0.67193 0 
5 0.191489 0.027021 0.206932 0.001797 0.213361 0.673246 0 
5 0.212766 0.027801 0.229694 0.001855 0.230968 0.667105 0 
5 0.234043 0.030053 0.283547 0.002009 0.251165 0.586842 0 
5 0.255319 0.034316 0.392294 0.002306 0.31564 0.564035 0 
5 0.276596 0.058304 0.501934 0.003934 0.372605 0.53114 0 
5 0.297872 0.038309 0.496876 0.002605 0.394873 0.422807 0 
5 0.319149 0.048367 0.554151 0.003301 0.455205 0.439912 0 
5 0.340426 0.063408 0.566796 0.004352 0.505438 0.367544 0 
5 0.361702 0.049388 0.56025 0.003398 0.510098 0.334649 0 
5 0.382979 0.071725 0.58673 0.004921 0.509063 0.398246 0 
5 0.404255 0.057824 0.596549 0.003972 0.486535 0.414474 0 
5 0.425532 0.042572 0.580631 0.002941 0.474366 0.371491 0 
5 0.446809 0.045034 0.567837 0.003099 0.477732 0.401754 0 
5 0.468085 0.063288 0.558614 0.004333 0.468928 0.42807 0 
5 0.489362 0.082953 0.541803 0.005694 0.465562 0.407456 1 
5 0.510638 0.062327 0.536745 0.004281 0.451579 0.430702 0 
5 0.531915 0.044674 0.524695 0.003083 0.441222 0.389474 0 
5 0.553191 0.045064 0.51205 0.00312 0.461937 0.375439 0 
5 0.574468 0.038039 0.506248 0.002644 0.453392 0.391667 0 
5 0.595745 0.034977 0.504612 0.002432 0.453651 0.396491 0 
5 0.617021 0.034106 0.488099 0.002366 0.441999 0.406579 0 
5 0.638298 0.033025 0.479917 0.002287 0.438633 0.390789 0 
5 0.659574 0.033025 0.481702 0.002287 0.429311 0.439912 0 
5 0.680851 0.033025 0.488099 0.002283 0.41999 0.432018 0 
5 0.702128 0.033025 0.5 0.002287 0.424909 0.42807 0 
5 0.723404 0.033235 0.512199 0.002302 0.420249 0.435088 0 
5 0.744681 0.035517 0.568283 0.002455 0.438633 0.464035 0 
5 0.765957 0.03906 0.63374 0.002678 0.451321 0.459211 0 
5 0.787234 0.053531 0.651741 0.003668 0.496375 0.411404 1 
5 0.808511 0.060136 0.629575 0.004136 0.490161 0.401754 1 
5 0.829787 0.03933 0.600268 0.002721 0.467633 0.432456 0 
5 0.851064 0.034406 0.588664 0.002381 0.44899 0.438596 0 
5 0.87234 0.045755 0.568283 0.003151 0.426981 0.429825 1 
5 0.893617 0.034466 0.529307 0.002368 0.399793 0.507895 0 
5 0.914894 0.031824 0.477983 0.002179 0.370274 0.498246 0 
5 0.93617 0.035637 0.527522 0.00243 0.363801 0.533772 0 
5 0.957447 0.035097 0.537043 0.002397 0.365873 0.50307 0 
5 0.978723 0.048097 0.542398 0.003299 0.454428 0.407895 1 
5 1 0.056593 0.527522 0.003565 0.44899 0.456579 1 
