3 0 0.053861 0.436924 0.003589 0.33247 0.445614 1 
3 0.021277 0.0393 0.382922 0.002603 0.306836 0.437281 0 
3 0.042553 0.044794 0.342011 0.002983 0.353703 0.382456 1 
3 0.06383 0.040471 0.296935 0.002698 0.335577 0.400439 0 
3 0.085106 0.037769 0.252752 0.002505 0.296737 0.456579 0 
3 0.106383 0.034226 0.216751 0.002258 0.261523 0.492982 0 
3 0.12766 0.032515 0.194436 0.002119 0.238477 0.544737 0 
3 0.148936 0.031434 0.176436 0.002054 0.226308 0.548246 0 
3 0.170213 0.032545 0.176584 0.002121 0.212325 0.573246 0 
3 0.191489 0.033445 0.188486 0.002164 0.209736 0.587281 0 
3 0.212766 0.031974 0.216751 0.002065 0.212584 0.602193 0 
3 0.234043 0.032995 0.272092 0.002125 0.236924 0.628509 0 
3 0.255319 0.036478 0.357483 0.002368 0.303729 0.560088 0 
3 0.276596 0.036478 0.438411 0.002416 0.368721 0.446491 0 
3 0.297872 0.034586 0.466082 0.002333 0.407561 0.345175 0 
3 0.319149 0.036147 0.526778 0.002495 0.464785 0.254386 0 
3 0.340426 0.03984 0.557572 0.002775 0.488089 0.246053 0 
3 0.361702 0.038309 0.568581 0.002663 0.489902 0.233772 0 
3 0.382979 0.051789 0.593425 0.003606 0.518125 0.230702 1 
3 0.404255 0.051009 0.60726 0.003554 0.520456 0.236404 1 
3 0.425532 0.050048 0.616483 0.003486 0.524599 0.232456 1 
3 0.446809 0.050979 0.619607 0.003554 0.532108 0.23114 1 
3 0.468085 0.045094 0.624517 0.003149 0.529001 0.228947 1 
3 0.489362 0.041792 0.630616 0.002919 0.531072 0.236842 0 
3 0.510638 0.041852 0.622434 0.002916 0.511911 0.264474 0 
3 0.531915 0.03942 0.628979 0.00274 0.516313 0.278947 0 
3 0.553191 0.041882 0.634037 0.002912 0.524858 0.271491 0 
3 0.574468 0.047886 0.635971 0.003332 0.520715 0.274123 1 
3 0.595745 0.046265 0.627641 0.003214 0.52175 0.258772 1 
3 0.617021 0.042002 0.613359 0.002927 0.509839 0.248684 1 
3 0.638298 0.037438 0.617971 0.002621 0.498187 0.264912 0 
3 0.659574 0.035967 0.621244 0.002491 0.508027 0.313596 0 
3 0.680851 0.037919 0.619607 0.002615 0.518643 0.326316 0 
3 0.702128 0.037198 0.612913 0.002565 0.523563 0.297807 0 
3 0.723404 0.035937 0.596102 0.002486 0.535474 0.275877 0 
3 0.744681 0.03942 0.597888 0.00273 0.550233 0.258772 0 
3 0.765957 0.049688 0.62407 0.00343 0.546867 0.261404 1 
3 0.787234 0.056383 0.620946 0.003922 0.562403 0.192544 1 
3 0.808511 0.042602 0.572895 0.00297 0.535733 0.221491 1 
3 0.829787 0.035097 0.530943 0.002441 0.506732 0.282018 0 
3 0.851064 0.034826 0.492859 0.002395 0.473071 0.338596 0 
3 0.87234 0.034136 0.463404 0.002322 0.445106 0.35 0 
3 0.893617 0.032755 0.432907 0.002225 0.412222 0.365351 0 
3 0.914894 0.030353 0.404939 0.002063 0.381926 0.421491 0 
3 0.93617 0.031674 0.453288 0.002158 0.352667 0.476316 0 
3 0.957447 0.032635 0.45909 0.002187 0.331952 0.463596 0 
3 0.978723 0.034676 0.461767 0.002333 0.392025 0.442105 0 
3 1 0.038159 0.453139 0.002536 0.382185 0.502193 0 
