2 0 0.027801 0.39036 0.001475 0.369757 0.765789 0 
2 0.021277 0.033596 0.338292 0.001722 0.336354 0.765789 1 
2 0.042553 0.032124 0.310324 0.002029 0.387882 0.705263 0 
2 0.06383 0.0257 0.267926 0.001631 0.357069 0.704386 0 
2 0.085106 0.019965 0.235942 0.001269 0.316416 0.700439 0 
2 0.106383 0.016302 0.208866 0.000976 0.268773 0.746053 0 
2 0.12766 0.011799 0.184766 0.000754 0.226825 0.659649 0 
2 0.148936 0.005194 0.162452 0.000337 0.181771 0.644737 0 
2 0.170213 0.002912 0.147575 0.000058 0.157431 0.62807 0 
2 0.191489 0.004143 0.150253 0.00027 0.141119 0.634211 0 
2 0.212766 0.004143 0.156204 0.00027 0.127395 0.652193 0 
2 0.234043 0.011048 0.175394 0.000717 0.132574 0.672368 0 
2 0.255319 0.01318 0.209908 0.00085 0.149146 0.751754 0 
2 0.276596 0.086045 0.238024 0.000883 0.15769 0.765789 1 
2 0.297872 0.036808 0.264207 0.000908 0.133351 0.765789 0 
2 0.319149 0.043293 0.33859 0.00108 0.149663 0.765789 1 
2 0.340426 0.043653 0.411931 0.001602 0.202745 0.765789 1 
2 0.361702 0.043653 0.470693 0.002437 0.239513 0.740789 1 
2 0.382979 0.043623 0.518893 0.002948 0.267219 0.673246 1 
2 0.404255 0.044013 0.546415 0.002989 0.283532 0.646053 1 
2 0.425532 0.043863 0.536447 0.002987 0.296737 0.640351 1 
2 0.446809 0.043653 0.505802 0.00296 0.2913 0.678947 1 
2 0.468085 0.043653 0.467272 0.002943 0.2913 0.679825 1 
2 0.489362 0.043623 0.433353 0.002933 0.284568 0.713596 1 
2 0.510638 0.043563 0.415353 0.002923 0.276023 0.729386 1 
2 0.531915 0.042182 0.387533 0.002821 0.270067 0.710526 1 
2 0.553191 0.041972 0.36626 0.002802 0.277317 0.708772 1 
2 0.574468 0.041612 0.343201 0.002775 0.273951 0.709649 1 
2 0.595745 0.041401 0.325796 0.002757 0.270067 0.735526 1 
2 0.617021 0.041341 0.319845 0.00275 0.272398 0.714474 1 
2 0.638298 0.041401 0.323416 0.002754 0.267996 0.730263 1 
2 0.659574 0.041792 0.33978 0.002784 0.279648 0.717105 1 
2 0.680851 0.042212 0.380393 0.002846 0.301139 0.654825 1 
2 0.702128 0.043653 0.464148 0.002968 0.346194 0.533772 1 
2 0.723404 0.06533 0.612615 0.00453 0.424133 0.494737 1 
2 0.744681 0.125015 0.704552 0.008477 0.47566 0.512719 1 
2 0.765957 0.123694 0.710949 0.008373 0.468151 0.47193 1 
2 0.787234 0.094182 0.689081 0.006437 0.43449 0.469737 1 
2 0.808511 0.076768 0.667807 0.005307 0.405748 0.478509 1 
2 0.829787 0.069923 0.638947 0.004855 0.392025 0.472807 1 
2 0.851064 0.073796 0.626153 0.005085 0.374676 0.558333 1 
2 0.87234 0.066981 0.597888 0.004578 0.352667 0.585526 1 
2 0.893617 0.051699 0.562333 0.003535 0.326256 0.585088 1 
2 0.914894 0.042903 0.502678 0.002887 0.302693 0.692544 0 
2 0.93617 0.043263 0.51324 0.002869 0.290782 0.748246 0 
2 0.957447 0.041642 0.493752 0.002538 0.288193 0.765789 0 
2 0.978723 0.042482 0.485421 0.002624 0.372864 0.639035 0 
2 1 0.032725 0.458048 0.001961 0.37131 0.742105 0 
