7 0 0.033025 0.45537 0.002258 0.370016 0.422807 1 
7 0.021277 0.032425 0.43975 0.0022 0.328327 0.45614 1 
7 0.042553 0.033025 0.413567 0.002246 0.381668 0.385526 1 
7 0.06383 0.031974 0.359863 0.002167 0.345935 0.364035 1 
7 0.085106 0.030563 0.293514 0.002071 0.291559 0.463158 0 
7 0.106383 0.030083 0.242934 0.002034 0.248835 0.467982 0 
7 0.12766 0.029783 0.198007 0.002013 0.200414 0.472807 0 
7 0.148936 0.027591 0.162005 0.001861 0.165976 0.529825 0 
7 0.170213 0.027021 0.139691 0.00182 0.150958 0.570614 0 
7 0.191489 0.02696 0.130913 0.001811 0.132833 0.606579 0 
7 0.212766 0.027021 0.132699 0.001816 0.132056 0.605263 0 
7 0.234043 0.027021 0.141922 0.001813 0.132056 0.59693 0 
7 0.255319 0.027381 0.177626 0.001843 0.143708 0.577193 0 
7 0.276596 0.029182 0.22776 0.001971 0.163646 0.548684 0 
7 0.297872 0.028221 0.272835 0.001909 0.171414 0.546053 0 
7 0.319149 0.028522 0.3313 0.001932 0.199896 0.592982 0 
7 0.340426 0.029873 0.385451 0.002036 0.230192 0.523684 0 
7 0.361702 0.030683 0.42294 0.002104 0.256085 0.491228 0 
7 0.382979 0.033025 0.457602 0.002275 0.277835 0.455263 1 
7 0.404255 0.033295 0.464594 0.002295 0.283532 0.46886 1 
7 0.425532 0.033025 0.439453 0.00227 0.279907 0.476754 1 
7 0.446809 0.032064 0.420262 0.002204 0.275246 0.479386 1 
7 0.468085 0.030263 0.399435 0.002081 0.273175 0.409211 0 
7 0.489362 0.030083 0.383219 0.002069 0.265665 0.42807 0 
7 0.510638 0.030023 0.365516 0.002061 0.255567 0.444737 0 
7 0.531915 0.030023 0.349896 0.002052 0.234335 0.495614 0 
7 0.553191 0.029032 0.330705 0.00198 0.234335 0.502193 0 
7 0.574468 0.027591 0.317019 0.001878 0.221388 0.526316 0 
7 0.595745 0.027621 0.299911 0.001874 0.211031 0.545175 0 
7 0.617021 0.028522 0.287266 0.001936 0.189798 0.524123 0 
7 0.638298 0.027021 0.274918 0.001828 0.191611 0.561842 0 
7 0.659574 0.027021 0.274472 0.001824 0.188503 0.542105 0 
7 0.680851 0.027861 0.284885 0.001888 0.205334 0.542982 0 
7 0.702128 0.028372 0.290985 0.001924 0.209477 0.524123 0 
7 0.723404 0.027861 0.282803 0.001892 0.219316 0.489474 0 
7 0.744681 0.030173 0.343945 0.002069 0.267996 0.349561 1 
7 0.765957 0.031884 0.428295 0.002206 0.327809 0.358333 1 
7 0.787234 0.033295 0.45061 0.002314 0.353444 0.314035 1 
7 0.808511 0.032575 0.420113 0.002262 0.343086 0.359649 1 
7 0.829787 0.030083 0.381285 0.002077 0.31564 0.385088 1 
7 0.851064 0.030023 0.357334 0.002075 0.307354 0.349561 1 
7 0.87234 0.030023 0.34454 0.002071 0.287157 0.375 1 
7 0.893617 0.029873 0.324606 0.002059 0.261005 0.370175 0 
7 0.914894 0.028281 0.301993 0.001944 0.245469 0.390789 0 
7 0.93617 0.029512 0.332639 0.002032 0.244174 0.38114 0 
7 0.957447 0.030023 0.34335 0.002065 0.251683 0.357895 1 
7 0.978723 0.031074 0.347218 0.002146 0.328327 0.307018 1 
7 1 0.030683 0.323118 0.002117 0.331176 0.331579 1 
