4 0 0.041522 0.466677 0.002765 0.428276 0.628509 0 
4 0.021277 0.040501 0.444511 0.002673 0.398239 0.675439 0 
4 0.042553 0.041702 0.413865 0.002769 0.444588 0.600877 0 
4 0.06383 0.0399 0.363285 0.00263 0.415847 0.649561 0 
4 0.085106 0.03903 0.304522 0.002549 0.370274 0.707018 0 
4 0.106383 0.036898 0.257959 0.002202 0.328586 0.765789 0 
4 0.12766 0.033716 0.215115 0.001666 0.280684 0.765789 0 
4 0.148936 0.033806 0.181642 0.001701 0.246245 0.765789 0 
4 0.170213 0.029783 0.167063 0.001624 0.224495 0.765789 0 
4 0.191489 0.029933 0.163939 0.001583 0.21362 0.765789 0 
4 0.212766 0.034046 0.192056 0.001685 0.227084 0.765789 0 
4 0.234043 0.034856 0.244719 0.001917 0.257897 0.765789 0 
4 0.255319 0.037048 0.341714 0.002285 0.337908 0.764474 0 
4 0.276596 0.042302 0.45061 0.002781 0.423874 0.654386 0 
4 0.297872 0.042122 0.463404 0.0028 0.473848 0.590351 0 
4 0.319149 0.046806 0.523207 0.003166 0.539358 0.482018 0 
4 0.340426 0.047406 0.539423 0.003241 0.566805 0.446053 0 
4 0.361702 0.043953 0.523951 0.003 0.55826 0.451316 0 
4 0.382979 0.080942 0.550283 0.005336 0.562144 0.473684 1 
4 0.404255 0.063018 0.559357 0.004229 0.553858 0.475 1 
4 0.425532 0.051609 0.549241 0.0035 0.545054 0.43114 1 
4 0.446809 0.044944 0.52648 0.003066 0.536769 0.450439 0 
4 0.468085 0.045004 0.515472 0.003066 0.542724 0.444737 0 
4 0.489362 0.049087 0.506248 0.003336 0.53651 0.464474 1 
4 0.510638 0.044734 0.501934 0.003039 0.523563 0.480702 0 
4 0.531915 0.044644 0.489586 0.003029 0.51709 0.463158 0 
4 0.553191 0.044644 0.488545 0.003037 0.530813 0.447368 0 
4 0.574468 0.044584 0.482892 0.003029 0.531331 0.447368 0 
4 0.595745 0.044134 0.472925 0.002997 0.523563 0.465789 0 
4 0.617021 0.043893 0.478578 0.002966 0.510357 0.507018 0 
4 0.638298 0.043893 0.468611 0.002954 0.505438 0.526754 0 
4 0.659574 0.044043 0.476049 0.002954 0.500518 0.545175 0 
4 0.680851 0.044073 0.489586 0.00296 0.501295 0.534211 0 
4 0.702128 0.047526 0.521571 0.00313 0.533661 0.505702 0 
4 0.723404 0.058755 0.593573 0.004001 0.603055 0.461404 1 
4 0.744681 0.07857 0.652336 0.005289 0.653288 0.442982 1 
4 0.765957 0.098415 0.641922 0.006506 0.6261 0.475439 1 
4 0.787234 0.077219 0.612467 0.005039 0.580269 0.49693 1 
4 0.808511 0.050348 0.576465 0.003496 0.544537 0.50307 1 
4 0.829787 0.046355 0.547456 0.003137 0.516831 0.521053 0 
4 0.851064 0.044884 0.522464 0.003022 0.495857 0.545614 0 
4 0.87234 0.044464 0.493306 0.002975 0.465303 0.587719 0 
4 0.893617 0.043893 0.456412 0.002921 0.437856 0.598684 0 
4 0.914894 0.042843 0.420559 0.002833 0.406266 0.640789 0 
4 0.93617 0.043563 0.47352 0.002883 0.392802 0.679386 0 
4 0.957447 0.043443 0.487057 0.002869 0.382185 0.662719 0 
4 0.978723 0.044224 0.493901 0.002975 0.462973 0.557895 0 
4 1 0.044464 0.489289 0.002987 0.453133 0.57193 0 
