5 0 0.046866 0.41684 0.003467 0.422915 0.414912 1 
5 0.021277 0.046866 0.385451 0.003467 0.422915 0.414912 1 
5 0.042553 0.043713 0.361202 0.003467 0.422915 0.414912 0 
5 0.06383 0.041582 0.300357 0.003467 0.422915 0.414912 0 
5 0.085106 0.041582 0.247694 0.003467 0.422915 0.414912 0 
5 0.106383 0.041582 0.209164 0.003467 0.422915 0.414912 0 
5 0.12766 0.040381 0.171526 0.003467 0.422915 0.414912 0 
5 0.148936 0.041281 0.149212 0.003467 0.422915 0.414912 0 
5 0.170213 0.062027 0.135971 0.003467 0.422915 0.414912 1 
5 0.191489 0.062027 0.137013 0.003467 0.422915 0.414912 1 
5 0.212766 0.06587 0.160815 0.003467 0.422915 0.414912 1 
5 0.234043 0.062027 0.206486 0.003467 0.422915 0.414912 1 
5 0.255319 0.062027 0.291729 0.003467 0.422915 0.414912 1 
5 0.276596 0.047076 0.38188 0.003467 0.422915 0.414912 0 
5 0.297872 0.049508 0.392145 0.003467 0.422915 0.414912 1 
5 0.319149 0.047076 0.457156 0.003467 0.422915 0.414912 0 
5 0.340426 0.046866 0.486611 0.003467 0.422915 0.414912 0 
5 0.361702 0.047076 0.491818 0.003467 0.422915 0.414912 0 
5 0.382979 0.049988 0.541952 0.003467 0.422915 0.414912 1 
5 0.404255 0.049988 0.557423 0.003467 0.422915 0.414912 1 
5 0.425532 0.093821 0.545076 0.003467 0.422915 0.414912 1 
5 0.446809 0.101777 0.529009 0.003467 0.422915 0.414912 1 
5 0.468085 0.049988 0.51443 0.003467 0.422915 0.414912 1 
5 0.489362 0.093821 0.508331 0.003467 0.422915 0.414912 1 
5 0.510638 0.093821 0.493454 0.003467 0.422915 0.414912 1 
5 0.531915 0.093821 0.484231 0.003467 0.422915 0.414912 1 
5 0.553191 0.093821 0.47828 0.003467 0.422915 0.414912 1 
5 0.574468 0.049508 0.46623 0.003467 0.422915 0.414912 0 
5 0.595745 0.047076 0.455965 0.003467 0.422915 0.414912 0 
5 0.617021 0.047076 0.449569 0.003467 0.422915 0.414912 0 
5 0.638298 0.047676 0.43737 0.003467 0.422915 0.414912 0 
5 0.659574 0.049508 0.452544 0.003467 0.422915 0.414912 0 
5 0.680851 0.049988 0.450312 0.003467 0.422915 0.414912 0 
5 0.702128 0.047766 0.455668 0.003467 0.422915 0.414912 0 
5 0.723404 0.093821 0.464891 0.003467 0.422915 0.414912 1 
5 0.744681 0.099045 0.498512 0.003467 0.422915 0.414912 1 
5 0.765957 0.049778 0.540018 0.003467 0.422915 0.414912 0 
5 0.787234 0.049508 0.53258 0.003467 0.422915 0.414912 0 
5 0.808511 0.047076 0.503719 0.003467 0.422915 0.414912 0 
5 0.829787 0.047076 0.475156 0.003467 0.422915 0.414912 0 
5 0.851064 0.047076 0.463701 0.003467 0.422915 0.414912 0 
5 0.87234 0.047076 0.438114 0.003467 0.422915 0.414912 0 
5 0.893617 0.047076 0.407319 0.003467 0.422915 0.414912 0 
5 0.914894 0.046866 0.367896 0.003467 0.422915 0.414912 0 
5 0.93617 0.049508 0.425469 0.003467 0.422915 0.414912 0 
5 0.957447 0.049508 0.452841 0.003467 0.422915 0.414912 0 
5 0.978723 0.047076 0.472776 0.003467 0.422915 0.414912 0 
5 1 0.047076 0.464743 0.003467 0.422915 0.414912 0 
