2 0 0.042422 0.283547 0.002788 0.3203 0.624123 1 
2 0.021277 0.042032 0.253198 0.00275 0.302175 0.607895 0 
2 0.042553 0.043053 0.224189 0.00285 0.372346 0.524561 1 
2 0.06383 0.043833 0.192353 0.002887 0.353962 0.58114 1 
2 0.085106 0.043683 0.165873 0.00285 0.308131 0.645614 1 
2 0.106383 0.036538 0.14698 0.002362 0.277059 0.708772 0 
2 0.12766 0.027771 0.137757 0.001789 0.239254 0.725877 0 
2 0.148936 0.034586 0.146683 0.002223 0.231227 0.739035 0 
2 0.170213 0.043743 0.172121 0.002815 0.223459 0.721491 1 
2 0.191489 0.044134 0.220321 0.002848 0.236924 0.724123 1 
2 0.212766 0.048097 0.310324 0.003135 0.284568 0.715789 1 
2 0.234043 0.067251 0.407319 0.004375 0.350596 0.660526 1 
2 0.255319 0.045274 0.438114 0.00302 0.438633 0.541667 1 
2 0.276596 0.07875 0.5 0.005189 0.506473 0.572368 1 
2 0.297872 0.043743 0.524844 0.002883 0.455722 0.525439 0 
2 0.319149 0.044224 0.517257 0.002908 0.44407 0.525439 0 
2 0.340426 0.057284 0.554151 0.003729 0.44666 0.663158 1 
2 0.361702 0.051819 0.568134 0.003357 0.439669 0.60614 1 
2 0.382979 0.047796 0.555192 0.003118 0.426722 0.569298 1 
2 0.404255 0.044073 0.534811 0.002885 0.422838 0.571491 0 
2 0.425532 0.044164 0.521125 0.002885 0.409114 0.562281 0 
2 0.446809 0.043803 0.513984 0.002865 0.408856 0.591667 0 
2 0.468085 0.043983 0.510711 0.002869 0.412481 0.575877 0 
2 0.489362 0.044134 0.509372 0.002877 0.402123 0.594737 0 
2 0.510638 0.044134 0.50476 0.002873 0.401346 0.588158 0 
2 0.531915 0.044104 0.498066 0.002875 0.397721 0.585526 0 
2 0.553191 0.044073 0.48914 0.002879 0.410668 0.564912 0 
2 0.574468 0.043713 0.479917 0.002856 0.408856 0.578509 0 
2 0.595745 0.043863 0.469801 0.002856 0.4029 0.6 0 
2 0.617021 0.043143 0.470842 0.0028 0.397721 0.606579 0 
2 0.638298 0.043923 0.478875 0.002852 0.40782 0.570614 0 
2 0.659574 0.044164 0.481702 0.002883 0.413516 0.536404 0 
2 0.680851 0.044194 0.484826 0.002896 0.415329 0.536404 0 
2 0.702128 0.044134 0.508033 0.002883 0.415847 0.604825 0 
2 0.723404 0.043653 0.506843 0.002831 0.392802 0.635965 0 
2 0.744681 0.043803 0.507141 0.002823 0.359399 0.653947 0 
2 0.765957 0.043983 0.500893 0.002833 0.325997 0.65307 0 
2 0.787234 0.044314 0.523207 0.00286 0.316675 0.65 0 
2 0.808511 0.044464 0.52767 0.002879 0.35448 0.62193 0 
2 0.829787 0.044824 0.507438 0.002908 0.36639 0.644737 0 
2 0.851064 0.043233 0.470693 0.002788 0.344122 0.640351 0 
2 0.87234 0.041071 0.42532 0.002655 0.326256 0.617544 0 
2 0.893617 0.041792 0.442279 0.00268 0.289228 0.751316 0 
2 0.914894 0.040771 0.446147 0.002584 0.262558 0.732456 0 
2 0.93617 0.046175 0.46504 0.002946 0.236406 0.749561 1 
2 0.957447 0.045485 0.483041 0.00291 0.240808 0.757018 1 
2 0.978723 0.093311 0.478875 0.006101 0.372864 0.654825 1 
2 1 0.063438 0.463999 0.004169 0.384516 0.660526 1 
