2 0 0.045124 0.445701 0.002966 0.421284 0.627193 0 
2 0.021277 0.044524 0.410741 0.002931 0.399793 0.659211 0 
2 0.042553 0.05212 0.380839 0.003378 0.457535 0.6 0 
2 0.06383 0.044914 0.346325 0.002958 0.445624 0.576754 0 
2 0.085106 0.044164 0.311366 0.002906 0.409632 0.587281 0 
2 0.106383 0.041642 0.272389 0.002725 0.377266 0.580702 0 
2 0.12766 0.041852 0.233561 0.002719 0.339461 0.673684 0 
2 0.148936 0.02585 0.231181 0.001689 0.315898 0.633772 0 
2 0.170213 0.031284 0.225826 0.002038 0.295184 0.685088 0 
2 0.191489 0.031644 0.234008 0.002054 0.287157 0.708772 0 
2 0.212766 0.029482 0.27105 0.001919 0.297773 0.679386 0 
2 0.234043 0.040411 0.326093 0.002644 0.316675 0.671053 0 
2 0.255319 0.069383 0.441535 0.004578 0.404195 0.64693 0 
2 0.276596 0.075357 0.562333 0.00499 0.487053 0.563158 0 
2 0.297872 0.073136 0.61321 0.004921 0.556189 0.419298 0 
2 0.319149 0.0786 0.707081 0.005326 0.629984 0.47807 1 
2 0.340426 0.077549 0.729991 0.005245 0.674521 0.442544 0 
2 0.361702 0.075117 0.723743 0.005081 0.675557 0.45307 0 
2 0.382979 0.084274 0.751562 0.005704 0.686173 0.455702 1 
2 0.404255 0.080761 0.748884 0.005459 0.680476 0.441228 1 
2 0.425532 0.067431 0.715412 0.004553 0.657172 0.466667 0 
2 0.446809 0.055602 0.677328 0.003747 0.660021 0.403947 0 
2 0.468085 0.063889 0.655013 0.00431 0.63594 0.449123 0 
2 0.489362 0.067641 0.645641 0.004578 0.626359 0.482895 0 
2 0.510638 0.07875 0.631955 0.005278 0.614966 0.542544 1 
2 0.531915 0.076408 0.627789 0.00505 0.613154 0.525439 1 
2 0.553191 0.086286 0.620351 0.005654 0.616002 0.624561 1 
2 0.574468 0.080071 0.603243 0.005201 0.612636 0.555702 1 
2 0.595745 0.077729 0.590152 0.005035 0.600725 0.520175 1 
2 0.617021 0.075477 0.578251 0.004917 0.596841 0.505702 1 
2 0.638298 0.073466 0.572449 0.004821 0.574832 0.544737 1 
2 0.659574 0.073436 0.588218 0.00483 0.561626 0.516667 1 
2 0.680851 0.068332 0.620797 0.004555 0.576126 0.509211 0 
2 0.702128 0.073466 0.676287 0.004911 0.582341 0.495175 1 
2 0.723404 0.072265 0.74695 0.004823 0.625842 0.527632 1 
2 0.744681 0.116549 0.8374 0.00775 0.715432 0.558333 1 
2 0.765957 0.14426 0.855103 0.009576 0.737442 0.494737 1 
2 0.787234 0.100216 0.83011 0.006691 0.707923 0.540351 1 
2 0.808511 0.089528 0.792026 0.005924 0.658985 0.584211 1 
2 0.829787 0.075237 0.755132 0.004952 0.624806 0.626754 1 
2 0.851064 0.078119 0.729545 0.005127 0.595287 0.550877 1 
2 0.87234 0.075537 0.709908 0.004944 0.571207 0.530263 1 
2 0.893617 0.072775 0.664386 0.004817 0.534956 0.562719 1 
2 0.914894 0.055422 0.594168 0.003695 0.503884 0.567105 0 
2 0.93617 0.067942 0.616632 0.002935 0.466339 0.629825 0 
2 0.957447 0.050799 0.610533 0.002927 0.439669 0.614474 0 
2 0.978723 0.073496 0.600417 0.00489 0.515018 0.572368 1 
2 1 0.069743 0.580631 0.004142 0.501554 0.59693 1 
