1 0 0.040411 0.44704 0.002692 0.451838 0.549123 0 
1 0.021277 0.03945 0.403154 0.002636 0.423356 0.555263 0 
1 0.042553 0.040741 0.361797 0.002742 0.469187 0.473246 0 
1 0.06383 0.03972 0.31806 0.002663 0.429829 0.552632 0 
1 0.085106 0.042062 0.269414 0.002794 0.385552 0.636404 1 
1 0.106383 0.040591 0.22895 0.002676 0.342569 0.675877 0 
1 0.12766 0.03891 0.194436 0.002551 0.308907 0.710526 0 
1 0.148936 0.033566 0.170039 0.002189 0.268514 0.760088 0 
1 0.170213 0.035757 0.152782 0.002327 0.231486 0.796053 0 
1 0.191489 0.032034 0.14579 0.002081 0.215691 0.822807 0 
1 0.212766 0.032755 0.14936 0.002125 0.193941 0.836842 0 
1 0.234043 0.031884 0.158137 0.002069 0.182548 0.842544 0 
1 0.255319 0.032425 0.172568 0.002104 0.180735 0.839474 0 
1 0.276596 0.029092 0.199197 0.00188 0.18203 0.846053 0 
1 0.297872 0.022577 0.232074 0.000953 0.144485 0.898246 0 
1 0.319149 0.021646 0.302589 0.00123 0.159762 0.959211 0 
1 0.340426 0.032214 0.382922 0.00167 0.212066 1 0 
1 0.361702 0.034676 0.448974 0.002127 0.254272 0.957895 0 
1 0.382979 0.040891 0.512943 0.002518 0.287416 0.915789 1 
1 0.404255 0.041041 0.539125 0.002549 0.303729 0.890789 1 
1 0.425532 0.040951 0.532282 0.002574 0.307354 0.870614 1 
1 0.446809 0.041131 0.517257 0.002603 0.302952 0.87193 1 
1 0.468085 0.041101 0.497917 0.002626 0.29855 0.849123 1 
1 0.489362 0.040831 0.478578 0.002611 0.286898 0.860088 1 
1 0.510638 0.040891 0.454924 0.002374 0.287675 0.879825 1 
1 0.531915 0.040891 0.430973 0.001996 0.272657 0.879825 1 
1 0.553191 0.040561 0.413121 0.002096 0.273951 0.879825 1 
1 0.574468 0.040891 0.393335 0.002435 0.264371 0.923684 1 
1 0.595745 0.03927 0.373252 0.001795 0.249353 0.901754 0 
1 0.617021 0.03966 0.364326 0.001828 0.238219 0.901754 1 
1 0.638298 0.038759 0.365219 0.001647 0.230709 0.901754 0 
1 0.659574 0.040891 0.381434 0.001444 0.229674 0.857895 1 
1 0.680851 0.040471 0.405088 0.001583 0.233299 0.857895 1 
1 0.702128 0.03927 0.476198 0.001897 0.270326 0.871053 0 
1 0.723404 0.03984 0.573193 0.002478 0.361471 0.792105 1 
1 0.744681 0.041972 0.669295 0.002648 0.458571 0.716228 1 
1 0.765957 0.041822 0.688932 0.002665 0.486018 0.733772 1 
1 0.787234 0.041612 0.670336 0.002646 0.471776 0.772807 1 
1 0.808511 0.042122 0.647724 0.002682 0.454428 0.759211 1 
1 0.829787 0.043833 0.623178 0.002825 0.435267 0.729386 1 
1 0.851064 0.044104 0.60726 0.002867 0.424392 0.738158 1 
1 0.87234 0.042002 0.591491 0.002736 0.404713 0.732895 1 
1 0.893617 0.041762 0.548646 0.002711 0.389953 0.776316 1 
1 0.914894 0.041462 0.503719 0.002667 0.370016 0.810526 1 
1 0.93617 0.043833 0.51086 0.002806 0.372864 0.792544 1 
1 0.957447 0.042152 0.49152 0.002713 0.361212 0.806579 1 
1 0.978723 0.044914 0.471288 0.002898 0.429052 0.667982 1 
1 1 0.0399 0.432163 0.002594 0.420508 0.708772 1 
