4 0 0.077639 0.479917 0.005058 0.448472 0.684211 1 
4 0.021277 0.063108 0.468313 0.004109 0.415329 0.696053 1 
4 0.042553 0.075327 0.438114 0.004917 0.470223 0.631579 1 
4 0.06383 0.069953 0.386492 0.00457 0.450026 0.67193 1 
4 0.085106 0.063408 0.336953 0.004136 0.404713 0.639035 1 
4 0.106383 0.064999 0.282356 0.004236 0.359399 0.677193 1 
4 0.12766 0.051609 0.237876 0.003342 0.322372 0.701754 0 
4 0.148936 0.048337 0.208569 0.003118 0.292336 0.702193 0 
4 0.170213 0.040621 0.190122 0.002619 0.274987 0.694737 0 
4 0.191489 0.041101 0.187147 0.002767 0.264112 0.736842 0 
4 0.212766 0.049508 0.216007 0.00311 0.276541 0.757018 0 
4 0.234043 0.051189 0.275067 0.003324 0.319265 0.719737 0 
4 0.255319 0.073886 0.379649 0.004803 0.391766 0.619737 1 
4 0.276596 0.082683 0.484231 0.005463 0.461678 0.587281 1 
4 0.297872 0.05218 0.484528 0.003463 0.500518 0.541228 0 
4 0.319149 0.066951 0.527968 0.004479 0.564992 0.454825 1 
4 0.340426 0.073616 0.536001 0.004948 0.607975 0.413596 1 
4 0.361702 0.073436 0.520083 0.004933 0.608493 0.466228 1 
4 0.382979 0.074427 0.55058 0.004977 0.612636 0.450439 1 
4 0.404255 0.074667 0.556084 0.004967 0.598912 0.456579 1 
4 0.425532 0.073706 0.532282 0.004919 0.595546 0.423684 1 
4 0.446809 0.074547 0.516067 0.004985 0.587778 0.444737 1 
4 0.468085 0.074096 0.505058 0.004954 0.583118 0.444298 1 
4 0.489362 0.102048 0.505207 0.006863 0.583894 0.496053 1 
4 0.510638 0.093491 0.497322 0.006261 0.557742 0.524561 1 
4 0.531915 0.093101 0.48795 0.006221 0.559814 0.529825 1 
4 0.553191 0.097844 0.483636 0.006554 0.576903 0.511404 1 
4 0.574468 0.091059 0.473222 0.006109 0.577162 0.488596 1 
4 0.595745 0.073106 0.464743 0.0049 0.570171 0.47807 1 
4 0.617021 0.072055 0.458643 0.004823 0.556706 0.475877 1 
4 0.638298 0.053741 0.4518 0.003606 0.541947 0.495175 0 
4 0.659574 0.049117 0.455817 0.00329 0.531072 0.517982 0 
4 0.680851 0.050648 0.460577 0.003394 0.531849 0.504386 0 
4 0.702128 0.056473 0.468759 0.003779 0.540394 0.527193 0 
4 0.723404 0.044284 0.486165 0.002958 0.554376 0.554386 0 
4 0.744681 0.061577 0.550431 0.004111 0.593734 0.49386 0 
4 0.765957 0.075838 0.60116 0.005054 0.62869 0.44386 1 
4 0.787234 0.072235 0.58673 0.004821 0.63594 0.434211 1 
4 0.808511 0.059865 0.549539 0.004032 0.603573 0.409211 0 
4 0.829787 0.05275 0.520083 0.003583 0.566805 0.419737 0 
4 0.851064 0.049267 0.497173 0.003359 0.546608 0.410965 0 
4 0.87234 0.043773 0.477239 0.002983 0.525375 0.407895 0 
4 0.893617 0.042062 0.435138 0.00285 0.48783 0.4 0 
4 0.914894 0.040231 0.40717 0.002738 0.459089 0.401754 0 
4 0.93617 0.048547 0.447932 0.003278 0.437856 0.573684 0 
4 0.957447 0.044254 0.464891 0.00295 0.4174 0.54693 0 
4 0.978723 0.075057 0.480065 0.005006 0.517607 0.533772 1 
4 1 0.07953 0.4759 0.005249 0.509322 0.567544 1 
