2 0 0.074817 0.35659 0.003467 0.422915 0.414912 0 
2 0.021277 0.054792 0.294258 0.003467 0.422915 0.414912 0 
2 0.042553 0.05308 0.243231 0.003467 0.422915 0.414912 0 
2 0.06383 0.05308 0.204255 0.003467 0.422915 0.414912 0 
2 0.085106 0.05308 0.168105 0.003467 0.422915 0.414912 0 
2 0.106383 0.071694 0.155311 0.003467 0.422915 0.414912 0 
2 0.12766 0.071694 0.14222 0.003467 0.422915 0.414912 0 
2 0.148936 0.074517 0.142071 0.003467 0.422915 0.414912 0 
2 0.170213 0.074517 0.167658 0.003467 0.422915 0.414912 0 
2 0.191489 0.098895 0.207081 0.003467 0.422915 0.414912 1 
2 0.212766 0.111174 0.270753 0.003467 0.422915 0.414912 1 
2 0.234043 0.098024 0.357632 0.003467 0.422915 0.414912 1 
2 0.255319 0.102468 0.379203 0.003467 0.422915 0.414912 1 
2 0.276596 0.111174 0.445106 0.003467 0.422915 0.414912 1 
2 0.297872 0.098024 0.472627 0.003467 0.422915 0.414912 1 
2 0.319149 0.106461 0.49152 0.003467 0.422915 0.414912 1 
2 0.340426 0.112435 0.542993 0.003467 0.422915 0.414912 1 
2 0.361702 0.098024 0.55058 0.003467 0.422915 0.414912 1 
2 0.382979 0.098024 0.54463 0.003467 0.422915 0.414912 1 
2 0.404255 0.119491 0.538084 0.003467 0.422915 0.414912 1 
2 0.425532 0.098024 0.535852 0.003467 0.422915 0.414912 1 
2 0.446809 0.098024 0.543737 0.003467 0.422915 0.414912 1 
2 0.468085 0.098895 0.538233 0.003467 0.422915 0.414912 1 
2 0.489362 0.098895 0.537191 0.003467 0.422915 0.414912 1 
2 0.510638 0.098895 0.541654 0.003467 0.422915 0.414912 1 
2 0.531915 0.098895 0.543291 0.003467 0.422915 0.414912 1 
2 0.553191 0.111174 0.542547 0.003467 0.422915 0.414912 1 
2 0.574468 0.111174 0.538381 0.003467 0.422915 0.414912 1 
2 0.595745 0.111174 0.534811 0.003467 0.422915 0.414912 1 
2 0.617021 0.098895 0.535852 0.003467 0.422915 0.414912 1 
2 0.638298 0.111174 0.537043 0.003467 0.422915 0.414912 1 
2 0.659574 0.111174 0.538976 0.003467 0.422915 0.414912 1 
2 0.680851 0.111174 0.525885 0.003467 0.422915 0.414912 1 
2 0.702128 0.098024 0.520083 0.003467 0.422915 0.414912 1 
2 0.723404 0.098024 0.483041 0.003467 0.422915 0.414912 1 
2 0.744681 0.074817 0.466379 0.003467 0.422915 0.414912 0 
2 0.765957 0.098024 0.445998 0.003467 0.422915 0.414912 1 
2 0.787234 0.098024 0.432163 0.003467 0.422915 0.414912 1 
2 0.808511 0.098895 0.430824 0.003467 0.422915 0.414912 1 
2 0.829787 0.056743 0.424576 0.003467 0.422915 0.414912 0 
2 0.851064 0.074817 0.394525 0.003467 0.422915 0.414912 0 
2 0.87234 0.061217 0.358673 0.003467 0.422915 0.414912 0 
2 0.893617 0.074817 0.388277 0.003467 0.422915 0.414912 0 
2 0.914894 0.074817 0.393782 0.003467 0.422915 0.414912 0 
2 0.93617 0.098024 0.412972 0.003467 0.422915 0.414912 1 
2 0.957447 0.098024 0.410741 0.003467 0.422915 0.414912 1 
2 0.978723 0.098024 0.408063 0.003467 0.422915 0.414912 1 
2 1 0.074817 0.382624 0.003467 0.422915 0.414912 0 
