3 0 0.048006 0.550431 0.003467 0.422915 0.414912 0 
3 0.021277 0.071454 0.531836 0.003467 0.422915 0.414912 1 
3 0.042553 0.071454 0.511306 0.003467 0.422915 0.414912 1 
3 0.06383 0.047286 0.446147 0.003467 0.422915 0.414912 0 
3 0.085106 0.063798 0.387682 0.003467 0.422915 0.414912 1 
3 0.106383 0.047286 0.337697 0.003467 0.422915 0.414912 0 
3 0.12766 0.045274 0.289795 0.003467 0.422915 0.414912 0 
3 0.148936 0.041612 0.24814 0.003467 0.422915 0.414912 0 
3 0.170213 0.041281 0.229098 0.003467 0.422915 0.414912 0 
3 0.191489 0.060496 0.22166 0.003467 0.422915 0.414912 1 
3 0.212766 0.060496 0.252603 0.003467 0.422915 0.414912 1 
3 0.234043 0.069173 0.301993 0.003467 0.422915 0.414912 1 
3 0.255319 0.07887 0.412824 0.003467 0.422915 0.414912 1 
3 0.276596 0.048247 0.533175 0.003467 0.422915 0.414912 0 
3 0.297872 0.064009 0.563374 0.003467 0.422915 0.414912 1 
3 0.319149 0.041732 0.638054 0.003467 0.422915 0.414912 0 
3 0.340426 0.041732 0.660518 0.003467 0.422915 0.414912 0 
3 0.361702 0.041281 0.648319 0.003467 0.422915 0.414912 0 
3 0.382979 0.043203 0.675989 0.003467 0.422915 0.414912 0 
3 0.404255 0.041732 0.677774 0.003467 0.422915 0.414912 0 
3 0.425532 0.041582 0.643112 0.003467 0.422915 0.414912 0 
3 0.446809 0.041732 0.602499 0.003467 0.422915 0.414912 0 
3 0.468085 0.041732 0.574383 0.003467 0.422915 0.414912 0 
3 0.489362 0.041582 0.560547 0.003467 0.422915 0.414912 0 
3 0.510638 0.041582 0.543588 0.003467 0.422915 0.414912 0 
3 0.531915 0.041281 0.517852 0.003467 0.422915 0.414912 0 
3 0.553191 0.041281 0.510414 0.003467 0.422915 0.414912 0 
3 0.574468 0.041281 0.505207 0.003467 0.422915 0.414912 0 
3 0.595745 0.041582 0.497322 0.003467 0.422915 0.414912 0 
3 0.617021 0.041281 0.478429 0.003467 0.422915 0.414912 0 
3 0.638298 0.041281 0.467718 0.003467 0.422915 0.414912 0 
3 0.659574 0.041732 0.481553 0.003467 0.422915 0.414912 0 
3 0.680851 0.082773 0.501339 0.003467 0.422915 0.414912 1 
3 0.702128 0.048247 0.53972 0.003467 0.422915 0.414912 0 
3 0.723404 0.041732 0.603689 0.003467 0.422915 0.414912 0 
3 0.744681 0.041732 0.71809 0.003467 0.422915 0.414912 0 
3 0.765957 0.041732 0.726272 0.003467 0.422915 0.414912 0 
3 0.787234 0.041582 0.722999 0.003467 0.422915 0.414912 0 
3 0.808511 0.041582 0.679857 0.003467 0.422915 0.414912 0 
3 0.829787 0.041281 0.660369 0.003467 0.422915 0.414912 0 
3 0.851064 0.041732 0.641476 0.003467 0.422915 0.414912 0 
3 0.87234 0.041582 0.609491 0.003467 0.422915 0.414912 0 
3 0.893617 0.041281 0.566647 0.003467 0.422915 0.414912 0 
3 0.914894 0.041281 0.510414 0.003467 0.422915 0.414912 0 
3 0.93617 0.043203 0.545671 0.003467 0.422915 0.414912 0 
3 0.957447 0.041732 0.545225 0.003467 0.422915 0.414912 0 
3 0.978723 0.048247 0.554002 0.003467 0.422915 0.414912 0 
3 1 0.041732 0.542398 0.003467 0.422915 0.414912 0 
