7 0 0.046325 0.298274 0.003467 0.422915 0.414912 0 
7 0.021277 0.045485 0.253794 0.003467 0.422915 0.414912 0 
7 0.042553 0.047316 0.231032 0.003467 0.422915 0.414912 0 
7 0.06383 0.036658 0.18313 0.003467 0.422915 0.414912 0 
7 0.085106 0.041882 0.148319 0.003467 0.422915 0.414912 0 
7 0.106383 0.033776 0.119905 0.003467 0.422915 0.414912 0 
7 0.12766 0.043473 0.098185 0.003467 0.422915 0.414912 0 
7 0.148936 0.05326 0.083309 0.003467 0.422915 0.414912 1 
7 0.170213 0.055032 0.071407 0.003467 0.422915 0.414912 1 
7 0.191489 0.058725 0.07111 0.003467 0.422915 0.414912 1 
7 0.212766 0.042182 0.079143 0.003467 0.422915 0.414912 0 
7 0.234043 0.030413 0.088069 0.003467 0.422915 0.414912 0 
7 0.255319 0.027891 0.078994 0.003467 0.422915 0.414912 0 
7 0.276596 0.03915 0.116632 0.003467 0.422915 0.414912 0 
7 0.297872 0.03993 0.136715 0.003467 0.422915 0.414912 0 
7 0.319149 0.050318 0.189973 0.003467 0.422915 0.414912 0 
7 0.340426 0.05263 0.24695 0.003467 0.422915 0.414912 1 
7 0.361702 0.067341 0.298126 0.003467 0.422915 0.414912 1 
7 0.382979 0.05257 0.344987 0.003467 0.422915 0.414912 1 
7 0.404255 0.053321 0.364475 0.003467 0.422915 0.414912 1 
7 0.425532 0.054642 0.358673 0.003467 0.422915 0.414912 1 
7 0.446809 0.054431 0.350788 0.003467 0.422915 0.414912 1 
7 0.468085 0.057614 0.349747 0.003467 0.422915 0.414912 1 
7 0.489362 0.056563 0.344689 0.003467 0.422915 0.414912 1 
7 0.510638 0.059745 0.340821 0.003467 0.422915 0.414912 1 
7 0.531915 0.059745 0.330408 0.003467 0.422915 0.414912 1 
7 0.553191 0.062147 0.316572 0.003467 0.422915 0.414912 1 
7 0.574468 0.061217 0.30125 0.003467 0.422915 0.414912 1 
7 0.595745 0.061997 0.293514 0.003467 0.422915 0.414912 1 
7 0.617021 0.059475 0.285481 0.003467 0.422915 0.414912 1 
7 0.638298 0.051339 0.281761 0.003467 0.422915 0.414912 0 
7 0.659574 0.053321 0.286224 0.003467 0.422915 0.414912 1 
7 0.680851 0.051219 0.290985 0.003467 0.422915 0.414912 0 
7 0.702128 0.05257 0.316572 0.003467 0.422915 0.414912 1 
7 0.723404 0.054852 0.373252 0.003467 0.422915 0.414912 1 
7 0.744681 0.077939 0.45909 0.003467 0.422915 0.414912 1 
7 0.765957 0.081422 0.477983 0.003467 0.422915 0.414912 1 
7 0.787234 0.069863 0.453139 0.003467 0.422915 0.414912 1 
7 0.808511 0.057314 0.413716 0.003467 0.422915 0.414912 1 
7 0.829787 0.053321 0.383814 0.003467 0.422915 0.414912 1 
7 0.851064 0.05311 0.363582 0.003467 0.422915 0.414912 1 
7 0.87234 0.05242 0.347813 0.003467 0.422915 0.414912 0 
7 0.893617 0.050648 0.318655 0.003467 0.422915 0.414912 0 
7 0.914894 0.049508 0.28191 0.003467 0.422915 0.414912 0 
7 0.93617 0.051039 0.308688 0.003467 0.422915 0.414912 0 
7 0.957447 0.051039 0.319994 0.003467 0.422915 0.414912 0 
7 0.978723 0.058064 0.337548 0.003467 0.422915 0.414912 1 
7 1 0.054221 0.315234 0.003467 0.422915 0.414912 1 
1 0 0.046325 0.298274 0.003232 0.296737 0.500526 0 
1 0.021277 0.045485 0.253794 0.003145 0.268255 0.500526 0 
1 0.042553 0.047316 0.231032 0.00291 0.306577 0.500526 0 
1 0.06383 0.036658 0.18313 0.002956 0.271621 0.500526 0 
1 0.085106 0.041882 0.148319 0.002659 0.219834 0.500526 0 
1 0.106383 0.033776 0.119905 0.002418 0.16753 0.500526 0 
1 0.12766 0.043473 0.098185 0.002198 0.12869 0.500526 0 
1 0.148936 0.05326 0.083309 0.002034 0.0826 0.500526 1 
1 0.170213 0.055032 0.071407 0.002034 0.058001 0.500526 1 
1 0.191489 0.058725 0.07111 0 0.042465 0.500526 1 
1 0.212766 0.042182 0.079143 0 0.032626 0.500526 0 
1 0.234043 0.030413 0.088069 0 0.030554 0.500526 0 
1 0.255319 0.027891 0.078994 0 0.028742 0.500526 0 
1 0.276596 0.03915 0.116632 0 0.03884 0.500526 0 
1 0.297872 0.03993 0.136715 0.000974 0.044019 0.500526 0 
1 0.319149 0.050318 0.189973 0.001346 0.055671 0.500526 0 
1 0.340426 0.05263 0.24695 0.00189 0.090109 0.500526 0 
1 0.361702 0.053381 0.298126 0.001959 0.125583 0.500526 1 
1 0.382979 0.05257 0.344987 0.002152 0.146038 0.500526 1 
1 0.404255 0.053321 0.364475 0.002239 0.171155 0.500526 1 
1 0.425532 0.054642 0.358673 0.002717 0.188503 0.500526 1 
1 0.446809 0.054431 0.350788 0.002862 0.199896 0.500526 1 
1 0.468085 0.057614 0.349747 0.002468 0.200414 0.500526 1 
1 0.489362 0.056563 0.344689 0.002341 0.212843 0.500526 1 
1 0.510638 0.059745 0.340821 0.003108 0.227343 0.500526 1 
1 0.531915 0.059745 0.330408 0.004146 0.234593 0.500526 1 
1 0.553191 0.062147 0.316572 0.003839 0.236147 0.500526 1 
1 0.574468 0.061217 0.30125 0.003797 0.226049 0.500526 1 
1 0.595745 0.061997 0.293514 0.003475 0.211031 0.500526 1 
1 0.617021 0.059475 0.285481 0.003648 0.205852 0.500526 1 
1 0.638298 0.051339 0.281761 0.003168 0.207405 0.500526 0 
1 0.659574 0.053321 0.286224 0.00317 0.211548 0.500526 1 
1 0.680851 0.051219 0.290985 0.003024 0.232781 0.500526 0 
1 0.702128 0.05257 0.316572 0.00354 0.278871 0.500526 1 
1 0.723404 0.054852 0.373252 0.004022 0.318488 0.500526 1 
1 0.744681 0.077939 0.45909 0.005517 0.372864 0.500526 1 
1 0.765957 0.081422 0.477983 0.005621 0.391248 0.500526 1 
1 0.787234 0.069863 0.453139 0.004686 0.37623 0.500526 1 
1 0.808511 0.057314 0.413716 0.003889 0.350078 0.500526 1 
1 0.829787 0.053321 0.383814 0.003621 0.330399 0.500526 1 
1 0.851064 0.05311 0.363582 0.003614 0.31305 0.500526 1 
1 0.87234 0.05242 0.347813 0.003577 0.300363 0.500526 1 
1 0.893617 0.050648 0.318655 0.003438 0.267996 0.500526 0 
1 0.914894 0.049508 0.28191 0.00333 0.249094 0.500526 0 
1 0.93617 0.051039 0.308688 0.003463 0.249871 0.500526 0 
1 0.957447 0.051039 0.319994 0.00343 0.252201 0.500526 0 
1 0.978723 0.058064 0.337548 0.003932 0.331176 0.500526 1 
1 1 0.054221 0.315234 0.003741 0.328068 0.500526 1 
