7 0 0.044134 0.224338 0.003467 0.422915 0.414912 0 
7 0.021277 0.044134 0.180303 0.003467 0.422915 0.414912 0 
7 0.042553 0.043383 0.134781 0.003467 0.422915 0.414912 0 
7 0.06383 0.048097 0.10726 0.003467 0.422915 0.414912 1 
7 0.085106 0.044134 0.083755 0.003467 0.422915 0.414912 0 
7 0.106383 0.043383 0.070366 0.003467 0.422915 0.414912 0 
7 0.12766 0.043383 0.062928 0.003467 0.422915 0.414912 0 
7 0.148936 0.044134 0.059952 0.003467 0.422915 0.414912 0 
7 0.170213 0.043383 0.063225 0.003467 0.422915 0.414912 0 
7 0.191489 0.046655 0.07468 0.003467 0.422915 0.414912 0 
7 0.212766 0.046655 0.090598 0.003467 0.422915 0.414912 0 
7 0.234043 0.046655 0.109194 0.003467 0.422915 0.414912 0 
7 0.255319 0.048757 0.121988 0.003467 0.422915 0.414912 1 
7 0.276596 0.055032 0.163642 0.003467 0.422915 0.414912 1 
7 0.297872 0.048757 0.20842 0.003467 0.422915 0.414912 1 
7 0.319149 0.061307 0.255727 0.003467 0.422915 0.414912 1 
7 0.340426 0.067581 0.303481 0.003467 0.422915 0.414912 1 
7 0.361702 0.067581 0.327432 0.003467 0.422915 0.414912 1 
7 0.382979 0.067581 0.334424 0.003467 0.422915 0.414912 1 
7 0.404255 0.061307 0.331003 0.003467 0.422915 0.414912 1 
7 0.425532 0.061307 0.328027 0.003467 0.422915 0.414912 1 
7 0.446809 0.067581 0.329961 0.003467 0.422915 0.414912 1 
7 0.468085 0.067581 0.324903 0.003467 0.422915 0.414912 1 
7 0.489362 0.067581 0.318358 0.003467 0.422915 0.414912 1 
7 0.510638 0.061307 0.309134 0.003467 0.422915 0.414912 1 
7 0.531915 0.061307 0.301845 0.003467 0.422915 0.414912 1 
7 0.553191 0.055032 0.293068 0.003467 0.422915 0.414912 1 
7 0.574468 0.061307 0.287861 0.003467 0.422915 0.414912 1 
7 0.595745 0.061307 0.286522 0.003467 0.422915 0.414912 1 
7 0.617021 0.067581 0.292621 0.003467 0.422915 0.414912 1 
7 0.638298 0.067551 0.288605 0.003467 0.422915 0.414912 1 
7 0.659574 0.067581 0.29039 0.003467 0.422915 0.414912 1 
7 0.680851 0.061307 0.29039 0.003467 0.422915 0.414912 1 
7 0.702128 0.061307 0.310771 0.003467 0.422915 0.414912 1 
7 0.723404 0.061307 0.325201 0.003467 0.422915 0.414912 1 
7 0.744681 0.061307 0.329515 0.003467 0.422915 0.414912 1 
7 0.765957 0.055032 0.342458 0.003467 0.422915 0.414912 1 
7 0.787234 0.076138 0.375632 0.003467 0.422915 0.414912 1 
7 0.808511 0.075868 0.374293 0.003467 0.422915 0.414912 1 
7 0.829787 0.073856 0.350045 0.003467 0.422915 0.414912 1 
7 0.851064 0.059205 0.332788 0.003467 0.422915 0.414912 1 
7 0.87234 0.061307 0.295597 0.003467 0.422915 0.414912 1 
7 0.893617 0.067581 0.30244 0.003467 0.422915 0.414912 1 
7 0.914894 0.067581 0.305713 0.003467 0.422915 0.414912 1 
7 0.93617 0.061307 0.319101 0.003467 0.422915 0.414912 1 
7 0.957447 0.061307 0.304671 0.003467 0.422915 0.414912 1 
7 0.978723 0.061307 0.289646 0.003467 0.422915 0.414912 1 
7 1 0.061307 0.247248 0.003467 0.422915 0.414912 1 
