2 0 0.024739 0.225231 0.00145 0.274987 0.814912 0 
2 0.021277 0.024018 0.195775 0.001037 0.244951 0.814912 0 
2 0.042553 0.024439 0.164237 0.001602 0.299845 0.735526 0 
2 0.06383 0.021346 0.140732 0.001398 0.281201 0.767544 0 
2 0.085106 0.015852 0.118268 0.001034 0.233299 0.807895 0 
2 0.106383 0.01291 0.112913 0.000841 0.194718 0.825877 0 
2 0.12766 0.01294 0.117227 0.000841 0.181771 0.833772 0 
2 0.148936 0.01309 0.121392 0.00085 0.179959 0.852632 0 
2 0.170213 0.020656 0.148765 0.001338 0.190057 0.84693 0 
2 0.191489 0.021346 0.182981 0.001022 0.160539 0.902632 0 
2 0.212766 0.02603 0.242785 0.001521 0.214138 0.902632 0 
2 0.234043 0.026991 0.306159 0.00166 0.255308 0.882456 0 
2 0.255319 0.029002 0.339334 0.001909 0.346712 0.746053 0 
2 0.276596 0.030533 0.40241 0.002032 0.465821 0.673246 0 
2 0.297872 0.027741 0.445403 0.001849 0.479544 0.743421 0 
2 0.319149 0.02609 0.487057 0.001732 0.506991 0.710965 0 
2 0.340426 0.029723 0.560547 0.001967 0.553081 0.545614 0 
2 0.361702 0.030083 0.587474 0.001994 0.585448 0.564912 0 
2 0.382979 0.02696 0.589705 0.001776 0.608234 0.521491 0 
2 0.404255 0.027591 0.587028 0.001801 0.637235 0.482456 0 
2 0.425532 0.028522 0.58792 0.001855 0.667012 0.444737 0 
2 0.446809 0.029272 0.59283 0.001909 0.694718 0.367544 0 
2 0.468085 0.029212 0.600714 0.001942 0.723718 0.432456 0 
2 0.489362 0.028582 0.608301 0.001861 0.743397 0.417982 0 
2 0.510638 0.034796 0.616483 0.002283 0.770067 0.171053 1 
2 0.531915 0.035127 0.619905 0.002329 0.769808 0.200877 1 
2 0.553191 0.033776 0.626748 0.00225 0.772657 0.142982 1 
2 0.574468 0.033986 0.625112 0.002266 0.789228 0.144737 1 
2 0.595745 0.035247 0.630616 0.002351 0.796737 0.148684 1 
2 0.617021 0.035487 0.629723 0.00237 0.802693 0.139912 1 
2 0.638298 0.043203 0.634335 0.002896 0.803729 0.130263 1 
2 0.659574 0.043623 0.623773 0.002933 0.806577 0.12807 1 
2 0.680851 0.032935 0.602648 0.002204 0.789228 0.276754 1 
2 0.702128 0.030263 0.582416 0.002017 0.752719 0.35614 1 
2 0.723404 0.028882 0.538828 0.001919 0.676334 0.503509 0 
2 0.744681 0.027441 0.510562 0.001803 0.603573 0.611404 0 
2 0.765957 0.02612 0.470544 0.001699 0.535992 0.665789 0 
2 0.787234 0.02579 0.44704 0.001668 0.491455 0.689912 0 
2 0.808511 0.02612 0.439899 0.001687 0.469964 0.721053 0 
2 0.829787 0.02642 0.461321 0.001699 0.475142 0.724561 0 
2 0.851064 0.027021 0.43737 0.001749 0.464785 0.739035 0 
2 0.87234 0.025519 0.397947 0.001651 0.445106 0.754825 0 
2 0.893617 0.02612 0.423237 0.001687 0.412998 0.796491 0 
2 0.914894 0.025069 0.420708 0.00162 0.36898 0.788158 0 
2 0.93617 0.030233 0.431866 0.001591 0.341274 0.868421 1 
2 0.957447 0.025339 0.423386 0.001618 0.337908 0.897368 0 
2 0.978723 0.02648 0.404939 0.001697 0.413516 0.810526 0 
2 1 0.025039 0.372508 0.00161 0.399275 0.84386 0 
