4 0 0.029482 0.357483 0.001383 0.357328 0.769298 0 
4 0.021277 0.031464 0.297679 0.001288 0.32289 0.769298 0 
4 0.042553 0.030473 0.249331 0.00194 0.380373 0.769298 0 
4 0.06383 0.030383 0.213329 0.001093 0.361471 0.769298 0 
4 0.085106 0.029813 0.185361 0.000995 0.31305 0.769298 0 
4 0.106383 0.019905 0.170783 0.000945 0.278612 0.857018 0 
4 0.12766 0.019365 0.168551 0.001356 0.266442 0.893421 0 
4 0.148936 0.02576 0.174353 0.001327 0.269549 0.857018 0 
4 0.170213 0.071304 0.205296 0.000889 0.275764 0.681579 1 
4 0.191489 0.048127 0.240851 0.001286 0.295961 0.72193 1 
4 0.212766 0.040441 0.327432 0.002248 0.361471 0.703509 1 
4 0.234043 0.03927 0.411633 0.002543 0.429829 0.711842 1 
4 0.255319 0.032485 0.444957 0.002121 0.525634 0.584649 0 
4 0.276596 0.032935 0.508033 0.00216 0.586743 0.567105 0 
4 0.297872 0.032935 0.526183 0.002144 0.561626 0.613158 0 
4 0.319149 0.032995 0.547605 0.002154 0.564992 0.568421 0 
4 0.340426 0.033085 0.611128 0.002158 0.595546 0.522807 0 
4 0.361702 0.034736 0.632252 0.002262 0.600725 0.475877 0 
4 0.382979 0.034556 0.639096 0.002254 0.610306 0.453509 0 
4 0.404255 0.034676 0.645641 0.002285 0.62869 0.481579 0 
4 0.425532 0.034496 0.655906 0.002252 0.635422 0.405702 0 
4 0.446809 0.035067 0.671973 0.002277 0.634127 0.385965 0 
4 0.468085 0.034947 0.681642 0.002266 0.617556 0.425877 0 
4 0.489362 0.035127 0.694287 0.002275 0.624029 0.435088 0 
4 0.510638 0.035157 0.714222 0.002281 0.625324 0.454386 0 
4 0.531915 0.038609 0.715412 0.00252 0.629984 0.47193 1 
4 0.553191 0.038609 0.719131 0.002524 0.616002 0.508333 1 
4 0.574468 0.040231 0.723445 0.002648 0.620404 0.545614 1 
4 0.595745 0.038789 0.729098 0.002549 0.616779 0.537281 1 
4 0.617021 0.038609 0.740107 0.002509 0.598654 0.545175 1 
4 0.638298 0.040261 0.746653 0.002603 0.600984 0.525877 1 
4 0.659574 0.0393 0.737281 0.002534 0.605904 0.54386 1 
4 0.680851 0.040411 0.703065 0.002611 0.585189 0.550877 1 
4 0.702128 0.038609 0.682386 0.002358 0.575608 0.59386 1 
4 0.723404 0.033085 0.638054 0.001288 0.517349 0.59386 0 
4 0.744681 0.034106 0.615591 0.001288 0.468669 0.620175 0 
4 0.765957 0.033085 0.58316 0.000995 0.434231 0.646491 0 
4 0.787234 0.034106 0.598334 0.001425 0.422061 0.661404 0 
4 0.808511 0.033085 0.606367 0.001683 0.451579 0.655263 0 
4 0.829787 0.033325 0.5723 0.000995 0.447954 0.628947 0 
4 0.851064 0.032905 0.524249 0.000995 0.423356 0.672807 0 
4 0.87234 0.031524 0.480958 0.000951 0.398239 0.683772 0 
4 0.893617 0.033265 0.48676 0.000866 0.357328 0.71886 0 
4 0.914894 0.032935 0.47709 0.000841 0.314604 0.710088 0 
4 0.93617 0.034346 0.485719 0.000841 0.299068 0.710088 0 
4 0.957447 0.033686 0.474412 0.001082 0.288452 0.753947 0 
4 0.978723 0.034256 0.455222 0.001282 0.373382 0.710088 0 
4 1 0.033626 0.417287 0.002061 0.3739 0.813158 0 
