6 0 0.028822 0.346177 0.000962 0.33972 0.769298 0 
6 0.021277 0.027231 0.289348 0.001005 0.311238 0.769298 0 
6 0.042553 0.027561 0.239215 0.001566 0.367426 0.725439 0 
6 0.06383 0.02624 0.206635 0.000868 0.343086 0.747368 0 
6 0.085106 0.020355 0.175245 0.000841 0.299845 0.791228 0 
6 0.106383 0.018914 0.155906 0.000841 0.269549 0.813158 0 
6 0.12766 0.019245 0.158881 0.000839 0.248576 0.813158 0 
6 0.148936 0.020806 0.166617 0.000841 0.246763 0.813158 0 
6 0.170213 0.02636 0.192651 0.000953 0.256344 0.835088 0 
6 0.191489 0.031494 0.235495 0.000858 0.281719 0.813158 0 
6 0.212766 0.033175 0.31568 0.001111 0.342051 0.769298 0 
6 0.234043 0.034917 0.400922 0.001911 0.410409 0.677632 0 
6 0.255319 0.032425 0.427998 0.002073 0.504143 0.601316 0 
6 0.276596 0.033566 0.488099 0.002206 0.575608 0.560526 1 
6 0.297872 0.032995 0.496132 0.002158 0.546608 0.639474 1 
6 0.319149 0.032935 0.515918 0.002154 0.53884 0.644298 1 
6 0.340426 0.032935 0.560845 0.002125 0.547644 0.62807 1 
6 0.361702 0.032935 0.576168 0.002032 0.54609 0.623246 1 
6 0.382979 0.032935 0.569771 0.001953 0.544019 0.626316 1 
6 0.404255 0.032935 0.55787 0.001867 0.537804 0.646491 1 
6 0.425532 0.032935 0.560845 0.002405 0.537027 0.626754 1 
6 0.446809 0.032935 0.549836 0.001865 0.535733 0.646491 1 
6 0.468085 0.02627 0.548646 0.001693 0.528483 0.772807 0 
6 0.489362 0.028161 0.548497 0.001789 0.522527 0.772368 0 
6 0.510638 0.028462 0.55177 0.001807 0.527188 0.762281 0 
6 0.531915 0.026991 0.542398 0.001703 0.518384 0.77807 0 
6 0.553191 0.027861 0.54701 0.001762 0.518125 0.786404 0 
6 0.574468 0.027081 0.543588 0.001703 0.506732 0.764912 0 
6 0.595745 0.027171 0.537043 0.001703 0.487053 0.728947 0 
6 0.617021 0.027171 0.546415 0.001703 0.472812 0.757895 0 
6 0.638298 0.02687 0.539869 0.001666 0.470223 0.708772 0 
6 0.659574 0.02645 0.529902 0.001649 0.474366 0.723684 0 
6 0.680851 0.025519 0.509967 0.001579 0.467374 0.69386 0 
6 0.702128 0.024949 0.47947 0.001575 0.457794 0.665789 0 
6 0.723404 0.024919 0.446296 0.001575 0.424909 0.711404 0 
6 0.744681 0.024919 0.42532 0.001575 0.392802 0.747368 0 
6 0.765957 0.024919 0.408658 0.001577 0.364319 0.769298 0 
6 0.787234 0.027831 0.426956 0.001674 0.369757 0.72193 0 
6 0.808511 0.028792 0.435138 0.001886 0.401605 0.679825 1 
6 0.829787 0.027261 0.418328 0.001793 0.406525 0.679825 0 
6 0.851064 0.025609 0.38679 0.001658 0.36173 0.747368 0 
6 0.87234 0.024919 0.348408 0.001475 0.321077 0.769298 0 
6 0.893617 0.027561 0.36983 0.000993 0.290523 0.769298 0 
6 0.914894 0.025459 0.379798 0.000893 0.255826 0.791228 0 
6 0.93617 0.028402 0.414609 0.000951 0.251165 0.813158 1 
6 0.957447 0.027981 0.419816 0.000966 0.248058 0.813158 0 
6 0.978723 0.028822 0.385004 0.001674 0.332211 0.766667 1 
6 1 0.028822 0.369087 0.001477 0.336872 0.769298 1 
