2 0 0.038159 0.444362 0.002555 0.385293 0.622807 0 
2 0.021277 0.046115 0.406575 0.002277 0.370016 0.637719 0 
2 0.042553 0.040921 0.383071 0.002659 0.425168 0.615789 0 
2 0.06383 0.042332 0.351086 0.001676 0.398757 0.612281 0 
2 0.085106 0.038639 0.312109 0.001342 0.373123 0.65614 0 
2 0.106383 0.0396 0.281166 0.001558 0.33506 0.72193 0 
2 0.12766 0.033566 0.251711 0.001577 0.309943 0.765789 0 
2 0.148936 0.033566 0.223892 0.000953 0.275764 0.787719 0 
2 0.170213 0.032124 0.222553 0.001523 0.257897 0.853509 0 
2 0.191489 0.032695 0.229991 0.001469 0.249612 0.853509 0 
2 0.212766 0.033535 0.270306 0.001332 0.261264 0.853509 0 
2 0.234043 0.034556 0.331895 0.001323 0.285862 0.831579 0 
2 0.255319 0.04002 0.457156 0.002212 0.36898 0.765789 0 
2 0.276596 0.072895 0.593573 0.004886 0.452874 0.710526 1 
2 0.297872 0.06533 0.64936 0.004354 0.508286 0.722807 1 
2 0.319149 0.077099 0.736239 0.005077 0.583894 0.655263 1 
2 0.340426 0.059085 0.759 0.003866 0.636458 0.597368 1 
2 0.361702 0.040501 0.745909 0.002626 0.651476 0.605702 0 
2 0.382979 0.044314 0.773579 0.002854 0.656655 0.610526 0 
2 0.404255 0.054612 0.774621 0.003533 0.646815 0.606579 1 
2 0.425532 0.049478 0.741148 0.00323 0.638529 0.608772 0 
2 0.446809 0.047136 0.694287 0.003095 0.619886 0.577193 0 
2 0.468085 0.038639 0.665576 0.002545 0.616261 0.534211 0 
2 0.489362 0.038399 0.644302 0.002532 0.612118 0.525 0 
2 0.510638 0.033626 0.62169 0.002206 0.602279 0.590351 0 
2 0.531915 0.033626 0.599524 0.002194 0.598395 0.600877 0 
2 0.553191 0.033626 0.579441 0.002196 0.62377 0.572368 0 
2 0.574468 0.033626 0.564564 0.002198 0.624806 0.553947 0 
2 0.595745 0.034526 0.54701 0.002258 0.608234 0.514912 0 
2 0.617021 0.033626 0.536001 0.002206 0.601243 0.525877 0 
2 0.638298 0.033626 0.527819 0.0022 0.57535 0.557895 0 
2 0.659574 0.033626 0.539869 0.002198 0.572501 0.564912 0 
2 0.680851 0.03888 0.569473 0.002565 0.573537 0.534649 0 
2 0.702128 0.051609 0.631955 0.003413 0.587002 0.558333 0 
2 0.723404 0.167978 0.734603 0.011105 0.641636 0.625 1 
2 0.744681 0.17059 0.862987 0.011132 0.701191 0.619298 1 
2 0.765957 0.135553 0.885748 0.00883 0.697566 0.545175 1 
2 0.787234 0.26291 0.870723 0.017212 0.64811 0.667544 1 
2 0.808511 0.124625 0.835466 0.008257 0.60668 0.626316 1 
2 0.829787 0.085325 0.789943 0.005715 0.566805 0.616228 1 
2 0.851064 0.076828 0.773877 0.005177 0.548421 0.63114 1 
2 0.87234 0.070223 0.747397 0.004738 0.521491 0.662281 1 
2 0.893617 0.074427 0.697411 0.005031 0.483687 0.633772 1 
2 0.914894 0.040831 0.639244 0.002769 0.45391 0.620175 0 
2 0.93617 0.061367 0.65784 0.00409 0.432677 0.722807 1 
2 0.957447 0.042662 0.646385 0.002734 0.413775 0.682456 0 
2 0.978723 0.077849 0.630318 0.005249 0.492491 0.62193 1 
2 1 0.051789 0.605326 0.0035 0.482651 0.62193 0 
