7 0 0.036748 0.36626 0.002545 0.318488 0.326316 0 
7 0.021277 0.030563 0.306308 0.002113 0.290264 0.363158 0 
7 0.042553 0.033866 0.244273 0.002345 0.339202 0.257456 0 
7 0.06383 0.033445 0.20247 0.00231 0.314086 0.326316 0 
7 0.085106 0.028041 0.164981 0.001924 0.25246 0.435965 0 
7 0.106383 0.025369 0.137608 0.001732 0.204039 0.445175 0 
7 0.12766 0.02627 0.127938 0.001797 0.192128 0.436404 0 
7 0.148936 0.025249 0.123921 0.001724 0.176334 0.44386 0 
7 0.170213 0.025339 0.132847 0.001726 0.177628 0.510088 0 
7 0.191489 0.02594 0.144749 0.001762 0.182807 0.517544 0 
7 0.212766 0.037048 0.176138 0.002526 0.199379 0.476316 0 
7 0.234043 0.035247 0.210652 0.002405 0.216727 0.495175 0 
7 0.255319 0.03909 0.258554 0.002678 0.254272 0.408772 0 
7 0.276596 0.041702 0.321482 0.002848 0.298809 0.435526 1 
7 0.297872 0.03936 0.369533 0.002676 0.303988 0.483772 0 
7 0.319149 0.043833 0.412229 0.002975 0.325738 0.475 1 
7 0.340426 0.045425 0.452841 0.003083 0.351631 0.478509 1 
7 0.361702 0.044944 0.47114 0.003051 0.355256 0.472807 1 
7 0.382979 0.044644 0.478875 0.003031 0.358881 0.480702 1 
7 0.404255 0.044794 0.472925 0.003043 0.365355 0.453947 1 
7 0.425532 0.044794 0.470098 0.003039 0.354738 0.491667 1 
7 0.446809 0.051789 0.473371 0.003519 0.357328 0.483772 1 
7 0.468085 0.053351 0.469503 0.003606 0.344381 0.535526 1 
7 0.489362 0.05311 0.466974 0.003575 0.338426 0.545614 1 
7 0.510638 0.050829 0.468462 0.003413 0.316934 0.563158 1 
7 0.531915 0.051819 0.465338 0.003477 0.31564 0.575439 1 
7 0.553191 0.053471 0.457304 0.003585 0.313827 0.581579 1 
7 0.574468 0.049808 0.451205 0.003338 0.301398 0.564474 1 
7 0.595745 0.05302 0.454627 0.00355 0.292077 0.603947 1 
7 0.617021 0.047736 0.451949 0.003191 0.284827 0.597807 1 
7 0.638298 0.048097 0.457007 0.003216 0.290523 0.614912 1 
7 0.659574 0.047736 0.457602 0.003197 0.297514 0.585526 1 
7 0.680851 0.042512 0.437519 0.002854 0.301657 0.560526 1 
7 0.702128 0.044374 0.443469 0.002989 0.310202 0.539912 1 
7 0.723404 0.043233 0.441238 0.002919 0.306059 0.507018 1 
7 0.744681 0.041462 0.433204 0.002804 0.291559 0.531579 1 
7 0.765957 0.042332 0.41922 0.002885 0.273951 0.548684 1 
7 0.787234 0.03891 0.407914 0.002659 0.267219 0.551316 0 
7 0.808511 0.032725 0.415353 0.002237 0.258933 0.582895 0 
7 0.829787 0.03963 0.423981 0.002717 0.273433 0.542544 1 
7 0.851064 0.034106 0.398988 0.002333 0.273433 0.572807 0 
7 0.87234 0.028372 0.373401 0.001928 0.255567 0.597807 0 
7 0.893617 0.028642 0.385897 0.001946 0.239254 0.636404 0 
7 0.914894 0.027711 0.367599 0.001847 0.217504 0.689474 0 
7 0.93617 0.028642 0.370872 0.001685 0.212843 0.667544 0 
7 0.957447 0.028462 0.348706 0.001938 0.211289 0.568421 0 
7 0.978723 0.028732 0.326837 0.001978 0.282755 0.430263 0 
7 1 0.02681 0.277001 0.001836 0.284827 0.485526 0 
