3 0 0.081542 0.546564 0.005336 0.474625 0.627193 0 
3 0.021277 0.083163 0.522464 0.00542 0.447178 0.62807 0 
3 0.042553 0.080761 0.488843 0.005291 0.496116 0.571491 0 
3 0.06383 0.077729 0.434692 0.005089 0.480062 0.625877 0 
3 0.085106 0.066681 0.376822 0.00435 0.435267 0.605702 0 
3 0.106383 0.034346 0.328771 0.002241 0.394614 0.605702 0 
3 0.12766 0.035757 0.278786 0.002335 0.354997 0.640351 0 
3 0.148936 0.02693 0.246206 0.001764 0.317193 0.605263 0 
3 0.170213 0.029092 0.230735 0.001903 0.304247 0.651316 0 
3 0.191489 0.027831 0.22895 0.001813 0.290782 0.700877 0 
3 0.212766 0.034856 0.253496 0.002268 0.3058 0.667105 0 
3 0.234043 0.037258 0.306308 0.002364 0.329622 0.662719 0 
3 0.255319 0.057584 0.410295 0.003484 0.414811 0.623246 0 
3 0.276596 0.086165 0.520232 0.005694 0.509322 0.549561 0 
3 0.297872 0.058184 0.549241 0.003895 0.554117 0.427193 0 
3 0.319149 0.090969 0.603838 0.006111 0.62377 0.409211 0 
3 0.340426 0.096013 0.614252 0.006444 0.66261 0.392105 1 
3 0.361702 0.093311 0.602202 0.006284 0.674521 0.366667 1 
3 0.382979 0.096043 0.628236 0.006452 0.669601 0.386404 1 
3 0.404255 0.096223 0.64579 0.006325 0.656137 0.436404 1 
3 0.425532 0.094332 0.646831 0.005904 0.626359 0.484211 1 
3 0.446809 0.087517 0.620946 0.005096 0.626359 0.461404 1 
3 0.468085 0.089168 0.603243 0.005872 0.618332 0.465351 1 
3 0.489362 0.090429 0.596251 0.005035 0.602796 0.458772 1 
3 0.510638 0.090909 0.584499 0.005781 0.586225 0.478947 1 
3 0.531915 0.09205 0.579292 0.005802 0.580528 0.499561 1 
3 0.553191 0.089858 0.554002 0.005868 0.592957 0.497368 1 
3 0.574468 0.087426 0.540464 0.005758 0.589073 0.527632 1 
3 0.595745 0.089168 0.54939 0.005839 0.578457 0.527193 1 
3 0.617021 0.080311 0.537043 0.005274 0.567323 0.512719 0 
3 0.638298 0.057704 0.525439 0.003783 0.557483 0.556579 0 
3 0.659574 0.087937 0.53734 0.005779 0.553858 0.536404 1 
3 0.680851 0.058184 0.538381 0.003833 0.552563 0.476754 0 
3 0.702128 0.083463 0.578548 0.005498 0.571983 0.468421 1 
3 0.723404 0.059625 0.619756 0.003949 0.604091 0.529825 0 
3 0.744681 0.09208 0.719726 0.006093 0.655878 0.434211 1 
3 0.765957 0.096373 0.763017 0.006342 0.700155 0.392982 1 
3 0.787234 0.097514 0.754091 0.006369 0.674003 0.382895 1 
3 0.808511 0.09166 0.718536 0.006036 0.636717 0.415351 1 
3 0.829787 0.09193 0.690866 0.006078 0.61419 0.425 1 
3 0.851064 0.087126 0.667956 0.005762 0.582082 0.474561 1 
3 0.87234 0.081752 0.645492 0.005405 0.555671 0.455263 1 
3 0.893617 0.055032 0.600268 0.003635 0.523304 0.453947 0 
3 0.914894 0.083283 0.55058 0.005532 0.49508 0.502193 1 
3 0.93617 0.089738 0.58673 0.005858 0.463231 0.572368 1 
3 0.957447 0.088297 0.584052 0.005667 0.436044 0.570175 1 
3 0.978723 0.090068 0.577358 0.005864 0.527706 0.42807 1 
3 1 0.089258 0.562184 0.005858 0.514759 0.490789 1 
