5 0 0.047856 0.467569 0.003245 0.4029 0.548246 0 
5 0.021277 0.046776 0.450461 0.003157 0.384775 0.598684 0 
5 0.042553 0.047736 0.422642 0.003226 0.423874 0.55614 0 
5 0.06383 0.046746 0.371764 0.003143 0.396686 0.622368 0 
5 0.085106 0.045455 0.30839 0.003014 0.351113 0.671053 0 
5 0.106383 0.043683 0.261083 0.002879 0.307354 0.714474 0 
5 0.12766 0.042632 0.221958 0.002792 0.265148 0.721491 0 
5 0.148936 0.035247 0.187147 0.002308 0.229674 0.711842 0 
5 0.170213 0.032064 0.172121 0.002088 0.207923 0.74693 0 
5 0.191489 0.032094 0.175097 0.002106 0.203263 0.738596 0 
5 0.212766 0.035877 0.203362 0.002376 0.215691 0.685526 0 
5 0.234043 0.040171 0.253794 0.002678 0.243138 0.667544 0 
5 0.255319 0.045755 0.354805 0.003043 0.319524 0.607895 0 
5 0.276596 0.048217 0.462511 0.003259 0.394873 0.517105 0 
5 0.297872 0.05272 0.473817 0.003612 0.447695 0.432456 0 
5 0.319149 0.061217 0.542844 0.00426 0.516313 0.398684 1 
5 0.340426 0.068842 0.551622 0.004771 0.551787 0.341667 1 
5 0.361702 0.068092 0.539572 0.00474 0.550751 0.335088 1 
5 0.382979 0.063618 0.567986 0.004395 0.555153 0.268421 1 
5 0.404255 0.063798 0.569771 0.004393 0.542206 0.330702 1 
5 0.425532 0.063408 0.549836 0.004395 0.532367 0.371491 1 
5 0.446809 0.054161 0.520678 0.003783 0.523822 0.359649 0 
5 0.468085 0.055062 0.507438 0.003816 0.516831 0.343421 0 
5 0.489362 0.051279 0.498364 0.003558 0.513723 0.331579 0 
5 0.510638 0.068212 0.489438 0.004815 0.505179 0.500526 1 
5 0.531915 0.05218 0.476941 0.0036 0.49767 0.334211 0 
5 0.553191 0.05251 0.47233 0.003685 0.515536 0.289035 0 
5 0.574468 0.053741 0.467272 0.003776 0.516313 0.298246 0 
5 0.595745 0.05272 0.461321 0.003687 0.506991 0.328947 0 
5 0.617021 0.050829 0.451205 0.003546 0.495598 0.356579 0 
5 0.638298 0.050528 0.440196 0.003504 0.47566 0.364035 0 
5 0.659574 0.051369 0.44942 0.003558 0.471258 0.378509 0 
5 0.680851 0.051699 0.470098 0.003579 0.464267 0.360526 0 
5 0.702128 0.054341 0.510116 0.003764 0.486277 0.398684 0 
5 0.723404 0.059986 0.576465 0.004107 0.527447 0.436404 1 
5 0.744681 0.09184 0.6446 0.006145 0.619109 0.414912 1 
5 0.765957 0.090639 0.644302 0.006124 0.627913 0.384211 1 
5 0.787234 0.070494 0.625855 0.004817 0.590627 0.36886 1 
5 0.808511 0.056293 0.595954 0.003876 0.547903 0.298684 1 
5 0.829787 0.077279 0.571259 0.005339 0.529001 0.316667 1 
5 0.851064 0.054491 0.551919 0.003801 0.503107 0.277632 0 
5 0.87234 0.057133 0.529902 0.003984 0.484464 0.284211 1 
5 0.893617 0.053891 0.491669 0.003749 0.435267 0.315789 0 
5 0.914894 0.05203 0.447337 0.003612 0.409632 0.349123 0 
5 0.93617 0.055002 0.49762 0.00382 0.388141 0.445614 1 
5 0.957447 0.053651 0.509521 0.003702 0.379078 0.4 0 
5 0.978723 0.062598 0.509372 0.004422 0.465562 0.315789 1 
5 1 0.055572 0.496132 0.003864 0.451579 0.357456 1 
