5 0 0.044314 0.422493 0.002937 0.348006 0.483333 1 
5 0.021277 0.041852 0.401666 0.002748 0.320818 0.505263 1 
5 0.042553 0.045244 0.356144 0.002997 0.372346 0.435965 1 
5 0.06383 0.04008 0.312109 0.002655 0.354997 0.466667 1 
5 0.085106 0.036087 0.249926 0.002389 0.323149 0.456579 0 
5 0.106383 0.035817 0.217346 0.00236 0.287157 0.484649 0 
5 0.12766 0.035187 0.184766 0.002316 0.259451 0.501316 0 
5 0.148936 0.033505 0.165873 0.002198 0.244951 0.510526 0 
5 0.170213 0.034616 0.164088 0.002268 0.231227 0.567105 0 
5 0.191489 0.035667 0.175989 0.002329 0.223718 0.589474 0 
5 0.212766 0.03897 0.204701 0.002547 0.233817 0.569737 1 
5 0.234043 0.03897 0.251116 0.00254 0.248835 0.564912 1 
5 0.255319 0.049658 0.33859 0.003259 0.317452 0.483333 1 
5 0.276596 0.041401 0.420708 0.002754 0.386328 0.407895 1 
5 0.297872 0.034616 0.436031 0.002335 0.423615 0.342982 0 
5 0.319149 0.035277 0.493306 0.002428 0.486018 0.256579 0 
5 0.340426 0.046866 0.518447 0.003257 0.509322 0.210088 1 
5 0.361702 0.044764 0.529456 0.003126 0.515536 0.181579 1 
5 0.382979 0.056503 0.551919 0.003938 0.517866 0.206579 1 
5 0.404255 0.04002 0.556828 0.002781 0.510616 0.252632 1 
5 0.425532 0.037919 0.56263 0.002632 0.504143 0.247807 0 
5 0.446809 0.038039 0.557423 0.002644 0.504402 0.279825 0 
5 0.468085 0.045875 0.556977 0.003195 0.501813 0.241667 1 
5 0.489362 0.040801 0.56025 0.002858 0.498964 0.236404 1 
5 0.510638 0.0393 0.55296 0.002759 0.4855 0.242105 1 
5 0.531915 0.038309 0.548795 0.002705 0.487053 0.217105 0 
5 0.553191 0.038549 0.550283 0.002732 0.507509 0.199123 0 
5 0.574468 0.03912 0.551026 0.002773 0.509063 0.214474 1 
5 0.595745 0.038789 0.549688 0.002746 0.506214 0.207456 0 
5 0.617021 0.03891 0.543439 0.002759 0.496634 0.22807 0 
5 0.638298 0.03894 0.533918 0.002767 0.482651 0.207018 0 
5 0.659574 0.038399 0.536001 0.002723 0.472035 0.217544 0 
5 0.680851 0.038459 0.538381 0.002723 0.469964 0.204386 0 
5 0.702128 0.042062 0.53972 0.002987 0.472553 0.190351 1 
5 0.723404 0.0393 0.525885 0.00279 0.483169 0.196053 0 
5 0.744681 0.040981 0.548944 0.002896 0.484723 0.221053 1 
5 0.765957 0.050799 0.584052 0.003579 0.502071 0.226316 1 
5 0.787234 0.055933 0.582713 0.003943 0.539358 0.168421 1 
5 0.808511 0.048667 0.544183 0.003434 0.525375 0.19386 1 
5 0.829787 0.0399 0.509075 0.002821 0.495339 0.205702 0 
5 0.851064 0.03906 0.478875 0.002771 0.474366 0.185088 0 
5 0.87234 0.038309 0.45909 0.002707 0.444329 0.234649 0 
5 0.893617 0.038399 0.416543 0.002698 0.411704 0.267544 0 
5 0.914894 0.032815 0.381137 0.002283 0.386328 0.315789 0 
5 0.93617 0.042662 0.431717 0.002931 0.359917 0.392544 1 
5 0.957447 0.0399 0.446296 0.002707 0.341274 0.417105 0 
5 0.978723 0.048667 0.453585 0.003303 0.395909 0.387281 1 
5 1 0.050769 0.444362 0.003413 0.377525 0.464474 1 
