4 0 0.059595 0.356442 0.003467 0.422915 0.414912 0 
4 0.021277 0.055152 0.29396 0.003467 0.422915 0.414912 0 
4 0.042553 0.059595 0.246653 0.003467 0.422915 0.414912 0 
4 0.06383 0.053591 0.208569 0.003467 0.422915 0.414912 0 
4 0.085106 0.053591 0.173609 0.003467 0.422915 0.414912 0 
4 0.106383 0.074787 0.15546 0.003467 0.422915 0.414912 0 
4 0.12766 0.074787 0.151592 0.003467 0.422915 0.414912 0 
4 0.148936 0.074787 0.150699 0.003467 0.422915 0.414912 0 
4 0.170213 0.074787 0.181791 0.003467 0.422915 0.414912 0 
4 0.191489 0.099135 0.210503 0.003467 0.422915 0.414912 0 
4 0.212766 0.103339 0.281018 0.003467 0.422915 0.414912 1 
4 0.234043 0.103339 0.37593 0.003467 0.422915 0.414912 1 
4 0.255319 0.119131 0.397203 0.003467 0.422915 0.414912 1 
4 0.276596 0.119131 0.452098 0.003467 0.422915 0.414912 1 
4 0.297872 0.059595 0.470842 0.003467 0.422915 0.414912 0 
4 0.319149 0.059595 0.493008 0.003467 0.422915 0.414912 0 
4 0.340426 0.074817 0.537489 0.003467 0.422915 0.414912 0 
4 0.361702 0.059595 0.550283 0.003467 0.422915 0.414912 0 
4 0.382979 0.073496 0.542993 0.003467 0.422915 0.414912 0 
4 0.404255 0.073496 0.531836 0.003467 0.422915 0.414912 0 
4 0.425532 0.073496 0.528414 0.003467 0.422915 0.414912 0 
4 0.446809 0.073496 0.533026 0.003467 0.422915 0.414912 0 
4 0.468085 0.073496 0.534365 0.003467 0.422915 0.414912 0 
4 0.489362 0.074817 0.539423 0.003467 0.422915 0.414912 0 
4 0.510638 0.102348 0.554002 0.003467 0.422915 0.414912 1 
4 0.531915 0.102348 0.547159 0.003467 0.422915 0.414912 1 
4 0.553191 0.114957 0.554597 0.003467 0.422915 0.414912 1 
4 0.574468 0.103339 0.549241 0.003467 0.422915 0.414912 1 
4 0.595745 0.119131 0.540167 0.003467 0.422915 0.414912 1 
4 0.617021 0.102348 0.545076 0.003467 0.422915 0.414912 1 
4 0.638298 0.114957 0.536894 0.003467 0.422915 0.414912 1 
4 0.659574 0.074817 0.518447 0.003467 0.422915 0.414912 0 
4 0.680851 0.073496 0.514877 0.003467 0.422915 0.414912 0 
4 0.702128 0.073496 0.515769 0.003467 0.422915 0.414912 0 
4 0.723404 0.056833 0.485719 0.003467 0.422915 0.414912 0 
4 0.744681 0.055812 0.460726 0.003467 0.422915 0.414912 0 
4 0.765957 0.055812 0.436031 0.003467 0.422915 0.414912 0 
4 0.787234 0.055812 0.427551 0.003467 0.422915 0.414912 0 
4 0.808511 0.055812 0.442279 0.003467 0.422915 0.414912 0 
4 0.829787 0.054612 0.445552 0.003467 0.422915 0.414912 0 
4 0.851064 0.102348 0.411485 0.003467 0.422915 0.414912 1 
4 0.87234 0.074817 0.380542 0.003467 0.422915 0.414912 0 
4 0.893617 0.103339 0.408509 0.003467 0.422915 0.414912 1 
4 0.914894 0.102348 0.413865 0.003467 0.422915 0.414912 1 
4 0.93617 0.103339 0.439155 0.003467 0.422915 0.414912 1 
4 0.957447 0.102348 0.433651 0.003467 0.422915 0.414912 1 
4 0.978723 0.074817 0.41565 0.003467 0.422915 0.414912 0 
4 1 0.102348 0.394674 0.003467 0.422915 0.414912 1 
