5 0 0.057944 0.380542 0.003467 0.422915 0.414912 0 
5 0.021277 0.051849 0.312407 0.003467 0.422915 0.414912 0 
5 0.042553 0.049838 0.257215 0.003467 0.422915 0.414912 0 
5 0.06383 0.049838 0.223445 0.003467 0.422915 0.414912 0 
5 0.085106 0.057944 0.200684 0.003467 0.422915 0.414912 0 
5 0.106383 0.041431 0.181345 0.003467 0.422915 0.414912 0 
5 0.12766 0.057944 0.177031 0.003467 0.422915 0.414912 0 
5 0.148936 0.066741 0.184469 0.003467 0.422915 0.414912 0 
5 0.170213 0.070584 0.209015 0.003467 0.422915 0.414912 0 
5 0.191489 0.073316 0.24576 0.003467 0.422915 0.414912 0 
5 0.212766 0.077339 0.327135 0.003467 0.422915 0.414912 1 
5 0.234043 0.075087 0.409253 0.003467 0.422915 0.414912 1 
5 0.255319 0.077339 0.446147 0.003467 0.422915 0.414912 1 
5 0.276596 0.075087 0.50848 0.003467 0.422915 0.414912 1 
5 0.297872 0.07956 0.535555 0.003467 0.422915 0.414912 1 
5 0.319149 0.081782 0.564415 0.003467 0.422915 0.414912 1 
5 0.340426 0.108082 0.617822 0.003467 0.422915 0.414912 1 
5 0.361702 0.102078 0.637608 0.003467 0.422915 0.414912 1 
5 0.382979 0.093191 0.631657 0.003467 0.422915 0.414912 1 
5 0.404255 0.096073 0.632401 0.003467 0.422915 0.414912 1 
5 0.425532 0.093191 0.628979 0.003467 0.422915 0.414912 1 
5 0.446809 0.07956 0.63493 0.003467 0.422915 0.414912 1 
5 0.468085 0.081782 0.639542 0.003467 0.422915 0.414912 1 
5 0.489362 0.090068 0.638203 0.003467 0.422915 0.414912 1 
5 0.510638 0.081782 0.638054 0.003467 0.422915 0.414912 1 
5 0.531915 0.081782 0.63255 0.003467 0.422915 0.414912 1 
5 0.553191 0.081782 0.629575 0.003467 0.422915 0.414912 1 
5 0.574468 0.07956 0.61931 0.003467 0.422915 0.414912 1 
5 0.595745 0.077339 0.618268 0.003467 0.422915 0.414912 1 
5 0.617021 0.077339 0.619458 0.003467 0.422915 0.414912 1 
5 0.638298 0.093191 0.619458 0.003467 0.422915 0.414912 1 
5 0.659574 0.07956 0.6144 0.003467 0.422915 0.414912 1 
5 0.680851 0.077339 0.595805 0.003467 0.422915 0.414912 1 
5 0.702128 0.072835 0.564267 0.003467 0.422915 0.414912 0 
5 0.723404 0.060826 0.518001 0.003467 0.422915 0.414912 0 
5 0.744681 0.060826 0.487057 0.003467 0.422915 0.414912 0 
5 0.765957 0.059475 0.46028 0.003467 0.422915 0.414912 0 
5 0.787234 0.060826 0.457602 0.003467 0.422915 0.414912 0 
5 0.808511 0.06614 0.469801 0.003467 0.422915 0.414912 0 
5 0.829787 0.056083 0.459982 0.003467 0.422915 0.414912 0 
5 0.851064 0.055602 0.427105 0.003467 0.422915 0.414912 0 
5 0.87234 0.054251 0.39155 0.003467 0.422915 0.414912 0 
5 0.893617 0.059475 0.429188 0.003467 0.422915 0.414912 0 
5 0.914894 0.070584 0.429932 0.003467 0.422915 0.414912 0 
5 0.93617 0.070584 0.450164 0.003467 0.422915 0.414912 0 
5 0.957447 0.059475 0.441982 0.003467 0.422915 0.414912 0 
5 0.978723 0.060826 0.420857 0.003467 0.422915 0.414912 0 
5 1 0.059475 0.385897 0.003467 0.422915 0.414912 0 
