3 0 0.056263 0.437221 0.003467 0.422915 0.414912 0 
3 0.021277 0.056263 0.41684 0.003467 0.422915 0.414912 0 
3 0.042553 0.054912 0.391996 0.003467 0.422915 0.414912 0 
3 0.06383 0.046265 0.322077 0.003467 0.422915 0.414912 0 
3 0.085106 0.045845 0.272835 0.003467 0.422915 0.414912 0 
3 0.106383 0.046866 0.230884 0.003467 0.422915 0.414912 0 
3 0.12766 0.045425 0.189229 0.003467 0.422915 0.414912 0 
3 0.148936 0.044524 0.163939 0.003467 0.422915 0.414912 0 
3 0.170213 0.041371 0.155608 0.003467 0.422915 0.414912 0 
3 0.191489 0.041341 0.156947 0.003467 0.422915 0.414912 0 
3 0.212766 0.043863 0.17465 0.003467 0.422915 0.414912 0 
3 0.234043 0.051669 0.216007 0.003467 0.422915 0.414912 0 
3 0.255319 0.073706 0.30482 0.003467 0.422915 0.414912 1 
3 0.276596 0.054912 0.404939 0.003467 0.422915 0.414912 0 
3 0.297872 0.043563 0.391104 0.003467 0.422915 0.414912 0 
3 0.319149 0.054912 0.436626 0.003467 0.422915 0.414912 0 
3 0.340426 0.046866 0.463999 0.003467 0.422915 0.414912 0 
3 0.361702 0.054912 0.471883 0.003467 0.422915 0.414912 0 
3 0.382979 0.054912 0.50848 0.003467 0.422915 0.414912 0 
3 0.404255 0.054912 0.529753 0.003467 0.422915 0.414912 0 
3 0.425532 0.054912 0.526927 0.003467 0.422915 0.414912 0 
3 0.446809 0.056263 0.514579 0.003467 0.422915 0.414912 0 
3 0.468085 0.046866 0.506099 0.003467 0.422915 0.414912 0 
3 0.489362 0.046866 0.500298 0.003467 0.422915 0.414912 0 
3 0.510638 0.046866 0.490628 0.003467 0.422915 0.414912 0 
3 0.531915 0.054912 0.486314 0.003467 0.422915 0.414912 0 
3 0.553191 0.054912 0.489884 0.003467 0.422915 0.414912 0 
3 0.574468 0.054912 0.487652 0.003467 0.422915 0.414912 0 
3 0.595745 0.046866 0.481553 0.003467 0.422915 0.414912 0 
3 0.617021 0.054912 0.470396 0.003467 0.422915 0.414912 0 
3 0.638298 0.045425 0.454478 0.003467 0.422915 0.414912 0 
3 0.659574 0.054912 0.469206 0.003467 0.422915 0.414912 0 
3 0.680851 0.046866 0.469801 0.003467 0.422915 0.414912 0 
3 0.702128 0.046866 0.471586 0.003467 0.422915 0.414912 0 
3 0.723404 0.045425 0.466974 0.003467 0.422915 0.414912 0 
3 0.744681 0.056263 0.489735 0.003467 0.422915 0.414912 1 
3 0.765957 0.046866 0.526183 0.003467 0.422915 0.414912 0 
3 0.787234 0.046866 0.518298 0.003467 0.422915 0.414912 0 
3 0.808511 0.046866 0.475602 0.003467 0.422915 0.414912 0 
3 0.829787 0.045425 0.437965 0.003467 0.422915 0.414912 0 
3 0.851064 0.046866 0.416989 0.003467 0.422915 0.414912 0 
3 0.87234 0.046866 0.400774 0.003467 0.422915 0.414912 0 
3 0.893617 0.043863 0.367748 0.003467 0.422915 0.414912 0 
3 0.914894 0.043863 0.326688 0.003467 0.422915 0.414912 0 
3 0.93617 0.054912 0.376971 0.003467 0.422915 0.414912 1 
3 0.957447 0.047076 0.406427 0.003467 0.422915 0.414912 0 
3 0.978723 0.056263 0.432014 0.003467 0.422915 0.414912 1 
3 1 0.054912 0.429039 0.003467 0.422915 0.414912 1 
