1 0 0.051459 0.34335 0.003506 0.353444 0.452632 1 
1 0.021277 0.046595 0.299018 0.003139 0.320818 0.487719 0 
1 0.042553 0.048607 0.269265 0.003286 0.359917 0.410088 0 
1 0.06383 0.048217 0.229247 0.003257 0.32755 0.475439 0 
1 0.085106 0.045004 0.184766 0.003012 0.278094 0.549123 0 
1 0.106383 0.041972 0.156352 0.002777 0.230192 0.612281 0 
1 0.12766 0.041642 0.129575 0.00273 0.196012 0.695614 0 
1 0.148936 0.036147 0.108599 0.002372 0.163646 0.663158 0 
1 0.170213 0.040861 0.099226 0.00268 0.125324 0.682456 0 
1 0.191489 0.033385 0.090003 0.002196 0.103832 0.686842 0 
1 0.212766 0.034076 0.098185 0.002239 0.098136 0.686404 0 
1 0.234043 0.036238 0.100565 0.00237 0.087778 0.750877 0 
1 0.255319 0.041612 0.11931 0.002661 0.100984 0.761842 0 
1 0.276596 0.042963 0.141922 0.002698 0.103573 0.765789 0 
1 0.297872 0.042032 0.167956 0.00237 0.081564 0.746053 0 
1 0.319149 0.041401 0.224933 0.002553 0.100725 0.760526 0 
1 0.340426 0.044344 0.290092 0.002833 0.140083 0.746491 0 
1 0.361702 0.044374 0.342309 0.002885 0.169601 0.736842 0 
1 0.382979 0.046025 0.406129 0.00302 0.201968 0.708772 0 
1 0.404255 0.045965 0.426212 0.003035 0.21362 0.679825 0 
1 0.425532 0.046115 0.423088 0.003047 0.222165 0.657456 0 
1 0.446809 0.046205 0.413865 0.003056 0.230192 0.636404 0 
1 0.468085 0.045815 0.401369 0.003035 0.22579 0.651754 0 
1 0.489362 0.045935 0.391996 0.003041 0.224236 0.641228 0 
1 0.510638 0.046175 0.378161 0.003062 0.236924 0.592982 0 
1 0.531915 0.045995 0.361797 0.003058 0.244433 0.623684 0 
1 0.553191 0.046115 0.34335 0.00306 0.246245 0.607018 0 
1 0.574468 0.045755 0.325498 0.003033 0.232522 0.628509 0 
1 0.595745 0.045665 0.314787 0.003027 0.232004 0.630263 0 
1 0.617021 0.045635 0.313895 0.003012 0.224495 0.647368 0 
1 0.638298 0.045665 0.314341 0.003012 0.222424 0.65614 0 
1 0.659574 0.045635 0.324903 0.00301 0.223718 0.665789 0 
1 0.680851 0.046055 0.35778 0.003031 0.231745 0.682018 0 
1 0.702128 0.047016 0.421154 0.003118 0.251683 0.637281 1 
1 0.723404 0.054702 0.489586 0.003673 0.328327 0.527193 1 
1 0.744681 0.063738 0.556977 0.004325 0.40523 0.389912 1 
1 0.765957 0.063738 0.562035 0.004283 0.431642 0.34693 1 
1 0.787234 0.063738 0.537786 0.004298 0.410409 0.427632 1 
1 0.808511 0.058935 0.503719 0.004082 0.386587 0.410965 1 
1 0.829787 0.057193 0.476793 0.003895 0.371828 0.455263 1 
1 0.851064 0.05326 0.457602 0.003621 0.351631 0.489035 1 
1 0.87234 0.051369 0.439899 0.003486 0.336354 0.47807 1 
1 0.893617 0.05308 0.409402 0.003592 0.317193 0.495614 1 
1 0.914894 0.050769 0.371467 0.003411 0.288711 0.542544 1 
1 0.93617 0.054882 0.396311 0.003683 0.297514 0.562281 1 
1 0.957447 0.053741 0.397947 0.003604 0.298291 0.532895 1 
1 0.978723 0.062778 0.402112 0.004198 0.372087 0.433772 1 
1 1 0.057043 0.36745 0.003909 0.360694 0.497807 1 
