3 0 0.060076 0.355251 0.003467 0.422915 0.414912 0 
3 0.021277 0.055812 0.292919 0.003467 0.422915 0.414912 0 
3 0.042553 0.053831 0.239958 0.003467 0.422915 0.414912 0 
3 0.06383 0.053321 0.199345 0.003467 0.422915 0.414912 0 
3 0.085106 0.053321 0.159328 0.003467 0.422915 0.414912 0 
3 0.106383 0.053321 0.141327 0.003467 0.422915 0.414912 0 
3 0.12766 0.053321 0.136864 0.003467 0.422915 0.414912 0 
3 0.148936 0.074787 0.132104 0.003467 0.422915 0.414912 0 
3 0.170213 0.053321 0.160964 0.003467 0.422915 0.414912 0 
3 0.191489 0.055812 0.196965 0.003467 0.422915 0.414912 0 
3 0.212766 0.093011 0.26867 0.003467 0.422915 0.414912 1 
3 0.234043 0.093011 0.35659 0.003467 0.422915 0.414912 1 
3 0.255319 0.114177 0.376822 0.003467 0.422915 0.414912 1 
3 0.276596 0.103068 0.425022 0.003467 0.422915 0.414912 1 
3 0.297872 0.062838 0.442428 0.003467 0.422915 0.414912 0 
3 0.319149 0.070584 0.459982 0.003467 0.422915 0.414912 0 
3 0.340426 0.093011 0.511306 0.003467 0.422915 0.414912 1 
3 0.361702 0.068782 0.519488 0.003467 0.422915 0.414912 0 
3 0.382979 0.074817 0.508777 0.003467 0.422915 0.414912 0 
3 0.404255 0.074817 0.503422 0.003467 0.422915 0.414912 0 
3 0.425532 0.062838 0.500298 0.003467 0.422915 0.414912 0 
3 0.446809 0.062838 0.506099 0.003467 0.422915 0.414912 0 
3 0.468085 0.064279 0.499107 0.003467 0.422915 0.414912 0 
3 0.489362 0.074757 0.503273 0.003467 0.422915 0.414912 0 
3 0.510638 0.06569 0.505653 0.003467 0.422915 0.414912 0 
3 0.531915 0.069293 0.502678 0.003467 0.422915 0.414912 0 
3 0.553191 0.074817 0.494644 0.003467 0.422915 0.414912 1 
3 0.574468 0.074757 0.479768 0.003467 0.422915 0.414912 1 
3 0.595745 0.074757 0.471883 0.003467 0.422915 0.414912 1 
3 0.617021 0.071334 0.472627 0.003467 0.422915 0.414912 0 
3 0.638298 0.069293 0.476049 0.003467 0.422915 0.414912 0 
3 0.659574 0.057914 0.4759 0.003467 0.422915 0.414912 0 
3 0.680851 0.057914 0.474412 0.003467 0.422915 0.414912 0 
3 0.702128 0.056803 0.465784 0.003467 0.422915 0.414912 0 
3 0.723404 0.057914 0.433948 0.003467 0.422915 0.414912 0 
3 0.744681 0.057914 0.414014 0.003467 0.422915 0.414912 0 
3 0.765957 0.057914 0.385153 0.003467 0.422915 0.414912 0 
3 0.787234 0.057914 0.377715 0.003467 0.422915 0.414912 0 
3 0.808511 0.062838 0.379203 0.003467 0.422915 0.414912 0 
3 0.829787 0.056233 0.388872 0.003467 0.422915 0.414912 0 
3 0.851064 0.062838 0.372657 0.003467 0.422915 0.414912 0 
3 0.87234 0.057914 0.348706 0.003467 0.422915 0.414912 0 
3 0.893617 0.074817 0.380393 0.003467 0.422915 0.414912 1 
3 0.914894 0.062838 0.39393 0.003467 0.422915 0.414912 0 
3 0.93617 0.060226 0.41684 0.003467 0.422915 0.414912 0 
3 0.957447 0.060226 0.421303 0.003467 0.422915 0.414912 0 
3 0.978723 0.060226 0.417138 0.003467 0.422915 0.414912 0 
3 1 0.074817 0.39884 0.003467 0.422915 0.414912 1 
