4 0 0.067071 0.580928 0.003467 0.422915 0.414912 0 
4 0.021277 0.061967 0.560994 0.003467 0.422915 0.414912 0 
4 0.042553 0.061967 0.530199 0.003467 0.422915 0.414912 0 
4 0.06383 0.041431 0.469949 0.003467 0.422915 0.414912 0 
4 0.085106 0.057043 0.408063 0.003467 0.422915 0.414912 0 
4 0.106383 0.057043 0.360607 0.003467 0.422915 0.414912 0 
4 0.12766 0.057043 0.312258 0.003467 0.422915 0.414912 0 
4 0.148936 0.057043 0.276257 0.003467 0.422915 0.414912 0 
4 0.170213 0.059865 0.249926 0.003467 0.422915 0.414912 0 
4 0.191489 0.059865 0.247545 0.003467 0.422915 0.414912 0 
4 0.212766 0.061967 0.270902 0.003467 0.422915 0.414912 0 
4 0.234043 0.061967 0.324755 0.003467 0.422915 0.414912 0 
4 0.255319 0.067671 0.440494 0.003467 0.422915 0.414912 1 
4 0.276596 0.11859 0.568283 0.003467 0.422915 0.414912 1 
4 0.297872 0.074457 0.605623 0.003467 0.422915 0.414912 1 
4 0.319149 0.088177 0.690717 0.003467 0.422915 0.414912 1 
4 0.340426 0.107001 0.713329 0.003467 0.422915 0.414912 1 
4 0.361702 0.080491 0.714668 0.003467 0.422915 0.414912 1 
4 0.382979 0.119491 0.747099 0.003467 0.422915 0.414912 1 
4 0.404255 0.119491 0.753198 0.003467 0.422915 0.414912 1 
4 0.425532 0.11859 0.72895 0.003467 0.422915 0.414912 1 
4 0.446809 0.11859 0.696221 0.003467 0.422915 0.414912 1 
4 0.468085 0.11859 0.670187 0.003467 0.422915 0.414912 1 
4 0.489362 0.11859 0.651889 0.003467 0.422915 0.414912 1 
4 0.510638 0.114657 0.63374 0.003467 0.422915 0.414912 1 
4 0.531915 0.107001 0.617525 0.003467 0.422915 0.414912 1 
4 0.553191 0.109853 0.610979 0.003467 0.422915 0.414912 1 
4 0.574468 0.107001 0.592978 0.003467 0.422915 0.414912 1 
4 0.595745 0.106131 0.58197 0.003467 0.422915 0.414912 1 
4 0.617021 0.106131 0.571407 0.003467 0.422915 0.414912 1 
4 0.638298 0.088958 0.554894 0.003467 0.422915 0.414912 1 
4 0.659574 0.106131 0.5723 0.003467 0.422915 0.414912 1 
4 0.680851 0.109853 0.591342 0.003467 0.422915 0.414912 1 
4 0.702128 0.107001 0.632104 0.003467 0.422915 0.414912 1 
4 0.723404 0.11859 0.687147 0.003467 0.422915 0.414912 1 
4 0.744681 0.134682 0.782803 0.003467 0.422915 0.414912 1 
4 0.765957 0.121352 0.80601 0.003467 0.422915 0.414912 1 
4 0.787234 0.11859 0.794555 0.003467 0.422915 0.414912 1 
4 0.808511 0.088177 0.759298 0.003467 0.422915 0.414912 0 
4 0.829787 0.088177 0.732371 0.003467 0.422915 0.414912 0 
4 0.851064 0.11859 0.720173 0.003467 0.422915 0.414912 1 
4 0.87234 0.11859 0.689229 0.003467 0.422915 0.414912 1 
4 0.893617 0.088177 0.631657 0.003467 0.422915 0.414912 0 
4 0.914894 0.045485 0.567242 0.003467 0.422915 0.414912 0 
4 0.93617 0.11859 0.59759 0.003467 0.422915 0.414912 1 
4 0.957447 0.088177 0.591639 0.003467 0.422915 0.414912 0 
4 0.978723 0.088177 0.588962 0.003467 0.422915 0.414912 0 
4 1 0.075958 0.574531 0.003467 0.422915 0.414912 0 
