6 0 0.040351 0.48795 0.002736 0.415588 0.411404 0 
6 0.021277 0.036208 0.468908 0.002459 0.376748 0.465789 0 
6 0.042553 0.038729 0.435585 0.002636 0.434231 0.361404 0 
6 0.06383 0.036268 0.379649 0.002468 0.405489 0.39693 0 
6 0.085106 0.034016 0.319845 0.0023 0.365355 0.457895 0 
6 0.106383 0.032515 0.269414 0.002183 0.31072 0.537719 0 
6 0.12766 0.030383 0.224933 0.002042 0.269291 0.557018 0 
6 0.148936 0.029903 0.188634 0.002 0.237442 0.640789 0 
6 0.170213 0.027021 0.176287 0.001811 0.218281 0.620614 0 
6 0.191489 0.027021 0.17465 0.001818 0.203263 0.567105 0 
6 0.212766 0.027261 0.201577 0.001845 0.211289 0.512719 0 
6 0.234043 0.028882 0.254091 0.001959 0.238736 0.503947 0 
6 0.255319 0.032154 0.352276 0.002185 0.308907 0.378509 0 
6 0.276596 0.03942 0.448081 0.002669 0.378042 0.426316 0 
6 0.297872 0.037108 0.466379 0.002528 0.421025 0.32807 0 
6 0.319149 0.088627 0.542398 0.006009 0.49508 0.360965 1 
6 0.340426 0.121983 0.564118 0.008255 0.538581 0.318421 1 
6 0.361702 0.127477 0.56501 0.00865 0.55334 0.314912 1 
6 0.382979 0.247238 0.605921 0.016724 0.564992 0.319298 1 
6 0.404255 0.261949 0.623921 0.017677 0.556965 0.342105 1 
6 0.425532 0.246157 0.609342 0.016616 0.549974 0.340789 1 
6 0.446809 0.219227 0.589854 0.01484 0.543242 0.339035 1 
6 0.468085 0.161223 0.58316 0.010937 0.54376 0.312719 1 
6 0.489362 0.137685 0.573193 0.009331 0.54609 0.29386 1 
6 0.510638 0.134532 0.56873 0.009115 0.533143 0.278947 1 
6 0.531915 0.132521 0.560994 0.008995 0.529001 0.251754 1 
6 0.553191 0.216645 0.556382 0.01474 0.547385 0.22193 1 
6 0.574468 0.21082 0.548051 0.014368 0.546608 0.215789 1 
6 0.595745 0.195208 0.538828 0.01333 0.536769 0.226754 1 
6 0.617021 0.123994 0.525885 0.008484 0.530295 0.257456 1 
6 0.638298 0.113847 0.519339 0.007798 0.519161 0.256579 1 
6 0.659574 0.10568 0.531241 0.007231 0.507768 0.285526 1 
6 0.680851 0.140026 0.547159 0.009582 0.501036 0.289912 1 
6 0.702128 0.190825 0.570068 0.013033 0.512947 0.30307 1 
6 0.723404 0.198781 0.585838 0.013583 0.534956 0.239035 1 
6 0.744681 0.18383 0.620351 0.012534 0.551528 0.241667 1 
6 0.765957 0.306863 0.646087 0.020949 0.555671 0.22193 1 
6 0.787234 0.281734 0.631806 0.019291 0.550492 0.200439 1 
6 0.808511 0.215684 0.596697 0.014863 0.522527 0.17807 1 
6 0.829787 0.146301 0.562333 0.010127 0.488866 0.210088 1 
6 0.851064 0.064849 0.535555 0.004483 0.45391 0.223684 0 
6 0.87234 0.044974 0.511306 0.003105 0.428534 0.184649 0 
6 0.893617 0.064489 0.481107 0.004445 0.392802 0.224123 0 
6 0.914894 0.038519 0.429932 0.002659 0.363283 0.165351 0 
6 0.93617 0.046535 0.48319 0.003201 0.357069 0.339912 0 
6 0.957447 0.045124 0.499851 0.003066 0.355774 0.265789 0 
6 0.978723 0.107392 0.508777 0.007374 0.460383 0.182895 0 
6 1 0.080401 0.498512 0.005511 0.440704 0.297807 0 
