1 0 0.029242 0.322969 0.001915 0.340497 0.540789 0 
1 0.021277 0.029362 0.277447 0.001915 0.323925 0.548684 0 
1 0.042553 0.029903 0.243529 0.001965 0.375971 0.472368 0 
1 0.06383 0.029422 0.209313 0.001932 0.359399 0.524123 0 
1 0.085106 0.029002 0.166171 0.001903 0.317452 0.586842 0 
1 0.106383 0.028702 0.138947 0.00188 0.291818 0.625439 0 
1 0.12766 0.027591 0.116632 0.001816 0.265665 0.642982 0 
1 0.148936 0.027141 0.09759 0.001778 0.242879 0.678947 0 
1 0.170213 0.025489 0.090449 0.001668 0.2232 0.69693 0 
1 0.191489 0.025009 0.08197 0.001639 0.209995 0.69386 0 
1 0.212766 0.024499 0.089259 0.001606 0.191093 0.735526 0 
1 0.234043 0.025489 0.102797 0.001666 0.178405 0.728947 0 
1 0.255319 0.027111 0.11812 0.00177 0.168824 0.727632 0 
1 0.276596 0.027081 0.143856 0.00177 0.173226 0.712281 0 
1 0.297872 0.02663 0.170187 0.001737 0.14552 0.733333 0 
1 0.319149 0.027501 0.22404 0.001797 0.166494 0.708772 0 
1 0.340426 0.028492 0.286819 0.001867 0.194718 0.660965 0 
1 0.361702 0.029182 0.345135 0.001894 0.230192 0.65307 0 
1 0.382979 0.029422 0.378905 0.001903 0.250129 0.612281 0 
1 0.404255 0.030293 0.409253 0.001963 0.259969 0.591228 0 
1 0.425532 0.030293 0.422196 0.001971 0.263853 0.586842 0 
1 0.446809 0.030623 0.427551 0.001986 0.259969 0.637281 0 
1 0.468085 0.029693 0.409104 0.001855 0.266183 0.634211 0 
1 0.489362 0.030173 0.414906 0.00188 0.251683 0.634211 0 
1 0.510638 0.030533 0.408509 0.001967 0.251683 0.634211 0 
1 0.531915 0.031164 0.395864 0.002011 0.237701 0.644737 1 
1 0.553191 0.030143 0.377566 0.00194 0.250388 0.657018 0 
1 0.574468 0.029693 0.361202 0.001905 0.247022 0.674123 0 
1 0.595745 0.030023 0.357483 0.001899 0.231486 0.67807 0 
1 0.617021 0.030323 0.344094 0.001329 0.2232 0.634211 0 
1 0.638298 0.030023 0.349747 0.001789 0.221647 0.634211 0 
1 0.659574 0.030173 0.361053 0.00187 0.228897 0.634211 0 
1 0.680851 0.029843 0.378459 0.001849 0.234852 0.634211 0 
1 0.702128 0.030683 0.413716 0.001986 0.266183 0.62807 1 
1 0.723404 0.035037 0.468164 0.002304 0.32755 0.619298 1 
1 0.744681 0.053921 0.54091 0.00355 0.417918 0.632018 1 
1 0.765957 0.048877 0.557126 0.003211 0.466598 0.622368 1 
1 0.787234 0.040471 0.53496 0.002646 0.467115 0.614035 1 
1 0.808511 0.03987 0.509819 0.002551 0.445365 0.693421 1 
1 0.829787 0.043383 0.474859 0.002694 0.428534 0.676754 1 
1 0.851064 0.032425 0.439601 0.002086 0.399275 0.653509 1 
1 0.87234 0.031404 0.433651 0.002013 0.394355 0.652632 1 
1 0.893617 0.029723 0.400922 0.001579 0.365873 0.67807 0 
1 0.914894 0.029362 0.35778 0.001111 0.335577 0.67807 0 
1 0.93617 0.030353 0.38188 0.001084 0.310979 0.67807 0 
1 0.957447 0.029122 0.373252 0.001811 0.299327 0.697368 0 
1 0.978723 0.029542 0.370128 0.001884 0.349819 0.667105 0 
1 1 0.029122 0.341565 0.001865 0.341792 0.72193 0 
