6 0 0.067822 0.475602 0.004761 0.440963 0.500526 0 
6 0.021277 0.064189 0.454775 0.004408 0.40782 0.500526 0 
6 0.042553 0.067551 0.41803 0.004666 0.461678 0.500526 0 
6 0.06383 0.066801 0.367004 0.004597 0.439927 0.500526 0 
6 0.085106 0.054221 0.305861 0.003698 0.390471 0.500526 0 
6 0.106383 0.049838 0.261232 0.003361 0.344381 0.500526 0 
6 0.12766 0.046956 0.218834 0.003139 0.292853 0.500526 0 
6 0.148936 0.046115 0.193097 0.003064 0.266701 0.500526 0 
6 0.170213 0.045034 0.172419 0.002991 0.241326 0.500526 0 
6 0.191489 0.044404 0.178518 0.002939 0.220352 0.500526 0 
6 0.212766 0.046025 0.202916 0.003058 0.242879 0.500526 0 
6 0.234043 0.045815 0.243975 0.00306 0.268773 0.500526 0 
6 0.255319 0.048877 0.343053 0.003284 0.341533 0.500526 0 
6 0.276596 0.0523 0.449569 0.003552 0.422838 0.500526 0 
6 0.297872 0.058124 0.469354 0.003997 0.468151 0.500526 0 
6 0.319149 0.086165 0.533175 0.005899 0.548162 0.500526 1 
6 0.340426 0.1052 0.555936 0.007123 0.5826 0.500526 1 
6 0.361702 0.087727 0.560399 0.005935 0.575608 0.500526 1 
6 0.382979 0.087637 0.594317 0.005831 0.585707 0.500526 1 
6 0.404255 0.089678 0.610533 0.006041 0.564733 0.500526 1 
6 0.425532 0.075537 0.59283 0.005091 0.517349 0.500526 1 
6 0.446809 0.075477 0.569771 0.005152 0.560073 0.500526 1 
6 0.468085 0.074427 0.552663 0.005102 0.55593 0.500526 0 
6 0.489362 0.069113 0.535852 0.004778 0.55334 0.500526 0 
6 0.510638 0.070704 0.53258 0.004882 0.547644 0.500526 0 
6 0.531915 0.07905 0.523207 0.005438 0.540394 0.500526 1 
6 0.553191 0.0656 0.517852 0.004572 0.55334 0.500526 0 
6 0.574468 0.059625 0.510414 0.004182 0.550751 0.500526 0 
6 0.595745 0.069743 0.503422 0.004855 0.53651 0.500526 0 
6 0.617021 0.074877 0.48914 0.005193 0.527706 0.500526 1 
6 0.638298 0.072265 0.479768 0.004952 0.513723 0.500526 0 
6 0.659574 0.064969 0.498661 0.004449 0.494045 0.500526 0 
6 0.680851 0.053951 0.509967 0.003691 0.478509 0.500526 0 
6 0.702128 0.070884 0.552365 0.004738 0.494562 0.500526 0 
6 0.723404 0.093971 0.599821 0.006506 0.547903 0.500526 1 
6 0.744681 0.132701 0.670931 0.008656 0.621958 0.500526 1 
6 0.765957 0.145551 0.67346 0.009424 0.622734 0.500526 1 
6 0.787234 0.114477 0.648319 0.00741 0.595546 0.500526 1 
6 0.808511 0.098205 0.606516 0.006427 0.548162 0.500526 1 
6 0.829787 0.090609 0.58435 0.005941 0.526929 0.500526 1 
6 0.851064 0.076618 0.556828 0.005044 0.496116 0.500526 1 
6 0.87234 0.084814 0.524546 0.005577 0.476955 0.500526 1 
6 0.893617 0.084424 0.48795 0.005567 0.439927 0.500526 1 
6 0.914894 0.06563 0.456263 0.004383 0.404454 0.500526 0 
6 0.93617 0.073015 0.506397 0.004861 0.397462 0.500526 1 
6 0.957447 0.071694 0.527968 0.00479 0.394614 0.500526 0 
6 0.978723 0.087066 0.536596 0.005858 0.49508 0.500526 1 
6 1 0.086316 0.517703 0.0057 0.481875 0.500526 1 
