4 0 0.140267 0.49033 0.003467 0.422915 0.414912 1 
4 0.021277 0.121713 0.463999 0.003467 0.422915 0.414912 1 
4 0.042553 0.111024 0.428741 0.003467 0.422915 0.414912 0 
4 0.06383 0.090759 0.366855 0.003467 0.422915 0.414912 0 
4 0.085106 0.077999 0.307349 0.003467 0.422915 0.414912 0 
4 0.106383 0.077999 0.261232 0.003467 0.422915 0.414912 0 
4 0.12766 0.062417 0.215115 0.003467 0.422915 0.414912 0 
4 0.148936 0.077999 0.186254 0.003467 0.422915 0.414912 0 
4 0.170213 0.074877 0.170336 0.003467 0.422915 0.414912 0 
4 0.191489 0.074877 0.171526 0.003467 0.422915 0.414912 0 
4 0.212766 0.081122 0.199494 0.003467 0.422915 0.414912 0 
4 0.234043 0.081122 0.241595 0.003467 0.422915 0.414912 0 
4 0.255319 0.114057 0.338143 0.003467 0.422915 0.414912 0 
4 0.276596 0.13105 0.44332 0.003467 0.422915 0.414912 1 
4 0.297872 0.13105 0.45537 0.003467 0.422915 0.414912 1 
4 0.319149 0.149634 0.524695 0.003467 0.422915 0.414912 1 
4 0.340426 0.149634 0.543737 0.003467 0.422915 0.414912 1 
4 0.361702 0.13105 0.536894 0.003467 0.422915 0.414912 1 
4 0.382979 0.110724 0.57706 0.003467 0.422915 0.414912 0 
4 0.404255 0.110724 0.586581 0.003467 0.422915 0.414912 0 
4 0.425532 0.107752 0.571407 0.003467 0.422915 0.414912 0 
4 0.446809 0.107752 0.552812 0.003467 0.422915 0.414912 0 
4 0.468085 0.107752 0.537043 0.003467 0.422915 0.414912 0 
4 0.489362 0.074817 0.530646 0.003467 0.422915 0.414912 0 
4 0.510638 0.074817 0.523951 0.003467 0.422915 0.414912 0 
4 0.531915 0.074817 0.514579 0.003467 0.422915 0.414912 0 
4 0.553191 0.074817 0.500149 0.003467 0.422915 0.414912 0 
4 0.574468 0.107752 0.502678 0.003467 0.422915 0.414912 0 
4 0.595745 0.074817 0.495537 0.003467 0.422915 0.414912 0 
4 0.617021 0.074817 0.488545 0.003467 0.422915 0.414912 0 
4 0.638298 0.107752 0.48557 0.003467 0.422915 0.414912 0 
4 0.659574 0.107752 0.496578 0.003467 0.422915 0.414912 0 
4 0.680851 0.107752 0.517852 0.003467 0.422915 0.414912 0 
4 0.702128 0.121713 0.557126 0.003467 0.422915 0.414912 1 
4 0.723404 0.149664 0.616483 0.003467 0.422915 0.414912 1 
4 0.744681 0.149664 0.678667 0.003467 0.422915 0.414912 1 
4 0.765957 0.149664 0.670485 0.003467 0.422915 0.414912 1 
4 0.787234 0.149664 0.646534 0.003467 0.422915 0.414912 1 
4 0.808511 0.149664 0.608599 0.003467 0.422915 0.414912 1 
4 0.829787 0.134622 0.578697 0.003467 0.422915 0.414912 1 
4 0.851064 0.121713 0.560399 0.003467 0.422915 0.414912 1 
4 0.87234 0.110724 0.528265 0.003467 0.422915 0.414912 0 
4 0.893617 0.107752 0.475602 0.003467 0.422915 0.414912 0 
4 0.914894 0.107752 0.430527 0.003467 0.422915 0.414912 0 
4 0.93617 0.121713 0.477388 0.003467 0.422915 0.414912 1 
4 0.957447 0.13093 0.49033 0.003467 0.422915 0.414912 1 
4 0.978723 0.13093 0.500446 0.003467 0.422915 0.414912 1 
4 1 0.13093 0.489586 0.003467 0.422915 0.414912 1 
