5 0 0.040591 0.525736 0.003467 0.422915 0.414912 0 
5 0.021277 0.040591 0.504612 0.003467 0.422915 0.414912 0 
5 0.042553 0.040591 0.473966 0.003467 0.422915 0.414912 0 
5 0.06383 0.040591 0.407468 0.003467 0.422915 0.414912 0 
5 0.085106 0.040591 0.344243 0.003467 0.422915 0.414912 0 
5 0.106383 0.040591 0.298572 0.003467 0.422915 0.414912 0 
5 0.12766 0.040591 0.251562 0.003467 0.422915 0.414912 0 
5 0.148936 0.040591 0.22047 0.003467 0.422915 0.414912 0 
5 0.170213 0.040591 0.19756 0.003467 0.422915 0.414912 0 
5 0.191489 0.040591 0.191015 0.003467 0.422915 0.414912 0 
5 0.212766 0.040591 0.215263 0.003467 0.422915 0.414912 0 
5 0.234043 0.040591 0.263463 0.003467 0.422915 0.414912 0 
5 0.255319 0.067671 0.36388 0.003467 0.422915 0.414912 1 
5 0.276596 0.074907 0.470396 0.003467 0.422915 0.414912 1 
5 0.297872 0.040591 0.495983 0.003467 0.422915 0.414912 0 
5 0.319149 0.040591 0.576465 0.003467 0.422915 0.414912 0 
5 0.340426 0.056263 0.606367 0.003467 0.422915 0.414912 1 
5 0.361702 0.056263 0.605623 0.003467 0.422915 0.414912 1 
5 0.382979 0.056263 0.649509 0.003467 0.422915 0.414912 1 
5 0.404255 0.056263 0.666171 0.003467 0.422915 0.414912 1 
5 0.425532 0.056263 0.651443 0.003467 0.422915 0.414912 1 
5 0.446809 0.056263 0.63612 0.003467 0.422915 0.414912 1 
5 0.468085 0.060976 0.629723 0.003467 0.422915 0.414912 1 
5 0.489362 0.064669 0.627938 0.003467 0.422915 0.414912 1 
5 0.510638 0.056263 0.620797 0.003467 0.422915 0.414912 1 
5 0.531915 0.089558 0.619905 0.003467 0.422915 0.414912 1 
5 0.553191 0.088177 0.616037 0.003467 0.422915 0.414912 1 
5 0.574468 0.105981 0.61202 0.003467 0.422915 0.414912 1 
5 0.595745 0.089558 0.598483 0.003467 0.422915 0.414912 1 
5 0.617021 0.105981 0.593722 0.003467 0.422915 0.414912 1 
5 0.638298 0.105981 0.598631 0.003467 0.422915 0.414912 1 
5 0.659574 0.119851 0.61931 0.003467 0.422915 0.414912 1 
5 0.680851 0.13201 0.654418 0.003467 0.422915 0.414912 1 
5 0.702128 0.135043 0.690568 0.003467 0.422915 0.414912 1 
5 0.723404 0.135043 0.721214 0.003467 0.422915 0.414912 1 
5 0.744681 0.149664 0.777001 0.003467 0.422915 0.414912 1 
5 0.765957 0.135043 0.781761 0.003467 0.422915 0.414912 1 
5 0.787234 0.089558 0.753347 0.003467 0.422915 0.414912 1 
5 0.808511 0.075177 0.712883 0.003467 0.422915 0.414912 1 
5 0.829787 0.074907 0.680303 0.003467 0.422915 0.414912 1 
5 0.851064 0.088177 0.653079 0.003467 0.422915 0.414912 1 
5 0.87234 0.074907 0.625707 0.003467 0.422915 0.414912 1 
5 0.893617 0.056263 0.578697 0.003467 0.422915 0.414912 0 
5 0.914894 0.045485 0.523207 0.003467 0.422915 0.414912 0 
5 0.93617 0.088177 0.566349 0.003467 0.422915 0.414912 1 
5 0.957447 0.064669 0.57468 0.003467 0.422915 0.414912 0 
5 0.978723 0.074907 0.584499 0.003467 0.422915 0.414912 1 
5 1 0.074907 0.568283 0.003467 0.422915 0.414912 1 
