3 0 0.074817 0.354805 0.003467 0.422915 0.414912 0 
3 0.021277 0.058755 0.292324 0.003467 0.422915 0.414912 0 
3 0.042553 0.053591 0.239512 0.003467 0.422915 0.414912 0 
3 0.06383 0.053591 0.197114 0.003467 0.422915 0.414912 0 
3 0.085106 0.053591 0.165873 0.003467 0.422915 0.414912 0 
3 0.106383 0.053591 0.154418 0.003467 0.422915 0.414912 0 
3 0.12766 0.074517 0.142517 0.003467 0.422915 0.414912 0 
3 0.148936 0.074517 0.153972 0.003467 0.422915 0.414912 0 
3 0.170213 0.075958 0.185064 0.003467 0.422915 0.414912 0 
3 0.191489 0.102138 0.213776 0.003467 0.422915 0.414912 1 
3 0.212766 0.114957 0.288456 0.003467 0.422915 0.414912 1 
3 0.234043 0.102798 0.377715 0.003467 0.422915 0.414912 1 
3 0.255319 0.119491 0.400774 0.003467 0.422915 0.414912 1 
3 0.276596 0.119491 0.462214 0.003467 0.422915 0.414912 1 
3 0.297872 0.102138 0.491818 0.003467 0.422915 0.414912 1 
3 0.319149 0.114957 0.514281 0.003467 0.422915 0.414912 1 
3 0.340426 0.119491 0.561738 0.003467 0.422915 0.414912 1 
3 0.361702 0.119491 0.574085 0.003467 0.422915 0.414912 1 
3 0.382979 0.119491 0.571556 0.003467 0.422915 0.414912 1 
3 0.404255 0.119521 0.561886 0.003467 0.422915 0.414912 1 
3 0.425532 0.123664 0.567837 0.003467 0.422915 0.414912 1 
3 0.446809 0.119491 0.564564 0.003467 0.422915 0.414912 1 
3 0.468085 0.119491 0.570217 0.003467 0.422915 0.414912 1 
3 0.489362 0.119491 0.567093 0.003467 0.422915 0.414912 1 
3 0.510638 0.119491 0.569622 0.003467 0.422915 0.414912 1 
3 0.531915 0.119491 0.576465 0.003467 0.422915 0.414912 1 
3 0.553191 0.11883 0.574085 0.003467 0.422915 0.414912 1 
3 0.574468 0.119521 0.573936 0.003467 0.422915 0.414912 1 
3 0.595745 0.119521 0.568283 0.003467 0.422915 0.414912 1 
3 0.617021 0.119521 0.571705 0.003467 0.422915 0.414912 1 
3 0.638298 0.119491 0.576019 0.003467 0.422915 0.414912 1 
3 0.659574 0.119491 0.565754 0.003467 0.422915 0.414912 1 
3 0.680851 0.11883 0.548497 0.003467 0.422915 0.414912 1 
3 0.702128 0.114957 0.530051 0.003467 0.422915 0.414912 1 
3 0.723404 0.102798 0.491372 0.003467 0.422915 0.414912 1 
3 0.744681 0.074817 0.463553 0.003467 0.422915 0.414912 0 
3 0.765957 0.056143 0.438411 0.003467 0.422915 0.414912 0 
3 0.787234 0.074817 0.423386 0.003467 0.422915 0.414912 0 
3 0.808511 0.074817 0.434246 0.003467 0.422915 0.414912 0 
3 0.829787 0.102138 0.442428 0.003467 0.422915 0.414912 1 
3 0.851064 0.102138 0.411931 0.003467 0.422915 0.414912 1 
3 0.87234 0.102138 0.382624 0.003467 0.422915 0.414912 1 
3 0.893617 0.103729 0.409699 0.003467 0.422915 0.414912 1 
3 0.914894 0.114957 0.419369 0.003467 0.422915 0.414912 1 
3 0.93617 0.114957 0.436477 0.003467 0.422915 0.414912 1 
3 0.957447 0.102138 0.432163 0.003467 0.422915 0.414912 1 
3 0.978723 0.102798 0.421898 0.003467 0.422915 0.414912 1 
3 1 0.114957 0.392294 0.003467 0.422915 0.414912 1 
