1 0 0.088777 0.375781 0.00581 0.455722 0.602632 1 
1 0.021277 0.069173 0.3313 0.004522 0.428017 0.575877 0 
1 0.042553 0.075868 0.30482 0.004998 0.482393 0.500439 1 
1 0.06383 0.061667 0.261083 0.004057 0.457276 0.547368 0 
1 0.085106 0.050168 0.221809 0.003301 0.414293 0.553947 0 
1 0.106383 0.044284 0.188188 0.00291 0.367685 0.594298 0 
1 0.12766 0.043803 0.155757 0.002879 0.333247 0.552632 0 
1 0.148936 0.043413 0.136864 0.002856 0.29622 0.565789 0 
1 0.170213 0.02624 0.119161 0.001724 0.259192 0.592982 0 
1 0.191489 0.023208 0.115293 0.001527 0.232004 0.597807 0 
1 0.212766 0.025189 0.120351 0.001651 0.217245 0.641667 0 
1 0.234043 0.025099 0.128533 0.001645 0.207923 0.630263 0 
1 0.255319 0.035847 0.154567 0.002339 0.208182 0.691667 0 
1 0.276596 0.031044 0.180006 0.002015 0.214397 0.702193 0 
1 0.297872 0.029272 0.211395 0.001894 0.180218 0.771491 0 
1 0.319149 0.060526 0.273431 0.002522 0.201709 0.693421 0 
1 0.340426 0.061997 0.340077 0.003949 0.239513 0.848684 0 
1 0.361702 0.05311 0.391848 0.003328 0.282237 0.740789 0 
1 0.382979 0.055902 0.439155 0.003484 0.297773 0.743421 0 
1 0.404255 0.056113 0.461619 0.003467 0.308907 0.769298 0 
1 0.425532 0.055482 0.45418 0.003388 0.31564 0.760088 0 
1 0.446809 0.0532 0.442874 0.003288 0.316934 0.739912 0 
1 0.468085 0.053981 0.425766 0.003338 0.317711 0.740351 0 
1 0.489362 0.05239 0.403303 0.003253 0.305282 0.797807 0 
1 0.510638 0.05239 0.384558 0.003261 0.317193 0.752632 0 
1 0.531915 0.05239 0.354805 0.003286 0.309684 0.758333 0 
1 0.553191 0.05239 0.329961 0.003301 0.325738 0.729825 0 
1 0.574468 0.05239 0.308688 0.003311 0.310979 0.772807 0 
1 0.595745 0.051519 0.300506 0.003257 0.304505 0.774561 0 
1 0.617021 0.046265 0.293068 0.002937 0.2913 0.759649 0 
1 0.638298 0.048187 0.283547 0.003074 0.295961 0.755702 0 
1 0.659574 0.049267 0.289795 0.003137 0.313568 0.742105 0 
1 0.680851 0.05239 0.298274 0.003324 0.313568 0.747368 0 
1 0.702128 0.05239 0.326837 0.003332 0.345158 0.637719 0 
1 0.723404 0.05317 0.372211 0.003398 0.382703 0.611842 0 
1 0.744681 0.071664 0.495835 0.004578 0.441222 0.666228 1 
1 0.765957 0.088387 0.585838 0.005615 0.510875 0.598246 1 
1 0.787234 0.088387 0.600565 0.005648 0.520715 0.621491 1 
1 0.808511 0.087426 0.582565 0.005565 0.491196 0.682018 1 
1 0.829787 0.086346 0.563076 0.005505 0.479026 0.662719 1 
1 0.851064 0.087036 0.549241 0.005542 0.469964 0.681579 1 
1 0.87234 0.083253 0.543439 0.00526 0.450544 0.736842 1 
1 0.893617 0.068482 0.497471 0.004323 0.418954 0.716667 1 
1 0.914894 0.062598 0.46028 0.003936 0.382185 0.707456 1 
1 0.93617 0.058124 0.473222 0.003635 0.368462 0.75 1 
1 0.957447 0.058244 0.463999 0.003619 0.364319 0.675 1 
1 0.978723 0.070734 0.453734 0.004491 0.442776 0.632895 1 
1 1 0.055482 0.421601 0.003529 0.432936 0.585088 0 
