3 0 0.041191 0.540018 0.002707 0.454687 0.741228 1 
3 0.021277 0.040651 0.526331 0.002653 0.430347 0.783333 1 
3 0.042553 0.042933 0.494496 0.002904 0.479803 0.671491 1 
3 0.06383 0.040681 0.455073 0.002698 0.458571 0.733772 1 
3 0.085106 0.050288 0.396311 0.003338 0.418177 0.737281 1 
3 0.106383 0.03885 0.348408 0.002374 0.382444 0.794298 0 
3 0.12766 0.04011 0.296192 0.001664 0.337131 0.816228 0 
3 0.148936 0.036598 0.264951 0.002104 0.307613 0.816228 0 
3 0.170213 0.035697 0.245611 0.001537 0.280684 0.816228 0 
3 0.191489 0.033686 0.241 0.001269 0.265924 0.816228 0 
3 0.212766 0.037739 0.267182 0.000976 0.267219 0.794298 0 
3 0.234043 0.03996 0.308093 0.001307 0.289487 0.794298 0 
3 0.255319 0.03996 0.406278 0.002152 0.35914 0.785965 0 
3 0.276596 0.036868 0.49643 0.002447 0.423356 0.75614 0 
3 0.297872 0.03954 0.518744 0.00259 0.469964 0.703509 0 
3 0.319149 0.038549 0.592532 0.002501 0.537804 0.714474 0 
3 0.340426 0.03996 0.654716 0.002586 0.598395 0.664912 0 
3 0.361702 0.03981 0.670336 0.002578 0.629726 0.62193 0 
3 0.382979 0.04011 0.705742 0.002603 0.64552 0.617544 0 
3 0.404255 0.040681 0.706784 0.002657 0.629984 0.617982 0 
3 0.425532 0.040891 0.686403 0.00269 0.625583 0.599123 1 
3 0.446809 0.03996 0.667212 0.002632 0.612636 0.616228 0 
3 0.468085 0.03996 0.639542 0.002638 0.610306 0.611842 0 
3 0.489362 0.03996 0.615591 0.002632 0.600466 0.613158 0 
3 0.510638 0.03996 0.590449 0.002626 0.593734 0.636404 0 
3 0.531915 0.03981 0.575573 0.002599 0.5971 0.599123 0 
3 0.553191 0.03996 0.561589 0.002603 0.627654 0.55 0 
3 0.574468 0.03996 0.550134 0.002609 0.622993 0.557456 0 
3 0.595745 0.03996 0.536894 0.002601 0.609788 0.571491 0 
3 0.617021 0.03996 0.52648 0.002594 0.607975 0.583772 0 
3 0.638298 0.03996 0.519637 0.002586 0.590627 0.608333 0 
3 0.659574 0.03996 0.522464 0.002588 0.605904 0.575439 0 
3 0.680851 0.03996 0.545225 0.002582 0.601243 0.644737 0 
3 0.702128 0.03996 0.589854 0.002592 0.631279 0.561404 0 
3 0.723404 0.046836 0.681047 0.003062 0.6797 0.488158 1 
3 0.744681 0.049748 0.752752 0.003299 0.722941 0.431579 1 
3 0.765957 0.040141 0.756323 0.002653 0.697566 0.548246 0 
3 0.787234 0.040681 0.73133 0.002665 0.653806 0.601754 0 
3 0.808511 0.040561 0.687742 0.002657 0.611082 0.668421 0 
3 0.829787 0.040261 0.660071 0.002621 0.58001 0.700877 0 
3 0.851064 0.041191 0.641922 0.00268 0.55334 0.722807 1 
3 0.87234 0.03996 0.619012 0.002516 0.522009 0.714912 0 
3 0.893617 0.03993 0.5723 0.002381 0.492491 0.714912 0 
3 0.914894 0.03993 0.522315 0.001888 0.460642 0.714912 0 
3 0.93617 0.040531 0.555043 0.00166 0.433972 0.714912 0 
3 0.957447 0.03996 0.565903 0.001722 0.416624 0.714912 0 
3 0.978723 0.040501 0.550729 0.002534 0.496893 0.650877 0 
3 1 0.041462 0.533918 0.00263 0.498964 0.676754 1 
