4 0 0.099616 0.542101 0.003467 0.422915 0.414912 1 
4 0.021277 0.099616 0.518149 0.003467 0.422915 0.414912 1 
4 0.042553 0.086075 0.48914 0.003467 0.422915 0.414912 0 
4 0.06383 0.082473 0.430229 0.003467 0.422915 0.414912 0 
4 0.085106 0.079711 0.373698 0.003467 0.422915 0.414912 0 
4 0.106383 0.077789 0.322374 0.003467 0.422915 0.414912 0 
4 0.12766 0.076858 0.279381 0.003467 0.422915 0.414912 0 
4 0.148936 0.076858 0.237727 0.003467 0.422915 0.414912 0 
4 0.170213 0.075808 0.21571 0.003467 0.422915 0.414912 0 
4 0.191489 0.056113 0.213181 0.003467 0.422915 0.414912 0 
4 0.212766 0.076858 0.24814 0.003467 0.422915 0.414912 0 
4 0.234043 0.080101 0.293811 0.003467 0.422915 0.414912 0 
4 0.255319 0.10508 0.399583 0.003467 0.422915 0.414912 1 
4 0.276596 0.13105 0.50967 0.003467 0.422915 0.414912 1 
4 0.297872 0.079711 0.540315 0.003467 0.422915 0.414912 0 
4 0.319149 0.089798 0.623326 0.003467 0.422915 0.414912 1 
4 0.340426 0.087336 0.652187 0.003467 0.422915 0.414912 1 
4 0.361702 0.077939 0.640881 0.003467 0.422915 0.414912 0 
4 0.382979 0.079681 0.663344 0.003467 0.422915 0.414912 0 
4 0.404255 0.077939 0.667956 0.003467 0.422915 0.414912 0 
4 0.425532 0.079711 0.64222 0.003467 0.422915 0.414912 0 
4 0.446809 0.077939 0.607557 0.003467 0.422915 0.414912 0 
4 0.468085 0.077939 0.584499 0.003467 0.422915 0.414912 0 
4 0.489362 0.077939 0.570217 0.003467 0.422915 0.414912 0 
4 0.510638 0.077939 0.554151 0.003467 0.422915 0.414912 0 
4 0.531915 0.056113 0.538084 0.003467 0.422915 0.414912 0 
4 0.553191 0.056113 0.532133 0.003467 0.422915 0.414912 0 
4 0.574468 0.056113 0.524993 0.003467 0.422915 0.414912 0 
4 0.595745 0.056113 0.505653 0.003467 0.422915 0.414912 0 
4 0.617021 0.042422 0.497769 0.003467 0.422915 0.414912 0 
4 0.638298 0.054612 0.492115 0.003467 0.422915 0.414912 0 
4 0.659574 0.054612 0.51086 0.003467 0.422915 0.414912 0 
4 0.680851 0.054612 0.533621 0.003467 0.422915 0.414912 0 
4 0.702128 0.0795 0.588515 0.003467 0.422915 0.414912 0 
4 0.723404 0.089798 0.682981 0.003467 0.422915 0.414912 1 
4 0.744681 0.086075 0.763017 0.003467 0.422915 0.414912 1 
4 0.765957 0.086075 0.772687 0.003467 0.422915 0.414912 1 
4 0.787234 0.089798 0.757215 0.003467 0.422915 0.414912 1 
4 0.808511 0.089798 0.720619 0.003467 0.422915 0.414912 1 
4 0.829787 0.056113 0.6928 0.003467 0.422915 0.414912 0 
4 0.851064 0.089798 0.68075 0.003467 0.422915 0.414912 1 
4 0.87234 0.089798 0.655608 0.003467 0.422915 0.414912 1 
4 0.893617 0.056113 0.601458 0.003467 0.422915 0.414912 0 
4 0.914894 0.056113 0.542696 0.003467 0.422915 0.414912 0 
4 0.93617 0.089798 0.569325 0.003467 0.422915 0.414912 1 
4 0.957447 0.089798 0.566944 0.003467 0.422915 0.414912 1 
4 0.978723 0.090909 0.563672 0.003467 0.422915 0.414912 1 
4 1 0.086075 0.550134 0.003467 0.422915 0.414912 1 
