2 0 0.031014 0.400327 0.002025 0.358622 0.666228 0 
2 0.021277 0.029272 0.360012 0.001901 0.33739 0.67807 0 
2 0.042553 0.03957 0.336805 0.002603 0.40057 0.551316 0 
2 0.06383 0.031614 0.299762 0.00205 0.380891 0.587719 0 
2 0.085106 0.028942 0.262571 0.001903 0.361989 0.625 0 
2 0.106383 0.029903 0.232371 0.001932 0.334283 0.634211 0 
2 0.12766 0.029212 0.20604 0.001874 0.314863 0.67807 0 
2 0.148936 0.029092 0.189527 0.001878 0.294407 0.720175 0 
2 0.170213 0.027951 0.180006 0.001809 0.287675 0.730702 0 
2 0.191489 0.028522 0.192353 0.001849 0.274728 0.746053 0 
2 0.212766 0.030383 0.223445 0.001967 0.280425 0.738158 0 
2 0.234043 0.035787 0.281761 0.00232 0.30347 0.701754 0 
2 0.255319 0.071905 0.396311 0.004703 0.38115 0.646491 1 
2 0.276596 0.093311 0.518447 0.006223 0.462973 0.541667 1 
2 0.297872 0.033055 0.576614 0.002268 0.523045 0.362281 0 
2 0.319149 0.03933 0.672716 0.002732 0.610823 0.310526 0 
2 0.340426 0.038759 0.699643 0.002684 0.637235 0.32193 0 
2 0.361702 0.038429 0.679857 0.002659 0.63102 0.304386 0 
2 0.382979 0.029122 0.685659 0.002015 0.643708 0.271491 0 
2 0.404255 0.029332 0.677328 0.002007 0.635163 0.213596 0 
2 0.425532 0.029422 0.662898 0.002009 0.617556 0.261842 0 
2 0.446809 0.029182 0.644154 0.002002 0.607198 0.233333 0 
2 0.468085 0.038459 0.637459 0.002694 0.594252 0.169737 0 
2 0.489362 0.048607 0.631657 0.011992 0.578716 0.075439 1 
2 0.510638 0.057013 0.624219 0.065998 0.561626 0.05614 1 
2 0.531915 0.029933 0.606665 0.041157 0.565769 0.135088 0 
2 0.553191 0.028972 0.589408 0.07775 0.603832 0.141667 0 
2 0.574468 0.029182 0.58197 0.055679 0.608752 0.141667 0 
2 0.595745 0.018614 0.570366 0.160597 0.615484 0.185526 0 
2 0.617021 0.0269 0.565457 0.159199 0.598912 0.185526 0 
2 0.638298 0.027051 0.564118 0.037251 0.576903 0.185526 0 
2 0.659574 0.027621 0.579292 0.09255 0.555153 0.185526 0 
2 0.680851 0.028161 0.6205 0.251335 0.582341 0.235526 0 
2 0.702128 0.035997 0.704552 0.366515 0.630243 0.220614 0 
2 0.723404 0.103729 0.785481 0.006934 0.705334 0.413158 1 
2 0.744681 0.10547 0.852276 0.006913 0.770067 0.388596 1 
2 0.765957 0.040261 0.840524 0.002663 0.758674 0.402632 0 
2 0.787234 0.036328 0.810473 0.002368 0.698861 0.461404 0 
2 0.808511 0.033445 0.765992 0.002185 0.663905 0.368421 0 
2 0.829787 0.030653 0.730289 0.002 0.625324 0.367544 0 
2 0.851064 0.04002 0.7108 0.002648 0.601502 0.463158 0 
2 0.87234 0.03936 0.678965 0.002624 0.56551 0.496491 0 
2 0.893617 0.037649 0.63136 0.002518 0.535474 0.458772 0 
2 0.914894 0.029032 0.567093 0.001955 0.49508 0.478947 0 
2 0.93617 0.029993 0.579441 0.001996 0.460383 0.573684 0 
2 0.957447 0.029272 0.576317 0.001924 0.427758 0.517544 0 
2 0.978723 0.030383 0.57587 0.002011 0.491714 0.530263 0 
2 1 0.030113 0.551324 0.00198 0.480062 0.516228 0 
