5 0 0.051849 0.357334 0.003467 0.422915 0.414912 0 
5 0.021277 0.051849 0.291877 0.003467 0.422915 0.414912 0 
5 0.042553 0.047076 0.229842 0.003467 0.422915 0.414912 0 
5 0.06383 0.049838 0.197263 0.003467 0.422915 0.414912 0 
5 0.085106 0.049838 0.17227 0.003467 0.422915 0.414912 0 
5 0.106383 0.049838 0.150997 0.003467 0.422915 0.414912 0 
5 0.12766 0.041131 0.142071 0.003467 0.422915 0.414912 0 
5 0.148936 0.041131 0.148468 0.003467 0.422915 0.414912 0 
5 0.170213 0.069863 0.17108 0.003467 0.422915 0.414912 1 
5 0.191489 0.072775 0.212437 0.003467 0.422915 0.414912 1 
5 0.212766 0.077249 0.291282 0.003467 0.422915 0.414912 1 
5 0.234043 0.081542 0.370723 0.003467 0.422915 0.414912 1 
5 0.255319 0.07941 0.393038 0.003467 0.422915 0.414912 1 
5 0.276596 0.07941 0.456858 0.003467 0.422915 0.414912 1 
5 0.297872 0.087066 0.481851 0.003467 0.422915 0.414912 1 
5 0.319149 0.081542 0.495537 0.003467 0.422915 0.414912 1 
5 0.340426 0.087967 0.548795 0.003467 0.422915 0.414912 1 
5 0.361702 0.094362 0.565457 0.003467 0.422915 0.414912 1 
5 0.382979 0.083884 0.559209 0.003467 0.422915 0.414912 1 
5 0.404255 0.07941 0.541803 0.003467 0.422915 0.414912 1 
5 0.425532 0.07941 0.538976 0.003467 0.422915 0.414912 1 
5 0.446809 0.080311 0.543439 0.003467 0.422915 0.414912 1 
5 0.468085 0.077249 0.538233 0.003467 0.422915 0.414912 1 
5 0.489362 0.075087 0.530943 0.003467 0.422915 0.414912 1 
5 0.510638 0.075087 0.535109 0.003467 0.422915 0.414912 1 
5 0.531915 0.071845 0.531687 0.003467 0.422915 0.414912 1 
5 0.553191 0.070734 0.529753 0.003467 0.422915 0.414912 1 
5 0.574468 0.070734 0.525141 0.003467 0.422915 0.414912 1 
5 0.595745 0.072895 0.515174 0.003467 0.422915 0.414912 1 
5 0.617021 0.070734 0.516662 0.003467 0.422915 0.414912 1 
5 0.638298 0.072895 0.523207 0.003467 0.422915 0.414912 1 
5 0.659574 0.070734 0.517108 0.003467 0.422915 0.414912 1 
5 0.680851 0.070734 0.502529 0.003467 0.422915 0.414912 1 
5 0.702128 0.057974 0.483933 0.003467 0.422915 0.414912 0 
5 0.723404 0.057974 0.437667 0.003467 0.422915 0.414912 0 
5 0.744681 0.05275 0.405683 0.003467 0.422915 0.414912 0 
5 0.765957 0.051849 0.37712 0.003467 0.422915 0.414912 0 
5 0.787234 0.053621 0.386195 0.003467 0.422915 0.414912 0 
5 0.808511 0.057974 0.403303 0.003467 0.422915 0.414912 0 
5 0.829787 0.053621 0.385897 0.003467 0.422915 0.414912 0 
5 0.851064 0.051849 0.35659 0.003467 0.422915 0.414912 0 
5 0.87234 0.049838 0.333532 0.003467 0.422915 0.414912 0 
5 0.893617 0.053621 0.371021 0.003467 0.422915 0.414912 0 
5 0.914894 0.053621 0.388277 0.003467 0.422915 0.414912 0 
5 0.93617 0.056083 0.414609 0.003467 0.422915 0.414912 0 
5 0.957447 0.053621 0.405237 0.003467 0.422915 0.414912 0 
5 0.978723 0.051849 0.384707 0.003467 0.422915 0.414912 0 
5 1 0.049838 0.353615 0.003467 0.422915 0.414912 0 
