6 0 0.042452 0.568432 0.002844 0.505438 0.512719 0 
6 0.021277 0.042452 0.54939 0.002827 0.476955 0.550877 0 
6 0.042553 0.051309 0.519935 0.003469 0.525893 0.433772 0 
6 0.06383 0.03891 0.467123 0.002603 0.501036 0.53114 0 
6 0.085106 0.036268 0.405832 0.00237 0.456499 0.643421 0 
6 0.106383 0.02645 0.356442 0.001683 0.407561 0.762719 0 
6 0.12766 0.013901 0.30839 0.000883 0.355256 0.643421 0 
6 0.148936 0.01306 0.269563 0.000835 0.303988 0.564912 0 
6 0.170213 0.01294 0.246206 0.000835 0.288969 0.512281 0 
6 0.191489 0.01294 0.243826 0.000835 0.27421 0.535965 0 
6 0.212766 0.01339 0.27224 0.00086 0.287157 0.636404 0 
6 0.234043 0.02615 0.32654 0.001647 0.328586 0.765789 0 
6 0.255319 0.041311 0.432461 0.002611 0.413257 0.664474 0 
6 0.276596 0.041852 0.542993 0.002754 0.503366 0.564474 0 
6 0.297872 0.045725 0.593573 0.003089 0.557224 0.387719 0 
6 0.319149 0.072205 0.688634 0.005014 0.638011 0.304386 1 
6 0.340426 0.068482 0.712734 0.004852 0.688762 0.27193 1 
6 0.361702 0.064639 0.696221 0.004796 0.693164 0.192105 1 
6 0.382979 0.068182 0.722255 0.004857 0.700932 0.232018 1 
6 0.404255 0.070253 0.711544 0.004981 0.692128 0.269298 1 
6 0.425532 0.048157 0.689378 0.003589 0.655878 0.225 0 
6 0.446809 0.055632 0.658733 0.004331 0.637494 0.272368 1 
6 0.468085 0.045455 0.629575 0.003963 0.62144 0.259211 0 
6 0.489362 0.046776 0.595954 0.003816 0.596841 0.271491 0 
6 0.510638 0.042242 0.595061 0.00297 0.581046 0.309211 0 
6 0.531915 0.03915 0.575722 0.002738 0.568099 0.352632 0 
6 0.553191 0.043053 0.567688 0.003016 0.576903 0.298246 0 
6 0.574468 0.042993 0.547456 0.003016 0.564992 0.311842 0 
6 0.595745 0.042512 0.531538 0.002975 0.544278 0.262719 0 
6 0.617021 0.041912 0.523207 0.002962 0.528742 0.380263 0 
6 0.638298 0.042452 0.51205 0.002941 0.510616 0.451754 0 
6 0.659574 0.042452 0.522017 0.002927 0.501036 0.459649 0 
6 0.680851 0.042452 0.550134 0.002935 0.501813 0.431579 0 
6 0.702128 0.042242 0.603987 0.002952 0.522527 0.401316 0 
6 0.723404 0.050949 0.705445 0.003662 0.593993 0.339912 1 
6 0.744681 0.062147 0.770455 0.004431 0.668566 0.305702 1 
6 0.765957 0.062147 0.762124 0.004398 0.661315 0.361404 1 
6 0.787234 0.061487 0.74576 0.004391 0.617297 0.399123 1 
6 0.808511 0.058935 0.7108 0.004196 0.580528 0.328509 1 
6 0.829787 0.042452 0.682684 0.003014 0.552563 0.413596 0 
6 0.851064 0.043653 0.653526 0.003068 0.519679 0.46886 0 
6 0.87234 0.062147 0.632252 0.004344 0.504143 0.477632 1 
6 0.893617 0.042422 0.592383 0.002912 0.459089 0.534649 0 
6 0.914894 0.041522 0.554151 0.0028 0.435785 0.56886 0 
6 0.93617 0.042602 0.602499 0.00285 0.420766 0.530263 0 
6 0.957447 0.042662 0.6205 0.002865 0.416882 0.525439 0 
6 0.978723 0.070223 0.625855 0.004749 0.508804 0.355263 1 
6 1 0.043593 0.606367 0.002975 0.505179 0.387719 0 
