3 0 0.02681 0.445552 0.001797 0.431642 0.683333 1 
3 0.021277 0.02681 0.427849 0.001766 0.40523 0.719298 1 
3 0.042553 0.028402 0.406575 0.001855 0.461937 0.61886 1 
3 0.06383 0.027201 0.350193 0.001807 0.438115 0.631579 1 
3 0.085106 0.024168 0.29277 0.001604 0.392543 0.685965 0 
3 0.106383 0.02573 0.25186 0.001708 0.34464 0.664035 0 
3 0.12766 0.022517 0.207825 0.001494 0.299327 0.707895 0 
3 0.148936 0.021166 0.177923 0.0014 0.263594 0.774561 0 
3 0.170213 0.019125 0.159476 0.001263 0.243915 0.78114 0 
3 0.191489 0.018854 0.161113 0.00124 0.234593 0.816667 0 
3 0.212766 0.021166 0.189378 0.00139 0.244951 0.782018 0 
3 0.234043 0.022457 0.239363 0.001481 0.275246 0.715351 0 
3 0.255319 0.027201 0.331598 0.001793 0.353962 0.664912 1 
3 0.276596 0.030593 0.430378 0.002013 0.428276 0.610526 1 
3 0.297872 0.02633 0.420113 0.001751 0.472294 0.53114 0 
3 0.319149 0.028972 0.460577 0.001932 0.53392 0.464474 1 
3 0.340426 0.029272 0.494198 0.001955 0.571207 0.439035 1 
3 0.361702 0.028642 0.494198 0.001917 0.57535 0.474561 1 
3 0.382979 0.031464 0.537191 0.002096 0.580528 0.475877 1 
3 0.404255 0.029873 0.545671 0.002 0.573796 0.432018 1 
3 0.425532 0.028702 0.528414 0.00193 0.563956 0.436404 1 
3 0.446809 0.028582 0.518149 0.001926 0.564474 0.439035 1 
3 0.468085 0.028762 0.508628 0.001932 0.561367 0.464035 1 
3 0.489362 0.028732 0.508926 0.00193 0.552305 0.452632 1 
3 0.510638 0.028402 0.500744 0.001905 0.533143 0.49386 1 
3 0.531915 0.028522 0.488991 0.001907 0.530554 0.497368 1 
3 0.553191 0.028251 0.49152 0.001888 0.541429 0.469737 1 
3 0.574468 0.028101 0.484677 0.001882 0.544795 0.465789 1 
3 0.595745 0.028792 0.472478 0.001924 0.532108 0.524123 1 
3 0.617021 0.027771 0.457751 0.001853 0.52175 0.493421 1 
3 0.638298 0.027231 0.454329 0.001818 0.511134 0.517544 1 
3 0.659574 0.028672 0.456263 0.001913 0.502589 0.524561 1 
3 0.680851 0.02615 0.472627 0.001745 0.504661 0.512719 0 
3 0.702128 0.02687 0.48676 0.001782 0.512688 0.541667 0 
3 0.723404 0.02636 0.513389 0.001755 0.526152 0.523684 0 
3 0.744681 0.027201 0.561886 0.001807 0.542465 0.566667 1 
3 0.765957 0.034346 0.603838 0.002277 0.578198 0.514035 1 
3 0.787234 0.032905 0.582416 0.002198 0.602279 0.476754 1 
3 0.808511 0.029122 0.543588 0.001961 0.581046 0.480702 1 
3 0.829787 0.028732 0.511009 0.00193 0.55826 0.481579 1 
3 0.851064 0.026991 0.485719 0.001811 0.527965 0.535088 0 
3 0.87234 0.027801 0.462065 0.001857 0.501554 0.589912 1 
3 0.893617 0.027681 0.427403 0.00184 0.477214 0.604386 1 
3 0.914894 0.02654 0.38798 0.001757 0.445624 0.635526 0 
3 0.93617 0.028281 0.443767 0.001851 0.422579 0.74386 1 
3 0.957447 0.028852 0.454775 0.001874 0.401864 0.730702 1 
3 0.978723 0.033085 0.472925 0.002137 0.487571 0.624561 1 
3 1 0.033445 0.469057 0.002192 0.475919 0.690351 1 
