5 0 0.07959 0.391848 0.003467 0.422915 0.414912 1 
5 0.021277 0.072025 0.324457 0.003467 0.422915 0.414912 1 
5 0.042553 0.046746 0.271794 0.003467 0.422915 0.414912 0 
5 0.06383 0.046746 0.225826 0.003467 0.422915 0.414912 0 
5 0.085106 0.046746 0.18432 0.003467 0.422915 0.414912 0 
5 0.106383 0.040801 0.159328 0.003467 0.422915 0.414912 0 
5 0.12766 0.046746 0.144302 0.003467 0.422915 0.414912 0 
5 0.148936 0.046746 0.140583 0.003467 0.422915 0.414912 0 
5 0.170213 0.047526 0.167956 0.003467 0.422915 0.414912 0 
5 0.191489 0.072745 0.205594 0.003467 0.422915 0.414912 1 
5 0.212766 0.079831 0.276703 0.003467 0.422915 0.414912 1 
5 0.234043 0.102768 0.370723 0.003467 0.422915 0.414912 1 
5 0.255319 0.119491 0.385897 0.003467 0.422915 0.414912 1 
5 0.276596 0.102768 0.442428 0.003467 0.422915 0.414912 1 
5 0.297872 0.07836 0.460577 0.003467 0.422915 0.414912 1 
5 0.319149 0.081092 0.466825 0.003467 0.422915 0.414912 1 
5 0.340426 0.07845 0.507438 0.003467 0.422915 0.414912 1 
5 0.361702 0.102768 0.525439 0.003467 0.422915 0.414912 1 
5 0.382979 0.111084 0.524695 0.003467 0.422915 0.414912 1 
5 0.404255 0.10478 0.508628 0.003467 0.422915 0.414912 1 
5 0.425532 0.09205 0.500744 0.003467 0.422915 0.414912 1 
5 0.446809 0.09205 0.486611 0.003467 0.422915 0.414912 1 
5 0.468085 0.102768 0.478132 0.003467 0.422915 0.414912 1 
5 0.489362 0.09205 0.470544 0.003467 0.422915 0.414912 1 
5 0.510638 0.07959 0.469354 0.003467 0.422915 0.414912 1 
5 0.531915 0.081092 0.460131 0.003467 0.422915 0.414912 1 
5 0.553191 0.081092 0.4518 0.003467 0.422915 0.414912 1 
5 0.574468 0.081092 0.446891 0.003467 0.422915 0.414912 1 
5 0.595745 0.07959 0.434395 0.003467 0.422915 0.414912 1 
5 0.617021 0.057764 0.432758 0.003467 0.422915 0.414912 0 
5 0.638298 0.057764 0.437221 0.003467 0.422915 0.414912 0 
5 0.659574 0.07959 0.437519 0.003467 0.422915 0.414912 1 
5 0.680851 0.07959 0.428444 0.003467 0.422915 0.414912 1 
5 0.702128 0.055632 0.426212 0.003467 0.422915 0.414912 0 
5 0.723404 0.050498 0.408509 0.003467 0.422915 0.414912 0 
5 0.744681 0.050498 0.38679 0.003467 0.422915 0.414912 0 
5 0.765957 0.050498 0.391699 0.003467 0.422915 0.414912 0 
5 0.787234 0.055632 0.404046 0.003467 0.422915 0.414912 0 
5 0.808511 0.048487 0.403005 0.003467 0.422915 0.414912 0 
5 0.829787 0.048487 0.378161 0.003467 0.422915 0.414912 0 
5 0.851064 0.050498 0.359566 0.003467 0.422915 0.414912 0 
5 0.87234 0.050498 0.333383 0.003467 0.422915 0.414912 0 
5 0.893617 0.048487 0.35778 0.003467 0.422915 0.414912 0 
5 0.914894 0.076828 0.378756 0.003467 0.422915 0.414912 1 
5 0.93617 0.102768 0.412526 0.003467 0.422915 0.414912 1 
5 0.957447 0.07959 0.421006 0.003467 0.422915 0.414912 1 
5 0.978723 0.081092 0.415055 0.003467 0.422915 0.414912 1 
5 1 0.081092 0.387831 0.003467 0.422915 0.414912 1 
