5 0 0.046926 0.406724 0.003145 0.40523 0.546491 0 
5 0.021277 0.046265 0.351681 0.003066 0.368203 0.56886 0 
5 0.042553 0.057374 0.297679 0.003797 0.423874 0.510965 0 
5 0.06383 0.047406 0.248587 0.003132 0.394614 0.606579 0 
5 0.085106 0.043863 0.206337 0.002869 0.341015 0.651754 0 
5 0.106383 0.042182 0.18075 0.002738 0.302175 0.732456 0 
5 0.12766 0.037198 0.166766 0.002401 0.274987 0.730702 0 
5 0.148936 0.037258 0.165873 0.002412 0.246504 0.716228 0 
5 0.170213 0.03984 0.196519 0.002574 0.284568 0.75 0 
5 0.191489 0.043683 0.234752 0.002827 0.29622 0.705263 0 
5 0.212766 0.051069 0.320143 0.003322 0.348265 0.741667 0 
5 0.234043 0.073616 0.411038 0.004801 0.435008 0.62193 1 
5 0.255319 0.048397 0.42889 0.003211 0.541688 0.511842 0 
5 0.276596 0.116759 0.483338 0.007759 0.62144 0.470175 1 
5 0.297872 0.049688 0.487504 0.003301 0.582341 0.474123 0 
5 0.319149 0.043983 0.487206 0.002908 0.556447 0.492105 0 
5 0.340426 0.059385 0.531687 0.003897 0.57535 0.535088 1 
5 0.361702 0.053861 0.554299 0.003517 0.570689 0.527632 0 
5 0.382979 0.05281 0.548944 0.003471 0.571983 0.534649 0 
5 0.404255 0.055422 0.538976 0.003639 0.579751 0.526754 0 
5 0.425532 0.050769 0.53496 0.003344 0.582859 0.514474 0 
5 0.446809 0.053951 0.534811 0.003544 0.574573 0.487719 0 
5 0.468085 0.053921 0.534514 0.003548 0.569653 0.514912 0 
5 0.489362 0.051729 0.537638 0.003394 0.556447 0.525877 0 
5 0.510638 0.068452 0.545076 0.004472 0.571466 0.521053 1 
5 0.531915 0.060856 0.543737 0.003984 0.573796 0.517105 1 
5 0.553191 0.056203 0.541506 0.003685 0.571466 0.516228 0 
5 0.574468 0.055152 0.531985 0.003619 0.567582 0.499123 0 
5 0.595745 0.051159 0.530646 0.003371 0.549456 0.510965 0 
5 0.617021 0.051789 0.530794 0.003415 0.548162 0.509211 0 
5 0.638298 0.05278 0.531985 0.003481 0.550233 0.490351 0 
5 0.659574 0.049658 0.529009 0.003276 0.548938 0.50614 0 
5 0.680851 0.049658 0.51562 0.003276 0.540911 0.513596 0 
5 0.702128 0.048607 0.515918 0.003197 0.532626 0.537281 0 
5 0.723404 0.044404 0.489735 0.0029 0.502071 0.568421 0 
5 0.744681 0.044254 0.474859 0.002877 0.466598 0.581579 0 
5 0.765957 0.043623 0.460875 0.002831 0.425168 0.610526 0 
5 0.787234 0.044284 0.480661 0.002869 0.422579 0.571491 0 
5 0.808511 0.044524 0.484826 0.002904 0.447954 0.519298 0 
5 0.829787 0.044134 0.462957 0.002898 0.465044 0.493421 0 
5 0.851064 0.042903 0.426064 0.002815 0.436044 0.560965 0 
5 0.87234 0.035187 0.383963 0.002289 0.399534 0.531579 0 
5 0.893617 0.03981 0.405385 0.002576 0.363283 0.590351 0 
5 0.914894 0.040831 0.421006 0.002621 0.323149 0.683772 0 
5 0.93617 0.045575 0.453883 0.002923 0.306577 0.699561 0 
5 0.957447 0.046716 0.46147 0.003012 0.308907 0.713596 0 
5 0.978723 0.071394 0.456263 0.004659 0.437856 0.584649 1 
5 1 0.045695 0.436328 0.003049 0.429829 0.53114 0 
