4 0 0.036177 0.379946 0.001653 0.358364 0.791228 0 
4 0.021277 0.027081 0.324457 0.001653 0.324961 0.820614 0 
4 0.042553 0.033055 0.274323 0.001653 0.377007 0.768421 0 
4 0.06383 0.030683 0.238024 0.001383 0.348524 0.755263 0 
4 0.085106 0.024649 0.211842 0.001381 0.309166 0.879825 0 
4 0.106383 0.022997 0.198899 0.000841 0.276282 0.886404 0 
4 0.12766 0.023868 0.195775 0.000841 0.26204 0.886404 0 
4 0.148936 0.022127 0.202172 0.000841 0.261523 0.886404 0 
4 0.170213 0.0266 0.229098 0.001088 0.271621 0.901754 0 
4 0.191489 0.032875 0.267331 0.001014 0.299068 0.901754 0 
4 0.212766 0.040951 0.345582 0.002027 0.350854 0.907018 0 
4 0.234043 0.053321 0.424427 0.002599 0.40782 0.80614 1 
4 0.255319 0.032335 0.463404 0.002113 0.495598 0.71886 0 
4 0.276596 0.027771 0.524993 0.001813 0.560849 0.681579 0 
4 0.297872 0.027441 0.55787 0.001776 0.526411 0.763158 0 
4 0.319149 0.02606 0.581523 0.001674 0.530036 0.700877 0 
4 0.340426 0.0263 0.64817 0.00167 0.548938 0.783772 0 
4 0.361702 0.02672 0.669444 0.00168 0.55593 0.787719 0 
4 0.382979 0.027771 0.661708 0.001739 0.563956 0.802632 0 
4 0.404255 0.028312 0.671675 0.001772 0.579234 0.782456 0 
4 0.425532 0.027831 0.691758 0.001735 0.589073 0.8 0 
4 0.446809 0.028011 0.704255 0.001741 0.603832 0.787281 0 
4 0.468085 0.028612 0.710205 0.001801 0.603055 0.75 0 
4 0.489362 0.044944 0.726569 0.00286 0.610564 0.678947 1 
4 0.510638 0.060316 0.745463 0.003891 0.625065 0.703509 1 
4 0.531915 0.057794 0.752455 0.003739 0.640083 0.652193 1 
4 0.553191 0.365948 0.755132 0.023433 0.653547 0.630263 1 
4 0.574468 0.055362 0.75543 0.003621 0.66261 0.606579 1 
4 0.595745 0.060886 0.761827 0.003963 0.662351 0.580263 1 
4 0.617021 0.081722 0.771497 0.00532 0.676334 0.615789 1 
4 0.638298 0.179206 0.779976 0.01161 0.683843 0.614912 1 
4 0.659574 0.060586 0.7831 0.003918 0.691869 0.538158 1 
4 0.680851 0.055062 0.75424 0.003585 0.693682 0.544298 1 
4 0.702128 0.056443 0.725677 0.003691 0.674003 0.561842 1 
4 0.723404 0.030713 0.677774 0.001996 0.625065 0.641667 0 
4 0.744681 0.02636 0.645939 0.001674 0.573019 0.561842 0 
4 0.765957 0.028432 0.609789 0.001797 0.527188 0.833772 0 
4 0.787234 0.030293 0.595805 0.001921 0.494562 0.845175 0 
4 0.808511 0.028612 0.598185 0.001803 0.468928 0.859649 0 
4 0.829787 0.028522 0.571556 0.001826 0.482651 0.807895 0 
4 0.851064 0.028882 0.510116 0.001859 0.492491 0.781579 0 
4 0.87234 0.031674 0.468313 0.001975 0.462196 0.803509 0 
4 0.893617 0.042122 0.479619 0.001853 0.414552 0.820614 0 
4 0.914894 0.037198 0.474264 0.001674 0.365873 0.832456 0 
4 0.93617 0.033746 0.475007 0.001674 0.341015 0.875877 0 
4 0.957447 0.029542 0.455519 0.001674 0.330399 0.919737 0 
4 0.978723 0.028702 0.436031 0.001789 0.411704 0.839035 0 
4 1 0.030653 0.400774 0.001764 0.403418 0.828509 0 
