4 0 0.044134 0.50476 0.003467 0.422915 0.414912 0 
4 0.021277 0.084664 0.487504 0.003467 0.422915 0.414912 1 
4 0.042553 0.077999 0.463106 0.003467 0.422915 0.414912 1 
4 0.06383 0.077999 0.39155 0.003467 0.422915 0.414912 1 
4 0.085106 0.082383 0.338738 0.003467 0.422915 0.414912 1 
4 0.106383 0.077999 0.29396 0.003467 0.422915 0.414912 1 
4 0.12766 0.076138 0.248438 0.003467 0.422915 0.414912 1 
4 0.148936 0.077999 0.213776 0.003467 0.422915 0.414912 1 
4 0.170213 0.077999 0.19875 0.003467 0.422915 0.414912 1 
4 0.191489 0.077999 0.196965 0.003467 0.422915 0.414912 1 
4 0.212766 0.082383 0.223594 0.003467 0.422915 0.414912 1 
4 0.234043 0.082473 0.273579 0.003467 0.422915 0.414912 1 
4 0.255319 0.09259 0.379946 0.003467 0.422915 0.414912 1 
4 0.276596 0.122703 0.482594 0.003467 0.422915 0.414912 1 
4 0.297872 0.043983 0.522612 0.003467 0.422915 0.414912 0 
4 0.319149 0.044134 0.599078 0.003467 0.422915 0.414912 0 
4 0.340426 0.043983 0.612169 0.003467 0.422915 0.414912 0 
4 0.361702 0.043983 0.591788 0.003467 0.422915 0.414912 0 
4 0.382979 0.044134 0.61812 0.003467 0.422915 0.414912 0 
4 0.404255 0.044134 0.615591 0.003467 0.422915 0.414912 0 
4 0.425532 0.044134 0.578251 0.003467 0.422915 0.414912 0 
4 0.446809 0.043983 0.557126 0.003467 0.422915 0.414912 0 
4 0.468085 0.043983 0.536001 0.003467 0.422915 0.414912 0 
4 0.489362 0.043983 0.522017 0.003467 0.422915 0.414912 0 
4 0.510638 0.043983 0.515174 0.003467 0.422915 0.414912 0 
4 0.531915 0.043983 0.497173 0.003467 0.422915 0.414912 0 
4 0.553191 0.043983 0.489884 0.003467 0.422915 0.414912 0 
4 0.574468 0.043983 0.482446 0.003467 0.422915 0.414912 0 
4 0.595745 0.043833 0.465486 0.003467 0.422915 0.414912 0 
4 0.617021 0.043833 0.458941 0.003467 0.422915 0.414912 0 
4 0.638298 0.043833 0.450461 0.003467 0.422915 0.414912 0 
4 0.659574 0.043833 0.46147 0.003467 0.422915 0.414912 0 
4 0.680851 0.044013 0.473817 0.003467 0.422915 0.414912 0 
4 0.702128 0.056683 0.510562 0.003467 0.422915 0.414912 1 
4 0.723404 0.053651 0.600863 0.003467 0.422915 0.414912 0 
4 0.744681 0.044224 0.68313 0.003467 0.422915 0.414912 0 
4 0.765957 0.044104 0.679113 0.003467 0.422915 0.414912 0 
4 0.787234 0.044134 0.663642 0.003467 0.422915 0.414912 0 
4 0.808511 0.044134 0.62645 0.003467 0.422915 0.414912 0 
4 0.829787 0.043923 0.607557 0.003467 0.422915 0.414912 0 
4 0.851064 0.044134 0.58911 0.003467 0.422915 0.414912 0 
4 0.87234 0.043983 0.564267 0.003467 0.422915 0.414912 0 
4 0.893617 0.043983 0.514877 0.003467 0.422915 0.414912 0 
4 0.914894 0.043833 0.461619 0.003467 0.422915 0.414912 0 
4 0.93617 0.044134 0.504314 0.003467 0.422915 0.414912 0 
4 0.957447 0.044134 0.513389 0.003467 0.422915 0.414912 0 
4 0.978723 0.044134 0.519488 0.003467 0.422915 0.414912 0 
4 1 0.044134 0.511157 0.003467 0.422915 0.414912 0 
