7 0 0.074397 0.485421 0.004927 0.415588 0.617544 1 
7 0.021277 0.076768 0.468759 0.005068 0.393061 0.577193 1 
7 0.042553 0.074306 0.428444 0.004942 0.440445 0.542544 1 
7 0.06383 0.073856 0.370723 0.004902 0.422838 0.536404 1 
7 0.085106 0.071334 0.315382 0.004707 0.386328 0.59386 1 
7 0.106383 0.058544 0.263612 0.00386 0.355256 0.577632 1 
7 0.12766 0.046866 0.218685 0.003089 0.326256 0.640351 0 
7 0.148936 0.045605 0.185808 0.002989 0.309684 0.639474 0 
7 0.170213 0.030803 0.165129 0.002 0.290523 0.672807 0 
7 0.191489 0.031254 0.156501 0.002015 0.273951 0.728947 0 
7 0.212766 0.031764 0.162749 0.002038 0.256603 0.741667 0 
7 0.234043 0.030984 0.176584 0.001986 0.253496 0.743421 0 
7 0.255319 0.032094 0.218387 0.002065 0.264371 0.737281 0 
7 0.276596 0.031824 0.262868 0.002056 0.280166 0.673684 0 
7 0.297872 0.050378 0.332937 0.003245 0.2768 0.745614 0 
7 0.319149 0.09211 0.421006 0.00591 0.302693 0.698246 1 
7 0.340426 0.107242 0.49152 0.006928 0.350596 0.74386 1 
7 0.361702 0.17077 0.526927 0.011086 0.381409 0.685965 1 
7 0.382979 0.15789 0.544332 0.010386 0.404972 0.648246 1 
7 0.404255 0.124445 0.534662 0.008249 0.404454 0.608772 1 
7 0.425532 0.076768 0.517406 0.005108 0.395391 0.598246 1 
7 0.446809 0.074306 0.493157 0.004952 0.387882 0.567982 1 
7 0.468085 0.050228 0.47114 0.003353 0.373641 0.539035 0 
7 0.489362 0.047226 0.449569 0.003135 0.369757 0.572368 0 
7 0.510638 0.040711 0.421303 0.00268 0.353703 0.576316 0 
7 0.531915 0.03954 0.4036 0.002601 0.35448 0.562719 0 
7 0.553191 0.037709 0.377269 0.002493 0.363283 0.547807 0 
7 0.574468 0.032245 0.358227 0.002131 0.35448 0.519298 0 
7 0.595745 0.030383 0.349896 0.002005 0.340497 0.525877 0 
7 0.617021 0.029663 0.3374 0.001957 0.328586 0.529825 0 
7 0.638298 0.029392 0.341119 0.001938 0.315898 0.53114 0 
7 0.659574 0.029783 0.348855 0.001961 0.32755 0.548684 0 
7 0.680851 0.031164 0.369087 0.002046 0.323149 0.59386 0 
7 0.702128 0.038099 0.427998 0.002499 0.351372 0.557456 0 
7 0.723404 0.044104 0.494347 0.002902 0.4029 0.494737 0 
7 0.744681 0.084604 0.611723 0.005681 0.490161 0.392544 1 
7 0.765957 0.077459 0.619458 0.005233 0.509839 0.379386 1 
7 0.787234 0.070854 0.608896 0.004765 0.489384 0.428509 1 
7 0.808511 0.070133 0.571556 0.004678 0.463749 0.468421 1 
7 0.829787 0.085775 0.542398 0.005702 0.430347 0.499561 1 
7 0.851064 0.072505 0.509521 0.004792 0.409891 0.523246 1 
7 0.87234 0.06551 0.49152 0.004308 0.385552 0.546053 1 
7 0.893617 0.062808 0.471586 0.004117 0.36639 0.582018 1 
7 0.914894 0.046776 0.437221 0.003068 0.348524 0.595614 0 
7 0.93617 0.056593 0.457304 0.003708 0.337131 0.628947 0 
7 0.957447 0.048937 0.451354 0.003205 0.343086 0.59386 0 
7 0.978723 0.061036 0.446593 0.004028 0.393061 0.538158 0 
7 1 0.040561 0.415799 0.002678 0.372087 0.575439 0 
