6 0 0.064729 0.270455 0.003467 0.422915 0.414912 1 
6 0.021277 0.056923 0.19994 0.003467 0.422915 0.414912 0 
6 0.042553 0.055242 0.140583 0.003467 0.422915 0.414912 0 
6 0.06383 0.055242 0.103541 0.003467 0.422915 0.414912 0 
6 0.085106 0.055242 0.070812 0.003467 0.422915 0.414912 0 
6 0.106383 0.055242 0.047307 0.003467 0.422915 0.414912 0 
6 0.12766 0.040351 0.03258 0.003467 0.422915 0.414912 0 
6 0.148936 0.055242 0.026331 0.003467 0.422915 0.414912 0 
6 0.170213 0.055242 0.037191 0.003467 0.422915 0.414912 0 
6 0.191489 0.055242 0.042547 0.003467 0.422915 0.414912 0 
6 0.212766 0.055242 0.056233 0.003467 0.422915 0.414912 0 
6 0.234043 0.055242 0.078697 0.003467 0.422915 0.414912 0 
6 0.255319 0.055242 0.102946 0.003467 0.422915 0.414912 0 
6 0.276596 0.056923 0.151443 0.003467 0.422915 0.414912 0 
6 0.297872 0.058394 0.202618 0.003467 0.422915 0.414912 0 
6 0.319149 0.058394 0.24814 0.003467 0.422915 0.414912 0 
6 0.340426 0.058394 0.292621 0.003467 0.422915 0.414912 0 
6 0.361702 0.060556 0.321184 0.003467 0.422915 0.414912 1 
6 0.382979 0.060556 0.319101 0.003467 0.422915 0.414912 1 
6 0.404255 0.058394 0.307795 0.003467 0.422915 0.414912 0 
6 0.425532 0.060556 0.305118 0.003467 0.422915 0.414912 1 
6 0.446809 0.062898 0.299167 0.003467 0.422915 0.414912 1 
6 0.468085 0.058394 0.293811 0.003467 0.422915 0.414912 0 
6 0.489362 0.058394 0.285927 0.003467 0.422915 0.414912 0 
6 0.510638 0.058394 0.284588 0.003467 0.422915 0.414912 0 
6 0.531915 0.058394 0.278191 0.003467 0.422915 0.414912 0 
6 0.553191 0.058394 0.273133 0.003467 0.422915 0.414912 0 
6 0.574468 0.061397 0.263612 0.003467 0.422915 0.414912 1 
6 0.595745 0.074817 0.258703 0.003467 0.422915 0.414912 1 
6 0.617021 0.074817 0.261529 0.003467 0.422915 0.414912 1 
6 0.638298 0.062898 0.258852 0.003467 0.422915 0.414912 1 
6 0.659574 0.074817 0.264951 0.003467 0.422915 0.414912 1 
6 0.680851 0.082923 0.259744 0.003467 0.422915 0.414912 1 
6 0.702128 0.060556 0.272984 0.003467 0.422915 0.414912 0 
6 0.723404 0.074817 0.283547 0.003467 0.422915 0.414912 1 
6 0.744681 0.082923 0.287712 0.003467 0.422915 0.414912 1 
6 0.765957 0.074817 0.281315 0.003467 0.422915 0.414912 1 
6 0.787234 0.082923 0.271348 0.003467 0.422915 0.414912 1 
6 0.808511 0.088237 0.271497 0.003467 0.422915 0.414912 1 
6 0.829787 0.082923 0.278489 0.003467 0.422915 0.414912 1 
6 0.851064 0.060556 0.259744 0.003467 0.422915 0.414912 0 
6 0.87234 0.058424 0.236983 0.003467 0.422915 0.414912 0 
6 0.893617 0.058394 0.248587 0.003467 0.422915 0.414912 0 
6 0.914894 0.060556 0.254835 0.003467 0.422915 0.414912 0 
6 0.93617 0.058394 0.258852 0.003467 0.422915 0.414912 0 
6 0.957447 0.058394 0.234454 0.003467 0.422915 0.414912 0 
6 0.978723 0.056923 0.215858 0.003467 0.422915 0.414912 0 
6 1 0.058304 0.179262 0.003467 0.422915 0.414912 0 
