2 0 0.02636 0.236388 0.001768 0.27421 0.648684 0 
2 0.021277 0.025369 0.211842 0.001701 0.253496 0.592544 0 
2 0.042553 0.025129 0.179262 0.001697 0.311497 0.485088 0 
2 0.06383 0.024318 0.15903 0.001647 0.287675 0.496491 0 
2 0.085106 0.023388 0.138054 0.001589 0.246763 0.494737 0 
2 0.106383 0.022067 0.131955 0.0015 0.212325 0.504825 0 
2 0.12766 0.023118 0.130765 0.00157 0.185914 0.533772 0 
2 0.148936 0.022697 0.146534 0.001539 0.183584 0.553509 0 
2 0.170213 0.02582 0.164683 0.001751 0.199637 0.558772 0 
2 0.191489 0.02573 0.210205 0.001745 0.217504 0.580702 0 
2 0.212766 0.034436 0.287414 0.002327 0.284827 0.605263 1 
2 0.234043 0.0399 0.375186 0.002713 0.350854 0.472368 1 
2 0.255319 0.034256 0.407319 0.002358 0.456499 0.369298 1 
2 0.276596 0.043383 0.480214 0.003022 0.532367 0.235526 1 
2 0.297872 0.041281 0.512348 0.002885 0.499741 0.232456 1 
2 0.319149 0.031584 0.53853 0.002206 0.491714 0.245175 0 
2 0.340426 0.042422 0.587028 0.002933 0.511393 0.310526 1 
2 0.361702 0.029002 0.602202 0.001982 0.510098 0.39386 0 
2 0.382979 0.028672 0.595507 0.001948 0.520456 0.408772 0 
2 0.404255 0.027171 0.587623 0.001828 0.529777 0.44386 0 
2 0.425532 0.027471 0.587176 0.00183 0.535733 0.440351 0 
2 0.446809 0.027951 0.587176 0.001861 0.533661 0.426754 0 
2 0.468085 0.027861 0.582565 0.001855 0.535215 0.448684 0 
2 0.489362 0.027921 0.583904 0.001857 0.540135 0.445614 0 
2 0.510638 0.028011 0.584201 0.00187 0.553081 0.417105 0 
2 0.531915 0.027921 0.580928 0.00187 0.559037 0.427632 0 
2 0.553191 0.028101 0.580482 0.001886 0.574832 0.393421 0 
2 0.574468 0.027981 0.575573 0.001886 0.560849 0.386842 0 
2 0.595745 0.027351 0.565903 0.001849 0.556189 0.427193 0 
2 0.617021 0.027981 0.571705 0.001886 0.553599 0.407456 0 
2 0.638298 0.029182 0.568581 0.001978 0.557742 0.378509 0 
2 0.659574 0.028942 0.567093 0.001963 0.549197 0.422368 0 
2 0.680851 0.028041 0.544332 0.001901 0.550233 0.406579 0 
2 0.702128 0.027981 0.534662 0.001892 0.527965 0.415789 0 
2 0.723404 0.028131 0.505653 0.001911 0.48783 0.482895 0 
2 0.744681 0.027081 0.482743 0.001832 0.445624 0.512281 0 
2 0.765957 0.027261 0.45909 0.001843 0.41274 0.556579 0 
2 0.787234 0.027561 0.442874 0.001863 0.391248 0.549561 0 
2 0.808511 0.027861 0.459982 0.001884 0.385552 0.550439 0 
2 0.829787 0.027561 0.45909 0.001867 0.396427 0.536404 0 
2 0.851064 0.027651 0.428593 0.001876 0.392284 0.535526 0 
2 0.87234 0.02648 0.396459 0.001789 0.368203 0.607456 0 
2 0.893617 0.027651 0.421749 0.001857 0.331693 0.638158 0 
2 0.914894 0.02678 0.427105 0.001793 0.293371 0.70307 0 
2 0.93617 0.027321 0.433948 0.001824 0.273433 0.717982 0 
2 0.957447 0.027351 0.438709 0.001824 0.276282 0.695175 0 
2 0.978723 0.028762 0.423683 0.00194 0.364578 0.533772 1 
2 1 0.027321 0.391848 0.001849 0.369757 0.575877 0 
