1 0 0.028041 0.246653 0.001859 0.276541 0.760965 0 
1 0.021277 0.02681 0.199643 0.001778 0.244433 0.748684 0 
1 0.042553 0.028101 0.160666 0.001882 0.294407 0.616228 0 
1 0.06383 0.02666 0.135525 0.001782 0.271621 0.687281 0 
1 0.085106 0.025219 0.11083 0.001678 0.232522 0.725877 0 
1 0.106383 0.024589 0.094763 0.001631 0.19912 0.767982 0 
1 0.12766 0.022247 0.085986 0.001475 0.165199 0.783333 0 
1 0.148936 0.022667 0.087325 0.0015 0.146556 0.790351 0 
1 0.170213 0.021016 0.091193 0.00139 0.138788 0.824123 0 
1 0.191489 0.020716 0.09283 0.001367 0.128431 0.838596 0 
1 0.212766 0.024949 0.108896 0.001645 0.119886 0.824561 0 
1 0.234043 0.025069 0.128533 0.001653 0.130502 0.814912 0 
1 0.255319 0.024979 0.156352 0.001645 0.153806 0.855702 0 
1 0.276596 0.028101 0.204999 0.001874 0.173744 0.721053 0 
1 0.297872 0.028071 0.262868 0.001874 0.182807 0.734649 0 
1 0.319149 0.030323 0.314787 0.002034 0.200155 0.739912 1 
1 0.340426 0.042662 0.373847 0.002875 0.233299 0.684211 1 
1 0.361702 0.042572 0.411336 0.002869 0.257897 0.67807 1 
1 0.382979 0.043053 0.430675 0.002904 0.283532 0.619737 1 
1 0.404255 0.043053 0.453288 0.002885 0.294925 0.644298 1 
1 0.425532 0.043323 0.475454 0.002881 0.312791 0.672807 1 
1 0.446809 0.043923 0.494347 0.002914 0.326256 0.723684 1 
1 0.468085 0.044914 0.505802 0.002987 0.341792 0.698684 1 
1 0.489362 0.044674 0.513389 0.002964 0.349042 0.726316 1 
1 0.510638 0.044734 0.516959 0.002987 0.347488 0.715351 1 
1 0.531915 0.045455 0.520232 0.003016 0.345935 0.719298 1 
1 0.553191 0.045755 0.522464 0.003027 0.350596 0.717105 1 
1 0.574468 0.045605 0.513835 0.003022 0.354738 0.712719 1 
1 0.595745 0.045725 0.514281 0.003029 0.36173 0.689035 1 
1 0.617021 0.047766 0.516067 0.003151 0.368203 0.702193 1 
1 0.638298 0.046625 0.512645 0.003083 0.38115 0.670175 1 
1 0.659574 0.05245 0.521273 0.003473 0.393837 0.667105 1 
1 0.680851 0.048697 0.508777 0.003236 0.399016 0.658772 1 
1 0.702128 0.046896 0.499405 0.00312 0.407302 0.636404 1 
1 0.723404 0.046235 0.492859 0.003074 0.403418 0.643421 1 
1 0.744681 0.044674 0.47828 0.002985 0.38581 0.626754 1 
1 0.765957 0.043113 0.469503 0.002871 0.357069 0.673684 1 
1 0.787234 0.043053 0.463999 0.002871 0.327809 0.72807 1 
1 0.808511 0.043053 0.468908 0.002879 0.307613 0.758333 1 
1 0.829787 0.043053 0.482446 0.002871 0.306059 0.735526 1 
1 0.851064 0.043473 0.468313 0.002875 0.318488 0.721053 1 
1 0.87234 0.043113 0.427849 0.002833 0.309943 0.753947 1 
1 0.893617 0.043323 0.425022 0.002833 0.283532 0.812281 1 
1 0.914894 0.036718 0.393038 0.002414 0.257121 0.836842 0 
1 0.93617 0.035127 0.371764 0.00232 0.243397 0.837719 0 
1 0.957447 0.034917 0.338292 0.001537 0.236147 0.802193 0 
1 0.978723 0.036628 0.32044 0.002364 0.293371 0.698684 0 
1 1 0.028972 0.272687 0.001934 0.283791 0.767105 0 
