3 0 0.074427 0.517852 0.003467 0.422915 0.414912 1 
3 0.021277 0.074427 0.494644 0.003467 0.422915 0.414912 1 
3 0.042553 0.056293 0.473073 0.003467 0.422915 0.414912 0 
3 0.06383 0.051699 0.413865 0.003467 0.422915 0.414912 0 
3 0.085106 0.041431 0.355549 0.003467 0.422915 0.414912 0 
3 0.106383 0.041131 0.30958 0.003467 0.422915 0.414912 0 
3 0.12766 0.041131 0.265992 0.003467 0.422915 0.414912 0 
3 0.148936 0.043503 0.233859 0.003467 0.422915 0.414912 0 
3 0.170213 0.041431 0.213478 0.003467 0.422915 0.414912 0 
3 0.191489 0.051819 0.205296 0.003467 0.422915 0.414912 0 
3 0.212766 0.041431 0.23609 0.003467 0.422915 0.414912 0 
3 0.234043 0.067491 0.286522 0.003467 0.422915 0.414912 0 
3 0.255319 0.074216 0.396459 0.003467 0.422915 0.414912 1 
3 0.276596 0.074216 0.51443 0.003467 0.422915 0.414912 1 
3 0.297872 0.057764 0.524695 0.003467 0.422915 0.414912 0 
3 0.319149 0.041431 0.590896 0.003467 0.422915 0.414912 0 
3 0.340426 0.041431 0.590301 0.003467 0.422915 0.414912 0 
3 0.361702 0.041431 0.567688 0.003467 0.422915 0.414912 0 
3 0.382979 0.045545 0.594615 0.003467 0.422915 0.414912 0 
3 0.404255 0.106431 0.596995 0.003467 0.422915 0.414912 1 
3 0.425532 0.088327 0.576168 0.003467 0.422915 0.414912 1 
3 0.446809 0.088327 0.555192 0.003467 0.422915 0.414912 1 
3 0.468085 0.088327 0.534216 0.003467 0.422915 0.414912 1 
3 0.489362 0.088327 0.529158 0.003467 0.422915 0.414912 1 
3 0.510638 0.074216 0.512348 0.003467 0.422915 0.414912 1 
3 0.531915 0.088327 0.496727 0.003467 0.422915 0.414912 1 
3 0.553191 0.088327 0.495388 0.003467 0.422915 0.414912 1 
3 0.574468 0.088327 0.493008 0.003467 0.422915 0.414912 1 
3 0.595745 0.088327 0.480661 0.003467 0.422915 0.414912 1 
3 0.617021 0.086466 0.465338 0.003467 0.422915 0.414912 1 
3 0.638298 0.088327 0.454775 0.003467 0.422915 0.414912 1 
3 0.659574 0.088327 0.457899 0.003467 0.422915 0.414912 1 
3 0.680851 0.088327 0.466825 0.003467 0.422915 0.414912 1 
3 0.702128 0.074727 0.477983 0.003467 0.422915 0.414912 1 
3 0.723404 0.077129 0.504612 0.003467 0.422915 0.414912 1 
3 0.744681 0.074216 0.585094 0.003467 0.422915 0.414912 1 
3 0.765957 0.074216 0.609045 0.003467 0.422915 0.414912 1 
3 0.787234 0.045094 0.587325 0.003467 0.422915 0.414912 0 
3 0.808511 0.041431 0.54939 0.003467 0.422915 0.414912 0 
3 0.829787 0.041431 0.52291 0.003467 0.422915 0.414912 0 
3 0.851064 0.051819 0.506248 0.003467 0.422915 0.414912 0 
3 0.87234 0.041431 0.47709 0.003467 0.422915 0.414912 0 
3 0.893617 0.041431 0.438114 0.003467 0.422915 0.414912 0 
3 0.914894 0.041431 0.389021 0.003467 0.422915 0.414912 0 
3 0.93617 0.0526 0.436924 0.003467 0.422915 0.414912 0 
3 0.957447 0.051819 0.461172 0.003467 0.422915 0.414912 0 
3 0.978723 0.073316 0.489586 0.003467 0.422915 0.414912 1 
3 1 0.089318 0.496727 0.003467 0.422915 0.414912 1 
