5 0 0.028732 0.369235 0.001944 0.339979 0.637719 0 
5 0.021277 0.027891 0.304374 0.001876 0.312015 0.67193 0 
5 0.042553 0.027141 0.254686 0.001828 0.360176 0.596491 0 
5 0.06383 0.02657 0.21809 0.00178 0.333506 0.667544 0 
5 0.085106 0.025219 0.186105 0.001633 0.28638 0.728947 0 
5 0.106383 0.024889 0.169592 0.001643 0.250388 0.804386 0 
5 0.12766 0.024739 0.163791 0.001626 0.23304 0.821491 0 
5 0.148936 0.024859 0.17227 0.001633 0.225531 0.824123 0 
5 0.170213 0.028101 0.200684 0.001861 0.234593 0.669298 0 
5 0.191489 0.029993 0.22776 0.002013 0.247022 0.605702 0 
5 0.212766 0.035037 0.307647 0.002376 0.298809 0.59693 1 
5 0.234043 0.036087 0.385153 0.00248 0.362765 0.517105 1 
5 0.255319 0.03891 0.405385 0.002644 0.460901 0.415789 1 
5 0.276596 0.045485 0.470544 0.00311 0.535215 0.29693 1 
5 0.297872 0.041852 0.506397 0.002871 0.506991 0.420175 1 
5 0.319149 0.034166 0.543886 0.002327 0.506991 0.436842 0 
5 0.340426 0.032755 0.597441 0.002198 0.516054 0.487281 0 
5 0.361702 0.029182 0.61812 0.001942 0.517607 0.558333 0 
5 0.382979 0.028762 0.625855 0.001884 0.520974 0.54693 0 
5 0.404255 0.029422 0.631657 0.001951 0.52667 0.549561 0 
5 0.425532 0.04005 0.636566 0.002657 0.53159 0.548684 1 
5 0.446809 0.062237 0.645046 0.004134 0.523822 0.574123 1 
5 0.468085 0.055752 0.646087 0.003716 0.520715 0.573246 1 
5 0.489362 0.044854 0.648616 0.002993 0.513206 0.567982 1 
5 0.510638 0.066531 0.653972 0.004468 0.520974 0.570614 1 
5 0.531915 0.041041 0.651294 0.002761 0.518643 0.550439 1 
5 0.553191 0.029482 0.641327 0.001971 0.511393 0.551316 0 
5 0.574468 0.029512 0.627343 0.001975 0.504402 0.551316 0 
5 0.595745 0.029422 0.616781 0.001965 0.493009 0.57193 0 
5 0.617021 0.029422 0.613359 0.001961 0.486018 0.583333 0 
5 0.638298 0.028191 0.604433 0.001859 0.486018 0.623246 0 
5 0.659574 0.028552 0.590598 0.001878 0.488089 0.578947 0 
5 0.680851 0.028221 0.577655 0.001855 0.486535 0.584211 0 
5 0.702128 0.028221 0.568283 0.001855 0.483946 0.582018 0 
5 0.723404 0.027981 0.546712 0.001832 0.453133 0.666228 0 
5 0.744681 0.02654 0.511901 0.001728 0.4174 0.697807 0 
5 0.765957 0.025219 0.484677 0.001635 0.385552 0.727193 0 
5 0.787234 0.025219 0.476793 0.001631 0.370533 0.735088 0 
5 0.808511 0.025339 0.48438 0.001637 0.365096 0.72193 0 
5 0.829787 0.02576 0.477239 0.001666 0.377266 0.688596 0 
5 0.851064 0.025489 0.448378 0.001649 0.378042 0.705702 0 
5 0.87234 0.027051 0.418477 0.001751 0.361471 0.746053 0 
5 0.893617 0.032785 0.438857 0.002131 0.324702 0.791667 1 
5 0.914894 0.027081 0.442279 0.001762 0.290523 0.817105 0 
5 0.93617 0.028041 0.454032 0.001824 0.272916 0.827632 0 
5 0.957447 0.027591 0.453585 0.001793 0.273692 0.816667 0 
5 0.978723 0.028161 0.433353 0.001845 0.362506 0.675439 0 
5 1 0.028432 0.394228 0.001884 0.362765 0.707895 0 
