6 0 0.077219 0.63255 0.005189 0.531331 0.607456 0 
6 0.021277 0.099676 0.612467 0.005515 0.510616 0.630702 1 
6 0.042553 0.11814 0.573193 0.007424 0.573019 0.560526 1 
6 0.06383 0.082713 0.526034 0.005498 0.556965 0.566228 0 
6 0.085106 0.075988 0.473073 0.005008 0.514241 0.62807 0 
6 0.106383 0.083013 0.416691 0.005399 0.4855 0.730263 0 
6 0.12766 0.076798 0.36388 0.003702 0.444847 0.750439 0 
6 0.148936 0.074787 0.328622 0.003259 0.423874 0.750439 0 
6 0.170213 0.073346 0.308688 0.003174 0.399016 0.794298 0 
6 0.191489 0.074787 0.301398 0.002964 0.398757 0.794298 0 
6 0.212766 0.074787 0.338887 0.003423 0.396168 0.794298 0 
6 0.234043 0.05218 0.39155 0.003367 0.424909 0.765789 0 
6 0.255319 0.062808 0.50476 0.004092 0.486018 0.644737 0 
6 0.276596 0.087096 0.641029 0.005617 0.564733 0.535088 0 
6 0.297872 0.080461 0.693841 0.005318 0.609529 0.540789 0 
6 0.319149 0.09181 0.787861 0.006068 0.690316 0.477632 1 
6 0.340426 0.113426 0.805266 0.007543 0.736406 0.381579 1 
6 0.361702 0.088777 0.787712 0.005908 0.745987 0.402632 0 
6 0.382979 0.099886 0.808688 0.006674 0.762817 0.411404 1 
6 0.404255 0.100667 0.808242 0.00673 0.750647 0.383333 1 
6 0.425532 0.085625 0.768075 0.005746 0.731745 0.414474 0 
6 0.446809 0.083704 0.738173 0.005604 0.719057 0.442544 0 
6 0.468085 0.081302 0.706635 0.005444 0.70378 0.425877 0 
6 0.489362 0.073256 0.675543 0.004948 0.690057 0.40614 0 
6 0.510638 0.05281 0.65055 0.003569 0.67711 0.360088 0 
6 0.531915 0.068242 0.631955 0.004645 0.675557 0.384211 0 
6 0.553191 0.081362 0.610979 0.005467 0.701191 0.424123 0 
6 0.574468 0.069773 0.597292 0.004682 0.682289 0.417544 0 
6 0.595745 0.06575 0.583309 0.004427 0.668307 0.437281 0 
6 0.617021 0.075177 0.570068 0.005041 0.643708 0.475439 0 
6 0.638298 0.072805 0.553704 0.004892 0.625583 0.492105 0 
6 0.659574 0.067521 0.568581 0.004564 0.601243 0.496053 0 
6 0.680851 0.067011 0.592681 0.004576 0.605904 0.426316 0 
6 0.702128 0.068542 0.641773 0.004678 0.622993 0.427193 0 
6 0.723404 0.077519 0.727016 0.005268 0.671932 0.476316 0 
6 0.744681 0.094061 0.834276 0.00628 0.726049 0.46886 1 
6 0.765957 0.105951 0.859268 0.007015 0.732263 0.480702 1 
6 0.787234 0.098325 0.846474 0.006483 0.697825 0.509211 1 
6 0.808511 0.086466 0.809729 0.005681 0.66028 0.546053 1 
6 0.829787 0.083854 0.788753 0.005501 0.623511 0.611842 1 
6 0.851064 0.080191 0.767926 0.005272 0.599689 0.58114 0 
6 0.87234 0.076318 0.74219 0.005023 0.573019 0.607895 0 
6 0.893617 0.06623 0.703362 0.004408 0.539876 0.601316 0 
6 0.914894 0.059175 0.653823 0.002941 0.491973 0.552193 0 
6 0.93617 0.055332 0.684171 0.002946 0.475142 0.557456 0 
6 0.957447 0.044824 0.677179 0.002943 0.457535 0.524123 0 
6 0.978723 0.070794 0.664088 0.004852 0.548679 0.504386 0 
6 1 0.059715 0.649212 0.004053 0.539617 0.532895 0 
