3 0 0.045334 0.382475 0.003467 0.422915 0.414912 0 
3 0.021277 0.045334 0.314639 0.003467 0.422915 0.414912 0 
3 0.042553 0.044404 0.257066 0.003467 0.422915 0.414912 0 
3 0.06383 0.044134 0.214817 0.003467 0.422915 0.414912 0 
3 0.085106 0.048247 0.181494 0.003467 0.422915 0.414912 0 
3 0.106383 0.044404 0.166022 0.003467 0.422915 0.414912 0 
3 0.12766 0.044404 0.150104 0.003467 0.422915 0.414912 0 
3 0.148936 0.05209 0.153823 0.003467 0.422915 0.414912 1 
3 0.170213 0.042572 0.180601 0.003467 0.422915 0.414912 0 
3 0.191489 0.050288 0.218834 0.003467 0.422915 0.414912 1 
3 0.212766 0.050288 0.307647 0.003467 0.422915 0.414912 1 
3 0.234043 0.050288 0.396459 0.003467 0.422915 0.414912 1 
3 0.255319 0.050288 0.409551 0.003467 0.422915 0.414912 1 
3 0.276596 0.050288 0.469652 0.003467 0.422915 0.414912 1 
3 0.297872 0.070974 0.475156 0.003467 0.422915 0.414912 1 
3 0.319149 0.058094 0.485272 0.003467 0.422915 0.414912 1 
3 0.340426 0.070974 0.528117 0.003467 0.422915 0.414912 1 
3 0.361702 0.070974 0.547159 0.003467 0.422915 0.414912 1 
3 0.382979 0.070974 0.543291 0.003467 0.422915 0.414912 1 
3 0.404255 0.080551 0.540762 0.003467 0.422915 0.414912 1 
3 0.425532 0.070974 0.534216 0.003467 0.422915 0.414912 1 
3 0.446809 0.070974 0.522464 0.003467 0.422915 0.414912 1 
3 0.468085 0.046235 0.515918 0.003467 0.422915 0.414912 0 
3 0.489362 0.070974 0.515025 0.003467 0.422915 0.414912 1 
3 0.510638 0.070974 0.518149 0.003467 0.422915 0.414912 1 
3 0.531915 0.050288 0.517852 0.003467 0.422915 0.414912 0 
3 0.553191 0.050288 0.504017 0.003467 0.422915 0.414912 0 
3 0.574468 0.049327 0.51086 0.003467 0.422915 0.414912 0 
3 0.595745 0.064399 0.519637 0.003467 0.422915 0.414912 1 
3 0.617021 0.064399 0.522612 0.003467 0.422915 0.414912 1 
3 0.638298 0.050288 0.521273 0.003467 0.422915 0.414912 0 
3 0.659574 0.048006 0.527224 0.003467 0.422915 0.414912 0 
3 0.680851 0.049538 0.51086 0.003467 0.422915 0.414912 0 
3 0.702128 0.045605 0.491669 0.003467 0.422915 0.414912 0 
3 0.723404 0.045605 0.460577 0.003467 0.422915 0.414912 0 
3 0.744681 0.045334 0.447932 0.003467 0.422915 0.414912 0 
3 0.765957 0.050288 0.464296 0.003467 0.422915 0.414912 0 
3 0.787234 0.070974 0.477983 0.003467 0.422915 0.414912 1 
3 0.808511 0.070974 0.467272 0.003467 0.422915 0.414912 1 
3 0.829787 0.045334 0.448825 0.003467 0.422915 0.414912 0 
3 0.851064 0.045334 0.409104 0.003467 0.422915 0.414912 0 
3 0.87234 0.044134 0.372062 0.003467 0.422915 0.414912 0 
3 0.893617 0.044134 0.397947 0.003467 0.422915 0.414912 0 
3 0.914894 0.044134 0.41327 0.003467 0.422915 0.414912 0 
3 0.93617 0.044134 0.435585 0.003467 0.422915 0.414912 0 
3 0.957447 0.044134 0.436924 0.003467 0.422915 0.414912 0 
3 0.978723 0.044134 0.429485 0.003467 0.422915 0.414912 0 
3 1 0.045605 0.399137 0.003467 0.422915 0.414912 0 
