5 0 0.058034 0.356442 0.003467 0.422915 0.414912 0 
5 0.021277 0.056593 0.287563 0.003467 0.422915 0.414912 0 
5 0.042553 0.055242 0.227165 0.003467 0.422915 0.414912 0 
5 0.06383 0.055242 0.187147 0.003467 0.422915 0.414912 0 
5 0.085106 0.055242 0.159625 0.003467 0.422915 0.414912 0 
5 0.106383 0.055242 0.137905 0.003467 0.422915 0.414912 0 
5 0.12766 0.055242 0.130616 0.003467 0.422915 0.414912 0 
5 0.148936 0.055242 0.128979 0.003467 0.422915 0.414912 0 
5 0.170213 0.066951 0.154418 0.003467 0.422915 0.414912 0 
5 0.191489 0.056593 0.188337 0.003467 0.422915 0.414912 0 
5 0.212766 0.068152 0.262124 0.003467 0.422915 0.414912 0 
5 0.234043 0.067491 0.326837 0.003467 0.422915 0.414912 0 
5 0.255319 0.077189 0.35183 0.003467 0.422915 0.414912 0 
5 0.276596 0.061397 0.412824 0.003467 0.422915 0.414912 0 
5 0.297872 0.090068 0.452098 0.003467 0.422915 0.414912 1 
5 0.319149 0.093071 0.487206 0.003467 0.422915 0.414912 1 
5 0.340426 0.090068 0.544035 0.003467 0.422915 0.414912 1 
5 0.361702 0.096673 0.56501 0.003467 0.422915 0.414912 1 
5 0.382979 0.085385 0.562928 0.003467 0.422915 0.414912 1 
5 0.404255 0.089168 0.555489 0.003467 0.422915 0.414912 1 
5 0.425532 0.091389 0.56144 0.003467 0.422915 0.414912 1 
5 0.446809 0.089168 0.557721 0.003467 0.422915 0.414912 1 
5 0.468085 0.085385 0.551026 0.003467 0.422915 0.414912 1 
5 0.489362 0.077189 0.543439 0.003467 0.422915 0.414912 0 
5 0.510638 0.067491 0.537489 0.003467 0.422915 0.414912 0 
5 0.531915 0.067491 0.53615 0.003467 0.422915 0.414912 0 
5 0.553191 0.077189 0.529753 0.003467 0.422915 0.414912 0 
5 0.574468 0.089168 0.517554 0.003467 0.422915 0.414912 1 
5 0.595745 0.077189 0.515918 0.003467 0.422915 0.414912 0 
5 0.617021 0.090068 0.524398 0.003467 0.422915 0.414912 1 
5 0.638298 0.099075 0.530646 0.003467 0.422915 0.414912 1 
5 0.659574 0.091389 0.530348 0.003467 0.422915 0.414912 1 
5 0.680851 0.104179 0.514579 0.003467 0.422915 0.414912 1 
5 0.702128 0.096673 0.501041 0.003467 0.422915 0.414912 1 
5 0.723404 0.093071 0.46742 0.003467 0.422915 0.414912 1 
5 0.744681 0.096673 0.446147 0.003467 0.422915 0.414912 1 
5 0.765957 0.093071 0.413419 0.003467 0.422915 0.414912 1 
5 0.787234 0.091389 0.396162 0.003467 0.422915 0.414912 1 
5 0.808511 0.090068 0.404641 0.003467 0.422915 0.414912 1 
5 0.829787 0.090068 0.409997 0.003467 0.422915 0.414912 1 
5 0.851064 0.085385 0.397054 0.003467 0.422915 0.414912 1 
5 0.87234 0.090068 0.36745 0.003467 0.422915 0.414912 1 
5 0.893617 0.091389 0.393484 0.003467 0.422915 0.414912 1 
5 0.914894 0.081782 0.420411 0.003467 0.422915 0.414912 1 
5 0.93617 0.081782 0.444213 0.003467 0.422915 0.414912 1 
5 0.957447 0.077189 0.437667 0.003467 0.422915 0.414912 0 
5 0.978723 0.081782 0.428741 0.003467 0.422915 0.414912 1 
5 1 0.077189 0.398096 0.003467 0.422915 0.414912 0 
