6 0 0.050588 0.425617 0.003338 0.346453 0.489474 1 
6 0.021277 0.046325 0.397501 0.003066 0.322631 0.508333 1 
6 0.042553 0.050438 0.357483 0.003361 0.372346 0.425439 1 
6 0.06383 0.047976 0.310176 0.003195 0.358881 0.462719 1 
6 0.085106 0.044073 0.247694 0.002925 0.321336 0.509649 1 
6 0.106383 0.040921 0.208123 0.002703 0.289228 0.548246 0 
6 0.12766 0.041371 0.174353 0.002736 0.25479 0.530263 0 
6 0.148936 0.041942 0.160369 0.002781 0.243915 0.512719 1 
6 0.170213 0.033535 0.160071 0.002221 0.230192 0.549123 0 
6 0.191489 0.034947 0.166915 0.002293 0.227602 0.557895 0 
6 0.212766 0.037679 0.19875 0.00247 0.228897 0.550439 0 
6 0.234043 0.040141 0.245016 0.002628 0.246504 0.522807 0 
6 0.255319 0.046205 0.329813 0.003051 0.31305 0.438158 1 
6 0.276596 0.041522 0.407319 0.002777 0.378042 0.373684 0 
6 0.297872 0.037709 0.421006 0.002557 0.421025 0.282456 0 
6 0.319149 0.038549 0.4759 0.002653 0.479026 0.252632 0 
6 0.340426 0.038759 0.507587 0.002692 0.507768 0.241667 0 
6 0.361702 0.038549 0.517406 0.002684 0.508027 0.217982 0 
6 0.382979 0.044914 0.541803 0.003135 0.524081 0.204825 1 
6 0.404255 0.042122 0.558018 0.002946 0.515795 0.216667 1 
6 0.425532 0.040531 0.559655 0.002831 0.508286 0.22193 0 
6 0.446809 0.057314 0.56263 0.004046 0.515536 0.235965 1 
6 0.468085 0.057013 0.571705 0.004051 0.519161 0.187719 1 
6 0.489362 0.055422 0.57587 0.003951 0.510616 0.188158 1 
6 0.510638 0.05302 0.57587 0.003783 0.509839 0.168421 1 
6 0.531915 0.051939 0.570217 0.003706 0.508027 0.182018 1 
6 0.553191 0.051519 0.567837 0.003673 0.513982 0.170175 1 
6 0.574468 0.055122 0.573639 0.003922 0.505438 0.192544 1 
6 0.595745 0.058064 0.573936 0.00414 0.506214 0.195614 1 
6 0.617021 0.057013 0.567837 0.004065 0.482651 0.160965 1 
6 0.638298 0.05284 0.558614 0.003776 0.47566 0.141228 1 
6 0.659574 0.041071 0.553704 0.002925 0.470741 0.179386 0 
6 0.680851 0.038549 0.537489 0.002732 0.466857 0.185965 0 
6 0.702128 0.038549 0.534662 0.00273 0.462714 0.192544 0 
6 0.723404 0.038519 0.520381 0.002711 0.46116 0.295614 0 
6 0.744681 0.038549 0.526927 0.0027 0.461678 0.271053 0 
6 0.765957 0.043953 0.541654 0.003089 0.467374 0.253947 0 
6 0.787234 0.05239 0.547605 0.003693 0.497929 0.203947 1 
6 0.808511 0.040621 0.503868 0.002869 0.482651 0.272368 0 
6 0.829787 0.038549 0.465635 0.002711 0.45883 0.224123 0 
6 0.851064 0.038009 0.433502 0.002657 0.429829 0.241228 0 
6 0.87234 0.038549 0.422047 0.00269 0.407302 0.249123 0 
6 0.893617 0.038549 0.396757 0.00269 0.363542 0.325 0 
6 0.914894 0.038009 0.365516 0.002638 0.336354 0.281579 0 
6 0.93617 0.058755 0.419072 0.004063 0.323666 0.366228 1 
6 0.957447 0.047556 0.440048 0.003284 0.311238 0.345175 1 
6 0.978723 0.06578 0.452246 0.00457 0.392284 0.261842 1 
6 1 0.077879 0.442725 0.005343 0.383739 0.331579 1 
