1 0 0.040381 0.232966 0.002715 0.293112 0.594298 0 
1 0.021277 0.037288 0.198155 0.002505 0.255049 0.630263 0 
1 0.042553 0.03882 0.154418 0.002615 0.309166 0.564912 0 
1 0.06383 0.033746 0.122731 0.002266 0.272398 0.633772 0 
1 0.085106 0.033986 0.103392 0.002281 0.235629 0.629825 0 
1 0.106383 0.02654 0.087028 0.001778 0.192646 0.683333 0 
1 0.12766 0.024949 0.084052 0.001672 0.165199 0.704386 0 
1 0.148936 0.022727 0.08554 0.001525 0.142154 0.705263 0 
1 0.170213 0.021556 0.091193 0.001446 0.129726 0.726316 0 
1 0.191489 0.021286 0.091639 0.001429 0.113154 0.738596 0 
1 0.212766 0.023838 0.106367 0.001595 0.104868 0.767982 0 
1 0.234043 0.023568 0.127789 0.001572 0.116261 0.804386 0 
1 0.255319 0.024499 0.155013 0.001635 0.146038 0.807895 0 
1 0.276596 0.034256 0.199643 0.002281 0.186691 0.778509 0 
1 0.297872 0.028432 0.244421 0.001897 0.201191 0.759211 0 
1 0.319149 0.033085 0.284439 0.002219 0.218022 0.760526 0 
1 0.340426 0.037228 0.331003 0.002509 0.248058 0.69693 0 
1 0.361702 0.04005 0.358971 0.002705 0.277059 0.644298 1 
1 0.382979 0.03993 0.370574 0.002682 0.291559 0.604386 1 
1 0.404255 0.03999 0.371616 0.002688 0.300621 0.58114 1 
1 0.425532 0.041341 0.367301 0.002779 0.297514 0.607895 1 
1 0.446809 0.041612 0.368045 0.002792 0.306059 0.618421 1 
1 0.468085 0.042332 0.371913 0.002846 0.308907 0.618421 1 
1 0.489362 0.043233 0.376376 0.002908 0.303988 0.617105 1 
1 0.510638 0.040531 0.375632 0.002715 0.283791 0.634649 1 
1 0.531915 0.042242 0.374442 0.002833 0.28638 0.653947 1 
1 0.553191 0.045034 0.378012 0.003004 0.281719 0.658772 1 
1 0.574468 0.045455 0.379946 0.003027 0.2768 0.671053 1 
1 0.595745 0.044704 0.38069 0.002854 0.26204 0.742105 1 
1 0.617021 0.044524 0.386641 0.002765 0.262299 0.742105 1 
1 0.638298 0.044224 0.386343 0.002588 0.264889 0.742105 1 
1 0.659574 0.041672 0.388426 0.002437 0.278094 0.738158 1 
1 0.680851 0.041642 0.379649 0.002769 0.287416 0.753947 1 
1 0.702128 0.041431 0.39274 0.002748 0.301657 0.755702 1 
1 0.723404 0.044464 0.400774 0.00297 0.294925 0.658772 1 
1 0.744681 0.044974 0.398245 0.003002 0.283014 0.687281 1 
1 0.765957 0.041972 0.397203 0.002804 0.266183 0.7 1 
1 0.787234 0.043533 0.404493 0.002906 0.264112 0.72807 1 
1 0.808511 0.045154 0.435436 0.003002 0.263076 0.724561 1 
1 0.829787 0.046445 0.441833 0.003081 0.303729 0.645614 1 
1 0.851064 0.044344 0.406129 0.002948 0.295443 0.692544 1 
1 0.87234 0.040891 0.363434 0.002723 0.267737 0.710965 1 
1 0.893617 0.03987 0.367896 0.002653 0.238219 0.765351 1 
1 0.914894 0.032845 0.35183 0.002185 0.215432 0.766667 0 
1 0.93617 0.034016 0.351235 0.002266 0.212843 0.767982 0 
1 0.957447 0.030593 0.333829 0.002038 0.216727 0.737281 0 
1 0.978723 0.032124 0.311961 0.002156 0.285603 0.614912 0 
1 1 0.028281 0.267629 0.001899 0.283014 0.630702 0 
