2 0 0.084935 0.369384 0.003467 0.422915 0.414912 0 
2 0.021277 0.076018 0.303332 0.003467 0.422915 0.414912 0 
2 0.042553 0.072715 0.249926 0.003467 0.422915 0.414912 0 
2 0.06383 0.071454 0.214519 0.003467 0.422915 0.414912 0 
2 0.085106 0.071454 0.181047 0.003467 0.422915 0.414912 0 
2 0.106383 0.071454 0.15784 0.003467 0.422915 0.414912 0 
2 0.12766 0.071454 0.144154 0.003467 0.422915 0.414912 0 
2 0.148936 0.071454 0.146236 0.003467 0.422915 0.414912 0 
2 0.170213 0.068842 0.170039 0.003467 0.422915 0.414912 0 
2 0.191489 0.076678 0.199048 0.003467 0.422915 0.414912 0 
2 0.212766 0.077459 0.259298 0.003467 0.422915 0.414912 0 
2 0.234043 0.068842 0.32044 0.003467 0.422915 0.414912 0 
2 0.255319 0.076798 0.337102 0.003467 0.422915 0.414912 0 
2 0.276596 0.062838 0.400625 0.003467 0.422915 0.414912 0 
2 0.297872 0.081812 0.438411 0.003467 0.422915 0.414912 0 
2 0.319149 0.092771 0.47947 0.003467 0.422915 0.414912 1 
2 0.340426 0.114087 0.546712 0.003467 0.422915 0.414912 1 
2 0.361702 0.102078 0.5723 0.003467 0.422915 0.414912 1 
2 0.382979 0.098775 0.577655 0.003467 0.422915 0.414912 1 
2 0.404255 0.095773 0.579292 0.003467 0.422915 0.414912 1 
2 0.425532 0.092771 0.583904 0.003467 0.422915 0.414912 1 
2 0.446809 0.101747 0.609938 0.003467 0.422915 0.414912 1 
2 0.468085 0.10475 0.626897 0.003467 0.422915 0.414912 1 
2 0.489362 0.11829 0.638352 0.003467 0.422915 0.414912 1 
2 0.510638 0.119731 0.650997 0.003467 0.422915 0.414912 1 
2 0.531915 0.117389 0.647278 0.003467 0.422915 0.414912 1 
2 0.553191 0.119731 0.646385 0.003467 0.422915 0.414912 1 
2 0.574468 0.11829 0.645195 0.003467 0.422915 0.414912 1 
2 0.595745 0.119731 0.640732 0.003467 0.422915 0.414912 1 
2 0.617021 0.117389 0.640286 0.003467 0.422915 0.414912 1 
2 0.638298 0.119731 0.636418 0.003467 0.422915 0.414912 1 
2 0.659574 0.102468 0.632252 0.003467 0.422915 0.414912 1 
2 0.680851 0.10475 0.621541 0.003467 0.422915 0.414912 1 
2 0.702128 0.101747 0.594615 0.003467 0.422915 0.414912 1 
2 0.723404 0.108082 0.548051 0.003467 0.422915 0.414912 1 
2 0.744681 0.101747 0.518744 0.003467 0.422915 0.414912 1 
2 0.765957 0.101747 0.483785 0.003467 0.422915 0.414912 1 
2 0.787234 0.096073 0.455222 0.003467 0.422915 0.414912 1 
2 0.808511 0.095773 0.45537 0.003467 0.422915 0.414912 1 
2 0.829787 0.098775 0.475454 0.003467 0.422915 0.414912 1 
2 0.851064 0.095773 0.457304 0.003467 0.422915 0.414912 1 
2 0.87234 0.095773 0.422196 0.003467 0.422915 0.414912 1 
2 0.893617 0.101747 0.434395 0.003467 0.422915 0.414912 1 
2 0.914894 0.095773 0.433056 0.003467 0.422915 0.414912 1 
2 0.93617 0.086796 0.452544 0.003467 0.422915 0.414912 0 
2 0.957447 0.089798 0.442577 0.003467 0.422915 0.414912 0 
2 0.978723 0.080791 0.422345 0.003467 0.422915 0.414912 0 
2 1 0.086796 0.395418 0.003467 0.422915 0.414912 0 
