3 0 0.081092 0.43737 0.005453 0.320818 0.555263 1 
3 0.021277 0.063708 0.413121 0.004281 0.28638 0.627632 1 
3 0.042553 0.064909 0.384409 0.004283 0.331952 0.570614 1 
3 0.06383 0.045515 0.339334 0.003087 0.297773 0.580702 0 
3 0.085106 0.040861 0.281613 0.002732 0.250647 0.6 0 
3 0.106383 0.035517 0.238471 0.002356 0.204816 0.675877 0 
3 0.12766 0.030203 0.186105 0.001994 0.163646 0.662281 0 
3 0.148936 0.036057 0.169741 0.002362 0.132574 0.746053 0 
3 0.170213 0.044464 0.164386 0.002894 0.120404 0.809649 0 
3 0.191489 0.029152 0.155162 0.00189 0.105645 0.755702 0 
3 0.212766 0.040951 0.18194 0.002659 0.117297 0.781579 0 
3 0.234043 0.038009 0.223594 0.002468 0.162092 0.759211 0 
3 0.255319 0.068422 0.314341 0.00447 0.203004 0.735526 1 
3 0.276596 0.06527 0.347962 0.002439 0.267219 0.628509 1 
3 0.297872 0.033415 0.357632 0.002246 0.303729 0.480263 0 
3 0.319149 0.042933 0.388575 0.002898 0.363801 0.476316 0 
3 0.340426 0.047616 0.47233 0.003226 0.411445 0.447807 0 
3 0.361702 0.077189 0.499256 0.00522 0.440704 0.460965 1 
3 0.382979 0.087877 0.551175 0.00585 0.45624 0.490789 1 
3 0.404255 0.087426 0.57349 0.005754 0.452874 0.544737 1 
3 0.425532 0.085475 0.565308 0.005775 0.457276 0.554386 1 
3 0.446809 0.087426 0.553704 0.005777 0.467633 0.552193 1 
3 0.468085 0.087426 0.549539 0.005752 0.467633 0.512281 1 
3 0.489362 0.087426 0.553109 0.005739 0.472553 0.527632 1 
3 0.510638 0.087426 0.552217 0.005731 0.468151 0.547368 1 
3 0.531915 0.089078 0.552068 0.005843 0.466598 0.517544 1 
3 0.553191 0.088297 0.551175 0.005779 0.474883 0.54693 1 
3 0.574468 0.097214 0.55296 0.006334 0.473071 0.643421 1 
3 0.595745 0.106671 0.549836 0.006932 0.465562 0.639035 1 
3 0.617021 0.126786 0.547456 0.008247 0.46116 0.639035 1 
3 0.638298 0.116729 0.543142 0.007592 0.44899 0.682895 1 
3 0.659574 0.095533 0.54463 0.006182 0.426981 0.673246 1 
3 0.680851 0.09238 0.542844 0.00596 0.453133 0.616228 1 
3 0.702128 0.090609 0.541654 0.005831 0.465303 0.633772 1 
3 0.723404 0.088868 0.532728 0.0058 0.480839 0.535965 1 
3 0.744681 0.087306 0.535257 0.005779 0.493268 0.554386 1 
3 0.765957 0.050709 0.553407 0.003388 0.491455 0.568421 0 
3 0.787234 0.072925 0.567391 0.004886 0.518902 0.515351 1 
3 0.808511 0.043113 0.529456 0.002912 0.494045 0.45 0 
3 0.829787 0.042963 0.486165 0.002898 0.452615 0.440351 0 
3 0.851064 0.043593 0.459685 0.002941 0.409373 0.454825 0 
3 0.87234 0.042002 0.435287 0.002844 0.373382 0.470614 0 
3 0.893617 0.037889 0.394377 0.002528 0.334801 0.482895 0 
3 0.914894 0.028402 0.367599 0.001903 0.304764 0.508333 0 
3 0.93617 0.042302 0.407319 0.002798 0.287416 0.625 0 
3 0.957447 0.043833 0.423683 0.002879 0.2768 0.610965 0 
3 0.978723 0.087937 0.436328 0.005796 0.369239 0.575877 1 
3 1 0.047256 0.43127 0.003143 0.362248 0.581579 0 
