5 0 0.067521 0.571705 0.004017 0.485759 0.444298 1 
5 0.021277 0.042572 0.552365 0.003257 0.459089 0.509649 0 
5 0.042553 0.058695 0.524398 0.003209 0.512947 0.396053 1 
5 0.06383 0.041912 0.479768 0.002844 0.495857 0.360088 0 
5 0.085106 0.040891 0.418774 0.002825 0.445365 0.514912 0 
5 0.106383 0.040891 0.368492 0.002794 0.409891 0.595614 0 
5 0.12766 0.040891 0.320589 0.002765 0.369498 0.704825 0 
5 0.148936 0.034766 0.285778 0.002335 0.341792 0.749561 0 
5 0.170213 0.033115 0.266141 0.002216 0.320559 0.767544 0 
5 0.191489 0.033055 0.268968 0.002214 0.308131 0.745614 0 
5 0.212766 0.033205 0.293514 0.002233 0.309943 0.731579 0 
5 0.234043 0.033265 0.348855 0.002252 0.338944 0.660526 0 
5 0.255319 0.034616 0.456561 0.002381 0.410668 0.516667 0 
5 0.276596 0.049988 0.582862 0.003519 0.501036 0.424123 1 
5 0.297872 0.049327 0.620351 0.003513 0.554894 0.324123 1 
5 0.319149 0.06635 0.697858 0.004672 0.639565 0.285088 1 
5 0.340426 0.046475 0.703065 0.003216 0.683066 0.236842 0 
5 0.361702 0.033325 0.677328 0.00227 0.684878 0.224123 0 
5 0.382979 0.035397 0.698007 0.002387 0.692646 0.232018 0 
5 0.404255 0.034196 0.710949 0.002308 0.673226 0.25614 0 
5 0.425532 0.035817 0.6687 0.002424 0.648369 0.273684 0 
5 0.446809 0.055062 0.642666 0.003741 0.622475 0.317105 1 
5 0.468085 0.033325 0.611276 0.00226 0.599689 0.342982 0 
5 0.489362 0.035397 0.582713 0.002391 0.5826 0.375 0 
5 0.510638 0.033325 0.560696 0.00225 0.557483 0.416667 0 
5 0.531915 0.033325 0.547456 0.002246 0.548421 0.408772 0 
5 0.553191 0.033776 0.539125 0.002304 0.583635 0.354825 0 
5 0.574468 0.033325 0.526927 0.002256 0.582082 0.404825 0 
5 0.595745 0.033115 0.513389 0.002227 0.570689 0.44386 0 
5 0.617021 0.033145 0.50476 0.002214 0.569394 0.402193 0 
5 0.638298 0.033085 0.494793 0.002206 0.556447 0.432018 0 
5 0.659574 0.033145 0.501041 0.002212 0.555153 0.424561 0 
5 0.680851 0.033085 0.515323 0.002212 0.55334 0.422807 0 
5 0.702128 0.033535 0.560399 0.002248 0.570171 0.391228 0 
5 0.723404 0.034586 0.637459 0.002324 0.614966 0.295175 0 
5 0.744681 0.037919 0.749033 0.002536 0.694718 0.261404 0 
5 0.765957 0.03954 0.777745 0.002665 0.706888 0.278509 0 
5 0.787234 0.057914 0.767926 0.003928 0.669601 0.304825 1 
5 0.808511 0.037168 0.735198 0.002543 0.629726 0.298246 0 
5 0.829787 0.033926 0.710057 0.002308 0.588814 0.400439 0 
5 0.851064 0.035877 0.693692 0.002437 0.56318 0.402632 0 
5 0.87234 0.033926 0.665724 0.002297 0.539876 0.452632 0 
5 0.893617 0.035547 0.627641 0.002401 0.49767 0.516667 0 
5 0.914894 0.033746 0.580333 0.002275 0.46841 0.561404 0 
5 0.93617 0.045785 0.620946 0.003054 0.438115 0.589474 1 
5 0.957447 0.033355 0.6144 0.002241 0.424392 0.583333 0 
5 0.978723 0.083433 0.596846 0.005586 0.508545 0.472807 1 
5 1 0.074096 0.578846 0.005029 0.494821 0.489912 1 
