6 0 0.048667 0.52767 0.003467 0.422915 0.414912 1 
6 0.021277 0.048667 0.502083 0.003467 0.422915 0.414912 1 
6 0.042553 0.048247 0.4759 0.003467 0.422915 0.414912 1 
6 0.06383 0.048247 0.404344 0.003467 0.422915 0.414912 1 
6 0.085106 0.041582 0.3374 0.003467 0.422915 0.414912 0 
6 0.106383 0.048247 0.282208 0.003467 0.422915 0.414912 1 
6 0.12766 0.041281 0.240553 0.003467 0.422915 0.414912 0 
6 0.148936 0.041281 0.200982 0.003467 0.422915 0.414912 0 
6 0.170213 0.041582 0.173758 0.003467 0.422915 0.414912 0 
6 0.191489 0.05317 0.159625 0.003467 0.422915 0.414912 1 
6 0.212766 0.048097 0.162154 0.003467 0.422915 0.414912 1 
6 0.234043 0.049538 0.175989 0.003467 0.422915 0.414912 1 
6 0.255319 0.059475 0.210354 0.003467 0.422915 0.414912 1 
6 0.276596 0.049538 0.251562 0.003467 0.422915 0.414912 1 
6 0.297872 0.049538 0.306456 0.003467 0.422915 0.414912 1 
6 0.319149 0.07833 0.391848 0.003467 0.422915 0.414912 1 
6 0.340426 0.049538 0.459833 0.003467 0.422915 0.414912 1 
6 0.361702 0.049538 0.507289 0.003467 0.422915 0.414912 1 
6 0.382979 0.049538 0.536299 0.003467 0.422915 0.414912 1 
6 0.404255 0.041732 0.533175 0.003467 0.422915 0.414912 0 
6 0.425532 0.041732 0.507736 0.003467 0.422915 0.414912 0 
6 0.446809 0.041582 0.47709 0.003467 0.422915 0.414912 0 
6 0.468085 0.041732 0.455073 0.003467 0.422915 0.414912 0 
6 0.489362 0.041732 0.424278 0.003467 0.422915 0.414912 0 
6 0.510638 0.041582 0.396757 0.003467 0.422915 0.414912 0 
6 0.531915 0.041582 0.381732 0.003467 0.422915 0.414912 0 
6 0.553191 0.041582 0.363434 0.003467 0.422915 0.414912 0 
6 0.574468 0.041401 0.343201 0.003467 0.422915 0.414912 0 
6 0.595745 0.041401 0.328027 0.003467 0.422915 0.414912 0 
6 0.617021 0.041401 0.317019 0.003467 0.422915 0.414912 0 
6 0.638298 0.041401 0.311068 0.003467 0.422915 0.414912 0 
6 0.659574 0.041401 0.308985 0.003467 0.422915 0.414912 0 
6 0.680851 0.041401 0.327135 0.003467 0.422915 0.414912 0 
6 0.702128 0.041401 0.359714 0.003467 0.422915 0.414912 0 
6 0.723404 0.041582 0.409402 0.003467 0.422915 0.414912 0 
6 0.744681 0.041582 0.519637 0.003467 0.422915 0.414912 0 
6 0.765957 0.046866 0.55787 0.003467 0.422915 0.414912 1 
6 0.787234 0.041732 0.543737 0.003467 0.422915 0.414912 0 
6 0.808511 0.041642 0.510414 0.003467 0.422915 0.414912 0 
6 0.829787 0.041582 0.473222 0.003467 0.422915 0.414912 0 
6 0.851064 0.041732 0.448974 0.003467 0.422915 0.414912 0 
6 0.87234 0.041582 0.435882 0.003467 0.422915 0.414912 0 
6 0.893617 0.041582 0.39765 0.003467 0.422915 0.414912 0 
6 0.914894 0.041401 0.36507 0.003467 0.422915 0.414912 0 
6 0.93617 0.041582 0.391699 0.003467 0.422915 0.414912 0 
6 0.957447 0.041401 0.400179 0.003467 0.422915 0.414912 0 
6 0.978723 0.041732 0.410295 0.003467 0.422915 0.414912 0 
6 1 0.041401 0.390509 0.003467 0.422915 0.414912 0 
