4 0 0.054912 0.423386 0.003467 0.422915 0.414912 1 
4 0.021277 0.054912 0.400625 0.003467 0.422915 0.414912 1 
4 0.042553 0.046866 0.37593 0.003467 0.422915 0.414912 0 
4 0.06383 0.043863 0.318209 0.003467 0.422915 0.414912 0 
4 0.085106 0.043863 0.257364 0.003467 0.422915 0.414912 0 
4 0.106383 0.043863 0.213627 0.003467 0.422915 0.414912 0 
4 0.12766 0.043863 0.17837 0.003467 0.422915 0.414912 0 
4 0.148936 0.042092 0.152336 0.003467 0.422915 0.414912 0 
4 0.170213 0.040381 0.1385 0.003467 0.422915 0.414912 0 
4 0.191489 0.040381 0.140137 0.003467 0.422915 0.414912 0 
4 0.212766 0.041582 0.163939 0.003467 0.422915 0.414912 0 
4 0.234043 0.043713 0.20723 0.003467 0.422915 0.414912 0 
4 0.255319 0.046866 0.293811 0.003467 0.422915 0.414912 0 
4 0.276596 0.046866 0.388872 0.003467 0.422915 0.414912 0 
4 0.297872 0.043713 0.382773 0.003467 0.422915 0.414912 0 
4 0.319149 0.046866 0.434395 0.003467 0.422915 0.414912 0 
4 0.340426 0.046866 0.461172 0.003467 0.422915 0.414912 0 
4 0.361702 0.046866 0.475751 0.003467 0.422915 0.414912 0 
4 0.382979 0.046866 0.522464 0.003467 0.422915 0.414912 0 
4 0.404255 0.046866 0.535257 0.003467 0.422915 0.414912 0 
4 0.425532 0.046866 0.532431 0.003467 0.422915 0.414912 0 
4 0.446809 0.046866 0.519935 0.003467 0.422915 0.414912 0 
4 0.468085 0.046866 0.513538 0.003467 0.422915 0.414912 0 
4 0.489362 0.046866 0.511901 0.003467 0.422915 0.414912 0 
4 0.510638 0.046866 0.507736 0.003467 0.422915 0.414912 0 
4 0.531915 0.046866 0.504314 0.003467 0.422915 0.414912 0 
4 0.553191 0.046866 0.510414 0.003467 0.422915 0.414912 0 
4 0.574468 0.046866 0.513984 0.003467 0.422915 0.414912 0 
4 0.595745 0.046866 0.502827 0.003467 0.422915 0.414912 0 
4 0.617021 0.046866 0.494049 0.003467 0.422915 0.414912 0 
4 0.638298 0.046866 0.486314 0.003467 0.422915 0.414912 0 
4 0.659574 0.046866 0.487652 0.003467 0.422915 0.414912 0 
4 0.680851 0.046866 0.483636 0.003467 0.422915 0.414912 0 
4 0.702128 0.046866 0.481702 0.003467 0.422915 0.414912 0 
4 0.723404 0.043713 0.481702 0.003467 0.422915 0.414912 0 
4 0.744681 0.046866 0.513686 0.003467 0.422915 0.414912 1 
4 0.765957 0.046866 0.547754 0.003467 0.422915 0.414912 1 
4 0.787234 0.043713 0.538679 0.003467 0.422915 0.414912 0 
4 0.808511 0.041582 0.497173 0.003467 0.422915 0.414912 0 
4 0.829787 0.041582 0.465933 0.003467 0.422915 0.414912 0 
4 0.851064 0.046866 0.446445 0.003467 0.422915 0.414912 1 
4 0.87234 0.043713 0.425617 0.003467 0.422915 0.414912 0 
4 0.893617 0.041281 0.384261 0.003467 0.422915 0.414912 0 
4 0.914894 0.041281 0.342755 0.003467 0.422915 0.414912 0 
4 0.93617 0.046866 0.390211 0.003467 0.422915 0.414912 1 
4 0.957447 0.043713 0.411336 0.003467 0.422915 0.414912 0 
4 0.978723 0.046866 0.429337 0.003467 0.422915 0.414912 1 
4 1 0.046866 0.425617 0.003467 0.422915 0.414912 1 
