2 0 0.045485 0.521273 0.003467 0.422915 0.414912 0 
2 0.021277 0.061217 0.497769 0.003467 0.422915 0.414912 0 
2 0.042553 0.040591 0.480065 0.003467 0.422915 0.414912 0 
2 0.06383 0.040591 0.418179 0.003467 0.422915 0.414912 0 
2 0.085106 0.040591 0.35421 0.003467 0.422915 0.414912 0 
2 0.106383 0.040591 0.308539 0.003467 0.422915 0.414912 0 
2 0.12766 0.040591 0.260488 0.003467 0.422915 0.414912 0 
2 0.148936 0.040591 0.22285 0.003467 0.422915 0.414912 0 
2 0.170213 0.040651 0.199197 0.003467 0.422915 0.414912 0 
2 0.191489 0.040651 0.198453 0.003467 0.422915 0.414912 0 
2 0.212766 0.061727 0.228801 0.003467 0.422915 0.414912 1 
2 0.234043 0.061727 0.27715 0.003467 0.422915 0.414912 1 
2 0.255319 0.061967 0.38069 0.003467 0.422915 0.414912 1 
2 0.276596 0.080341 0.494347 0.003467 0.422915 0.414912 1 
2 0.297872 0.067671 0.509372 0.003467 0.422915 0.414912 1 
2 0.319149 0.0662 0.582118 0.003467 0.422915 0.414912 1 
2 0.340426 0.0662 0.600268 0.003467 0.422915 0.414912 1 
2 0.361702 0.045485 0.596846 0.003467 0.422915 0.414912 0 
2 0.382979 0.07938 0.63493 0.003467 0.422915 0.414912 1 
2 0.404255 0.07938 0.648616 0.003467 0.422915 0.414912 1 
2 0.425532 0.07938 0.628682 0.003467 0.422915 0.414912 1 
2 0.446809 0.07938 0.604284 0.003467 0.422915 0.414912 1 
2 0.468085 0.067671 0.584052 0.003467 0.422915 0.414912 1 
2 0.489362 0.0662 0.570663 0.003467 0.422915 0.414912 1 
2 0.510638 0.061847 0.551324 0.003467 0.422915 0.414912 1 
2 0.531915 0.0662 0.536596 0.003467 0.422915 0.414912 1 
2 0.553191 0.061847 0.530497 0.003467 0.422915 0.414912 1 
2 0.574468 0.061727 0.52172 0.003467 0.422915 0.414912 1 
2 0.595745 0.0662 0.504463 0.003467 0.422915 0.414912 1 
2 0.617021 0.061847 0.49033 0.003467 0.422915 0.414912 1 
2 0.638298 0.061847 0.479322 0.003467 0.422915 0.414912 1 
2 0.659574 0.0662 0.483487 0.003467 0.422915 0.414912 1 
2 0.680851 0.080191 0.494198 0.003467 0.422915 0.414912 1 
2 0.702128 0.080191 0.523207 0.003467 0.422915 0.414912 1 
2 0.723404 0.07938 0.56873 0.003467 0.422915 0.414912 1 
2 0.744681 0.090999 0.652931 0.003467 0.422915 0.414912 1 
2 0.765957 0.080191 0.685808 0.003467 0.422915 0.414912 1 
2 0.787234 0.0662 0.664237 0.003467 0.422915 0.414912 1 
2 0.808511 0.045485 0.626004 0.003467 0.422915 0.414912 0 
2 0.829787 0.041972 0.595359 0.003467 0.422915 0.414912 0 
2 0.851064 0.061847 0.58078 0.003467 0.422915 0.414912 0 
2 0.87234 0.045485 0.549688 0.003467 0.422915 0.414912 0 
2 0.893617 0.061847 0.497917 0.003467 0.422915 0.414912 1 
2 0.914894 0.061847 0.449271 0.003467 0.422915 0.414912 1 
2 0.93617 0.045485 0.483636 0.003467 0.422915 0.414912 0 
2 0.957447 0.045485 0.488248 0.003467 0.422915 0.414912 0 
2 0.978723 0.045485 0.510116 0.003467 0.422915 0.414912 0 
2 1 0.061847 0.508628 0.003467 0.422915 0.414912 1 
