1 0 0.030743 0.239661 0.001836 0.303988 0.801754 0 
1 0.021277 0.029242 0.205594 0.001697 0.278871 0.814474 0 
1 0.042553 0.029753 0.168253 0.001828 0.325997 0.792982 0 
1 0.06383 0.028312 0.136418 0.001365 0.296737 0.779825 0 
1 0.085106 0.023058 0.116632 0.0015 0.232263 0.855263 0 
1 0.106383 0.022007 0.105772 0.001346 0.197825 0.902632 0 
1 0.12766 0.020626 0.099078 0.001307 0.1797 0.902632 0 
1 0.148936 0.020626 0.096995 0.000935 0.165458 0.902632 0 
1 0.170213 0.021526 0.106962 0.000841 0.164423 0.902632 0 
1 0.191489 0.022037 0.111276 0.000841 0.157172 0.902632 0 
1 0.212766 0.022577 0.114549 0.000837 0.119368 0.903509 0 
1 0.234043 0.024288 0.128979 0.000841 0.140342 0.902632 0 
1 0.255319 0.024439 0.152633 0.000841 0.143708 0.902632 0 
1 0.276596 0.02693 0.19756 0.000841 0.163387 0.902632 0 
1 0.297872 0.028552 0.248587 0.000841 0.165717 0.902632 0 
1 0.319149 0.029182 0.296935 0.000841 0.182289 0.902632 0 
1 0.340426 0.029903 0.350342 0.000841 0.193164 0.887281 0 
1 0.361702 0.029873 0.389914 0.000841 0.210254 0.843421 0 
1 0.382979 0.032575 0.415204 0.001982 0.224754 0.878509 0 
1 0.404255 0.032635 0.430824 0.002077 0.235888 0.922368 0 
1 0.425532 0.033776 0.445254 0.002223 0.247022 0.937719 0 
1 0.446809 0.034856 0.470098 0.002289 0.257897 0.937719 0 
1 0.468085 0.035877 0.48438 0.00231 0.263335 0.911404 0 
1 0.489362 0.043053 0.505356 0.002495 0.254272 0.841228 1 
1 0.510638 0.043353 0.509819 0.002495 0.249871 0.841228 1 
1 0.531915 0.044614 0.512199 0.002609 0.245987 0.885088 1 
1 0.553191 0.037649 0.515174 0.002287 0.247281 0.907018 1 
1 0.574468 0.036748 0.510265 0.002148 0.242361 0.89386 0 
1 0.595745 0.037619 0.503273 0.002287 0.243656 0.87193 0 
1 0.617021 0.035997 0.489289 0.002077 0.248835 0.915789 0 
1 0.638298 0.032785 0.452098 0.001905 0.26463 0.897807 0 
1 0.659574 0.034977 0.449569 0.002077 0.273692 0.87193 0 
1 0.680851 0.034706 0.430973 0.002077 0.277835 0.85 0 
1 0.702128 0.035277 0.442725 0.002077 0.286639 0.82807 0 
1 0.723404 0.035937 0.43856 0.002077 0.294407 0.817105 1 
1 0.744681 0.035037 0.432312 0.002077 0.277317 0.85 1 
1 0.765957 0.032965 0.418179 0.002077 0.260487 0.836842 0 
1 0.787234 0.032905 0.401964 0.002077 0.249612 0.854825 0 
1 0.808511 0.030173 0.40241 0.000841 0.258933 0.858772 0 
1 0.829787 0.031284 0.395716 0.00146 0.274987 0.836842 0 
1 0.851064 0.031134 0.376822 0.00146 0.301139 0.814912 0 
1 0.87234 0.030413 0.344392 0.001047 0.290523 0.82807 0 
1 0.893617 0.031824 0.353169 0.001872 0.267737 0.836842 0 
1 0.914894 0.029843 0.336061 0.000839 0.235888 0.858772 0 
1 0.93617 0.030563 0.339185 0.001045 0.232522 0.858772 0 
1 0.957447 0.030413 0.312853 0.001047 0.246504 0.858772 0 
1 0.978723 0.029933 0.29039 0.000993 0.313827 0.858772 0 
1 1 0.02597 0.249033 0.000868 0.318229 0.843421 0 
