3 0 0.030113 0.342755 0.000827 0.268773 0.786842 1 
3 0.021277 0.025579 0.2831 0.000821 0.251683 0.808772 1 
3 0.042553 0.024919 0.235942 0.000829 0.310979 0.75614 0 
3 0.06383 0.023538 0.193841 0.000721 0.29855 0.769298 0 
3 0.085106 0.020055 0.158584 0.000823 0.261523 0.835088 0 
3 0.106383 0.018914 0.137608 0.000764 0.233299 0.848246 0 
3 0.12766 0.018494 0.135674 0.000764 0.219575 0.857018 0 
3 0.148936 0.019665 0.141625 0.000569 0.205334 0.857018 0 
3 0.170213 0.020806 0.165427 0.000837 0.2232 0.857018 0 
3 0.191489 0.023538 0.209908 0.000837 0.241844 0.857018 0 
3 0.212766 0.0266 0.294704 0.001163 0.301916 0.872807 1 
3 0.234043 0.031734 0.375483 0.001822 0.389436 0.751754 1 
3 0.255319 0.028041 0.391253 0.001803 0.479026 0.627632 1 
3 0.276596 0.028822 0.447337 0.001876 0.546349 0.55614 1 
3 0.297872 0.028432 0.452395 0.001851 0.513982 0.660965 1 
3 0.319149 0.02666 0.464148 0.001732 0.496634 0.676754 1 
3 0.340426 0.028492 0.516959 0.001838 0.518125 0.673684 1 
3 0.361702 0.028432 0.531538 0.001818 0.523304 0.657895 1 
3 0.382979 0.028432 0.530348 0.00182 0.529259 0.652632 1 
3 0.404255 0.028432 0.530348 0.00182 0.542206 0.650877 1 
3 0.425532 0.028432 0.531092 0.001822 0.55334 0.627193 1 
3 0.446809 0.028552 0.539125 0.001826 0.564733 0.602193 1 
3 0.468085 0.028822 0.539572 0.001849 0.569653 0.577632 1 
3 0.489362 0.028822 0.541803 0.001853 0.582341 0.537719 1 
3 0.510638 0.028822 0.551473 0.001861 0.598654 0.517982 1 
3 0.531915 0.027741 0.554299 0.001784 0.618074 0.590789 1 
3 0.553191 0.029452 0.557572 0.001888 0.624547 0.491667 1 
3 0.574468 0.029332 0.552365 0.001888 0.628431 0.469737 1 
3 0.595745 0.029332 0.554151 0.001886 0.63361 0.472368 1 
3 0.617021 0.030113 0.559357 0.001924 0.63594 0.467105 1 
3 0.638298 0.030563 0.565308 0.001957 0.647592 0.494737 1 
3 0.659574 0.030653 0.572002 0.001973 0.660539 0.471053 1 
3 0.680851 0.030023 0.555936 0.001928 0.651476 0.445175 1 
3 0.702128 0.030533 0.53853 0.001969 0.631538 0.514474 1 
3 0.723404 0.029302 0.50967 0.001897 0.583894 0.590789 1 
3 0.744681 0.028822 0.478578 0.001672 0.527188 0.633333 1 
3 0.765957 0.028552 0.460428 0.001329 0.476696 0.664035 1 
3 0.787234 0.028822 0.478875 0.001356 0.468669 0.677193 1 
3 0.808511 0.030773 0.484528 0.001629 0.490678 0.663596 1 
3 0.829787 0.032515 0.466528 0.000899 0.481098 0.57193 1 
3 0.851064 0.028822 0.420857 0.000841 0.432418 0.580702 1 
3 0.87234 0.024919 0.385004 0.000866 0.401605 0.602632 0 
3 0.893617 0.02609 0.395269 0.000839 0.350078 0.637719 0 
3 0.914894 0.024919 0.397798 0.000833 0.312273 0.628947 0 
3 0.93617 0.028822 0.428295 0.000837 0.294148 0.681579 1 
3 0.957447 0.030413 0.42889 0.001404 0.285085 0.668421 1 
3 0.978723 0.031854 0.41922 0.001784 0.363283 0.646491 1 
3 1 0.032455 0.383071 0.001973 0.35914 0.660088 1 
