4 0 0.082293 0.465338 0.003467 0.422915 0.414912 1 
4 0.021277 0.092951 0.459238 0.003467 0.422915 0.414912 1 
4 0.042553 0.075057 0.432609 0.003467 0.422915 0.414912 0 
4 0.06383 0.075057 0.369979 0.003467 0.422915 0.414912 0 
4 0.085106 0.074727 0.312853 0.003467 0.422915 0.414912 0 
4 0.106383 0.074727 0.270158 0.003467 0.422915 0.414912 0 
4 0.12766 0.062027 0.227462 0.003467 0.422915 0.414912 0 
4 0.148936 0.062027 0.197709 0.003467 0.422915 0.414912 0 
4 0.170213 0.062027 0.175543 0.003467 0.422915 0.414912 0 
4 0.191489 0.062027 0.17465 0.003467 0.422915 0.414912 0 
4 0.212766 0.074727 0.198453 0.003467 0.422915 0.414912 0 
4 0.234043 0.076468 0.23981 0.003467 0.422915 0.414912 0 
4 0.255319 0.081002 0.337846 0.003467 0.422915 0.414912 1 
4 0.276596 0.081002 0.444957 0.003467 0.422915 0.414912 1 
4 0.297872 0.076468 0.439304 0.003467 0.422915 0.414912 0 
4 0.319149 0.076468 0.500595 0.003467 0.422915 0.414912 1 
4 0.340426 0.06614 0.528712 0.003467 0.422915 0.414912 0 
4 0.361702 0.06614 0.5241 0.003467 0.422915 0.414912 0 
4 0.382979 0.056263 0.547902 0.003467 0.422915 0.414912 0 
4 0.404255 0.081002 0.553407 0.003467 0.422915 0.414912 1 
4 0.425532 0.06614 0.535852 0.003467 0.422915 0.414912 0 
4 0.446809 0.081002 0.518149 0.003467 0.422915 0.414912 1 
4 0.468085 0.081002 0.50476 0.003467 0.422915 0.414912 1 
4 0.489362 0.06614 0.497322 0.003467 0.422915 0.414912 0 
4 0.510638 0.06614 0.486909 0.003467 0.422915 0.414912 0 
4 0.531915 0.082593 0.477834 0.003467 0.422915 0.414912 1 
4 0.553191 0.06614 0.472181 0.003467 0.422915 0.414912 0 
4 0.574468 0.06614 0.469949 0.003467 0.422915 0.414912 0 
4 0.595745 0.06614 0.462214 0.003467 0.422915 0.414912 0 
4 0.617021 0.082593 0.45061 0.003467 0.422915 0.414912 1 
4 0.638298 0.085505 0.443618 0.003467 0.422915 0.414912 1 
4 0.659574 0.09145 0.452246 0.003467 0.422915 0.414912 1 
4 0.680851 0.101747 0.457453 0.003467 0.422915 0.414912 1 
4 0.702128 0.093821 0.468908 0.003467 0.422915 0.414912 1 
4 0.723404 0.084754 0.484975 0.003467 0.422915 0.414912 1 
4 0.744681 0.082593 0.536894 0.003467 0.422915 0.414912 1 
4 0.765957 0.081002 0.59283 0.003467 0.422915 0.414912 1 
4 0.787234 0.06614 0.587474 0.003467 0.422915 0.414912 0 
4 0.808511 0.081002 0.561886 0.003467 0.422915 0.414912 1 
4 0.829787 0.06614 0.531687 0.003467 0.422915 0.414912 0 
4 0.851064 0.081002 0.518893 0.003467 0.422915 0.414912 1 
4 0.87234 0.081002 0.500893 0.003467 0.422915 0.414912 1 
4 0.893617 0.076468 0.459685 0.003467 0.422915 0.414912 1 
4 0.914894 0.06614 0.415799 0.003467 0.422915 0.414912 0 
4 0.93617 0.081002 0.46385 0.003467 0.422915 0.414912 1 
4 0.957447 0.082593 0.490033 0.003467 0.422915 0.414912 1 
4 0.978723 0.082593 0.504165 0.003467 0.422915 0.414912 1 
4 1 0.082593 0.503124 0.003467 0.422915 0.414912 1 
