4 0 0.027981 0.349301 0.001853 0.387882 0.605702 0 
4 0.021277 0.028312 0.333829 0.001874 0.361212 0.610965 0 
4 0.042553 0.031524 0.301101 0.002086 0.412481 0.529386 0 
4 0.06383 0.03927 0.26748 0.002455 0.391766 0.583772 1 
4 0.085106 0.058034 0.238471 0.002455 0.34464 0.585965 1 
4 0.106383 0.032515 0.208866 0.002104 0.312791 0.705263 1 
4 0.12766 0.029452 0.187444 0.001886 0.302693 0.763596 0 
4 0.148936 0.028251 0.161708 0.001813 0.280425 0.772368 0 
4 0.170213 0.029152 0.175543 0.001828 0.272916 0.809649 0 
4 0.191489 0.028882 0.175989 0.001843 0.26463 0.79386 0 
4 0.212766 0.029633 0.199345 0.001884 0.263853 0.809649 0 
4 0.234043 0.029302 0.250521 0.001878 0.292336 0.757895 0 
4 0.255319 0.034226 0.347664 0.002221 0.357328 0.679825 1 
4 0.276596 0.031824 0.432907 0.002102 0.435008 0.535965 0 
4 0.297872 0.028071 0.457007 0.001892 0.479026 0.501754 0 
4 0.319149 0.028942 0.503273 0.001973 0.551787 0.477632 0 
4 0.340426 0.028942 0.524249 0.001967 0.583894 0.382018 0 
4 0.361702 0.028942 0.519637 0.001963 0.597618 0.35 0 
4 0.382979 0.029002 0.531092 0.001961 0.611859 0.325877 0 
4 0.404255 0.028942 0.534216 0.001953 0.614707 0.311842 0 
4 0.425532 0.029062 0.509967 0.001978 0.606939 0.287719 0 
4 0.446809 0.029302 0.521422 0.001998 0.596841 0.319298 0 
4 0.468085 0.028942 0.508331 0.00198 0.595546 0.324123 0 
4 0.489362 0.030173 0.541506 0.002071 0.605127 0.363158 0 
4 0.510638 0.034977 0.533621 0.002432 0.589332 0.336404 1 
4 0.531915 0.032365 0.526927 0.002246 0.600725 0.34386 1 
4 0.553191 0.032665 0.517852 0.002264 0.632056 0.315351 1 
4 0.574468 0.031914 0.511752 0.002221 0.625583 0.346053 0 
4 0.595745 0.030383 0.504314 0.00211 0.615225 0.346491 0 
4 0.617021 0.028942 0.490628 0.002017 0.622475 0.338596 0 
4 0.638298 0.029633 0.479768 0.002059 0.61885 0.355702 0 
4 0.659574 0.033566 0.489438 0.002333 0.625583 0.303509 1 
4 0.680851 0.037378 0.503273 0.002603 0.624806 0.385965 1 
4 0.702128 0.035547 0.538084 0.002459 0.654842 0.357018 1 
4 0.723404 0.093791 0.614252 0.0065 0.708182 0.331579 1 
4 0.744681 0.095683 0.681494 0.006641 0.753755 0.286842 1 
4 0.765957 0.121532 0.66632 0.008315 0.730709 0.341667 1 
4 0.787234 0.0783 0.639393 0.005343 0.682807 0.377193 1 
4 0.808511 0.048127 0.599524 0.003297 0.639306 0.35307 1 
4 0.829787 0.040261 0.571705 0.002775 0.606163 0.353947 1 
4 0.851064 0.053681 0.558167 0.003689 0.576385 0.383772 1 
4 0.87234 0.045515 0.536894 0.003149 0.54117 0.40614 1 
4 0.893617 0.036568 0.495686 0.002499 0.517349 0.438596 0 
4 0.914894 0.028972 0.454478 0.001965 0.486794 0.464035 0 
4 0.93617 0.064459 0.494347 0.004333 0.457535 0.596053 1 
4 0.957447 0.03957 0.512645 0.002644 0.425168 0.583333 0 
4 0.978723 0.108262 0.516215 0.007243 0.474883 0.616667 1 
4 1 0.123034 0.511752 0.008097 0.467892 0.648246 1 
