2 0 0.048997 0.294704 0.003382 0.296737 0.500526 0 
2 0.021277 0.047166 0.250223 0.003178 0.269032 0.500526 0 
2 0.042553 0.054251 0.23609 0.00365 0.32289 0.500526 1 
2 0.06383 0.047826 0.201726 0.003243 0.296737 0.500526 0 
2 0.085106 0.039 0.164981 0.00273 0.254272 0.500526 0 
2 0.106383 0.03963 0.135823 0.002721 0.216209 0.500526 0 
2 0.12766 0.034556 0.117227 0.002283 0.178405 0.500526 0 
2 0.148936 0.030924 0.104136 0.002036 0.146038 0.500526 0 
2 0.170213 0.037889 0.107557 0.002501 0.126618 0.500526 0 
2 0.191489 0.03891 0.116781 0.002599 0.120145 0.500526 0 
2 0.212766 0.041732 0.146385 0.002931 0.139306 0.500526 0 
2 0.234043 0.042392 0.189527 0.003012 0.16986 0.500526 0 
2 0.255319 0.045485 0.288753 0.003029 0.245469 0.500526 0 
2 0.276596 0.050078 0.375632 0.003502 0.330917 0.500526 0 
2 0.297872 0.050889 0.383071 0.003828 0.382185 0.500526 0 
2 0.319149 0.062027 0.442874 0.004333 0.448472 0.500526 1 
2 0.340426 0.074036 0.470544 0.005793 0.478509 0.500526 1 
2 0.361702 0.077339 0.479917 0.005517 0.484464 0.500526 1 
2 0.382979 0.077609 0.523654 0.005735 0.485759 0.500526 1 
2 0.404255 0.07845 0.55296 0.007171 0.490161 0.500526 1 
2 0.425532 0.060496 0.54463 0.005328 0.479026 0.500526 1 
2 0.446809 0.061847 0.535852 0.00478 0.477732 0.500526 1 
2 0.468085 0.061757 0.531538 0.004242 0.471776 0.500526 1 
2 0.489362 0.071995 0.537489 0.005079 0.477214 0.500526 1 
2 0.510638 0.074997 0.526629 0.005395 0.462714 0.500526 1 
2 0.531915 0.064579 0.516067 0.004404 0.451838 0.500526 1 
2 0.553191 0.075657 0.516215 0.005228 0.467892 0.500526 1 
2 0.574468 0.084394 0.511901 0.006637 0.455463 0.500526 1 
2 0.595745 0.09175 0.501785 0.006575 0.442776 0.500526 1 
2 0.617021 0.081902 0.491074 0.005719 0.443294 0.500526 1 
2 0.638298 0.080701 0.483785 0.005895 0.437338 0.500526 1 
2 0.659574 0.06635 0.494347 0.004632 0.424909 0.500526 1 
2 0.680851 0.066801 0.51086 0.004749 0.431901 0.500526 1 
2 0.702128 0.077399 0.538828 0.005451 0.448731 0.500526 1 
2 0.723404 0.107061 0.573044 0.007786 0.491196 0.500526 1 
2 0.744681 0.122823 0.618268 0.008484 0.566805 0.500526 1 
2 0.765957 0.124715 0.593871 0.008992 0.585707 0.500526 1 
2 0.787234 0.123964 0.555192 0.009906 0.544795 0.500526 1 
2 0.808511 0.10559 0.506843 0.007906 0.499482 0.500526 1 
2 0.829787 0.074397 0.467123 0.00521 0.470999 0.500526 1 
2 0.851064 0.077459 0.445403 0.005378 0.444847 0.500526 1 
2 0.87234 0.089318 0.427998 0.006466 0.428017 0.500526 1 
2 0.893617 0.075657 0.382475 0.005528 0.3884 0.500526 1 
2 0.914894 0.06548 0.357334 0.00479 0.352667 0.500526 0 
2 0.93617 0.064879 0.414609 0.00467 0.340497 0.500526 0 
2 0.957447 0.063558 0.438709 0.004564 0.33247 0.500526 0 
2 0.978723 0.074397 0.452395 0.005415 0.412222 0.500526 1 
2 1 0.077309 0.44332 0.005484 0.409632 0.500526 1 
