6 0 0.054672 0.430824 0.003467 0.422915 0.414912 0 
6 0.021277 0.05317 0.407319 0.003467 0.422915 0.414912 0 
6 0.042553 0.053381 0.36983 0.003467 0.422915 0.414912 0 
6 0.06383 0.0529 0.309729 0.003467 0.422915 0.414912 0 
6 0.085106 0.05314 0.244273 0.003467 0.422915 0.414912 0 
6 0.106383 0.048337 0.204403 0.003467 0.422915 0.414912 0 
6 0.12766 0.048006 0.164832 0.003467 0.422915 0.414912 0 
6 0.148936 0.047016 0.137905 0.003467 0.422915 0.414912 0 
6 0.170213 0.051819 0.128384 0.003467 0.422915 0.414912 0 
6 0.191489 0.05278 0.121839 0.003467 0.422915 0.414912 0 
6 0.212766 0.047076 0.127789 0.003467 0.422915 0.414912 0 
6 0.234043 0.046986 0.141029 0.003467 0.422915 0.414912 0 
6 0.255319 0.048487 0.176882 0.003467 0.422915 0.414912 0 
6 0.276596 0.047346 0.206635 0.003467 0.422915 0.414912 0 
6 0.297872 0.049928 0.250521 0.003467 0.422915 0.414912 0 
6 0.319149 0.05281 0.324308 0.003467 0.422915 0.414912 0 
6 0.340426 0.053801 0.382327 0.003467 0.422915 0.414912 0 
6 0.361702 0.054191 0.422493 0.003467 0.422915 0.414912 0 
6 0.382979 0.055722 0.459685 0.003467 0.422915 0.414912 0 
6 0.404255 0.054191 0.46028 0.003467 0.422915 0.414912 0 
6 0.425532 0.054401 0.452693 0.003467 0.422915 0.414912 0 
6 0.446809 0.055422 0.433204 0.003467 0.422915 0.414912 0 
6 0.468085 0.055272 0.41684 0.003467 0.422915 0.414912 0 
6 0.489362 0.054221 0.408807 0.003467 0.422915 0.414912 0 
6 0.510638 0.055963 0.396311 0.003467 0.422915 0.414912 0 
6 0.531915 0.057704 0.38679 0.003467 0.422915 0.414912 1 
6 0.553191 0.061517 0.368789 0.003467 0.422915 0.414912 1 
6 0.574468 0.059565 0.359566 0.003467 0.422915 0.414912 1 
6 0.595745 0.064429 0.343201 0.003467 0.422915 0.414912 1 
6 0.617021 0.054702 0.333532 0.003467 0.422915 0.414912 0 
6 0.638298 0.0523 0.329961 0.003467 0.422915 0.414912 0 
6 0.659574 0.051789 0.335466 0.003467 0.422915 0.414912 0 
6 0.680851 0.05272 0.34097 0.003467 0.422915 0.414912 0 
6 0.702128 0.055512 0.368343 0.003467 0.422915 0.414912 0 
6 0.723404 0.055933 0.40717 0.003467 0.422915 0.414912 0 
6 0.744681 0.057584 0.487206 0.003467 0.422915 0.414912 1 
6 0.765957 0.064429 0.495388 0.003467 0.422915 0.414912 1 
6 0.787234 0.063738 0.464296 0.003467 0.422915 0.414912 1 
6 0.808511 0.055722 0.418923 0.003467 0.422915 0.414912 1 
6 0.829787 0.053951 0.382773 0.003467 0.422915 0.414912 0 
6 0.851064 0.05317 0.360607 0.003467 0.422915 0.414912 0 
6 0.87234 0.053681 0.341714 0.003467 0.422915 0.414912 0 
6 0.893617 0.051339 0.318209 0.003467 0.422915 0.414912 0 
6 0.914894 0.051339 0.298126 0.003467 0.422915 0.414912 0 
6 0.93617 0.054642 0.323713 0.003467 0.422915 0.414912 1 
6 0.957447 0.05308 0.332342 0.003467 0.422915 0.414912 0 
6 0.978723 0.059565 0.340524 0.003467 0.422915 0.414912 1 
6 1 0.05317 0.322374 0.003467 0.422915 0.414912 0 
