5 0 0.056323 0.419072 0.003467 0.422915 0.414912 0 
5 0.021277 0.056323 0.383368 0.003467 0.422915 0.414912 0 
5 0.042553 0.061066 0.354359 0.003467 0.422915 0.414912 1 
5 0.06383 0.051759 0.304671 0.003467 0.422915 0.414912 0 
5 0.085106 0.056323 0.24457 0.003467 0.422915 0.414912 0 
5 0.106383 0.056323 0.208123 0.003467 0.422915 0.414912 0 
5 0.12766 0.053951 0.172121 0.003467 0.422915 0.414912 0 
5 0.148936 0.051549 0.151145 0.003467 0.422915 0.414912 0 
5 0.170213 0.048337 0.140881 0.003467 0.422915 0.414912 0 
5 0.191489 0.050258 0.144154 0.003467 0.422915 0.414912 0 
5 0.212766 0.050198 0.174948 0.003467 0.422915 0.414912 0 
5 0.234043 0.050198 0.217644 0.003467 0.422915 0.414912 0 
5 0.255319 0.05236 0.304969 0.003467 0.422915 0.414912 0 
5 0.276596 0.05305 0.393187 0.003467 0.422915 0.414912 0 
5 0.297872 0.054461 0.393335 0.003467 0.422915 0.414912 0 
5 0.319149 0.056563 0.443469 0.003467 0.422915 0.414912 0 
5 0.340426 0.057974 0.460726 0.003467 0.422915 0.414912 0 
5 0.361702 0.058665 0.46742 0.003467 0.422915 0.414912 0 
5 0.382979 0.062838 0.515918 0.003467 0.422915 0.414912 1 
5 0.404255 0.089498 0.536001 0.003467 0.422915 0.414912 1 
5 0.425532 0.06578 0.529307 0.003467 0.422915 0.414912 1 
5 0.446809 0.057974 0.519339 0.003467 0.422915 0.414912 0 
5 0.468085 0.057974 0.512794 0.003467 0.422915 0.414912 0 
5 0.489362 0.056563 0.515323 0.003467 0.422915 0.414912 0 
5 0.510638 0.057974 0.509967 0.003467 0.422915 0.414912 0 
5 0.531915 0.057974 0.500595 0.003467 0.422915 0.414912 0 
5 0.553191 0.057974 0.496281 0.003467 0.422915 0.414912 0 
5 0.574468 0.056563 0.498661 0.003467 0.422915 0.414912 0 
5 0.595745 0.054461 0.478132 0.003467 0.422915 0.414912 0 
5 0.617021 0.05305 0.472925 0.003467 0.422915 0.414912 0 
5 0.638298 0.05305 0.465338 0.003467 0.422915 0.414912 0 
5 0.659574 0.05305 0.46385 0.003467 0.422915 0.414912 0 
5 0.680851 0.05305 0.460875 0.003467 0.422915 0.414912 0 
5 0.702128 0.05236 0.464594 0.003467 0.422915 0.414912 0 
5 0.723404 0.05305 0.468015 0.003467 0.422915 0.414912 0 
5 0.744681 0.10508 0.514133 0.003467 0.422915 0.414912 1 
5 0.765957 0.104449 0.520976 0.003467 0.422915 0.414912 1 
5 0.787234 0.071694 0.493454 0.003467 0.422915 0.414912 1 
5 0.808511 0.051759 0.449122 0.003467 0.422915 0.414912 0 
5 0.829787 0.05305 0.422642 0.003467 0.422915 0.414912 0 
5 0.851064 0.051849 0.411485 0.003467 0.422915 0.414912 0 
5 0.87234 0.051759 0.391699 0.003467 0.422915 0.414912 0 
5 0.893617 0.05236 0.364326 0.003467 0.422915 0.414912 0 
5 0.914894 0.051759 0.344838 0.003467 0.422915 0.414912 0 
5 0.93617 0.056563 0.405385 0.003467 0.422915 0.414912 0 
5 0.957447 0.05236 0.434246 0.003467 0.422915 0.414912 0 
5 0.978723 0.05305 0.453288 0.003467 0.422915 0.414912 0 
5 1 0.056563 0.443023 0.003467 0.422915 0.414912 0 
