2 0 0.034286 0.224636 0.002339 0.31072 0.396053 0 
2 0.021277 0.036898 0.202321 0.002497 0.281719 0.433333 0 
2 0.042553 0.043023 0.184171 0.002914 0.353185 0.39693 1 
2 0.06383 0.035967 0.153823 0.002435 0.322631 0.442105 0 
2 0.085106 0.035907 0.135823 0.00242 0.283532 0.447807 0 
2 0.106383 0.044404 0.133442 0.002977 0.234593 0.539035 1 
2 0.12766 0.032875 0.128831 0.002185 0.208441 0.609211 0 
2 0.148936 0.028882 0.132401 0.001913 0.197048 0.635088 0 
2 0.170213 0.033686 0.158584 0.002229 0.197307 0.617982 0 
2 0.191489 0.043293 0.196519 0.002856 0.219575 0.710526 1 
2 0.212766 0.06545 0.267629 0.004287 0.290523 0.753947 1 
2 0.234043 0.081932 0.354805 0.00538 0.361989 0.637719 1 
2 0.255319 0.103879 0.395418 0.007 0.4855 0.502193 1 
2 0.276596 0.114807 0.457304 0.007792 0.572242 0.384211 1 
2 0.297872 0.074847 0.473222 0.005075 0.544278 0.448684 1 
2 0.319149 0.075057 0.490925 0.005039 0.548938 0.419737 1 
2 0.340426 0.076768 0.544481 0.005104 0.568099 0.480263 1 
2 0.361702 0.075387 0.570068 0.004994 0.554117 0.473246 1 
2 0.382979 0.077669 0.566796 0.005154 0.556706 0.49386 1 
2 0.404255 0.075808 0.561589 0.005031 0.564992 0.489035 1 
2 0.425532 0.082623 0.569176 0.005507 0.566028 0.466667 1 
2 0.446809 0.085415 0.571854 0.005721 0.569653 0.471491 1 
2 0.468085 0.07887 0.57111 0.005253 0.555153 0.486404 1 
2 0.489362 0.087967 0.569027 0.00585 0.553081 0.507018 1 
2 0.510638 0.086916 0.571705 0.005773 0.552305 0.485526 1 
2 0.531915 0.089138 0.563969 0.005937 0.556447 0.497807 1 
2 0.553191 0.089138 0.557572 0.005935 0.56318 0.479386 1 
2 0.574468 0.085505 0.549985 0.005696 0.549197 0.486842 1 
2 0.595745 0.077189 0.540167 0.005118 0.535215 0.467982 1 
2 0.617021 0.075928 0.539274 0.005044 0.529259 0.467982 1 
2 0.638298 0.075057 0.537786 0.004992 0.531072 0.473684 1 
2 0.659574 0.075087 0.533621 0.004996 0.534438 0.476754 1 
2 0.680851 0.06557 0.522017 0.004375 0.544019 0.447368 1 
2 0.702128 0.074937 0.519339 0.005014 0.554894 0.45 1 
2 0.723404 0.05308 0.500595 0.003581 0.557483 0.410088 0 
2 0.744681 0.043953 0.474412 0.002985 0.527965 0.364035 0 
2 0.765957 0.041582 0.458048 0.002819 0.506732 0.397368 0 
2 0.787234 0.041942 0.47471 0.002852 0.515018 0.289474 0 
2 0.808511 0.041852 0.470693 0.002873 0.516313 0.292982 0 
2 0.829787 0.041612 0.449122 0.002856 0.51217 0.305702 0 
2 0.851064 0.04011 0.411485 0.002738 0.480062 0.321053 0 
2 0.87234 0.037198 0.374442 0.002526 0.449508 0.324123 0 
2 0.893617 0.03897 0.388724 0.002624 0.390212 0.493421 0 
2 0.914894 0.033085 0.396013 0.002208 0.346453 0.504825 0 
2 0.93617 0.080221 0.420857 0.005312 0.301916 0.638596 1 
2 0.957447 0.042993 0.441535 0.002831 0.297255 0.626316 0 
2 0.978723 0.089138 0.43856 0.0058 0.419731 0.47193 1 
2 1 0.079831 0.417882 0.005363 0.444588 0.473684 1 
