3 0 0.068242 0.551324 0.004506 0.471776 0.604825 1 
3 0.021277 0.050528 0.535406 0.003349 0.443811 0.609211 1 
3 0.042553 0.058244 0.505356 0.003893 0.504402 0.524561 1 
3 0.06383 0.067101 0.457899 0.00447 0.490678 0.542982 1 
3 0.085106 0.073376 0.395269 0.004844 0.461678 0.592544 1 
3 0.106383 0.058845 0.344987 0.003282 0.427499 0.611404 1 
3 0.12766 0.031494 0.29515 0.00205 0.397462 0.677632 0 
3 0.148936 0.028402 0.259298 0.001847 0.380373 0.692105 0 
3 0.170213 0.029422 0.239958 0.001903 0.354738 0.703947 0 
3 0.191489 0.029723 0.236388 0.001911 0.347229 0.745614 0 
3 0.212766 0.034226 0.266141 0.002202 0.346712 0.732018 0 
3 0.234043 0.029843 0.31806 0.001942 0.373123 0.674561 0 
3 0.255319 0.049478 0.42532 0.003259 0.443294 0.576316 1 
3 0.276596 0.079801 0.545671 0.005368 0.529001 0.455702 1 
3 0.297872 0.035817 0.614847 0.002495 0.585707 0.304386 0 
3 0.319149 0.041071 0.700536 0.002894 0.66986 0.283772 1 
3 0.340426 0.040261 0.717495 0.002821 0.694459 0.276754 0 
3 0.361702 0.040261 0.703957 0.002819 0.697566 0.260088 0 
3 0.382979 0.038219 0.700833 0.00264 0.704816 0.243421 0 
3 0.404255 0.035037 0.68313 0.002441 0.713361 0.219737 0 
3 0.425532 0.032575 0.65784 0.002273 0.688762 0.221053 0 
3 0.446809 0.036117 0.648021 0.002528 0.691352 0.215789 0 
3 0.468085 0.038459 0.628533 0.002696 0.683325 0.24386 0 
3 0.489362 0.037709 0.619458 0.002646 0.679441 0.231579 0 
3 0.510638 0.036748 0.596995 0.002584 0.661315 0.22193 0 
3 0.531915 0.037919 0.58792 0.002684 0.663905 0.223246 0 
3 0.553191 0.03972 0.586879 0.002821 0.684878 0.205263 0 
3 0.574468 0.037589 0.577209 0.002673 0.678664 0.195175 0 
3 0.595745 0.033535 0.566944 0.002385 0.664423 0.185526 0 
3 0.617021 0.029002 0.556531 0.002418 0.657949 0.203947 0 
3 0.638298 0.034736 0.55177 0.002468 0.648369 0.211842 0 
3 0.659574 0.036448 0.567986 0.002586 0.641119 0.253509 0 
3 0.680851 0.038129 0.598185 0.002703 0.638011 0.25307 0 
3 0.702128 0.040951 0.671526 0.00291 0.665976 0.290789 0 
3 0.723404 0.085685 0.786522 0.006039 0.73796 0.312719 1 
3 0.744681 0.111295 0.868938 0.0077 0.811756 0.335965 1 
3 0.765957 0.092981 0.87474 0.006363 0.793112 0.314474 1 
3 0.787234 0.075177 0.852425 0.00516 0.74754 0.323246 1 
3 0.808511 0.0653 0.81687 0.004514 0.697048 0.356579 1 
3 0.829787 0.040741 0.785332 0.002833 0.659503 0.349123 0 
3 0.851064 0.043293 0.764802 0.003016 0.627654 0.382456 0 
3 0.87234 0.078179 0.730586 0.005393 0.599171 0.476754 1 
3 0.893617 0.065059 0.686105 0.00447 0.567582 0.502193 1 
3 0.914894 0.034106 0.621839 0.002351 0.527447 0.457895 0 
3 0.93617 0.045274 0.63255 0.003089 0.486277 0.592105 0 
3 0.957447 0.032875 0.612615 0.002221 0.455981 0.529825 0 
3 0.978723 0.041281 0.599524 0.002811 0.510098 0.502632 0 
3 1 0.063198 0.596102 0.004254 0.502848 0.529825 1 
