7 0 0.051939 0.584052 0.003444 0.495857 0.498684 1 
7 0.021277 0.047136 0.566052 0.00311 0.465044 0.528509 1 
7 0.042553 0.067191 0.534216 0.004441 0.507768 0.464035 1 
7 0.06383 0.054341 0.479024 0.00361 0.481357 0.460088 1 
7 0.085106 0.040771 0.41327 0.002719 0.430865 0.518421 0 
7 0.106383 0.040351 0.363285 0.00268 0.383739 0.602193 0 
7 0.12766 0.040201 0.305713 0.002653 0.343086 0.635088 0 
7 0.148936 0.03984 0.261083 0.002617 0.311756 0.703947 0 
7 0.170213 0.040891 0.230735 0.002673 0.270844 0.717105 0 
7 0.191489 0.040891 0.210057 0.002676 0.253496 0.71886 0 
7 0.212766 0.040891 0.211098 0.002671 0.251165 0.726754 0 
7 0.234043 0.040891 0.224338 0.002665 0.24754 0.757018 0 
7 0.255319 0.038399 0.255281 0.002503 0.263076 0.739474 0 
7 0.276596 0.038369 0.294258 0.002489 0.277835 0.755263 0 
7 0.297872 0.034226 0.343499 0.002196 0.264371 0.721053 0 
7 0.319149 0.033746 0.432461 0.002144 0.298032 0.708772 0 
7 0.340426 0.03909 0.521868 0.002472 0.34464 0.70307 0 
7 0.361702 0.040771 0.587623 0.002609 0.403677 0.634211 0 
7 0.382979 0.043533 0.642368 0.002846 0.444847 0.532895 0 
7 0.404255 0.042212 0.655906 0.002796 0.454169 0.522368 0 
7 0.425532 0.041822 0.641773 0.002773 0.453133 0.536842 0 
7 0.446809 0.042002 0.602053 0.002794 0.44407 0.544737 0 
7 0.468085 0.042993 0.583606 0.002869 0.431383 0.540789 0 
7 0.489362 0.041522 0.56025 0.002769 0.413257 0.626754 0 
7 0.510638 0.041431 0.54091 0.00273 0.389694 0.683772 0 
7 0.531915 0.040921 0.516959 0.002682 0.373123 0.713158 0 
7 0.553191 0.040891 0.500595 0.002667 0.375712 0.699561 0 
7 0.574468 0.040831 0.469949 0.002663 0.352149 0.740351 0 
7 0.595745 0.040891 0.455519 0.002644 0.332729 0.764474 0 
7 0.617021 0.040681 0.450015 0.002626 0.321595 0.778947 0 
7 0.638298 0.040891 0.447932 0.002636 0.309425 0.782456 0 
7 0.659574 0.040891 0.45418 0.002634 0.310979 0.820175 0 
7 0.680851 0.040291 0.482743 0.00259 0.321077 0.797807 0 
7 0.702128 0.0399 0.557572 0.002555 0.349042 0.747368 0 
7 0.723404 0.041431 0.641178 0.002648 0.433972 0.607018 0 
7 0.744681 0.042122 0.723594 0.002742 0.519679 0.532018 0 
7 0.765957 0.041702 0.731776 0.002736 0.529001 0.594298 0 
7 0.787234 0.041431 0.715412 0.002703 0.509322 0.620175 0 
7 0.808511 0.041492 0.669444 0.0027 0.470999 0.674123 0 
7 0.829787 0.043083 0.624814 0.002821 0.434749 0.63114 1 
7 0.851064 0.077339 0.603541 0.005077 0.423097 0.640351 1 
7 0.87234 0.043503 0.576614 0.002867 0.407302 0.672807 1 
7 0.893617 0.042302 0.548795 0.002777 0.380114 0.69386 0 
7 0.914894 0.041702 0.508628 0.002725 0.368462 0.695614 0 
7 0.93617 0.041882 0.526778 0.002727 0.368721 0.687719 0 
7 0.957447 0.040771 0.523356 0.002673 0.380632 0.652632 0 
7 0.978723 0.042032 0.511157 0.002775 0.45624 0.515789 0 
7 1 0.040651 0.474561 0.002705 0.462196 0.54386 0 
