6 0 0.074817 0.350937 0.003467 0.422915 0.414912 0 
6 0.021277 0.053981 0.282654 0.003467 0.422915 0.414912 0 
6 0.042553 0.053291 0.218834 0.003467 0.422915 0.414912 0 
6 0.06383 0.05254 0.172568 0.003467 0.422915 0.414912 0 
6 0.085106 0.051909 0.135079 0.003467 0.422915 0.414912 0 
6 0.106383 0.051909 0.105921 0.003467 0.422915 0.414912 0 
6 0.12766 0.051909 0.091491 0.003467 0.422915 0.414912 0 
6 0.148936 0.051909 0.085838 0.003467 0.422915 0.414912 0 
6 0.170213 0.051909 0.092383 0.003467 0.422915 0.414912 0 
6 0.191489 0.051909 0.098631 0.003467 0.422915 0.414912 0 
6 0.212766 0.051909 0.127194 0.003467 0.422915 0.414912 0 
6 0.234043 0.05257 0.16632 0.003467 0.422915 0.414912 0 
6 0.255319 0.054642 0.211247 0.003467 0.422915 0.414912 0 
6 0.276596 0.056833 0.275811 0.003467 0.422915 0.414912 0 
6 0.297872 0.077819 0.325945 0.003467 0.422915 0.414912 1 
6 0.319149 0.077819 0.359566 0.003467 0.422915 0.414912 1 
6 0.340426 0.078179 0.396459 0.003467 0.422915 0.414912 1 
6 0.361702 0.074817 0.407319 0.003467 0.422915 0.414912 1 
6 0.382979 0.074817 0.398542 0.003467 0.422915 0.414912 1 
6 0.404255 0.074817 0.383963 0.003467 0.422915 0.414912 1 
6 0.425532 0.074817 0.37474 0.003467 0.422915 0.414912 1 
6 0.446809 0.074817 0.362392 0.003467 0.422915 0.414912 1 
6 0.468085 0.063378 0.352127 0.003467 0.422915 0.414912 0 
6 0.489362 0.065119 0.337251 0.003467 0.422915 0.414912 0 
6 0.510638 0.056833 0.32654 0.003467 0.422915 0.414912 0 
6 0.531915 0.056833 0.308837 0.003467 0.422915 0.414912 0 
6 0.553191 0.056833 0.303332 0.003467 0.422915 0.414912 0 
6 0.574468 0.056833 0.286819 0.003467 0.422915 0.414912 0 
6 0.595745 0.054642 0.281315 0.003467 0.422915 0.414912 0 
6 0.617021 0.054672 0.27834 0.003467 0.422915 0.414912 0 
6 0.638298 0.056833 0.278637 0.003467 0.422915 0.414912 0 
6 0.659574 0.054642 0.284142 0.003467 0.422915 0.414912 0 
6 0.680851 0.054642 0.269563 0.003467 0.422915 0.414912 0 
6 0.702128 0.054642 0.281761 0.003467 0.422915 0.414912 0 
6 0.723404 0.054642 0.290836 0.003467 0.422915 0.414912 0 
6 0.744681 0.054642 0.29039 0.003467 0.422915 0.414912 0 
6 0.765957 0.054642 0.2831 0.003467 0.422915 0.414912 0 
6 0.787234 0.054642 0.273579 0.003467 0.422915 0.414912 0 
6 0.808511 0.054642 0.289051 0.003467 0.422915 0.414912 0 
6 0.829787 0.054642 0.310622 0.003467 0.422915 0.414912 0 
6 0.851064 0.056833 0.293663 0.003467 0.422915 0.414912 0 
6 0.87234 0.054642 0.264951 0.003467 0.422915 0.414912 0 
6 0.893617 0.076018 0.286076 0.003467 0.422915 0.414912 1 
6 0.914894 0.056833 0.290836 0.003467 0.422915 0.414912 0 
6 0.93617 0.076018 0.300506 0.003467 0.422915 0.414912 1 
6 0.957447 0.056833 0.288456 0.003467 0.422915 0.414912 0 
6 0.978723 0.054642 0.273728 0.003467 0.422915 0.414912 0 
6 1 0.054642 0.233413 0.003467 0.422915 0.414912 0 
