1 0 0.059926 0.468908 0.0035 0.425945 0.681579 0 
1 0.021277 0.051309 0.429337 0.00275 0.408079 0.688158 0 
1 0.042553 0.05317 0.385004 0.00333 0.453651 0.643421 0 
1 0.06383 0.050769 0.334722 0.00275 0.434231 0.607895 0 
1 0.085106 0.0523 0.293663 0.00275 0.39798 0.622368 0 
1 0.106383 0.037889 0.251265 0.002439 0.363283 0.733333 0 
1 0.12766 0.032935 0.221363 0.001909 0.336613 0.763158 0 
1 0.148936 0.031374 0.200684 0.001909 0.315898 0.779825 0 
1 0.170213 0.02684 0.184915 0.001714 0.278094 0.785965 0 
1 0.191489 0.027471 0.174204 0.001762 0.249871 0.77193 0 
1 0.212766 0.027021 0.178221 0.001732 0.226049 0.807456 0 
1 0.234043 0.024979 0.184915 0.001514 0.210513 0.838158 0 
1 0.255319 0.027801 0.210354 0.001479 0.209218 0.816228 0 
1 0.276596 0.031044 0.234305 0.001151 0.19912 0.816228 0 
1 0.297872 0.035517 0.277745 0.00118 0.175298 0.816228 0 
1 0.319149 0.0396 0.356739 0.001288 0.198861 0.816228 0 
1 0.340426 0.042422 0.442428 0.002318 0.226049 0.841667 0 
1 0.361702 0.050258 0.50848 0.00275 0.260228 0.797807 0 
1 0.382979 0.048517 0.552365 0.003112 0.306577 0.818421 0 
1 0.404255 0.045364 0.564415 0.002848 0.324702 0.837281 0 
1 0.425532 0.046475 0.548349 0.00296 0.340238 0.813158 0 
1 0.446809 0.041311 0.521273 0.002628 0.350337 0.757456 0 
1 0.468085 0.048157 0.490479 0.00275 0.35189 0.679825 0 
1 0.489362 0.044013 0.466825 0.00275 0.372087 0.665351 0 
1 0.510638 0.045755 0.441386 0.00275 0.394096 0.681579 0 
1 0.531915 0.045575 0.421303 0.002788 0.390212 0.68114 0 
1 0.553191 0.046385 0.391253 0.002669 0.395132 0.612281 0 
1 0.574468 0.041131 0.365367 0.002613 0.378819 0.634211 0 
1 0.595745 0.04008 0.348557 0.002588 0.373123 0.634211 0 
1 0.617021 0.03963 0.333978 0.002553 0.363801 0.65614 0 
1 0.638298 0.038159 0.327581 0.002489 0.362506 0.642982 0 
1 0.659574 0.033325 0.335168 0.002185 0.363283 0.619298 0 
1 0.680851 0.034766 0.362243 0.002285 0.373641 0.634211 0 
1 0.702128 0.042843 0.428146 0.002842 0.410927 0.562719 0 
1 0.723404 0.057404 0.52172 0.003818 0.474107 0.571053 1 
1 0.744681 0.077039 0.623624 0.0051 0.513723 0.546053 1 
1 0.765957 0.0789 0.654567 0.005231 0.521491 0.541667 1 
1 0.787234 0.06533 0.636418 0.004312 0.48783 0.555702 1 
1 0.808511 0.059445 0.623029 0.003934 0.465303 0.583772 1 
1 0.829787 0.057614 0.592681 0.003799 0.450544 0.608772 1 
1 0.851064 0.05239 0.567688 0.003463 0.432418 0.594298 1 
1 0.87234 0.049358 0.555936 0.003261 0.409373 0.613596 1 
1 0.893617 0.050588 0.530051 0.003336 0.385034 0.613158 1 
1 0.914894 0.047916 0.484677 0.00275 0.356292 0.659649 1 
1 0.93617 0.058064 0.493454 0.00275 0.340238 0.615789 1 
1 0.957447 0.055002 0.481702 0.002964 0.326774 0.615789 1 
1 0.978723 0.055002 0.464743 0.003629 0.386587 0.622807 1 
1 1 0.041912 0.427403 0.002663 0.378819 0.669298 0 
