5 0 0.087186 0.533472 0.005715 0.48291 0.544298 1 
5 0.021277 0.087426 0.515472 0.00571 0.453133 0.576316 1 
5 0.042553 0.089408 0.486611 0.005895 0.510875 0.525439 1 
5 0.06383 0.078239 0.430527 0.00512 0.488348 0.590789 1 
5 0.085106 0.054371 0.375335 0.003565 0.447437 0.616667 0 
5 0.106383 0.044194 0.328474 0.002894 0.40057 0.605263 0 
5 0.12766 0.058815 0.279976 0.003864 0.364578 0.642982 0 
5 0.148936 0.053321 0.253347 0.003486 0.336354 0.654825 0 
5 0.170213 0.034106 0.231627 0.002227 0.306836 0.667105 0 
5 0.191489 0.033415 0.232074 0.002185 0.291818 0.682895 0 
5 0.212766 0.06518 0.257215 0.004238 0.295184 0.730263 0 
5 0.234043 0.054281 0.307051 0.003527 0.323925 0.673684 0 
5 0.255319 0.071574 0.419667 0.004736 0.403418 0.574123 0 
5 0.276596 0.084364 0.523505 0.0056 0.494045 0.533772 1 
5 0.297872 0.083794 0.557721 0.005619 0.550492 0.403947 1 
5 0.319149 0.080551 0.62526 0.005403 0.627395 0.416667 1 
5 0.340426 0.097124 0.63731 0.006531 0.662092 0.407018 1 
5 0.361702 0.088567 0.623921 0.005966 0.666494 0.377632 1 
5 0.382979 0.126306 0.657542 0.008546 0.670637 0.410088 1 
5 0.404255 0.106791 0.659476 0.007164 0.661833 0.385526 1 
5 0.425532 0.093221 0.628831 0.006248 0.648628 0.364912 1 
5 0.446809 0.090068 0.600119 0.006051 0.642672 0.345175 1 
5 0.468085 0.088207 0.576763 0.005862 0.632056 0.274123 1 
5 0.489362 0.088928 0.560845 0.005879 0.625842 0.326316 1 
5 0.510638 0.088447 0.5482 0.005823 0.611341 0.330702 1 
5 0.531915 0.089258 0.538381 0.005858 0.609788 0.342982 1 
5 0.553191 0.088958 0.530794 0.005879 0.629726 0.352193 1 
5 0.574468 0.088898 0.523059 0.005868 0.620145 0.282895 1 
5 0.595745 0.086826 0.513538 0.005781 0.61419 0.351316 1 
5 0.617021 0.086526 0.498512 0.005791 0.600725 0.378947 1 
5 0.638298 0.085475 0.490925 0.005708 0.578975 0.428947 1 
5 0.659574 0.084724 0.49762 0.005658 0.567064 0.447807 1 
5 0.680851 0.085415 0.506546 0.005712 0.571983 0.40614 1 
5 0.702128 0.085535 0.533323 0.005719 0.589591 0.359211 1 
5 0.723404 0.084544 0.581821 0.005688 0.621958 0.339474 1 
5 0.744681 0.090068 0.678816 0.005999 0.68695 0.341228 1 
5 0.765957 0.093251 0.714519 0.006226 0.712843 0.292982 1 
5 0.787234 0.093461 0.704255 0.006265 0.689021 0.259211 1 
5 0.808511 0.088868 0.675097 0.005924 0.645779 0.269298 1 
5 0.829787 0.088507 0.650997 0.005879 0.613672 0.273684 1 
5 0.851064 0.087126 0.643558 0.00576 0.58001 0.352632 1 
5 0.87234 0.086045 0.62407 0.005685 0.553858 0.429825 1 
5 0.893617 0.080671 0.582862 0.005401 0.517607 0.462281 1 
5 0.914894 0.059565 0.531687 0.004009 0.482393 0.478947 0 
5 0.93617 0.083343 0.568878 0.00553 0.447178 0.637281 1 
5 0.957447 0.059926 0.569027 0.003268 0.42465 0.584211 0 
5 0.978723 0.083824 0.563523 0.005559 0.504143 0.519298 1 
5 1 0.084784 0.558762 0.005571 0.489643 0.583772 1 
