2 0 0.062447 0.35778 0.003467 0.422915 0.414912 0 
2 0.021277 0.05215 0.287414 0.003467 0.422915 0.414912 0 
2 0.042553 0.051219 0.234305 0.003467 0.422915 0.414912 0 
2 0.06383 0.049688 0.196816 0.003467 0.422915 0.414912 0 
2 0.085106 0.049688 0.158584 0.003467 0.422915 0.414912 0 
2 0.106383 0.049688 0.133591 0.003467 0.422915 0.414912 0 
2 0.12766 0.049688 0.116781 0.003467 0.422915 0.414912 0 
2 0.148936 0.051219 0.123921 0.003467 0.422915 0.414912 0 
2 0.170213 0.051219 0.144451 0.003467 0.422915 0.414912 0 
2 0.191489 0.071394 0.179262 0.003467 0.422915 0.414912 1 
2 0.212766 0.074757 0.263463 0.003467 0.422915 0.414912 1 
2 0.234043 0.090759 0.365367 0.003467 0.422915 0.414912 1 
2 0.255319 0.074817 0.376971 0.003467 0.422915 0.414912 1 
2 0.276596 0.086916 0.436031 0.003467 0.422915 0.414912 1 
2 0.297872 0.051219 0.462362 0.003467 0.422915 0.414912 0 
2 0.319149 0.051219 0.481107 0.003467 0.422915 0.414912 0 
2 0.340426 0.074817 0.541654 0.003467 0.422915 0.414912 1 
2 0.361702 0.074757 0.563076 0.003467 0.422915 0.414912 1 
2 0.382979 0.095322 0.560696 0.003467 0.422915 0.414912 1 
2 0.404255 0.106341 0.570812 0.003467 0.422915 0.414912 1 
2 0.425532 0.106341 0.58078 0.003467 0.422915 0.414912 1 
2 0.446809 0.106521 0.583309 0.003467 0.422915 0.414912 1 
2 0.468085 0.1058 0.578697 0.003467 0.422915 0.414912 1 
2 0.489362 0.106341 0.583904 0.003467 0.422915 0.414912 1 
2 0.510638 0.1058 0.594615 0.003467 0.422915 0.414912 1 
2 0.531915 0.117749 0.603689 0.003467 0.422915 0.414912 1 
2 0.553191 0.116969 0.601755 0.003467 0.422915 0.414912 1 
2 0.574468 0.117749 0.603689 0.003467 0.422915 0.414912 1 
2 0.595745 0.117749 0.603987 0.003467 0.422915 0.414912 1 
2 0.617021 0.119491 0.608152 0.003467 0.422915 0.414912 1 
2 0.638298 0.117749 0.611425 0.003467 0.422915 0.414912 1 
2 0.659574 0.116969 0.600863 0.003467 0.422915 0.414912 1 
2 0.680851 0.106341 0.567391 0.003467 0.422915 0.414912 1 
2 0.702128 0.1058 0.543142 0.003467 0.422915 0.414912 1 
2 0.723404 0.074817 0.502975 0.003467 0.422915 0.414912 0 
2 0.744681 0.074817 0.474264 0.003467 0.422915 0.414912 0 
2 0.765957 0.049688 0.442279 0.003467 0.422915 0.414912 0 
2 0.787234 0.074757 0.419964 0.003467 0.422915 0.414912 0 
2 0.808511 0.05245 0.440643 0.003467 0.422915 0.414912 0 
2 0.829787 0.062898 0.4277 0.003467 0.422915 0.414912 0 
2 0.851064 0.051219 0.398393 0.003467 0.422915 0.414912 0 
2 0.87234 0.051219 0.364921 0.003467 0.422915 0.414912 0 
2 0.893617 0.1058 0.388575 0.003467 0.422915 0.414912 1 
2 0.914894 0.086916 0.393335 0.003467 0.422915 0.414912 1 
2 0.93617 0.074817 0.414311 0.003467 0.422915 0.414912 0 
2 0.957447 0.074817 0.412377 0.003467 0.422915 0.414912 0 
2 0.978723 0.074817 0.414162 0.003467 0.422915 0.414912 0 
2 1 0.086916 0.388129 0.003467 0.422915 0.414912 1 
