5 0 0.062748 0.347516 0.003467 0.422915 0.414912 0 
5 0.021277 0.053861 0.278191 0.003467 0.422915 0.414912 0 
5 0.042553 0.05215 0.222553 0.003467 0.422915 0.414912 0 
5 0.06383 0.05215 0.183428 0.003467 0.422915 0.414912 0 
5 0.085106 0.049688 0.15427 0.003467 0.422915 0.414912 0 
5 0.106383 0.05215 0.137162 0.003467 0.422915 0.414912 0 
5 0.12766 0.049688 0.125558 0.003467 0.422915 0.414912 0 
5 0.148936 0.05218 0.123921 0.003467 0.422915 0.414912 0 
5 0.170213 0.053861 0.151145 0.003467 0.422915 0.414912 0 
5 0.191489 0.074517 0.181494 0.003467 0.422915 0.414912 1 
5 0.212766 0.060976 0.231479 0.003467 0.422915 0.414912 0 
5 0.234043 0.060976 0.328176 0.003467 0.422915 0.414912 0 
5 0.255319 0.060976 0.364326 0.003467 0.422915 0.414912 0 
5 0.276596 0.076318 0.433799 0.003467 0.422915 0.414912 1 
5 0.297872 0.053861 0.457007 0.003467 0.422915 0.414912 0 
5 0.319149 0.053861 0.464148 0.003467 0.422915 0.414912 0 
5 0.340426 0.060976 0.502827 0.003467 0.422915 0.414912 0 
5 0.361702 0.053861 0.520232 0.003467 0.422915 0.414912 0 
5 0.382979 0.074817 0.520381 0.003467 0.422915 0.414912 1 
5 0.404255 0.067221 0.519042 0.003467 0.422915 0.414912 1 
5 0.425532 0.076318 0.5241 0.003467 0.422915 0.414912 1 
5 0.446809 0.083283 0.531241 0.003467 0.422915 0.414912 1 
5 0.468085 0.076318 0.527522 0.003467 0.422915 0.414912 1 
5 0.489362 0.076318 0.522315 0.003467 0.422915 0.414912 1 
5 0.510638 0.076318 0.526183 0.003467 0.422915 0.414912 1 
5 0.531915 0.076318 0.52291 0.003467 0.422915 0.414912 1 
5 0.553191 0.074817 0.524398 0.003467 0.422915 0.414912 1 
5 0.574468 0.074817 0.527819 0.003467 0.422915 0.414912 1 
5 0.595745 0.098325 0.527075 0.003467 0.422915 0.414912 1 
5 0.617021 0.098325 0.533918 0.003467 0.422915 0.414912 1 
5 0.638298 0.100456 0.537191 0.003467 0.422915 0.414912 1 
5 0.659574 0.098475 0.533026 0.003467 0.422915 0.414912 1 
5 0.680851 0.098325 0.517257 0.003467 0.422915 0.414912 1 
5 0.702128 0.088807 0.495686 0.003467 0.422915 0.414912 1 
5 0.723404 0.053861 0.449717 0.003467 0.422915 0.414912 0 
5 0.744681 0.05263 0.421749 0.003467 0.422915 0.414912 0 
5 0.765957 0.05215 0.390062 0.003467 0.422915 0.414912 0 
5 0.787234 0.05215 0.373847 0.003467 0.422915 0.414912 0 
5 0.808511 0.05215 0.400327 0.003467 0.422915 0.414912 0 
5 0.829787 0.05215 0.398988 0.003467 0.422915 0.414912 0 
5 0.851064 0.053861 0.374591 0.003467 0.422915 0.414912 0 
5 0.87234 0.053861 0.336805 0.003467 0.422915 0.414912 0 
5 0.893617 0.053861 0.371021 0.003467 0.422915 0.414912 0 
5 0.914894 0.067221 0.386343 0.003467 0.422915 0.414912 1 
5 0.93617 0.074817 0.412972 0.003467 0.422915 0.414912 1 
5 0.957447 0.067221 0.40717 0.003467 0.422915 0.414912 1 
5 0.978723 0.067221 0.395269 0.003467 0.422915 0.414912 1 
5 1 0.060976 0.366409 0.003467 0.422915 0.414912 0 
