3 0 0.043803 0.466825 0.002919 0.430865 0.634211 0 
3 0.021277 0.043653 0.445106 0.002877 0.402382 0.678947 0 
3 0.042553 0.043653 0.414162 0.002889 0.447178 0.617105 0 
3 0.06383 0.042843 0.364177 0.002815 0.421284 0.660088 0 
3 0.085106 0.041101 0.30363 0.002671 0.372864 0.716667 0 
3 0.106383 0.038699 0.259149 0.002486 0.321336 0.755263 0 
3 0.12766 0.033205 0.21571 0.002142 0.275505 0.75614 0 
3 0.148936 0.031524 0.184469 0.002034 0.250906 0.750439 0 
3 0.170213 0.030413 0.166617 0.001793 0.229933 0.765789 0 
3 0.191489 0.029663 0.170187 0.001759 0.225272 0.765789 0 
3 0.212766 0.029813 0.19875 0.001801 0.235111 0.765789 0 
3 0.234043 0.034676 0.248438 0.001855 0.268514 0.765789 0 
3 0.255319 0.03942 0.347962 0.002567 0.347488 0.678509 0 
3 0.276596 0.041011 0.452098 0.002719 0.434749 0.569737 0 
3 0.297872 0.041522 0.460131 0.002798 0.481875 0.54386 0 
3 0.319149 0.043803 0.527819 0.002985 0.552563 0.428947 0 
3 0.340426 0.044134 0.536745 0.003033 0.588814 0.383772 0 
3 0.361702 0.045905 0.526778 0.003145 0.58985 0.382895 0 
3 0.382979 0.050468 0.561291 0.003446 0.590368 0.375439 1 
3 0.404255 0.082563 0.569622 0.005235 0.586225 0.472368 1 
3 0.425532 0.053891 0.545968 0.003664 0.571724 0.423246 1 
3 0.446809 0.044404 0.531389 0.003029 0.553599 0.421053 0 
3 0.468085 0.043503 0.522017 0.002968 0.555153 0.393421 0 
3 0.489362 0.044464 0.516959 0.003043 0.552046 0.421053 0 
3 0.510638 0.043593 0.506843 0.002983 0.532108 0.405263 0 
3 0.531915 0.042963 0.503868 0.002943 0.525634 0.413158 0 
3 0.553191 0.043083 0.506099 0.00295 0.53884 0.412281 0 
3 0.574468 0.042662 0.499107 0.002925 0.54376 0.389912 0 
3 0.595745 0.041642 0.486314 0.002943 0.530295 0.420614 0 
3 0.617021 0.041492 0.486016 0.002879 0.522786 0.452632 0 
3 0.638298 0.040981 0.477685 0.002773 0.507509 0.489474 0 
3 0.659574 0.041221 0.487206 0.002779 0.502071 0.489035 0 
3 0.680851 0.043293 0.505951 0.002927 0.510875 0.498684 0 
3 0.702128 0.063588 0.54091 0.004042 0.533402 0.581579 1 
3 0.723404 0.068662 0.613508 0.004639 0.596064 0.478947 1 
3 0.744681 0.095232 0.671229 0.006385 0.666235 0.457456 1 
3 0.765957 0.075627 0.651294 0.00505 0.658726 0.464035 1 
3 0.787234 0.074817 0.614847 0.004963 0.611341 0.509649 1 
3 0.808511 0.076228 0.577953 0.005041 0.56059 0.555702 1 
3 0.829787 0.073886 0.541654 0.004882 0.531331 0.555263 1 
3 0.851064 0.068122 0.511157 0.00453 0.510098 0.555702 1 
3 0.87234 0.050859 0.488396 0.003411 0.482134 0.526754 1 
3 0.893617 0.040831 0.449569 0.002725 0.447954 0.600439 0 
3 0.914894 0.03996 0.413865 0.002644 0.424909 0.651754 0 
3 0.93617 0.040561 0.468908 0.002671 0.394614 0.700877 0 
3 0.957447 0.040471 0.482446 0.002667 0.379337 0.705702 0 
3 0.978723 0.042212 0.489438 0.002815 0.455205 0.548246 0 
3 1 0.042272 0.482148 0.00284 0.450285 0.604386 0 
