6 0 0.088117 0.365219 0.003467 0.422915 0.414912 1 
6 0.021277 0.051459 0.297679 0.003467 0.422915 0.414912 0 
6 0.042553 0.049478 0.240851 0.003467 0.422915 0.414912 0 
6 0.06383 0.049478 0.201279 0.003467 0.422915 0.414912 0 
6 0.085106 0.048607 0.157096 0.003467 0.422915 0.414912 0 
6 0.106383 0.048607 0.128979 0.003467 0.422915 0.414912 0 
6 0.12766 0.048607 0.109789 0.003467 0.422915 0.414912 0 
6 0.148936 0.048607 0.100714 0.003467 0.422915 0.414912 0 
6 0.170213 0.059865 0.109789 0.003467 0.422915 0.414912 0 
6 0.191489 0.072115 0.115591 0.003467 0.422915 0.414912 0 
6 0.212766 0.072115 0.140434 0.003467 0.422915 0.414912 0 
6 0.234043 0.072115 0.171973 0.003467 0.422915 0.414912 0 
6 0.255319 0.074126 0.214966 0.003467 0.422915 0.414912 0 
6 0.276596 0.084214 0.283547 0.003467 0.422915 0.414912 1 
6 0.297872 0.088928 0.335912 0.003467 0.422915 0.414912 1 
6 0.319149 0.093761 0.37474 0.003467 0.422915 0.414912 1 
6 0.340426 0.102648 0.419816 0.003467 0.422915 0.414912 1 
6 0.361702 0.102648 0.430527 0.003467 0.422915 0.414912 1 
6 0.382979 0.088928 0.420857 0.003467 0.422915 0.414912 1 
6 0.404255 0.079921 0.404493 0.003467 0.422915 0.414912 1 
6 0.425532 0.079921 0.391401 0.003467 0.422915 0.414912 1 
6 0.446809 0.083794 0.379798 0.003467 0.422915 0.414912 1 
6 0.468085 0.079921 0.366706 0.003467 0.422915 0.414912 1 
6 0.489362 0.079921 0.358822 0.003467 0.422915 0.414912 1 
6 0.510638 0.075778 0.346177 0.003467 0.422915 0.414912 1 
6 0.531915 0.079921 0.335614 0.003467 0.422915 0.414912 1 
6 0.553191 0.059865 0.316424 0.003467 0.422915 0.414912 0 
6 0.574468 0.055542 0.310771 0.003467 0.422915 0.414912 0 
6 0.595745 0.072115 0.299613 0.003467 0.422915 0.414912 1 
6 0.617021 0.071815 0.301845 0.003467 0.422915 0.414912 1 
6 0.638298 0.071815 0.300803 0.003467 0.422915 0.414912 1 
6 0.659574 0.050498 0.309134 0.003467 0.422915 0.414912 0 
6 0.680851 0.059865 0.298126 0.003467 0.422915 0.414912 0 
6 0.702128 0.050498 0.312705 0.003467 0.422915 0.414912 0 
6 0.723404 0.071815 0.326093 0.003467 0.422915 0.414912 1 
6 0.744681 0.059865 0.335168 0.003467 0.422915 0.414912 0 
6 0.765957 0.071815 0.331151 0.003467 0.422915 0.414912 1 
6 0.787234 0.079921 0.334573 0.003467 0.422915 0.414912 1 
6 0.808511 0.059865 0.332193 0.003467 0.422915 0.414912 0 
6 0.829787 0.059865 0.321928 0.003467 0.422915 0.414912 0 
6 0.851064 0.050498 0.300506 0.003467 0.422915 0.414912 0 
6 0.87234 0.050498 0.273431 0.003467 0.422915 0.414912 0 
6 0.893617 0.071815 0.287712 0.003467 0.422915 0.414912 1 
6 0.914894 0.072115 0.294853 0.003467 0.422915 0.414912 1 
6 0.93617 0.071815 0.307498 0.003467 0.422915 0.414912 1 
6 0.957447 0.050498 0.296489 0.003467 0.422915 0.414912 0 
6 0.978723 0.050498 0.278786 0.003467 0.422915 0.414912 0 
6 1 0.048487 0.237281 0.003467 0.422915 0.414912 0 
