1 0 0.056593 0.256025 0.003467 0.422915 0.414912 0 
1 0.021277 0.056593 0.215412 0.003467 0.422915 0.414912 0 
1 0.042553 0.056593 0.176287 0.003467 0.422915 0.414912 0 
1 0.06383 0.055242 0.155013 0.003467 0.422915 0.414912 0 
1 0.085106 0.041131 0.138352 0.003467 0.422915 0.414912 0 
1 0.106383 0.069413 0.129575 0.003467 0.422915 0.414912 0 
1 0.12766 0.055242 0.128831 0.003467 0.422915 0.414912 0 
1 0.148936 0.071364 0.140881 0.003467 0.422915 0.414912 1 
1 0.170213 0.069593 0.163939 0.003467 0.422915 0.414912 0 
1 0.191489 0.073226 0.202916 0.003467 0.422915 0.414912 1 
1 0.212766 0.076318 0.293663 0.003467 0.422915 0.414912 1 
1 0.234043 0.076888 0.372954 0.003467 0.422915 0.414912 1 
1 0.255319 0.077369 0.409997 0.003467 0.422915 0.414912 1 
1 0.276596 0.076318 0.483041 0.003467 0.422915 0.414912 1 
1 0.297872 0.084995 0.515472 0.003467 0.422915 0.414912 1 
1 0.319149 0.076888 0.541654 0.003467 0.422915 0.414912 1 
1 0.340426 0.095202 0.600714 0.003467 0.422915 0.414912 1 
1 0.361702 0.107482 0.628831 0.003467 0.422915 0.414912 1 
1 0.382979 0.095202 0.626897 0.003467 0.422915 0.414912 1 
1 0.404255 0.102078 0.625855 0.003467 0.422915 0.414912 1 
1 0.425532 0.102078 0.62645 0.003467 0.422915 0.414912 1 
1 0.446809 0.092771 0.626599 0.003467 0.422915 0.414912 1 
1 0.468085 0.092771 0.629872 0.003467 0.422915 0.414912 1 
1 0.489362 0.092771 0.628533 0.003467 0.422915 0.414912 1 
1 0.510638 0.092771 0.633294 0.003467 0.422915 0.414912 1 
1 0.531915 0.092771 0.631062 0.003467 0.422915 0.414912 1 
1 0.553191 0.092771 0.634633 0.003467 0.422915 0.414912 1 
1 0.574468 0.090068 0.632252 0.003467 0.422915 0.414912 1 
1 0.595745 0.092771 0.628533 0.003467 0.422915 0.414912 1 
1 0.617021 0.084995 0.630616 0.003467 0.422915 0.414912 1 
1 0.638298 0.092771 0.637162 0.003467 0.422915 0.414912 1 
1 0.659574 0.092771 0.641327 0.003467 0.422915 0.414912 1 
1 0.680851 0.092771 0.625707 0.003467 0.422915 0.414912 1 
1 0.702128 0.084995 0.61083 0.003467 0.422915 0.414912 1 
1 0.723404 0.083794 0.559952 0.003467 0.422915 0.414912 1 
1 0.744681 0.071064 0.531241 0.003467 0.422915 0.414912 0 
1 0.765957 0.069593 0.502231 0.003467 0.422915 0.414912 0 
1 0.787234 0.076318 0.488099 0.003467 0.422915 0.414912 0 
1 0.808511 0.076888 0.512496 0.003467 0.422915 0.414912 1 
1 0.829787 0.076318 0.50476 0.003467 0.422915 0.414912 0 
1 0.851064 0.076318 0.468313 0.003467 0.422915 0.414912 0 
1 0.87234 0.06584 0.429039 0.003467 0.422915 0.414912 0 
1 0.893617 0.071064 0.444808 0.003467 0.422915 0.414912 0 
1 0.914894 0.06584 0.449122 0.003467 0.422915 0.414912 0 
1 0.93617 0.069593 0.457751 0.003467 0.422915 0.414912 0 
1 0.957447 0.069593 0.444659 0.003467 0.422915 0.414912 0 
1 0.978723 0.06584 0.427551 0.003467 0.422915 0.414912 0 
1 1 0.06584 0.393187 0.003467 0.422915 0.414912 0 
