7 0 0.027501 0.349896 0.001884 0.310461 0.552632 0 
7 0.021277 0.02642 0.284588 0.001776 0.276023 0.62807 0 
7 0.042553 0.02651 0.229247 0.001811 0.336872 0.525439 0 
7 0.06383 0.030924 0.191907 0.002121 0.299586 0.428947 0 
7 0.085106 0.029152 0.161262 0.001992 0.248058 0.47807 0 
7 0.106383 0.02678 0.137905 0.001826 0.19653 0.517544 0 
7 0.12766 0.02678 0.128087 0.001824 0.168824 0.547368 0 
7 0.148936 0.02582 0.127641 0.001757 0.15769 0.54386 0 
7 0.170213 0.031404 0.13612 0.002137 0.157949 0.537719 0 
7 0.191489 0.032214 0.151889 0.002189 0.163905 0.534649 0 
7 0.212766 0.03933 0.180006 0.002665 0.180476 0.570614 1 
7 0.234043 0.041011 0.213032 0.002784 0.18695 0.55307 1 
7 0.255319 0.037889 0.253645 0.002586 0.22579 0.49386 1 
7 0.276596 0.036658 0.306308 0.002513 0.261781 0.480702 1 
7 0.297872 0.033175 0.356739 0.002279 0.267737 0.495614 1 
7 0.319149 0.034796 0.394674 0.002393 0.284309 0.46886 1 
7 0.340426 0.040771 0.43618 0.002815 0.305282 0.446491 1 
7 0.361702 0.041041 0.453436 0.002829 0.316675 0.438596 1 
7 0.382979 0.03996 0.450759 0.002752 0.31564 0.450877 1 
7 0.404255 0.030833 0.451056 0.002119 0.319265 0.53114 0 
7 0.425532 0.030143 0.447486 0.002073 0.317452 0.528509 0 
7 0.446809 0.029753 0.444213 0.002042 0.317711 0.544298 0 
7 0.468085 0.029753 0.441089 0.002042 0.312532 0.551316 0 
7 0.489362 0.030143 0.439155 0.002065 0.304764 0.570175 0 
7 0.510638 0.031914 0.438262 0.002181 0.299068 0.579825 1 
7 0.531915 0.032875 0.435585 0.002243 0.290005 0.579386 1 
7 0.553191 0.035667 0.431568 0.002441 0.297514 0.525439 1 
7 0.574468 0.037468 0.432609 0.002563 0.288969 0.45614 1 
7 0.595745 0.035157 0.434841 0.002391 0.291818 0.482895 1 
7 0.617021 0.033926 0.437965 0.002306 0.288193 0.505263 1 
7 0.638298 0.030593 0.431866 0.002075 0.277835 0.502193 0 
7 0.659574 0.031104 0.441684 0.002113 0.287934 0.522368 0 
7 0.680851 0.029753 0.424874 0.002019 0.285085 0.504386 0 
7 0.702128 0.029933 0.429039 0.002036 0.290782 0.517105 0 
7 0.723404 0.028582 0.425617 0.001938 0.280166 0.549561 0 
7 0.744681 0.029002 0.423386 0.001961 0.266442 0.584211 0 
7 0.765957 0.028912 0.411782 0.001951 0.250906 0.580263 0 
7 0.787234 0.029122 0.41803 0.001965 0.235888 0.573246 0 
7 0.808511 0.029182 0.421452 0.001971 0.242103 0.558333 0 
7 0.829787 0.029182 0.413121 0.001969 0.258674 0.549561 0 
7 0.851064 0.029182 0.394972 0.001969 0.260228 0.565789 0 
7 0.87234 0.028221 0.356293 0.001901 0.245469 0.585526 0 
7 0.893617 0.028251 0.357037 0.001897 0.227602 0.601754 0 
7 0.914894 0.027231 0.361202 0.001826 0.210772 0.64693 0 
7 0.93617 0.027651 0.365367 0.001849 0.211548 0.650877 0 
7 0.957447 0.028161 0.356888 0.001884 0.215173 0.64693 0 
7 0.978723 0.029092 0.325201 0.001961 0.287157 0.511842 0 
7 1 0.027651 0.280869 0.001867 0.284568 0.528509 0 
