2 0 0.028912 0.266587 0.001965 0.299327 0.441667 1 
2 0.021277 0.027411 0.235347 0.001859 0.268255 0.486404 0 
2 0.042553 0.027981 0.207825 0.001903 0.326515 0.375439 1 
2 0.06383 0.027741 0.180006 0.001884 0.299327 0.45 1 
2 0.085106 0.027711 0.151889 0.00188 0.266701 0.490351 1 
2 0.106383 0.02672 0.128384 0.001809 0.225013 0.511404 0 
2 0.12766 0.0263 0.105326 0.001778 0.187985 0.57807 0 
2 0.148936 0.024349 0.096846 0.001643 0.160798 0.604825 0 
2 0.170213 0.02621 0.099524 0.001768 0.141119 0.607456 0 
2 0.191489 0.027411 0.103243 0.001851 0.136199 0.566667 0 
2 0.212766 0.027081 0.134335 0.001832 0.145262 0.517982 0 
2 0.234043 0.027381 0.179113 0.001857 0.169083 0.480263 0 
2 0.255319 0.032154 0.276703 0.002196 0.235111 0.405263 1 
2 0.276596 0.043923 0.366409 0.003031 0.313568 0.307456 1 
2 0.297872 0.029362 0.361202 0.002034 0.348265 0.249123 1 
2 0.319149 0.03921 0.419369 0.002738 0.413257 0.204825 1 
2 0.340426 0.053771 0.451354 0.003752 0.444329 0.241228 1 
2 0.361702 0.044794 0.453585 0.003045 0.453133 0.203947 1 
2 0.382979 0.077369 0.497025 0.005386 0.462196 0.285526 1 
2 0.404255 0.075297 0.50848 0.005228 0.453651 0.314474 1 
2 0.425532 0.059055 0.491818 0.004109 0.452874 0.250877 1 
2 0.446809 0.057013 0.490628 0.003974 0.447695 0.255702 1 
2 0.468085 0.058845 0.486165 0.004096 0.447437 0.275877 1 
2 0.489362 0.0532 0.478132 0.003704 0.439927 0.274561 1 
2 0.510638 0.048757 0.47233 0.003398 0.426722 0.270175 1 
2 0.531915 0.043083 0.468611 0.003004 0.42724 0.258772 1 
2 0.553191 0.046565 0.47114 0.003245 0.43216 0.269737 1 
2 0.574468 0.045334 0.466974 0.003162 0.436044 0.239474 1 
2 0.595745 0.035607 0.458643 0.002486 0.434749 0.187281 0 
2 0.617021 0.035577 0.447783 0.002482 0.431383 0.19386 0 
2 0.638298 0.035007 0.444957 0.002441 0.419472 0.215789 0 
2 0.659574 0.036808 0.447337 0.002565 0.418695 0.205702 1 
2 0.680851 0.037108 0.445254 0.002582 0.41999 0.208333 1 
2 0.702128 0.037438 0.449569 0.002607 0.424133 0.198684 1 
2 0.723404 0.038039 0.457304 0.002653 0.43682 0.175877 1 
2 0.744681 0.033686 0.475454 0.002356 0.436302 0.202632 0 
2 0.765957 0.033806 0.511306 0.00236 0.420249 0.299123 0 
2 0.787234 0.043113 0.53734 0.002995 0.438374 0.270614 1 
2 0.808511 0.03897 0.509075 0.002711 0.452615 0.260526 1 
2 0.829787 0.036448 0.476495 0.002549 0.435785 0.192544 0 
2 0.851064 0.037979 0.456709 0.002646 0.406525 0.256579 1 
2 0.87234 0.035337 0.426956 0.002455 0.379855 0.281579 0 
2 0.893617 0.030653 0.388724 0.002146 0.353962 0.309649 0 
2 0.914894 0.028672 0.346623 0.001982 0.326515 0.336842 0 
2 0.93617 0.029392 0.406427 0.002034 0.311756 0.360526 0 
2 0.957447 0.030323 0.440643 0.0021 0.302693 0.355263 0 
2 0.978723 0.0396 0.459238 0.002738 0.388918 0.282018 1 
2 1 0.038009 0.450759 0.002628 0.385552 0.292982 0 
