2 0 0.095893 0.378608 0.003467 0.422915 0.414912 1 
2 0.021277 0.056113 0.317465 0.003467 0.422915 0.414912 0 
2 0.042553 0.053981 0.257513 0.003467 0.422915 0.414912 0 
2 0.06383 0.074787 0.222702 0.003467 0.422915 0.414912 0 
2 0.085106 0.074276 0.19042 0.003467 0.422915 0.414912 0 
2 0.106383 0.068212 0.17108 0.003467 0.422915 0.414912 0 
2 0.12766 0.068212 0.163344 0.003467 0.422915 0.414912 0 
2 0.148936 0.074276 0.166468 0.003467 0.422915 0.414912 0 
2 0.170213 0.071184 0.187891 0.003467 0.422915 0.414912 0 
2 0.191489 0.074787 0.226272 0.003467 0.422915 0.414912 0 
2 0.212766 0.102258 0.301993 0.003467 0.422915 0.414912 1 
2 0.234043 0.102258 0.376227 0.003467 0.422915 0.414912 1 
2 0.255319 0.099346 0.398096 0.003467 0.422915 0.414912 1 
2 0.276596 0.114177 0.460875 0.003467 0.422915 0.414912 1 
2 0.297872 0.062838 0.487652 0.003467 0.422915 0.414912 0 
2 0.319149 0.074817 0.503868 0.003467 0.422915 0.414912 0 
2 0.340426 0.074817 0.547307 0.003467 0.422915 0.414912 0 
2 0.361702 0.102258 0.570663 0.003467 0.422915 0.414912 1 
2 0.382979 0.114177 0.56144 0.003467 0.422915 0.414912 1 
2 0.404255 0.080972 0.549093 0.003467 0.422915 0.414912 0 
2 0.425532 0.074817 0.543439 0.003467 0.422915 0.414912 0 
2 0.446809 0.074817 0.538233 0.003467 0.422915 0.414912 0 
2 0.468085 0.074817 0.536894 0.003467 0.422915 0.414912 0 
2 0.489362 0.074817 0.527075 0.003467 0.422915 0.414912 0 
2 0.510638 0.074817 0.529456 0.003467 0.422915 0.414912 0 
2 0.531915 0.102258 0.523951 0.003467 0.422915 0.414912 1 
2 0.553191 0.074817 0.51443 0.003467 0.422915 0.414912 0 
2 0.574468 0.083073 0.515918 0.003467 0.422915 0.414912 0 
2 0.595745 0.074817 0.501636 0.003467 0.422915 0.414912 0 
2 0.617021 0.0662 0.502827 0.003467 0.422915 0.414912 0 
2 0.638298 0.074817 0.508777 0.003467 0.422915 0.414912 0 
2 0.659574 0.0662 0.512199 0.003467 0.422915 0.414912 0 
2 0.680851 0.0662 0.506099 0.003467 0.422915 0.414912 0 
2 0.702128 0.074817 0.507141 0.003467 0.422915 0.414912 0 
2 0.723404 0.062838 0.481256 0.003467 0.422915 0.414912 0 
2 0.744681 0.062838 0.461916 0.003467 0.422915 0.414912 0 
2 0.765957 0.056713 0.427998 0.003467 0.422915 0.414912 0 
2 0.787234 0.056713 0.415353 0.003467 0.422915 0.414912 0 
2 0.808511 0.062838 0.397203 0.003467 0.422915 0.414912 0 
2 0.829787 0.054642 0.380542 0.003467 0.422915 0.414912 0 
2 0.851064 0.056713 0.378756 0.003467 0.422915 0.414912 0 
2 0.87234 0.056713 0.357185 0.003467 0.422915 0.414912 0 
2 0.893617 0.074787 0.381137 0.003467 0.422915 0.414912 0 
2 0.914894 0.074817 0.394972 0.003467 0.422915 0.414912 0 
2 0.93617 0.074817 0.423832 0.003467 0.422915 0.414912 0 
2 0.957447 0.099346 0.420857 0.003467 0.422915 0.414912 1 
2 0.978723 0.074817 0.416691 0.003467 0.422915 0.414912 0 
2 1 0.074817 0.392145 0.003467 0.422915 0.414912 0 
