5 0 0.081032 0.468611 0.005332 0.488607 0.595175 1 
5 0.021277 0.07956 0.455073 0.005226 0.452874 0.602193 1 
5 0.042553 0.082022 0.421749 0.00543 0.503366 0.529825 1 
5 0.06383 0.073886 0.369235 0.004915 0.476437 0.523684 1 
5 0.085106 0.070283 0.315382 0.004655 0.429311 0.550877 1 
5 0.106383 0.06623 0.265397 0.004381 0.383221 0.618421 1 
5 0.12766 0.064699 0.219429 0.004254 0.341274 0.652193 0 
5 0.148936 0.055332 0.189527 0.003627 0.320041 0.625439 0 
5 0.170213 0.0529 0.176882 0.003459 0.298032 0.692982 0 
5 0.191489 0.054702 0.176733 0.003565 0.288711 0.688596 0 
5 0.212766 0.063018 0.203808 0.004121 0.293112 0.671053 0 
5 0.234043 0.067401 0.250669 0.004433 0.325479 0.595175 1 
5 0.255319 0.080731 0.344094 0.005355 0.407302 0.505263 1 
5 0.276596 0.086376 0.434097 0.005723 0.483946 0.499123 1 
5 0.297872 0.053291 0.438411 0.003569 0.515795 0.444298 0 
5 0.319149 0.068842 0.493752 0.004655 0.578198 0.386404 1 
5 0.340426 0.071304 0.506397 0.00484 0.596064 0.351754 1 
5 0.361702 0.071995 0.503273 0.004892 0.589073 0.402632 1 
5 0.382979 0.074186 0.539869 0.005021 0.5971 0.414912 1 
5 0.404255 0.074427 0.548795 0.005014 0.580269 0.429386 1 
5 0.425532 0.074787 0.535704 0.005039 0.581823 0.396053 1 
5 0.446809 0.106221 0.511901 0.007185 0.57535 0.411842 1 
5 0.468085 0.110994 0.492711 0.007549 0.57535 0.397368 1 
5 0.489362 0.102108 0.483338 0.006984 0.577421 0.374561 1 
5 0.510638 0.101387 0.474859 0.006923 0.56318 0.419737 1 
5 0.531915 0.104479 0.46742 0.007098 0.561885 0.407018 1 
5 0.553191 0.116068 0.469503 0.007894 0.594511 0.412719 1 
5 0.574468 0.112105 0.464148 0.007636 0.595546 0.388158 1 
5 0.595745 0.075597 0.459387 0.005147 0.590886 0.350877 1 
5 0.617021 0.074577 0.451503 0.005056 0.58726 0.374561 1 
5 0.638298 0.072565 0.44332 0.004933 0.57535 0.366667 1 
5 0.659574 0.073826 0.44942 0.00501 0.569653 0.332018 1 
5 0.680851 0.074487 0.452395 0.005068 0.583635 0.355702 1 
5 0.702128 0.074036 0.458643 0.005056 0.605127 0.336842 1 
5 0.723404 0.076618 0.479024 0.005255 0.619368 0.320175 1 
5 0.744681 0.086916 0.532877 0.005931 0.636458 0.319737 1 
5 0.765957 0.088207 0.561291 0.005995 0.652253 0.321053 1 
5 0.787234 0.088988 0.563672 0.005989 0.654583 0.325877 1 
5 0.808511 0.088147 0.528414 0.005966 0.611341 0.367544 1 
5 0.829787 0.077879 0.501041 0.005301 0.583118 0.351754 1 
5 0.851064 0.064309 0.477685 0.004404 0.551787 0.349123 0 
5 0.87234 0.047916 0.455668 0.003297 0.515277 0.364035 0 
5 0.893617 0.042752 0.416245 0.002931 0.48291 0.332895 0 
5 0.914894 0.036027 0.378756 0.00247 0.406784 0.39386 0 
5 0.93617 0.069503 0.431717 0.004649 0.353444 0.660965 0 
5 0.957447 0.043983 0.453883 0.00291 0.333506 0.592105 0 
5 0.978723 0.074336 0.465933 0.004944 0.452615 0.528947 0 
5 1 0.082172 0.467272 0.005442 0.493786 0.540351 1 
