1 0 0.042182 0.252752 0.002742 0.338685 0.626316 0 
1 0.021277 0.041281 0.214073 0.002676 0.31072 0.621491 0 
1 0.042553 0.043443 0.186254 0.002844 0.365355 0.557018 0 
1 0.06383 0.042152 0.151443 0.002734 0.335318 0.674123 0 
1 0.085106 0.030593 0.121392 0.001948 0.28405 0.718421 0 
1 0.106383 0.029993 0.105623 0.001928 0.239772 0.725439 0 
1 0.12766 0.02576 0.092383 0.001656 0.190316 0.760526 0 
1 0.148936 0.025639 0.08435 0.001523 0.160798 0.765789 0 
1 0.170213 0.0266 0.091193 0.001656 0.141378 0.831579 0 
1 0.191489 0.02594 0.090747 0.001656 0.141119 0.820614 0 
1 0.212766 0.031584 0.10726 0.002005 0.136199 0.860088 0 
1 0.234043 0.037889 0.125707 0.002401 0.140601 0.823246 0 
1 0.255319 0.038609 0.149658 0.002424 0.169083 0.853509 0 
1 0.276596 0.038609 0.196221 0.002443 0.201968 0.84386 0 
1 0.297872 0.04011 0.249926 0.002034 0.201709 0.853509 0 
1 0.319149 0.042542 0.294853 0.002547 0.208441 0.853509 0 
1 0.340426 0.043113 0.346474 0.002613 0.235629 0.860526 0 
1 0.361702 0.043173 0.375335 0.002673 0.24262 0.848246 0 
1 0.382979 0.048067 0.393782 0.002835 0.266701 0.842982 1 
1 0.404255 0.043923 0.39512 0.002703 0.267737 0.834211 0 
1 0.425532 0.045515 0.392294 0.002653 0.267737 0.825439 1 
1 0.446809 0.046565 0.38798 0.002779 0.274728 0.817105 1 
1 0.468085 0.042993 0.376525 0.002727 0.273951 0.819737 1 
1 0.489362 0.043143 0.361946 0.002738 0.274469 0.783772 1 
1 0.510638 0.041041 0.347813 0.002582 0.267219 0.851316 0 
1 0.531915 0.041642 0.333383 0.00263 0.258156 0.794737 0 
1 0.553191 0.03912 0.319845 0.002476 0.253237 0.79386 0 
1 0.574468 0.035037 0.30839 0.002233 0.238477 0.760526 0 
1 0.595745 0.038429 0.307498 0.002455 0.237183 0.771491 0 
1 0.617021 0.037679 0.307349 0.002405 0.23304 0.763596 0 
1 0.638298 0.03918 0.313151 0.002491 0.242103 0.79693 0 
1 0.659574 0.036538 0.327581 0.00232 0.251424 0.813158 0 
1 0.680851 0.041822 0.328771 0.002653 0.266442 0.803947 1 
1 0.702128 0.043773 0.358971 0.002798 0.280425 0.761842 1 
1 0.723404 0.044073 0.377864 0.002823 0.288711 0.746491 1 
1 0.744681 0.043023 0.38798 0.002757 0.286121 0.783772 1 
1 0.765957 0.043893 0.396311 0.002794 0.283273 0.801754 1 
1 0.787234 0.043983 0.400922 0.002806 0.299068 0.766667 1 
1 0.808511 0.045004 0.403303 0.002889 0.334283 0.722368 1 
1 0.829787 0.045004 0.392889 0.002914 0.36173 0.691228 1 
1 0.851064 0.042783 0.362392 0.002765 0.353185 0.691667 1 
1 0.87234 0.040501 0.333085 0.002605 0.327292 0.725 1 
1 0.893617 0.042542 0.338143 0.002732 0.307872 0.736404 1 
1 0.914894 0.038669 0.339036 0.002457 0.264889 0.783772 0 
1 0.93617 0.03894 0.342606 0.002472 0.258674 0.79693 0 
1 0.957447 0.042392 0.329515 0.00268 0.267478 0.752632 1 
1 0.978723 0.044734 0.314192 0.002881 0.365355 0.631579 1 
1 1 0.042843 0.274174 0.002781 0.362248 0.642982 1 
