5 0 0.056293 0.405832 0.003467 0.422915 0.414912 0 
5 0.021277 0.056293 0.385897 0.003467 0.422915 0.414912 0 
5 0.042553 0.047286 0.361202 0.003467 0.422915 0.414912 0 
5 0.06383 0.046445 0.292472 0.003467 0.422915 0.414912 0 
5 0.085106 0.045455 0.235347 0.003467 0.422915 0.414912 0 
5 0.106383 0.059926 0.196073 0.003467 0.422915 0.414912 1 
5 0.12766 0.059926 0.165576 0.003467 0.422915 0.414912 1 
5 0.148936 0.059926 0.141178 0.003467 0.422915 0.414912 1 
5 0.170213 0.059926 0.130913 0.003467 0.422915 0.414912 1 
5 0.191489 0.059926 0.129723 0.003467 0.422915 0.414912 1 
5 0.212766 0.045455 0.149212 0.003467 0.422915 0.414912 0 
5 0.234043 0.046445 0.188337 0.003467 0.422915 0.414912 0 
5 0.255319 0.071094 0.26867 0.003467 0.422915 0.414912 1 
5 0.276596 0.055722 0.350045 0.003467 0.422915 0.414912 0 
5 0.297872 0.046445 0.349003 0.003467 0.422915 0.414912 0 
5 0.319149 0.055722 0.417287 0.003467 0.422915 0.414912 0 
5 0.340426 0.074577 0.462065 0.003467 0.422915 0.414912 1 
5 0.361702 0.074577 0.497471 0.003467 0.422915 0.414912 1 
5 0.382979 0.088507 0.562184 0.003467 0.422915 0.414912 1 
5 0.404255 0.088928 0.582118 0.003467 0.422915 0.414912 1 
5 0.425532 0.088507 0.579143 0.003467 0.422915 0.414912 1 
5 0.446809 0.088928 0.574829 0.003467 0.422915 0.414912 1 
5 0.468085 0.088928 0.569473 0.003467 0.422915 0.414912 1 
5 0.489362 0.088507 0.573639 0.003467 0.422915 0.414912 1 
5 0.510638 0.089828 0.574085 0.003467 0.422915 0.414912 1 
5 0.531915 0.089828 0.564713 0.003467 0.422915 0.414912 1 
5 0.553191 0.089828 0.57349 0.003467 0.422915 0.414912 1 
5 0.574468 0.089828 0.568878 0.003467 0.422915 0.414912 1 
5 0.595745 0.088928 0.566647 0.003467 0.422915 0.414912 1 
5 0.617021 0.088507 0.556382 0.003467 0.422915 0.414912 1 
5 0.638298 0.088928 0.554151 0.003467 0.422915 0.414912 1 
5 0.659574 0.087456 0.551622 0.003467 0.422915 0.414912 1 
5 0.680851 0.088627 0.552663 0.003467 0.422915 0.414912 1 
5 0.702128 0.089828 0.549539 0.003467 0.422915 0.414912 1 
5 0.723404 0.082323 0.534365 0.003467 0.422915 0.414912 1 
5 0.744681 0.082323 0.518298 0.003467 0.422915 0.414912 1 
5 0.765957 0.082323 0.519042 0.003467 0.422915 0.414912 1 
5 0.787234 0.074607 0.542844 0.003467 0.422915 0.414912 1 
5 0.808511 0.074577 0.508182 0.003467 0.422915 0.414912 1 
5 0.829787 0.059926 0.473371 0.003467 0.422915 0.414912 0 
5 0.851064 0.071094 0.452693 0.003467 0.422915 0.414912 1 
5 0.87234 0.071094 0.418179 0.003467 0.422915 0.414912 1 
5 0.893617 0.059926 0.391253 0.003467 0.422915 0.414912 0 
5 0.914894 0.055062 0.355846 0.003467 0.422915 0.414912 0 
5 0.93617 0.055722 0.40122 0.003467 0.422915 0.414912 0 
5 0.957447 0.055722 0.429188 0.003467 0.422915 0.414912 0 
5 0.978723 0.055722 0.439601 0.003467 0.422915 0.414912 0 
5 1 0.048487 0.426807 0.003467 0.422915 0.414912 0 
