5 0 0.037438 0.542696 0.002497 0.457794 0.705263 0 
5 0.021277 0.037198 0.531985 0.002306 0.432936 0.727193 0 
5 0.042553 0.042122 0.507736 0.002144 0.481875 0.639474 0 
5 0.06383 0.036268 0.458048 0.001978 0.455205 0.639474 0 
5 0.085106 0.034796 0.400476 0.002372 0.410668 0.645614 0 
5 0.106383 0.033505 0.348557 0.002231 0.358105 0.683333 0 
5 0.12766 0.033505 0.29634 0.002256 0.322372 0.789035 0 
5 0.148936 0.031464 0.258108 0.002067 0.290264 0.817105 0 
5 0.170213 0.029693 0.243529 0.001978 0.270326 0.864912 0 
5 0.191489 0.028552 0.240702 0.00189 0.249353 0.880702 0 
5 0.212766 0.030473 0.265843 0.002013 0.255567 0.880702 0 
5 0.234043 0.033055 0.312258 0.002169 0.280684 0.868421 0 
5 0.255319 0.033055 0.42294 0.002185 0.356033 0.837719 0 
5 0.276596 0.036177 0.539125 0.001716 0.443035 0.725439 0 
5 0.297872 0.036268 0.57111 0.002273 0.493268 0.624123 0 
5 0.319149 0.048577 0.654865 0.003353 0.559037 0.547368 1 
5 0.340426 0.040891 0.668402 0.002813 0.600725 0.512281 0 
5 0.361702 0.037829 0.646683 0.002578 0.603573 0.482895 0 
5 0.382979 0.042122 0.668253 0.00285 0.618332 0.520175 0 
5 0.404255 0.046145 0.664386 0.002621 0.613672 0.558772 1 
5 0.425532 0.03909 0.638352 0.002667 0.608752 0.544298 0 
5 0.446809 0.03915 0.612913 0.002617 0.603055 0.545614 0 
5 0.468085 0.03963 0.589705 0.002717 0.59218 0.523684 0 
5 0.489362 0.037589 0.576614 0.002582 0.590368 0.523246 0 
5 0.510638 0.032275 0.555489 0.002196 0.577939 0.649561 0 
5 0.531915 0.033505 0.541654 0.00221 0.575091 0.682018 0 
5 0.553191 0.033505 0.532728 0.002246 0.605127 0.592982 0 
5 0.574468 0.033505 0.519935 0.00226 0.617038 0.585965 0 
5 0.595745 0.033505 0.512794 0.002266 0.614707 0.498246 0 
5 0.617021 0.033505 0.498512 0.002285 0.607975 0.500877 0 
5 0.638298 0.033505 0.489586 0.002281 0.601502 0.515351 0 
5 0.659574 0.032785 0.496578 0.002219 0.619368 0.475 0 
5 0.680851 0.033475 0.505504 0.002264 0.649146 0.469298 0 
5 0.702128 0.033235 0.532431 0.002229 0.670119 0.460526 0 
5 0.723404 0.033235 0.581077 0.002223 0.695495 0.439474 0 
5 0.744681 0.038549 0.696668 0.002597 0.723718 0.38114 0 
5 0.765957 0.036808 0.731925 0.002489 0.713361 0.438596 0 
5 0.787234 0.03942 0.731181 0.002676 0.680218 0.512281 1 
5 0.808511 0.037498 0.698602 0.002549 0.639047 0.467544 1 
5 0.829787 0.048247 0.676882 0.003295 0.599171 0.380702 1 
5 0.851064 0.041792 0.6687 0.002877 0.571724 0.403947 1 
5 0.87234 0.055602 0.648914 0.003826 0.542983 0.437719 1 
5 0.893617 0.040771 0.605028 0.002811 0.507509 0.45614 1 
5 0.914894 0.038519 0.554746 0.002651 0.472553 0.499123 1 
5 0.93617 0.041822 0.588515 0.00286 0.448731 0.525 1 
5 0.957447 0.037468 0.582565 0.002567 0.438115 0.563596 1 
5 0.978723 0.05242 0.577804 0.003608 0.493527 0.383333 1 
5 1 0.040261 0.567986 0.002798 0.49767 0.434211 1 
