5 0 0.058034 0.371021 0.003467 0.422915 0.414912 0 
5 0.021277 0.056593 0.30839 0.003467 0.422915 0.414912 0 
5 0.042553 0.055242 0.251711 0.003467 0.422915 0.414912 0 
5 0.06383 0.056593 0.220173 0.003467 0.422915 0.414912 0 
5 0.085106 0.056593 0.183279 0.003467 0.422915 0.414912 0 
5 0.106383 0.067191 0.168849 0.003467 0.422915 0.414912 0 
5 0.12766 0.067191 0.169444 0.003467 0.422915 0.414912 0 
5 0.148936 0.074577 0.167063 0.003467 0.422915 0.414912 0 
5 0.170213 0.070914 0.190866 0.003467 0.422915 0.414912 0 
5 0.191489 0.074577 0.227611 0.003467 0.422915 0.414912 0 
5 0.212766 0.074937 0.306754 0.003467 0.422915 0.414912 0 
5 0.234043 0.080101 0.387236 0.003467 0.422915 0.414912 1 
5 0.255319 0.080581 0.424576 0.003467 0.422915 0.414912 1 
5 0.276596 0.082863 0.49152 0.003467 0.422915 0.414912 1 
5 0.297872 0.09157 0.521125 0.003467 0.422915 0.414912 1 
5 0.319149 0.09157 0.53853 0.003467 0.422915 0.414912 1 
5 0.340426 0.098925 0.589854 0.003467 0.422915 0.414912 1 
5 0.361702 0.098925 0.611276 0.003467 0.422915 0.414912 1 
5 0.382979 0.095232 0.611128 0.003467 0.422915 0.414912 1 
5 0.404255 0.095232 0.606367 0.003467 0.422915 0.414912 1 
5 0.425532 0.09157 0.608152 0.003467 0.422915 0.414912 1 
5 0.446809 0.095232 0.60964 0.003467 0.422915 0.414912 1 
5 0.468085 0.087937 0.605326 0.003467 0.422915 0.414912 1 
5 0.489362 0.087937 0.606218 0.003467 0.422915 0.414912 1 
5 0.510638 0.09157 0.621541 0.003467 0.422915 0.414912 1 
5 0.531915 0.096073 0.626302 0.003467 0.422915 0.414912 1 
5 0.553191 0.095232 0.616781 0.003467 0.422915 0.414912 1 
5 0.574468 0.087937 0.613805 0.003467 0.422915 0.414912 1 
5 0.595745 0.096073 0.633145 0.003467 0.422915 0.414912 1 
5 0.617021 0.102558 0.645939 0.003467 0.422915 0.414912 1 
5 0.638298 0.102558 0.651889 0.003467 0.422915 0.414912 1 
5 0.659574 0.106251 0.64698 0.003467 0.422915 0.414912 1 
5 0.680851 0.098925 0.625707 0.003467 0.422915 0.414912 1 
5 0.702128 0.09157 0.594168 0.003467 0.422915 0.414912 1 
5 0.723404 0.080581 0.552663 0.003467 0.422915 0.414912 0 
5 0.744681 0.073256 0.511009 0.003467 0.422915 0.414912 0 
5 0.765957 0.073256 0.468164 0.003467 0.422915 0.414912 0 
5 0.787234 0.076918 0.449122 0.003467 0.422915 0.414912 0 
5 0.808511 0.080581 0.463404 0.003467 0.422915 0.414912 0 
5 0.829787 0.084244 0.465189 0.003467 0.422915 0.414912 1 
5 0.851064 0.073256 0.43975 0.003467 0.422915 0.414912 0 
5 0.87234 0.070914 0.405385 0.003467 0.422915 0.414912 0 
5 0.893617 0.080581 0.42889 0.003467 0.422915 0.414912 0 
5 0.914894 0.073256 0.443916 0.003467 0.422915 0.414912 0 
5 0.93617 0.080581 0.457899 0.003467 0.422915 0.414912 0 
5 0.957447 0.080581 0.449717 0.003467 0.422915 0.414912 0 
5 0.978723 0.070914 0.384707 0.003467 0.422915 0.414912 0 
5 1 0.070914 0.379351 0.003467 0.422915 0.414912 0 
