3 0 0.055092 0.50357 0.003654 0.388141 0.560526 0 
3 0.021277 0.041161 0.487801 0.002721 0.363801 0.585965 0 
3 0.042553 0.05269 0.452544 0.003511 0.417659 0.474561 0 
3 0.06383 0.047886 0.395864 0.003178 0.401605 0.529386 0 
3 0.085106 0.047736 0.338143 0.003139 0.370016 0.606579 0 
3 0.106383 0.03996 0.291877 0.002524 0.33014 0.695175 0 
3 0.12766 0.040861 0.251562 0.002013 0.302434 0.68114 0 
3 0.148936 0.035697 0.21809 0.002312 0.283791 0.665351 0 
3 0.170213 0.030263 0.202767 0.001948 0.273175 0.682018 0 
3 0.191489 0.029542 0.200089 0.001899 0.270067 0.692982 0 
3 0.212766 0.029873 0.228503 0.001917 0.273692 0.699561 0 
3 0.234043 0.034977 0.284737 0.002254 0.296479 0.683333 0 
3 0.255319 0.042242 0.380393 0.002771 0.361471 0.583333 0 
3 0.276596 0.186922 0.483041 0.01243 0.440963 0.484211 1 
3 0.297872 0.031734 0.51324 0.002167 0.494303 0.350877 0 
3 0.319149 0.034466 0.578251 0.002383 0.568617 0.300877 0 
3 0.340426 0.029092 0.585094 0.002015 0.611859 0.259649 0 
3 0.361702 0.030533 0.576763 0.002115 0.612895 0.230263 0 
3 0.382979 0.032425 0.581523 0.002241 0.618074 0.267105 0 
3 0.404255 0.031104 0.572002 0.002164 0.617297 0.235965 0 
3 0.425532 0.035367 0.563076 0.002468 0.603832 0.189912 0 
3 0.446809 0.029182 0.547456 0.002044 0.596582 0.169298 0 
3 0.468085 0.042692 0.532431 0.002997 0.591662 0.2 0 
3 0.489362 0.034917 0.518001 0.002462 0.582859 0.225877 0 
3 0.510638 0.03915 0.517554 0.002759 0.570689 0.198684 0 
3 0.531915 0.033776 0.501934 0.002368 0.562403 0.234211 0 
3 0.553191 0.031104 0.497025 0.002171 0.585707 0.196491 0 
3 0.574468 0.038459 0.49524 0.002686 0.590627 0.186404 0 
3 0.595745 0.040261 0.492115 0.002831 0.578716 0.178947 0 
3 0.617021 0.034436 0.481553 0.002418 0.570689 0.194737 0 
3 0.638298 0.0399 0.475751 0.0028 0.563956 0.22193 0 
3 0.659574 0.035067 0.482297 0.002459 0.561885 0.210965 0 
3 0.680851 0.045274 0.507736 0.003199 0.576126 0.184211 0 
3 0.702128 0.044704 0.55058 0.003149 0.58726 0.210526 0 
3 0.723404 0.188183 0.614252 0.013155 0.641378 0.264474 1 
3 0.744681 0.082743 0.669146 0.005742 0.69912 0.232895 1 
3 0.765957 0.14414 0.677626 0.009975 0.690057 0.278509 1 
3 0.787234 0.040261 0.644154 0.002775 0.637494 0.267982 0 
3 0.808511 0.03921 0.600268 0.002696 0.602279 0.325439 0 
3 0.829787 0.043683 0.560399 0.003022 0.563698 0.321491 0 
3 0.851064 0.029002 0.557572 0.001975 0.542206 0.242105 0 
3 0.87234 0.029362 0.537489 0.002005 0.50233 0.31886 0 
3 0.893617 0.032545 0.491967 0.002241 0.471258 0.362281 0 
3 0.914894 0.028041 0.442874 0.001928 0.438892 0.417982 0 
3 0.93617 0.031284 0.489438 0.002117 0.408597 0.516228 0 
3 0.957447 0.030353 0.501339 0.002025 0.384775 0.474123 0 
3 0.978723 0.040411 0.497917 0.002707 0.430606 0.489474 0 
3 1 0.045815 0.500149 0.003047 0.421025 0.546491 0 
