7 0 0.030353 0.503422 0.002044 0.426981 0.609211 0 
7 0.021277 0.030353 0.488991 0.002044 0.393061 0.666228 0 
7 0.042553 0.030563 0.463106 0.00205 0.442258 0.583772 0 
7 0.06383 0.030353 0.406427 0.002036 0.412481 0.632456 0 
7 0.085106 0.031284 0.343053 0.001531 0.367685 0.628947 0 
7 0.106383 0.030353 0.29396 0.000976 0.321854 0.637719 0 
7 0.12766 0.027741 0.240405 0.000862 0.275764 0.681579 0 
7 0.148936 0.028462 0.203808 0.000837 0.235111 0.681579 0 
7 0.170213 0.02606 0.180899 0.000825 0.206111 0.681579 0 
7 0.191489 0.034166 0.168997 0.000555 0.181253 0.546491 1 
7 0.212766 0.038129 0.173014 0.000906 0.172708 0.414912 1 
7 0.234043 0.032605 0.189229 0.001552 0.17478 0.414912 1 
7 0.255319 0.032184 0.225974 0.004832 0.192905 0.414912 0 
7 0.276596 0.031794 0.272538 0.00097 0.21362 0.520175 0 
7 0.297872 0.021286 0.322226 0.000953 0.220611 0.703509 0 
7 0.319149 0.028762 0.4036 0.000953 0.270326 0.694298 0 
7 0.340426 0.029092 0.469206 0.00177 0.316416 0.707018 0 
7 0.361702 0.030083 0.503719 0.001874 0.352667 0.707018 0 
7 0.382979 0.029963 0.529604 0.001921 0.374935 0.715351 0 
7 0.404255 0.031764 0.524993 0.002042 0.379855 0.684211 1 
7 0.425532 0.030233 0.496876 0.002034 0.371828 0.685088 0 
7 0.446809 0.027621 0.461024 0.001853 0.358364 0.696491 0 
7 0.468085 0.028732 0.43737 0.001874 0.35189 0.707018 0 
7 0.489362 0.028462 0.414162 0.001803 0.344381 0.706579 0 
7 0.510638 0.027711 0.387385 0.001766 0.331434 0.707018 0 
7 0.531915 0.027831 0.367301 0.00146 0.315898 0.694298 0 
7 0.553191 0.027051 0.342606 0.001689 0.328068 0.674561 0 
7 0.574468 0.02585 0.326688 0.001599 0.319265 0.681579 0 
7 0.595745 0.02588 0.316572 0.001618 0.312273 0.694298 0 
7 0.617021 0.024769 0.303481 0.00166 0.305282 0.725 0 
7 0.638298 0.02579 0.299762 0.001726 0.299068 0.75307 0 
7 0.659574 0.02609 0.310919 0.00177 0.307095 0.752632 0 
7 0.680851 0.024469 0.320887 0.001637 0.313568 0.737281 0 
7 0.702128 0.02582 0.344243 0.001735 0.339202 0.692105 0 
7 0.723404 0.02693 0.373103 0.00182 0.38581 0.653947 0 
7 0.744681 0.032275 0.47828 0.002196 0.440186 0.575 1 
7 0.765957 0.038189 0.538084 0.002601 0.47566 0.586404 1 
7 0.787234 0.035337 0.537935 0.002399 0.463231 0.591228 1 
7 0.808511 0.029242 0.489586 0.001986 0.440186 0.591667 0 
7 0.829787 0.028071 0.456114 0.001897 0.404454 0.659649 0 
7 0.851064 0.028191 0.428444 0.001899 0.380891 0.665351 0 
7 0.87234 0.026991 0.419964 0.001809 0.362506 0.757895 0 
7 0.893617 0.027831 0.394823 0.001849 0.343604 0.790351 0 
7 0.914894 0.02693 0.370723 0.001782 0.325997 0.778509 0 
7 0.93617 0.030833 0.398691 0.00205 0.326774 0.757018 1 
7 0.957447 0.028402 0.400327 0.001751 0.33014 0.736404 0 
7 0.978723 0.032485 0.40003 0.002177 0.399534 0.602632 1 
7 1 0.027981 0.373103 0.00188 0.398757 0.625439 0 
