2 0 0.088958 0.37474 0.003467 0.422915 0.414912 1 
2 0.021277 0.074216 0.31806 0.003467 0.422915 0.414912 0 
2 0.042553 0.056293 0.258256 0.003467 0.422915 0.414912 0 
2 0.06383 0.047076 0.212734 0.003467 0.422915 0.414912 0 
2 0.085106 0.046085 0.177031 0.003467 0.422915 0.414912 0 
2 0.106383 0.046085 0.14936 0.003467 0.422915 0.414912 0 
2 0.12766 0.046085 0.132252 0.003467 0.422915 0.414912 0 
2 0.148936 0.067761 0.134781 0.003467 0.422915 0.414912 0 
2 0.170213 0.046085 0.153526 0.003467 0.422915 0.414912 0 
2 0.191489 0.057704 0.187891 0.003467 0.422915 0.414912 0 
2 0.212766 0.075868 0.262124 0.003467 0.422915 0.414912 0 
2 0.234043 0.087637 0.351532 0.003467 0.422915 0.414912 1 
2 0.255319 0.114807 0.372359 0.003467 0.422915 0.414912 1 
2 0.276596 0.101567 0.428741 0.003467 0.422915 0.414912 1 
2 0.297872 0.086015 0.449866 0.003467 0.422915 0.414912 1 
2 0.319149 0.086015 0.46266 0.003467 0.422915 0.414912 1 
2 0.340426 0.086015 0.507289 0.003467 0.422915 0.414912 1 
2 0.361702 0.101327 0.528117 0.003467 0.422915 0.414912 1 
2 0.382979 0.119491 0.525588 0.003467 0.422915 0.414912 1 
2 0.404255 0.117089 0.51205 0.003467 0.422915 0.414912 1 
2 0.425532 0.109523 0.506397 0.003467 0.422915 0.414912 1 
2 0.446809 0.109523 0.51205 0.003467 0.422915 0.414912 1 
2 0.468085 0.101567 0.500298 0.003467 0.422915 0.414912 1 
2 0.489362 0.101567 0.496578 0.003467 0.422915 0.414912 1 
2 0.510638 0.109523 0.492264 0.003467 0.422915 0.414912 1 
2 0.531915 0.109523 0.496727 0.003467 0.422915 0.414912 1 
2 0.553191 0.109523 0.494496 0.003467 0.422915 0.414912 1 
2 0.574468 0.109523 0.497173 0.003467 0.422915 0.414912 1 
2 0.595745 0.109523 0.489586 0.003467 0.422915 0.414912 1 
2 0.617021 0.109523 0.490925 0.003467 0.422915 0.414912 1 
2 0.638298 0.109523 0.497471 0.003467 0.422915 0.414912 1 
2 0.659574 0.109133 0.498661 0.003467 0.422915 0.414912 1 
2 0.680851 0.109523 0.479768 0.003467 0.422915 0.414912 1 
2 0.702128 0.109133 0.472181 0.003467 0.422915 0.414912 1 
2 0.723404 0.100997 0.443023 0.003467 0.422915 0.414912 1 
2 0.744681 0.087637 0.433651 0.003467 0.422915 0.414912 1 
2 0.765957 0.087637 0.420708 0.003467 0.422915 0.414912 1 
2 0.787234 0.086015 0.442874 0.003467 0.422915 0.414912 0 
2 0.808511 0.086015 0.44332 0.003467 0.422915 0.414912 0 
2 0.829787 0.076378 0.419816 0.003467 0.422915 0.414912 0 
2 0.851064 0.086015 0.383071 0.003467 0.422915 0.414912 0 
2 0.87234 0.076378 0.357185 0.003467 0.422915 0.414912 0 
2 0.893617 0.086015 0.375781 0.003467 0.422915 0.414912 0 
2 0.914894 0.100997 0.391699 0.003467 0.422915 0.414912 1 
2 0.93617 0.109523 0.416245 0.003467 0.422915 0.414912 1 
2 0.957447 0.101567 0.408956 0.003467 0.422915 0.414912 1 
2 0.978723 0.101567 0.409848 0.003467 0.422915 0.414912 1 
2 1 0.101567 0.390955 0.003467 0.422915 0.414912 1 
