2 0 0.036538 0.414162 0.002158 0.428534 0.747368 1 
2 0.021277 0.035847 0.382624 0.001643 0.413516 0.702632 1 
2 0.042553 0.034376 0.352276 0.001899 0.465303 0.636842 0 
2 0.06383 0.046085 0.321333 0.002086 0.450026 0.636842 1 
2 0.085106 0.033626 0.287861 0.001986 0.413516 0.636842 0 
2 0.106383 0.033025 0.261678 0.001797 0.373123 0.636842 0 
2 0.12766 0.033025 0.230884 0.001938 0.342051 0.702632 0 
2 0.148936 0.030083 0.211693 0.002019 0.318747 0.788158 0 
2 0.170213 0.028041 0.20366 0.001876 0.295702 0.791667 0 
2 0.191489 0.029783 0.212437 0.001994 0.288711 0.798246 0 
2 0.212766 0.031854 0.243082 0.002096 0.297255 0.85614 0 
2 0.234043 0.033025 0.299911 0.002154 0.332729 0.830702 0 
2 0.255319 0.034556 0.414758 0.002171 0.403677 0.691228 0 
2 0.276596 0.03939 0.534514 0.002723 0.483169 0.504825 1 
2 0.297872 0.055062 0.573341 0.003876 0.543501 0.368421 1 
2 0.319149 0.121863 0.66022 0.008477 0.621181 0.432456 1 
2 0.340426 0.122793 0.685659 0.008427 0.680218 0.381579 1 
2 0.361702 0.078089 0.680899 0.005326 0.703263 0.340351 1 
2 0.382979 0.093701 0.713924 0.006539 0.733299 0.32807 1 
2 0.404255 0.073166 0.718982 0.004956 0.728638 0.364035 1 
2 0.425532 0.05209 0.699048 0.003548 0.713879 0.335526 1 
2 0.446809 0.057554 0.671675 0.003941 0.682289 0.403947 1 
2 0.468085 0.089048 0.649658 0.006128 0.679959 0.359649 1 
2 0.489362 0.089198 0.6385 0.006217 0.670378 0.39693 1 
2 0.510638 0.03897 0.627194 0.002703 0.632056 0.401754 0 
2 0.531915 0.042933 0.6144 0.002977 0.622216 0.377193 0 
2 0.553191 0.058514 0.616037 0.004059 0.635163 0.355263 1 
2 0.574468 0.045094 0.602648 0.003141 0.62377 0.384211 0 
2 0.595745 0.037889 0.58911 0.002621 0.60668 0.403509 0 
2 0.617021 0.036718 0.572002 0.002536 0.588555 0.466228 0 
2 0.638298 0.037318 0.570217 0.002563 0.566287 0.465789 0 
2 0.659574 0.036418 0.589408 0.002489 0.559037 0.510526 0 
2 0.680851 0.035937 0.614103 0.002418 0.55593 0.544737 0 
2 0.702128 0.035637 0.6626 0.002376 0.570171 0.535088 0 
2 0.723404 0.03966 0.732371 0.002624 0.611859 0.499561 0 
2 0.744681 0.067161 0.833234 0.004449 0.695495 0.436404 1 
2 0.765957 0.057013 0.857483 0.003822 0.733817 0.392105 1 
2 0.787234 0.040411 0.835466 0.002723 0.701191 0.459211 0 
2 0.808511 0.057944 0.793216 0.003901 0.660021 0.490789 1 
2 0.829787 0.055122 0.753942 0.003737 0.629726 0.50614 1 
2 0.851064 0.093491 0.72776 0.006365 0.598654 0.567982 1 
2 0.87234 0.083193 0.699197 0.005661 0.571466 0.60307 1 
2 0.893617 0.062538 0.649509 0.004258 0.531331 0.624123 1 
2 0.914894 0.03966 0.584052 0.002707 0.502071 0.632018 0 
2 0.93617 0.043473 0.60607 0.002943 0.469446 0.650877 0 
2 0.957447 0.037468 0.597739 0.002545 0.450803 0.647368 0 
2 0.978723 0.050709 0.58554 0.003461 0.526929 0.52193 0 
2 1 0.038579 0.571259 0.002653 0.516313 0.569298 0 
