7 0 0.030954 0.490181 0.002071 0.427499 0.449123 1 
7 0.021277 0.030353 0.478578 0.002032 0.402123 0.483772 1 
7 0.042553 0.030443 0.447932 0.002038 0.444847 0.400439 1 
7 0.06383 0.030353 0.385451 0.002029 0.420249 0.476754 1 
7 0.085106 0.029873 0.322672 0.001988 0.373123 0.554825 0 
7 0.106383 0.027681 0.268075 0.001836 0.32755 0.544298 0 
7 0.12766 0.029212 0.224784 0.001946 0.278871 0.54693 0 
7 0.148936 0.030143 0.189527 0.002029 0.245469 0.573684 0 
7 0.170213 0.025129 0.164832 0.001699 0.219575 0.59386 0 
7 0.191489 0.02621 0.151145 0.001762 0.199637 0.601754 0 
7 0.212766 0.02636 0.156501 0.001757 0.195753 0.620614 0 
7 0.234043 0.02678 0.172419 0.001768 0.197566 0.645614 0 
7 0.255319 0.028191 0.207974 0.00189 0.224495 0.592105 0 
7 0.276596 0.027501 0.257959 0.00183 0.241326 0.59386 0 
7 0.297872 0.027351 0.307795 0.001863 0.22579 0.617982 0 
7 0.319149 0.027141 0.379798 0.001805 0.265924 0.599561 0 
7 0.340426 0.027891 0.441089 0.001849 0.310979 0.55307 0 
7 0.361702 0.030533 0.493008 0.002032 0.348265 0.525 1 
7 0.382979 0.029633 0.527373 0.001969 0.362506 0.516667 0 
7 0.404255 0.028251 0.530943 0.001888 0.353962 0.533772 0 
7 0.425532 0.029933 0.511157 0.001978 0.330658 0.575877 1 
7 0.446809 0.027891 0.477983 0.001838 0.3203 0.587281 0 
7 0.468085 0.027231 0.448974 0.001793 0.306836 0.592105 0 
7 0.489362 0.02672 0.428741 0.001757 0.292853 0.615351 0 
7 0.510638 0.031854 0.421154 0.002102 0.273692 0.602632 1 
7 0.531915 0.033926 0.413716 0.00225 0.261523 0.598684 1 
7 0.553191 0.028342 0.402708 0.001892 0.261523 0.582456 0 
7 0.574468 0.02648 0.380542 0.001766 0.247799 0.603947 0 
7 0.595745 0.02666 0.369979 0.001774 0.234076 0.621053 0 
7 0.617021 0.02657 0.356144 0.001768 0.21854 0.639474 0 
7 0.638298 0.028582 0.354656 0.001905 0.207664 0.635526 0 
7 0.659574 0.027201 0.361946 0.001818 0.207405 0.629386 0 
7 0.680851 0.02675 0.370277 0.001789 0.2087 0.65614 0 
7 0.702128 0.027801 0.390211 0.001857 0.231227 0.626754 0 
7 0.723404 0.025399 0.407766 0.001691 0.267478 0.627632 0 
7 0.744681 0.02606 0.494198 0.001714 0.320818 0.591667 0 
7 0.765957 0.030203 0.542844 0.001957 0.366649 0.532456 1 
7 0.787234 0.030503 0.538828 0.002021 0.387105 0.517982 1 
7 0.808511 0.027201 0.499851 0.001803 0.363801 0.544298 0 
7 0.829787 0.0266 0.461321 0.001759 0.343086 0.542544 0 
7 0.851064 0.043683 0.443767 0.002892 0.327809 0.571053 1 
7 0.87234 0.029813 0.429932 0.001994 0.312273 0.560088 1 
7 0.893617 0.029002 0.421006 0.001944 0.2913 0.575 1 
7 0.914894 0.029482 0.421898 0.001971 0.296737 0.558333 1 
7 0.93617 0.032905 0.466528 0.0022 0.307872 0.597368 1 
7 0.957447 0.031644 0.460577 0.002117 0.321854 0.560965 1 
7 0.978723 0.028762 0.447188 0.001924 0.392284 0.446053 0 
7 1 0.028792 0.415055 0.001928 0.389177 0.470175 0 
