2 0 0.027171 0.235644 0.001838 0.255567 0.586842 0 
2 0.021277 0.02675 0.20723 0.001811 0.238219 0.579825 0 
2 0.042553 0.029482 0.174502 0.002005 0.301398 0.474123 1 
2 0.06383 0.02648 0.149509 0.001797 0.280684 0.551754 0 
2 0.085106 0.023958 0.13017 0.001618 0.237442 0.557456 0 
2 0.106383 0.023928 0.117971 0.00162 0.201968 0.539912 0 
2 0.12766 0.024108 0.123624 0.001631 0.177887 0.607018 0 
2 0.148936 0.024048 0.131657 0.001622 0.169342 0.611842 0 
2 0.170213 0.023508 0.160964 0.001575 0.171673 0.602632 0 
2 0.191489 0.024949 0.196965 0.00168 0.199379 0.610965 0 
2 0.212766 0.034196 0.280571 0.002297 0.250647 0.65307 1 
2 0.234043 0.033986 0.363136 0.002079 0.274469 0.56886 1 
2 0.255319 0.044464 0.384409 0.002567 0.426981 0.372368 1 
2 0.276596 0.040291 0.447188 0.002771 0.490937 0.301316 1 
2 0.297872 0.027921 0.479322 0.001901 0.459606 0.351754 0 
2 0.319149 0.02642 0.493901 0.001782 0.461419 0.333333 0 
2 0.340426 0.028041 0.548051 0.001867 0.478509 0.378947 0 
2 0.361702 0.02615 0.569771 0.001728 0.47333 0.404386 0 
2 0.382979 0.02678 0.572151 0.001762 0.494045 0.365351 0 
2 0.404255 0.02615 0.570068 0.001712 0.499482 0.354386 0 
2 0.425532 0.028312 0.572449 0.001874 0.516313 0.396491 0 
2 0.446809 0.029182 0.582565 0.001951 0.526929 0.379825 1 
2 0.468085 0.03882 0.580184 0.002592 0.522786 0.438158 1 
2 0.489362 0.045515 0.585242 0.003035 0.525375 0.471053 1 
2 0.510638 0.057674 0.598036 0.003841 0.538322 0.442982 1 
2 0.531915 0.048307 0.603541 0.003209 0.541429 0.439912 1 
2 0.553191 0.042692 0.609342 0.002827 0.547126 0.389035 1 
2 0.574468 0.049388 0.614252 0.003238 0.557483 0.418421 1 
2 0.595745 0.142098 0.613657 0.009335 0.554117 0.302632 1 
2 0.617021 0.047106 0.626748 0.003114 0.55101 0.285088 1 
2 0.638298 0.047196 0.633145 0.003105 0.552563 0.262281 1 
2 0.659574 0.047316 0.631508 0.003114 0.554376 0.334649 1 
2 0.680851 0.047346 0.619161 0.003114 0.545572 0.326754 1 
2 0.702128 0.046085 0.601904 0.003033 0.525375 0.279825 1 
2 0.723404 0.045094 0.564862 0.003002 0.471258 0.350439 1 
2 0.744681 0.044884 0.5482 0.003033 0.425427 0.388158 1 
2 0.765957 0.041492 0.51562 0.002838 0.390212 0.42807 1 
2 0.787234 0.030984 0.505356 0.002127 0.356551 0.449123 0 
2 0.808511 0.041431 0.520976 0.002842 0.348265 0.469737 1 
2 0.829787 0.044794 0.519637 0.003062 0.379078 0.403509 1 
2 0.851064 0.044884 0.483636 0.003041 0.387623 0.429386 1 
2 0.87234 0.041762 0.444362 0.002821 0.359399 0.482895 1 
2 0.893617 0.043173 0.462511 0.002908 0.323666 0.545614 1 
2 0.914894 0.03984 0.462214 0.002684 0.28405 0.571053 1 
2 0.93617 0.043323 0.463553 0.002916 0.26696 0.617982 1 
2 0.957447 0.038579 0.456263 0.002594 0.263594 0.580702 1 
2 0.978723 0.038309 0.439155 0.002578 0.354738 0.48114 0 
2 1 0.045124 0.406278 0.003039 0.360176 0.476754 1 
