7 0 0.032485 0.403898 0.002009 0.3739 0.813596 1 
7 0.021277 0.032064 0.390509 0.001973 0.347229 0.809649 1 
7 0.042553 0.031014 0.353466 0.001915 0.392802 0.765789 1 
7 0.06383 0.029242 0.293663 0.00182 0.376489 0.72193 1 
7 0.085106 0.028942 0.234454 0.000904 0.33247 0.67807 1 
7 0.106383 0.028942 0.191312 0.00085 0.297514 0.67807 1 
7 0.12766 0.023838 0.151294 0.000841 0.267737 0.72193 0 
7 0.148936 0.014471 0.127194 0.000929 0.253755 0.778509 0 
7 0.170213 0.01294 0.112913 0.000831 0.232004 0.765351 0 
7 0.191489 0.01279 0.112913 0.000821 0.214656 0.828947 0 
7 0.212766 0.016843 0.1205 0.000821 0.205852 0.838158 0 
7 0.234043 0.017713 0.132699 0.000771 0.196012 0.838158 0 
7 0.255319 0.022577 0.167063 0.000827 0.21854 0.838158 0 
7 0.276596 0.028942 0.198602 0.000827 0.239772 0.838158 1 
7 0.297872 0.028942 0.241446 0.000829 0.234076 0.838158 1 
7 0.319149 0.028942 0.302886 0.000845 0.263853 0.838158 1 
7 0.340426 0.030893 0.364326 0.001433 0.302952 0.819737 1 
7 0.361702 0.032184 0.399286 0.002009 0.319782 0.794737 1 
7 0.382979 0.032004 0.428444 0.002009 0.347747 0.742982 1 
7 0.404255 0.030443 0.431568 0.001257 0.343345 0.741228 1 
7 0.425532 0.030473 0.428444 0.00107 0.338426 0.72193 1 
7 0.446809 0.030593 0.415948 0.00124 0.325479 0.706579 1 
7 0.468085 0.030143 0.4036 0.001061 0.317193 0.686842 1 
7 0.489362 0.030023 0.394525 0.000841 0.308907 0.706579 1 
7 0.510638 0.029572 0.382475 0.000841 0.301398 0.706579 1 
7 0.531915 0.029422 0.367004 0.000839 0.288452 0.684649 1 
7 0.553191 0.029242 0.349152 0.000839 0.280684 0.684649 1 
7 0.574468 0.029002 0.337697 0.000671 0.268255 0.684649 1 
7 0.595745 0.028942 0.323267 0.000779 0.260746 0.706579 1 
7 0.617021 0.028942 0.316572 0.000673 0.244951 0.706579 1 
7 0.638298 0.028942 0.311812 0.000783 0.245469 0.706579 1 
7 0.659574 0.028942 0.311068 0.000827 0.232004 0.706579 1 
7 0.680851 0.028942 0.3133 0.000835 0.234335 0.706579 1 
7 0.702128 0.028942 0.325945 0.000839 0.251424 0.706579 1 
7 0.723404 0.028942 0.338143 0.00103 0.281719 0.706579 1 
7 0.744681 0.031344 0.413865 0.001953 0.34231 0.85 1 
7 0.765957 0.034286 0.46147 0.002154 0.421284 0.817105 1 
7 0.787234 0.032875 0.44213 0.002044 0.424909 0.713158 1 
7 0.808511 0.030203 0.398096 0.001257 0.40057 0.67807 1 
7 0.829787 0.029422 0.364772 0.001489 0.374935 0.67807 1 
7 0.851064 0.031854 0.340821 0.002009 0.359399 0.698684 1 
7 0.87234 0.031014 0.326986 0.00162 0.342569 0.67807 1 
7 0.893617 0.029422 0.305266 0.00085 0.321336 0.662719 1 
7 0.914894 0.029002 0.292919 0.000868 0.301916 0.72193 1 
7 0.93617 0.030263 0.320738 0.001265 0.304505 0.727632 1 
7 0.957447 0.030713 0.331151 0.001464 0.303211 0.72193 1 
7 0.978723 0.031554 0.337697 0.001982 0.36406 0.713158 1 
7 1 0.029272 0.317465 0.001512 0.354997 0.748246 1 
