2 0 0.033656 0.391401 0.002293 0.363542 0.45 1 
2 0.021277 0.033295 0.361202 0.002279 0.339202 0.471491 0 
2 0.042553 0.041041 0.338887 0.002842 0.396686 0.326754 1 
2 0.06383 0.03909 0.308093 0.002711 0.3739 0.395175 1 
2 0.085106 0.034796 0.270306 0.002399 0.335836 0.441228 1 
2 0.106383 0.033175 0.240702 0.002277 0.294666 0.517544 0 
2 0.12766 0.033025 0.212586 0.002252 0.263076 0.617544 0 
2 0.148936 0.032305 0.193692 0.002179 0.234076 0.740351 0 
2 0.170213 0.030443 0.188634 0.002048 0.214397 0.735526 0 
2 0.191489 0.029572 0.190271 0.001992 0.205852 0.746491 0 
2 0.212766 0.032395 0.226421 0.002185 0.207147 0.735965 0 
2 0.234043 0.032905 0.283547 0.002221 0.241844 0.70307 0 
2 0.255319 0.033055 0.406575 0.002258 0.319782 0.607018 0 
2 0.276596 0.033265 0.53734 0.002314 0.406784 0.466228 0 
2 0.297872 0.033926 0.590896 0.002391 0.459606 0.394298 0 
2 0.319149 0.038009 0.664981 0.002732 0.545313 0.285088 1 
2 0.340426 0.040891 0.685957 0.002925 0.580269 0.310526 1 
2 0.361702 0.036898 0.668849 0.002603 0.58493 0.332456 1 
2 0.382979 0.037619 0.693395 0.002592 0.595287 0.385088 1 
2 0.404255 0.035817 0.698602 0.002424 0.59477 0.435526 1 
2 0.425532 0.034646 0.666766 0.002329 0.586484 0.476316 0 
2 0.446809 0.033656 0.633889 0.002262 0.585448 0.48114 0 
2 0.468085 0.033596 0.602499 0.002262 0.569653 0.504386 0 
2 0.489362 0.033716 0.578548 0.002277 0.565251 0.487281 0 
2 0.510638 0.033656 0.567688 0.002281 0.553599 0.509211 0 
2 0.531915 0.033325 0.556382 0.002252 0.545313 0.557895 0 
2 0.553191 0.033325 0.53972 0.002248 0.56784 0.522368 0 
2 0.574468 0.033325 0.531836 0.002248 0.562921 0.550877 0 
2 0.595745 0.033265 0.519935 0.002235 0.550751 0.563158 0 
2 0.617021 0.033205 0.505356 0.002225 0.550492 0.595614 0 
2 0.638298 0.033115 0.496876 0.002208 0.531849 0.641667 0 
2 0.659574 0.033085 0.50238 0.002202 0.521233 0.639474 0 
2 0.680851 0.033235 0.520976 0.00221 0.525117 0.63114 0 
2 0.702128 0.033535 0.566498 0.002229 0.548679 0.597807 0 
2 0.723404 0.033836 0.645641 0.002254 0.586225 0.591228 0 
2 0.744681 0.036057 0.767034 0.002356 0.654583 0.579386 1 
2 0.765957 0.036238 0.787712 0.002358 0.666753 0.591667 1 
2 0.787234 0.042903 0.776703 0.002829 0.634127 0.595614 1 
2 0.808511 0.051579 0.74457 0.003459 0.603573 0.572368 1 
2 0.829787 0.035817 0.716156 0.002426 0.575091 0.642544 1 
2 0.851064 0.035007 0.697858 0.002362 0.547644 0.638596 1 
2 0.87234 0.034256 0.670485 0.002314 0.519938 0.701316 0 
2 0.893617 0.033566 0.624814 0.002266 0.491455 0.688158 0 
2 0.914894 0.033235 0.567688 0.002237 0.451838 0.716667 0 
2 0.93617 0.034887 0.604433 0.002316 0.437338 0.715351 0 
2 0.957447 0.033325 0.602202 0.001774 0.416365 0.735965 0 
2 0.978723 0.038429 0.587623 0.002572 0.497411 0.62193 1 
2 1 0.034136 0.573788 0.002281 0.493527 0.723246 0 
