1 0 0.047106 0.282654 0.003467 0.422915 0.414912 0 
1 0.021277 0.047106 0.247694 0.003467 0.422915 0.414912 0 
1 0.042553 0.047106 0.233859 0.003467 0.422915 0.414912 0 
1 0.06383 0.046956 0.185808 0.003467 0.422915 0.414912 0 
1 0.085106 0.046956 0.154865 0.003467 0.422915 0.414912 0 
1 0.106383 0.046956 0.127789 0.003467 0.422915 0.414912 0 
1 0.12766 0.046956 0.112169 0.003467 0.422915 0.414912 0 
1 0.148936 0.046806 0.101309 0.003467 0.422915 0.414912 0 
1 0.170213 0.046806 0.10235 0.003467 0.422915 0.414912 0 
1 0.191489 0.046806 0.110533 0.003467 0.422915 0.414912 0 
1 0.212766 0.046806 0.143112 0.003467 0.422915 0.414912 0 
1 0.234043 0.047256 0.187742 0.003467 0.422915 0.414912 0 
1 0.255319 0.047256 0.27953 0.003467 0.422915 0.414912 0 
1 0.276596 0.047106 0.367599 0.003467 0.422915 0.414912 0 
1 0.297872 0.10475 0.375483 0.003467 0.422915 0.414912 1 
1 0.319149 0.10475 0.435882 0.003467 0.422915 0.414912 1 
1 0.340426 0.155878 0.465338 0.003467 0.422915 0.414912 1 
1 0.361702 0.153206 0.469652 0.003467 0.422915 0.414912 1 
1 0.382979 0.10475 0.512348 0.003467 0.422915 0.414912 1 
1 0.404255 0.10475 0.529753 0.003467 0.422915 0.414912 1 
1 0.425532 0.10475 0.519042 0.003467 0.422915 0.414912 1 
1 0.446809 0.074817 0.498959 0.003467 0.422915 0.414912 1 
1 0.468085 0.10475 0.495091 0.003467 0.422915 0.414912 1 
1 0.489362 0.10475 0.492711 0.003467 0.422915 0.414912 1 
1 0.510638 0.13105 0.488545 0.003467 0.422915 0.414912 1 
1 0.531915 0.10475 0.476346 0.003467 0.422915 0.414912 1 
1 0.553191 0.10475 0.478578 0.003467 0.422915 0.414912 1 
1 0.574468 0.13105 0.478429 0.003467 0.422915 0.414912 1 
1 0.595745 0.13105 0.473222 0.003467 0.422915 0.414912 1 
1 0.617021 0.13105 0.467718 0.003467 0.422915 0.414912 1 
1 0.638298 0.13105 0.457007 0.003467 0.422915 0.414912 1 
1 0.659574 0.13105 0.472925 0.003467 0.422915 0.414912 1 
1 0.680851 0.179596 0.489289 0.003467 0.422915 0.414912 1 
1 0.702128 0.179596 0.53734 0.003467 0.422915 0.414912 1 
1 0.723404 0.209229 0.591639 0.003467 0.422915 0.414912 1 
1 0.744681 0.194548 0.651592 0.003467 0.422915 0.414912 1 
1 0.765957 0.193287 0.629575 0.003467 0.422915 0.414912 1 
1 0.787234 0.179596 0.597292 0.003467 0.422915 0.414912 1 
1 0.808511 0.179596 0.558316 0.003467 0.422915 0.414912 1 
1 0.829787 0.13105 0.526034 0.003467 0.422915 0.414912 1 
1 0.851064 0.155878 0.497025 0.003467 0.422915 0.414912 1 
1 0.87234 0.10475 0.471883 0.003467 0.422915 0.414912 1 
1 0.893617 0.109283 0.427998 0.003467 0.422915 0.414912 1 
1 0.914894 0.10475 0.3795 0.003467 0.422915 0.414912 1 
1 0.93617 0.088327 0.425022 0.003467 0.422915 0.414912 0 
1 0.957447 0.088327 0.448825 0.003467 0.422915 0.414912 0 
1 0.978723 0.109283 0.468462 0.003467 0.422915 0.414912 1 
1 1 0.077039 0.46385 0.003467 0.422915 0.414912 0 
