4 0 0.076018 0.39765 0.005206 0.401864 0.408772 1 
4 0.021277 0.071634 0.341416 0.005102 0.357069 0.457895 1 
4 0.042553 0.078089 0.290539 0.005239 0.405489 0.451316 1 
4 0.06383 0.070614 0.241446 0.004713 0.379337 0.512719 1 
4 0.085106 0.045244 0.196073 0.002867 0.327033 0.568421 0 
4 0.106383 0.042632 0.1687 0.00284 0.283014 0.564912 0 
4 0.12766 0.042632 0.154418 0.002842 0.250129 0.55307 0 
4 0.148936 0.042632 0.158137 0.002838 0.228897 0.589035 0 
4 0.170213 0.041762 0.186105 0.002784 0.239772 0.551316 0 
4 0.191489 0.045034 0.22404 0.003012 0.255826 0.538596 0 
4 0.212766 0.061457 0.311366 0.004142 0.325738 0.480702 0 
4 0.234043 0.067161 0.397203 0.004476 0.399534 0.439474 1 
4 0.255319 0.058004 0.408658 0.003986 0.510357 0.34386 0 
4 0.276596 0.093131 0.451651 0.006408 0.59477 0.302632 1 
4 0.297872 0.057163 0.467718 0.004169 0.560849 0.334211 0 
4 0.319149 0.083103 0.48438 0.005677 0.570948 0.238158 1 
4 0.340426 0.091359 0.53734 0.006209 0.59477 0.302193 1 
4 0.361702 0.087066 0.555192 0.005941 0.600984 0.30307 1 
4 0.382979 0.073466 0.551622 0.005012 0.619109 0.327193 1 
4 0.404255 0.056833 0.546564 0.003874 0.626877 0.335965 0 
4 0.425532 0.0792 0.543737 0.005426 0.648369 0.269298 1 
4 0.446809 0.0792 0.542249 0.005432 0.652512 0.281579 1 
4 0.468085 0.06632 0.536299 0.004541 0.65303 0.277632 1 
4 0.489362 0.06623 0.531389 0.004832 0.669342 0.246053 1 
4 0.510638 0.07869 0.535109 0.005698 0.685396 0.289035 1 
4 0.531915 0.106641 0.539423 0.007256 0.703521 0.291228 1 
4 0.553191 0.11907 0.537489 0.008313 0.706629 0.24386 1 
4 0.574468 0.101657 0.537043 0.008261 0.715432 0.213158 1 
4 0.595745 0.105951 0.534811 0.007277 0.714915 0.177632 1 
4 0.617021 0.124234 0.541357 0.008523 0.722165 0.25307 1 
4 0.638298 0.10568 0.54701 0.007867 0.726567 0.224561 1 
4 0.659574 0.107151 0.54463 0.0078 0.72579 0.223684 1 
4 0.680851 0.112766 0.53377 0.007696 0.709995 0.231579 1 
4 0.702128 0.087727 0.515323 0.006012 0.683843 0.261404 1 
4 0.723404 0.051549 0.472181 0.003535 0.622993 0.322368 0 
4 0.744681 0.050588 0.461024 0.003463 0.575608 0.395175 0 
4 0.765957 0.043113 0.430675 0.002908 0.518384 0.430263 0 
4 0.787234 0.043383 0.429485 0.002908 0.494562 0.472807 0 
4 0.808511 0.054461 0.452098 0.003646 0.491455 0.412281 0 
4 0.829787 0.058905 0.456263 0.004003 0.50492 0.323684 0 
4 0.851064 0.068992 0.429485 0.004751 0.499741 0.250877 0 
4 0.87234 0.045485 0.392294 0.003122 0.469964 0.336404 0 
4 0.893617 0.050829 0.409551 0.00345 0.410409 0.400877 0 
4 0.914894 0.066621 0.424427 0.004503 0.365355 0.433333 0 
4 0.93617 0.057073 0.451503 0.003874 0.33506 0.482456 0 
4 0.957447 0.067731 0.460726 0.004595 0.325997 0.445614 0 
4 0.978723 0.086886 0.457304 0.005985 0.455205 0.342982 1 
4 1 0.075057 0.433204 0.005237 0.454428 0.352193 1 
