2 0 0.058394 0.288605 0.003467 0.422915 0.414912 0 
2 0.021277 0.056923 0.224933 0.003467 0.422915 0.414912 0 
2 0.042553 0.056923 0.169592 0.003467 0.422915 0.414912 0 
2 0.06383 0.055242 0.137608 0.003467 0.422915 0.414912 0 
2 0.085106 0.055242 0.116186 0.003467 0.422915 0.414912 0 
2 0.106383 0.055242 0.105326 0.003467 0.422915 0.414912 0 
2 0.12766 0.055242 0.103689 0.003467 0.422915 0.414912 0 
2 0.148936 0.067641 0.114103 0.003467 0.422915 0.414912 0 
2 0.170213 0.056923 0.132847 0.003467 0.422915 0.414912 0 
2 0.191489 0.066951 0.175245 0.003467 0.422915 0.414912 0 
2 0.212766 0.067281 0.246504 0.003467 0.422915 0.414912 0 
2 0.234043 0.066951 0.313597 0.003467 0.422915 0.414912 0 
2 0.255319 0.067281 0.346772 0.003467 0.422915 0.414912 0 
2 0.276596 0.089288 0.410146 0.003467 0.422915 0.414912 1 
2 0.297872 0.09265 0.457751 0.003467 0.422915 0.414912 1 
2 0.319149 0.091359 0.494793 0.003467 0.422915 0.414912 1 
2 0.340426 0.102768 0.540762 0.003467 0.422915 0.414912 1 
2 0.361702 0.089288 0.562184 0.003467 0.422915 0.414912 1 
2 0.382979 0.099406 0.561291 0.003467 0.422915 0.414912 1 
2 0.404255 0.091359 0.555043 0.003467 0.422915 0.414912 1 
2 0.425532 0.096013 0.557423 0.003467 0.422915 0.414912 1 
2 0.446809 0.099075 0.558316 0.003467 0.422915 0.414912 1 
2 0.468085 0.076498 0.542249 0.003467 0.422915 0.414912 0 
2 0.489362 0.062357 0.539274 0.003467 0.422915 0.414912 0 
2 0.510638 0.072715 0.544481 0.003467 0.422915 0.414912 0 
2 0.531915 0.076498 0.541952 0.003467 0.422915 0.414912 1 
2 0.553191 0.076498 0.535852 0.003467 0.422915 0.414912 1 
2 0.574468 0.067281 0.530199 0.003467 0.422915 0.414912 0 
2 0.595745 0.067281 0.524993 0.003467 0.422915 0.414912 0 
2 0.617021 0.076498 0.53377 0.003467 0.422915 0.414912 1 
2 0.638298 0.085895 0.543142 0.003467 0.422915 0.414912 1 
2 0.659574 0.085895 0.543291 0.003467 0.422915 0.414912 1 
2 0.680851 0.076498 0.532877 0.003467 0.422915 0.414912 1 
2 0.702128 0.076498 0.516513 0.003467 0.422915 0.414912 1 
2 0.723404 0.062387 0.469354 0.003467 0.422915 0.414912 0 
2 0.744681 0.062387 0.454478 0.003467 0.422915 0.414912 0 
2 0.765957 0.076498 0.421601 0.003467 0.422915 0.414912 1 
2 0.787234 0.084634 0.40122 0.003467 0.422915 0.414912 1 
2 0.808511 0.091359 0.406129 0.003467 0.422915 0.414912 1 
2 0.829787 0.076498 0.398988 0.003467 0.422915 0.414912 1 
2 0.851064 0.076498 0.367153 0.003467 0.422915 0.414912 1 
2 0.87234 0.060316 0.344243 0.003467 0.422915 0.414912 0 
2 0.893617 0.071004 0.384707 0.003467 0.422915 0.414912 0 
2 0.914894 0.064879 0.393187 0.003467 0.422915 0.414912 0 
2 0.93617 0.061667 0.426212 0.003467 0.422915 0.414912 0 
2 0.957447 0.060316 0.417733 0.003467 0.422915 0.414912 0 
2 0.978723 0.060316 0.405534 0.003467 0.422915 0.414912 0 
2 1 0.057644 0.375632 0.003467 0.422915 0.414912 0 
