2 0 0.028251 0.248884 0.001899 0.284568 0.410088 0 
2 0.021277 0.027861 0.221809 0.001853 0.260746 0.424123 0 
2 0.042553 0.029693 0.188039 0.002032 0.317193 0.358333 0 
2 0.06383 0.029753 0.164534 0.002117 0.292077 0.402632 0 
2 0.085106 0.027081 0.131806 0.001822 0.25738 0.45307 0 
2 0.106383 0.02615 0.102499 0.001741 0.216727 0.513596 0 
2 0.12766 0.024499 0.079887 0.001649 0.177628 0.521491 0 
2 0.148936 0.022727 0.068878 0.001525 0.143967 0.581579 0 
2 0.170213 0.025489 0.057126 0.00168 0.124806 0.582895 0 
2 0.191489 0.023838 0.064267 0.001595 0.115484 0.594298 0 
2 0.212766 0.025219 0.073193 0.001606 0.128431 0.575877 0 
2 0.234043 0.025579 0.072597 0.001745 0.161056 0.482895 0 
2 0.255319 0.033956 0.109491 0.002401 0.240808 0.460965 1 
2 0.276596 0.041942 0.144451 0.002948 0.352926 0.353947 1 
2 0.297872 0.035817 0.164237 0.002536 0.421802 0.258333 1 
2 0.319149 0.044194 0.207081 0.003149 0.493268 0.205702 1 
2 0.340426 0.049207 0.255132 0.003538 0.523822 0.219737 1 
2 0.361702 0.042452 0.278935 0.002979 0.515018 0.220614 1 
2 0.382979 0.046505 0.334424 0.003469 0.516313 0.237719 1 
2 0.404255 0.043293 0.35659 0.003045 0.507509 0.247807 1 
2 0.425532 0.042963 0.355103 0.003012 0.494303 0.25307 1 
2 0.446809 0.043203 0.35064 0.003018 0.489902 0.229825 1 
2 0.468085 0.042452 0.34454 0.002958 0.478767 0.282456 1 
2 0.489362 0.043023 0.340226 0.002987 0.475401 0.267982 1 
2 0.510638 0.043353 0.335614 0.003008 0.46349 0.317982 1 
2 0.531915 0.043953 0.322821 0.003039 0.451579 0.314474 1 
2 0.553191 0.043473 0.313597 0.00301 0.456758 0.305263 1 
2 0.574468 0.043233 0.305713 0.003012 0.454687 0.292982 1 
2 0.595745 0.043563 0.297233 0.003022 0.444329 0.318421 1 
2 0.617021 0.042242 0.287861 0.002927 0.434231 0.283333 1 
2 0.638298 0.042542 0.285034 0.002948 0.430606 0.325877 1 
2 0.659574 0.042933 0.285778 0.002966 0.441999 0.305702 1 
2 0.680851 0.047166 0.286224 0.003278 0.472553 0.240351 1 
2 0.702128 0.062387 0.307647 0.00436 0.512429 0.257456 1 
2 0.723404 0.06602 0.325796 0.004639 0.56551 0.239474 1 
2 0.744681 0.085715 0.368492 0.006032 0.621958 0.209649 1 
2 0.765957 0.09241 0.418477 0.006473 0.660539 0.114912 1 
2 0.787234 0.09229 0.438709 0.006518 0.67245 0.152632 1 
2 0.808511 0.085985 0.407319 0.006059 0.646556 0.197368 1 
2 0.829787 0.076618 0.377715 0.005407 0.60668 0.2 1 
2 0.851064 0.05209 0.355549 0.00365 0.560073 0.27807 1 
2 0.87234 0.043023 0.335466 0.003078 0.510875 0.295614 0 
2 0.893617 0.041041 0.313895 0.00284 0.453651 0.309649 0 
2 0.914894 0.032275 0.286224 0.002225 0.404195 0.397368 0 
2 0.93617 0.037889 0.315829 0.002586 0.362248 0.433333 0 
2 0.957447 0.035007 0.325052 0.002383 0.327033 0.425439 0 
2 0.978723 0.068362 0.34454 0.004639 0.424133 0.457018 1 
2 1 0.046205 0.340821 0.003118 0.4174 0.482018 1 
