1 0 0.025099 0.158881 0.001674 0.197048 0.764474 0 
1 0.021277 0.024739 0.126748 0.001645 0.174521 0.781579 0 
1 0.042553 0.024919 0.09521 0.001672 0.234076 0.675 0 
1 0.06383 0.024439 0.069325 0.001633 0.205334 0.738596 0 
1 0.085106 0.021226 0.047605 0.001415 0.168307 0.789912 0 
1 0.106383 0.021016 0.03734 0.001398 0.134386 0.791228 0 
1 0.12766 0.021286 0.027522 0.001419 0.100725 0.777632 0 
1 0.148936 0.016152 0.02172 0.001076 0.037286 0.804386 0 
1 0.170213 0.022457 0.028712 0.001498 0.071207 0.766228 0 
1 0.191489 0.022517 0.040018 0.001508 0.054376 0.782018 0 
1 0.212766 0.020205 0.052068 0.001342 0.043242 0.892105 0 
1 0.234043 0.021016 0.067837 0.001084 0.04117 0.889912 0 
1 0.255319 0.022217 0.083606 0.001253 0.025634 0.903509 0 
1 0.276596 0.024589 0.120797 0.001629 0.07276 0.864035 0 
1 0.297872 0.024889 0.15903 0.001624 0.069135 0.885965 0 
1 0.319149 0.02642 0.200238 0.001747 0.081823 0.879386 1 
1 0.340426 0.027891 0.249628 0.001847 0.104609 0.887719 1 
1 0.361702 0.028071 0.276108 0.001857 0.125842 0.861842 1 
1 0.382979 0.028071 0.284737 0.001865 0.136976 0.848684 1 
1 0.404255 0.027891 0.282803 0.001851 0.146297 0.867105 1 
1 0.425532 0.028101 0.282803 0.001867 0.159762 0.845614 1 
1 0.446809 0.028071 0.27953 0.001867 0.162351 0.838596 1 
1 0.468085 0.027171 0.273728 0.001807 0.16261 0.839474 1 
1 0.489362 0.02624 0.265248 0.001743 0.158726 0.855702 1 
1 0.510638 0.02594 0.256025 0.001724 0.153547 0.848684 1 
1 0.531915 0.02612 0.244868 0.001735 0.153547 0.841228 1 
1 0.553191 0.024919 0.234603 0.001653 0.149146 0.85614 0 
1 0.574468 0.025129 0.229545 0.001668 0.154842 0.837719 0 
1 0.595745 0.024919 0.223594 0.001649 0.155619 0.896053 0 
1 0.617021 0.024919 0.227016 0.001622 0.165458 0.880702 0 
1 0.638298 0.024919 0.227462 0.001622 0.174521 0.903509 0 
1 0.659574 0.02642 0.237132 0.001639 0.185137 0.824123 1 
1 0.680851 0.024979 0.231776 0.00166 0.199896 0.810965 0 
1 0.702128 0.02648 0.247843 0.001762 0.200932 0.826316 1 
1 0.723404 0.02618 0.254389 0.001718 0.195236 0.890351 1 
1 0.744681 0.027381 0.264207 0.00182 0.208959 0.829825 1 
1 0.765957 0.02675 0.259149 0.00178 0.198602 0.812281 1 
1 0.787234 0.02609 0.255132 0.001732 0.184619 0.851316 1 
1 0.808511 0.02657 0.261678 0.001759 0.174521 0.863596 1 
1 0.829787 0.027951 0.276257 0.001855 0.192128 0.821053 1 
1 0.851064 0.028071 0.265546 0.00187 0.219316 0.796053 1 
1 0.87234 0.028071 0.243826 0.00187 0.215432 0.80614 1 
1 0.893617 0.028101 0.261827 0.001865 0.196271 0.832456 1 
1 0.914894 0.02696 0.261529 0.001782 0.172967 0.874561 1 
1 0.93617 0.02696 0.260785 0.001568 0.159503 0.85614 1 
1 0.957447 0.02591 0.241595 0.001712 0.151217 0.898684 1 
1 0.978723 0.027651 0.224338 0.001861 0.220093 0.786404 1 
1 1 0.02615 0.191015 0.001745 0.214656 0.744737 1 
