4 0 0.028522 0.367748 0.00172 0.339461 0.796491 1 
4 0.021277 0.028161 0.31925 0.00162 0.324184 0.792544 0 
4 0.042553 0.028191 0.259893 0.001764 0.373382 0.736404 0 
4 0.06383 0.028522 0.222107 0.000974 0.350596 0.664912 1 
4 0.085106 0.028522 0.187891 0.000827 0.298291 0.664912 0 
4 0.106383 0.02597 0.171378 0.000968 0.267737 0.752632 0 
4 0.12766 0.022937 0.164981 0.000841 0.262558 0.796491 0 
4 0.148936 0.02597 0.177031 0.000841 0.261005 0.796491 0 
4 0.170213 0.028131 0.204552 0.000841 0.267737 0.789912 0 
4 0.191489 0.029332 0.243082 0.001211 0.289746 0.702193 1 
4 0.212766 0.030773 0.330259 0.001766 0.346712 0.74386 1 
4 0.234043 0.031374 0.414758 0.001776 0.424392 0.704386 1 
4 0.255319 0.028582 0.438262 0.001826 0.529518 0.567105 0 
4 0.276596 0.029302 0.485123 0.001878 0.593734 0.560526 1 
4 0.297872 0.028251 0.503868 0.001003 0.542983 0.548684 0 
4 0.319149 0.028372 0.519786 0.001147 0.519938 0.548684 0 
4 0.340426 0.031644 0.575722 0.002025 0.531072 0.572807 1 
4 0.361702 0.032755 0.592086 0.002098 0.525893 0.572807 1 
4 0.382979 0.032515 0.595061 0.002092 0.526152 0.572807 1 
4 0.404255 0.034556 0.584052 0.002208 0.545313 0.577193 1 
4 0.425532 0.034796 0.572895 0.002208 0.550492 0.567105 1 
4 0.446809 0.034736 0.588962 0.002235 0.554376 0.65 1 
4 0.468085 0.033656 0.591342 0.002167 0.545313 0.692105 1 
4 0.489362 0.034796 0.595954 0.002229 0.547644 0.678947 1 
4 0.510638 0.034556 0.595954 0.002214 0.562144 0.685526 1 
4 0.531915 0.033986 0.594168 0.002185 0.569135 0.686404 1 
4 0.553191 0.034286 0.599524 0.002204 0.571207 0.688158 1 
4 0.574468 0.034616 0.598334 0.002223 0.569653 0.675 1 
4 0.595745 0.034106 0.594317 0.002204 0.560849 0.692982 1 
4 0.617021 0.034706 0.5964 0.002227 0.559037 0.687281 1 
4 0.638298 0.034826 0.603094 0.002235 0.562144 0.662281 1 
4 0.659574 0.034556 0.605475 0.002216 0.56551 0.667982 1 
4 0.680851 0.032665 0.583011 0.002094 0.554894 0.682456 1 
4 0.702128 0.030893 0.559506 0.001963 0.540653 0.658772 1 
4 0.723404 0.028822 0.526183 0.001732 0.490161 0.702193 0 
4 0.744681 0.028131 0.500595 0.001178 0.444588 0.724123 0 
4 0.765957 0.028131 0.498364 0.001626 0.414293 0.767982 0 
4 0.787234 0.028131 0.513984 0.001741 0.43449 0.734211 0 
4 0.808511 0.028131 0.496578 0.001762 0.456499 0.739912 0 
4 0.829787 0.028131 0.472181 0.001778 0.447178 0.731579 0 
4 0.851064 0.02675 0.432758 0.001695 0.420766 0.767982 0 
4 0.87234 0.025039 0.397054 0.001597 0.385034 0.805263 0 
4 0.893617 0.027681 0.415055 0.001039 0.345935 0.811842 0 
4 0.914894 0.028131 0.421898 0.000858 0.308389 0.811842 0 
4 0.93617 0.028822 0.435138 0.000841 0.288711 0.811842 0 
4 0.957447 0.029873 0.439601 0.001221 0.284568 0.855702 0 
4 0.978723 0.031194 0.421303 0.001924 0.363024 0.802632 1 
4 1 0.028372 0.389021 0.00144 0.372346 0.811842 0 
