4 0 0.040981 0.489586 0.002773 0.426722 0.445175 0 
4 0.021277 0.039 0.473073 0.002636 0.394614 0.495175 0 
4 0.042553 0.04005 0.440791 0.002715 0.447954 0.383333 0 
4 0.06383 0.03984 0.394823 0.002692 0.422579 0.448684 0 
4 0.085106 0.035937 0.330854 0.00243 0.378301 0.475 0 
4 0.106383 0.034226 0.285183 0.002327 0.33972 0.463596 0 
4 0.12766 0.031284 0.243975 0.002108 0.291818 0.559649 0 
4 0.148936 0.029302 0.211395 0.001984 0.261264 0.601316 0 
4 0.170213 0.030323 0.192205 0.002048 0.235629 0.513158 0 
4 0.191489 0.029693 0.189824 0.002029 0.220352 0.525877 0 
4 0.212766 0.030353 0.220173 0.002079 0.230968 0.510965 0 
4 0.234043 0.032515 0.267331 0.002231 0.261264 0.475877 0 
4 0.255319 0.037679 0.365219 0.002522 0.34464 0.419737 0 
4 0.276596 0.054852 0.464296 0.003695 0.42465 0.369737 1 
4 0.297872 0.038699 0.472776 0.002648 0.466857 0.249123 0 
4 0.319149 0.059415 0.521571 0.004069 0.529259 0.222807 1 
4 0.340426 0.055812 0.533621 0.003918 0.554635 0.162719 1 
4 0.361702 0.041221 0.527224 0.002846 0.551528 0.209649 0 
4 0.382979 0.042903 0.555489 0.002952 0.55101 0.266228 1 
4 0.404255 0.041912 0.56144 0.002879 0.548679 0.294298 1 
4 0.425532 0.042512 0.550283 0.002919 0.546608 0.294737 1 
4 0.446809 0.040291 0.526927 0.002763 0.548679 0.27807 1 
4 0.468085 0.03984 0.52172 0.002734 0.550233 0.275 1 
4 0.489362 0.041341 0.516364 0.00284 0.554635 0.237281 1 
4 0.510638 0.03906 0.504909 0.002686 0.539358 0.254825 1 
4 0.531915 0.03942 0.495537 0.002717 0.538581 0.217544 1 
4 0.553191 0.03978 0.494198 0.002732 0.553599 0.18114 1 
4 0.574468 0.037529 0.478132 0.003029 0.547903 0.180702 0 
4 0.595745 0.037138 0.482446 0.004296 0.54376 0.172807 0 
4 0.617021 0.040381 0.472478 0.002798 0.535215 0.211842 1 
4 0.638298 0.042813 0.463999 0.00295 0.518125 0.270614 1 
4 0.659574 0.03972 0.465933 0.002738 0.508545 0.274561 1 
4 0.680851 0.041792 0.476941 0.002871 0.52175 0.245614 1 
4 0.702128 0.042272 0.497322 0.002896 0.539099 0.304386 1 
4 0.723404 0.043773 0.518298 0.003008 0.568099 0.259649 1 
4 0.744681 0.07914 0.581226 0.005411 0.602796 0.278947 1 
4 0.765957 0.163654 0.643261 0.011198 0.619109 0.348684 1 
4 0.787234 0.156299 0.643856 0.0107 0.621181 0.34386 1 
4 0.808511 0.103969 0.609491 0.007127 0.58001 0.406579 1 
4 0.829787 0.045034 0.581226 0.003083 0.551528 0.374561 0 
4 0.851064 0.043713 0.555043 0.002993 0.523045 0.366667 0 
4 0.87234 0.044224 0.532728 0.003029 0.493527 0.372807 0 
4 0.893617 0.040561 0.49524 0.002786 0.451838 0.366667 0 
4 0.914894 0.033445 0.449271 0.002304 0.421802 0.376316 0 
4 0.93617 0.037529 0.486016 0.002582 0.396945 0.483333 0 
4 0.957447 0.039 0.497769 0.002651 0.383998 0.448246 0 
4 0.978723 0.041912 0.500446 0.002883 0.465821 0.349123 0 
4 1 0.044013 0.495983 0.002985 0.464008 0.377193 0 
