3 0 0.036508 0.490777 0.002497 0.392543 0.335088 0 
3 0.021277 0.034016 0.477685 0.002327 0.363801 0.383772 0 
3 0.042553 0.035067 0.441833 0.002403 0.418695 0.275877 0 
3 0.06383 0.033986 0.391104 0.002322 0.393061 0.325877 0 
3 0.085106 0.032875 0.327135 0.002239 0.35189 0.356579 0 
3 0.106383 0.032755 0.282059 0.002229 0.30088 0.364912 0 
3 0.12766 0.032214 0.237727 0.002194 0.267478 0.384211 0 
3 0.148936 0.030023 0.20366 0.002048 0.235111 0.420175 0 
3 0.170213 0.029572 0.183874 0.002017 0.218281 0.455263 0 
3 0.191489 0.029482 0.185659 0.002007 0.205852 0.472368 0 
3 0.212766 0.029873 0.210503 0.002027 0.212843 0.455263 0 
3 0.234043 0.031794 0.266587 0.002158 0.24029 0.437281 0 
3 0.255319 0.036688 0.371169 0.002501 0.306577 0.374123 0 
3 0.276596 0.0532 0.471586 0.003627 0.364837 0.344737 1 
3 0.297872 0.037589 0.471735 0.002586 0.387105 0.277193 0 
3 0.319149 0.066801 0.528117 0.004595 0.443811 0.243421 1 
3 0.340426 0.13129 0.552217 0.009011 0.483687 0.302632 1 
3 0.361702 0.072025 0.547902 0.00495 0.494821 0.238596 1 
3 0.382979 0.145821 0.584647 0.009992 0.499741 0.332895 1 
3 0.404255 0.141738 0.596697 0.009701 0.498964 0.33114 1 
3 0.425532 0.116158 0.577655 0.00796 0.48058 0.33114 1 
3 0.446809 0.074637 0.564862 0.005125 0.469187 0.294737 1 
3 0.468085 0.073106 0.552514 0.005033 0.46349 0.290789 1 
3 0.489362 0.067701 0.544778 0.004663 0.467633 0.266228 1 
3 0.510638 0.075177 0.541506 0.005177 0.452097 0.266228 1 
3 0.531915 0.104179 0.534365 0.007194 0.451579 0.285965 1 
3 0.553191 0.101507 0.537043 0.007015 0.459606 0.288158 1 
3 0.574468 0.103609 0.530348 0.007167 0.464267 0.249561 1 
3 0.595745 0.062988 0.520678 0.004364 0.448213 0.269298 1 
3 0.617021 0.06536 0.512496 0.00453 0.443811 0.248246 1 
3 0.638298 0.066561 0.506992 0.004612 0.433195 0.234649 1 
3 0.659574 0.07947 0.524398 0.005507 0.431642 0.254825 1 
3 0.680851 0.108953 0.544927 0.007518 0.426463 0.307456 1 
3 0.702128 0.132371 0.572151 0.009109 0.42232 0.369298 1 
3 0.723404 0.136904 0.606665 0.009412 0.438374 0.409211 1 
3 0.744681 0.114177 0.668551 0.007844 0.453651 0.42807 1 
3 0.765957 0.256815 0.722255 0.017526 0.457794 0.414912 1 
3 0.787234 0.356371 0.727313 0.0242 0.503884 0.359211 1 
3 0.808511 0.253363 0.691312 0.017262 0.502071 0.372807 1 
3 0.829787 0.190044 0.65665 0.01302 0.485241 0.34693 1 
3 0.851064 0.159721 0.636715 0.010955 0.452874 0.350439 1 
3 0.87234 0.148253 0.605475 0.010139 0.433713 0.387281 1 
3 0.893617 0.081062 0.559506 0.005544 0.403936 0.380263 0 
3 0.914894 0.047496 0.510414 0.003265 0.383221 0.270175 0 
3 0.93617 0.061006 0.539572 0.004184 0.356551 0.347368 0 
3 0.957447 0.042422 0.535704 0.00291 0.34231 0.371053 0 
3 0.978723 0.068512 0.529307 0.004722 0.421543 0.272368 0 
3 1 0.075027 0.524398 0.00517 0.420766 0.318421 0 
