5 0 0.041732 0.539572 0.003467 0.422915 0.414912 0 
5 0.021277 0.078059 0.520827 0.003467 0.422915 0.414912 1 
5 0.042553 0.041732 0.492711 0.003467 0.422915 0.414912 0 
5 0.06383 0.041281 0.423535 0.003467 0.422915 0.414912 0 
5 0.085106 0.048787 0.360458 0.003467 0.422915 0.414912 0 
5 0.106383 0.059625 0.313746 0.003467 0.422915 0.414912 1 
5 0.12766 0.064969 0.272538 0.003467 0.422915 0.414912 1 
5 0.148936 0.060496 0.234157 0.003467 0.422915 0.414912 1 
5 0.170213 0.041732 0.211693 0.003467 0.422915 0.414912 0 
5 0.191489 0.041582 0.208569 0.003467 0.422915 0.414912 0 
5 0.212766 0.059625 0.234603 0.003467 0.422915 0.414912 1 
5 0.234043 0.048247 0.284439 0.003467 0.422915 0.414912 0 
5 0.255319 0.082353 0.384112 0.003467 0.422915 0.414912 1 
5 0.276596 0.048247 0.503868 0.003467 0.422915 0.414912 0 
5 0.297872 0.048247 0.525588 0.003467 0.422915 0.414912 0 
5 0.319149 0.041732 0.590449 0.003467 0.422915 0.414912 0 
5 0.340426 0.041732 0.602499 0.003467 0.422915 0.414912 0 
5 0.361702 0.041582 0.593871 0.003467 0.422915 0.414912 0 
5 0.382979 0.048247 0.620649 0.003467 0.422915 0.414912 0 
5 0.404255 0.041732 0.633591 0.003467 0.422915 0.414912 0 
5 0.425532 0.041732 0.611425 0.003467 0.422915 0.414912 0 
5 0.446809 0.041582 0.58197 0.003467 0.422915 0.414912 0 
5 0.468085 0.041732 0.558465 0.003467 0.422915 0.414912 0 
5 0.489362 0.048247 0.546712 0.003467 0.422915 0.414912 0 
5 0.510638 0.041582 0.529307 0.003467 0.422915 0.414912 0 
5 0.531915 0.048247 0.516959 0.003467 0.422915 0.414912 0 
5 0.553191 0.041732 0.502083 0.003467 0.422915 0.414912 0 
5 0.574468 0.043323 0.486016 0.003467 0.422915 0.414912 0 
5 0.595745 0.048247 0.475751 0.003467 0.422915 0.414912 0 
5 0.617021 0.048247 0.459833 0.003467 0.422915 0.414912 0 
5 0.638298 0.048247 0.451503 0.003467 0.422915 0.414912 0 
5 0.659574 0.048247 0.45537 0.003467 0.422915 0.414912 0 
5 0.680851 0.048667 0.465338 0.003467 0.422915 0.414912 0 
5 0.702128 0.041732 0.486909 0.003467 0.422915 0.414912 0 
5 0.723404 0.041672 0.535109 0.003467 0.422915 0.414912 0 
5 0.744681 0.041702 0.630318 0.003467 0.422915 0.414912 0 
5 0.765957 0.041732 0.649658 0.003467 0.422915 0.414912 0 
5 0.787234 0.041582 0.633889 0.003467 0.422915 0.414912 0 
5 0.808511 0.041582 0.602946 0.003467 0.422915 0.414912 0 
5 0.829787 0.041582 0.57587 0.003467 0.422915 0.414912 0 
5 0.851064 0.041582 0.561143 0.003467 0.422915 0.414912 0 
5 0.87234 0.041582 0.546266 0.003467 0.422915 0.414912 0 
5 0.893617 0.041582 0.501339 0.003467 0.422915 0.414912 0 
5 0.914894 0.041281 0.457453 0.003467 0.422915 0.414912 0 
5 0.93617 0.048247 0.505207 0.003467 0.422915 0.414912 0 
5 0.957447 0.041732 0.519339 0.003467 0.422915 0.414912 0 
5 0.978723 0.048247 0.534365 0.003467 0.422915 0.414912 1 
5 1 0.048247 0.534216 0.003467 0.422915 0.414912 1 
