4 0 0.043653 0.538381 0.00285 0.454946 0.539474 0 
4 0.021277 0.043623 0.517406 0.002844 0.427758 0.580702 0 
4 0.042553 0.043533 0.492264 0.002846 0.47566 0.534211 0 
4 0.06383 0.040831 0.445849 0.002661 0.447178 0.580702 0 
4 0.085106 0.03951 0.380988 0.002565 0.407043 0.585965 0 
4 0.106383 0.036147 0.335317 0.002339 0.360953 0.654386 0 
4 0.12766 0.025489 0.281018 0.001639 0.305282 0.759649 0 
4 0.148936 0.024409 0.246653 0.001564 0.275505 0.739912 0 
4 0.170213 0.022217 0.22404 0.001429 0.251942 0.736842 0 
4 0.191489 0.016272 0.2169 0.001049 0.236924 0.741228 0 
4 0.212766 0.023208 0.247694 0.001427 0.247281 0.765789 0 
4 0.234043 0.030893 0.302886 0.001631 0.279389 0.765789 0 
4 0.255319 0.03993 0.405534 0.002453 0.360694 0.707018 0 
4 0.276596 0.042032 0.533621 0.002707 0.447954 0.608333 0 
4 0.297872 0.042813 0.56873 0.002838 0.5 0.435526 0 
4 0.319149 0.130359 0.655608 0.00872 0.570171 0.503947 1 
4 0.340426 0.121863 0.678072 0.008243 0.613154 0.475877 1 
4 0.361702 0.09205 0.663493 0.006277 0.609529 0.408333 1 
4 0.382979 0.097964 0.68194 0.006676 0.600466 0.400877 1 
4 0.404255 0.085565 0.682981 0.005862 0.591144 0.413596 1 
4 0.425532 0.064429 0.654121 0.004449 0.58001 0.393421 0 
4 0.446809 0.043833 0.620202 0.003018 0.569912 0.50307 0 
4 0.468085 0.043653 0.59878 0.003002 0.576126 0.42193 0 
4 0.489362 0.044584 0.580333 0.003078 0.561885 0.457895 0 
4 0.510638 0.043653 0.561291 0.003008 0.545054 0.483333 0 
4 0.531915 0.043653 0.539274 0.002997 0.538322 0.479825 0 
4 0.553191 0.043653 0.529307 0.003 0.552563 0.447807 0 
4 0.574468 0.043653 0.524695 0.003006 0.556706 0.458772 0 
4 0.595745 0.043653 0.513538 0.002997 0.539617 0.476316 0 
4 0.617021 0.043653 0.500446 0.002991 0.524599 0.505263 0 
4 0.638298 0.055993 0.497025 0.002987 0.498187 0.549123 0 
4 0.659574 0.043653 0.505504 0.002968 0.494562 0.535088 0 
4 0.680851 0.043653 0.519786 0.002983 0.502071 0.510088 0 
4 0.702128 0.051849 0.580928 0.003569 0.519679 0.549123 0 
4 0.723404 0.068212 0.679411 0.004614 0.589073 0.512281 0 
4 0.744681 0.09181 0.748735 0.006145 0.662869 0.484649 1 
4 0.765957 0.088297 0.752455 0.005914 0.650958 0.553947 1 
4 0.787234 0.086676 0.726569 0.005827 0.605904 0.572368 1 
4 0.808511 0.05224 0.697709 0.003538 0.569912 0.492982 0 
4 0.829787 0.051729 0.669592 0.003515 0.545831 0.498246 0 
4 0.851064 0.048277 0.64936 0.003292 0.518902 0.567982 0 
4 0.87234 0.043263 0.620054 0.002906 0.489125 0.627193 0 
4 0.893617 0.042632 0.5723 0.0028 0.456758 0.711404 0 
4 0.914894 0.03951 0.522166 0.002532 0.425168 0.765789 0 
4 0.93617 0.040291 0.561886 0.00145 0.406525 0.765789 0 
4 0.957447 0.034586 0.557126 0.001425 0.383998 0.765789 0 
4 0.978723 0.040801 0.555192 0.002574 0.474366 0.717982 0 
4 1 0.03963 0.540762 0.002312 0.466857 0.765789 0 
