4 0 0.043383 0.37474 0.003467 0.422915 0.414912 0 
4 0.021277 0.042032 0.310324 0.003467 0.422915 0.414912 0 
4 0.042553 0.043383 0.252306 0.003467 0.422915 0.414912 0 
4 0.06383 0.045605 0.21199 0.003467 0.422915 0.414912 0 
4 0.085106 0.045605 0.180899 0.003467 0.422915 0.414912 0 
4 0.106383 0.045605 0.162898 0.003467 0.422915 0.414912 0 
4 0.12766 0.045605 0.15427 0.003467 0.422915 0.414912 0 
4 0.148936 0.050288 0.153228 0.003467 0.422915 0.414912 0 
4 0.170213 0.052 0.177477 0.003467 0.422915 0.414912 0 
4 0.191489 0.055842 0.216751 0.003467 0.422915 0.414912 1 
4 0.212766 0.055842 0.293663 0.003467 0.422915 0.414912 1 
4 0.234043 0.055842 0.382178 0.003467 0.422915 0.414912 1 
4 0.255319 0.059715 0.390955 0.003467 0.422915 0.414912 1 
4 0.276596 0.048157 0.448676 0.003467 0.422915 0.414912 0 
4 0.297872 0.045334 0.468313 0.003467 0.422915 0.414912 0 
4 0.319149 0.045334 0.474264 0.003467 0.422915 0.414912 0 
4 0.340426 0.055842 0.523951 0.003467 0.422915 0.414912 1 
4 0.361702 0.055842 0.53853 0.003467 0.422915 0.414912 1 
4 0.382979 0.059715 0.533918 0.003467 0.422915 0.414912 1 
4 0.404255 0.063558 0.522166 0.003467 0.422915 0.414912 1 
4 0.425532 0.055842 0.517703 0.003467 0.422915 0.414912 1 
4 0.446809 0.055842 0.525141 0.003467 0.422915 0.414912 1 
4 0.468085 0.055842 0.528414 0.003467 0.422915 0.414912 1 
4 0.489362 0.055842 0.534067 0.003467 0.422915 0.414912 1 
4 0.510638 0.055842 0.541208 0.003467 0.422915 0.414912 1 
4 0.531915 0.059715 0.537935 0.003467 0.422915 0.414912 1 
4 0.553191 0.059715 0.533621 0.003467 0.422915 0.414912 1 
4 0.574468 0.059715 0.530051 0.003467 0.422915 0.414912 1 
4 0.595745 0.055842 0.518596 0.003467 0.422915 0.414912 1 
4 0.617021 0.055842 0.516364 0.003467 0.422915 0.414912 1 
4 0.638298 0.054672 0.516662 0.003467 0.422915 0.414912 1 
4 0.659574 0.054191 0.516215 0.003467 0.422915 0.414912 1 
4 0.680851 0.052 0.501041 0.003467 0.422915 0.414912 1 
4 0.702128 0.045334 0.487057 0.003467 0.422915 0.414912 0 
4 0.723404 0.045334 0.451056 0.003467 0.422915 0.414912 0 
4 0.744681 0.052 0.444064 0.003467 0.422915 0.414912 1 
4 0.765957 0.063558 0.454478 0.003467 0.422915 0.414912 1 
4 0.787234 0.059715 0.475751 0.003467 0.422915 0.414912 1 
4 0.808511 0.059715 0.466974 0.003467 0.422915 0.414912 1 
4 0.829787 0.048157 0.44213 0.003467 0.422915 0.414912 0 
4 0.851064 0.044704 0.406129 0.003467 0.422915 0.414912 0 
4 0.87234 0.044314 0.358078 0.003467 0.422915 0.414912 0 
4 0.893617 0.044224 0.381434 0.003467 0.422915 0.414912 0 
4 0.914894 0.044134 0.393633 0.003467 0.422915 0.414912 0 
4 0.93617 0.048667 0.418625 0.003467 0.422915 0.414912 0 
4 0.957447 0.044314 0.411931 0.003467 0.422915 0.414912 0 
4 0.978723 0.044314 0.395418 0.003467 0.422915 0.414912 0 
4 1 0.044314 0.368045 0.003467 0.422915 0.414912 0 
