6 0 0.057314 0.331598 0.003467 0.422915 0.414912 0 
6 0.021277 0.055242 0.262422 0.003467 0.422915 0.414912 0 
6 0.042553 0.055242 0.201874 0.003467 0.422915 0.414912 0 
6 0.06383 0.05302 0.164534 0.003467 0.422915 0.414912 0 
6 0.085106 0.05302 0.13136 0.003467 0.422915 0.414912 0 
6 0.106383 0.05302 0.106813 0.003467 0.422915 0.414912 0 
6 0.12766 0.05302 0.088069 0.003467 0.422915 0.414912 0 
6 0.148936 0.05302 0.085986 0.003467 0.422915 0.414912 0 
6 0.170213 0.051909 0.091491 0.003467 0.422915 0.414912 0 
6 0.191489 0.051909 0.0964 0.003467 0.422915 0.414912 0 
6 0.212766 0.071694 0.119458 0.003467 0.422915 0.414912 1 
6 0.234043 0.056833 0.151145 0.003467 0.422915 0.414912 0 
6 0.255319 0.077819 0.18313 0.003467 0.422915 0.414912 1 
6 0.276596 0.07944 0.247545 0.003467 0.422915 0.414912 1 
6 0.297872 0.07944 0.29753 0.003467 0.422915 0.414912 1 
6 0.319149 0.07944 0.333978 0.003467 0.422915 0.414912 1 
6 0.340426 0.077819 0.373698 0.003467 0.422915 0.414912 1 
6 0.361702 0.074817 0.388872 0.003467 0.422915 0.414912 1 
6 0.382979 0.065059 0.377417 0.003467 0.422915 0.414912 1 
6 0.404255 0.065059 0.371169 0.003467 0.422915 0.414912 1 
6 0.425532 0.069743 0.363285 0.003467 0.422915 0.414912 1 
6 0.446809 0.065059 0.354359 0.003467 0.422915 0.414912 1 
6 0.468085 0.056833 0.34454 0.003467 0.422915 0.414912 0 
6 0.489362 0.067972 0.335912 0.003467 0.422915 0.414912 1 
6 0.510638 0.077819 0.328325 0.003467 0.422915 0.414912 1 
6 0.531915 0.056833 0.322374 0.003467 0.422915 0.414912 0 
6 0.553191 0.056833 0.298869 0.003467 0.422915 0.414912 0 
6 0.574468 0.056833 0.303481 0.003467 0.422915 0.414912 0 
6 0.595745 0.070914 0.301398 0.003467 0.422915 0.414912 1 
6 0.617021 0.077819 0.302291 0.003467 0.422915 0.414912 1 
6 0.638298 0.083644 0.303927 0.003467 0.422915 0.414912 1 
6 0.659574 0.080731 0.308242 0.003467 0.422915 0.414912 1 
6 0.680851 0.083644 0.304076 0.003467 0.422915 0.414912 1 
6 0.702128 0.094842 0.314639 0.003467 0.422915 0.414912 1 
6 0.723404 0.07944 0.314787 0.003467 0.422915 0.414912 1 
6 0.744681 0.077819 0.306903 0.003467 0.422915 0.414912 1 
6 0.765957 0.056833 0.288753 0.003467 0.422915 0.414912 0 
6 0.787234 0.056833 0.283844 0.003467 0.422915 0.414912 0 
6 0.808511 0.077819 0.294109 0.003467 0.422915 0.414912 1 
6 0.829787 0.07944 0.316126 0.003467 0.422915 0.414912 1 
6 0.851064 0.056833 0.30601 0.003467 0.422915 0.414912 0 
6 0.87234 0.056833 0.277596 0.003467 0.422915 0.414912 0 
6 0.893617 0.07944 0.295299 0.003467 0.422915 0.414912 1 
6 0.914894 0.077819 0.296043 0.003467 0.422915 0.414912 1 
6 0.93617 0.056833 0.30601 0.003467 0.422915 0.414912 0 
6 0.957447 0.056833 0.284439 0.003467 0.422915 0.414912 0 
6 0.978723 0.056833 0.269116 0.003467 0.422915 0.414912 0 
6 1 0.056833 0.22047 0.003467 0.422915 0.414912 0 
