7 0 0.044224 0.335019 0.003467 0.422915 0.414912 0 
7 0.021277 0.045214 0.290539 0.003467 0.422915 0.414912 0 
7 0.042553 0.044104 0.264207 0.003467 0.422915 0.414912 0 
7 0.06383 0.044104 0.211693 0.003467 0.422915 0.414912 0 
7 0.085106 0.044104 0.171378 0.003467 0.422915 0.414912 0 
7 0.106383 0.044104 0.1385 0.003467 0.422915 0.414912 0 
7 0.12766 0.044104 0.112764 0.003467 0.422915 0.414912 0 
7 0.148936 0.044104 0.090598 0.003467 0.422915 0.414912 0 
7 0.170213 0.06518 0.081077 0.003467 0.422915 0.414912 0 
7 0.191489 0.06518 0.073639 0.003467 0.422915 0.414912 0 
7 0.212766 0.067311 0.081523 0.003467 0.422915 0.414912 0 
7 0.234043 0.067311 0.089259 0.003467 0.422915 0.414912 0 
7 0.255319 0.067311 0.112318 0.003467 0.422915 0.414912 0 
7 0.276596 0.067311 0.131657 0.003467 0.422915 0.414912 0 
7 0.297872 0.068302 0.15427 0.003467 0.422915 0.414912 0 
7 0.319149 0.080731 0.207825 0.003467 0.422915 0.414912 1 
7 0.340426 0.080731 0.268224 0.003467 0.422915 0.414912 1 
7 0.361702 0.084064 0.315977 0.003467 0.422915 0.414912 1 
7 0.382979 0.084064 0.365814 0.003467 0.422915 0.414912 1 
7 0.404255 0.080731 0.387385 0.003467 0.422915 0.414912 1 
7 0.425532 0.083824 0.385748 0.003467 0.422915 0.414912 1 
7 0.446809 0.085895 0.370277 0.003467 0.422915 0.414912 1 
7 0.468085 0.085895 0.354061 0.003467 0.422915 0.414912 1 
7 0.489362 0.084064 0.33859 0.003467 0.422915 0.414912 1 
7 0.510638 0.084064 0.327135 0.003467 0.422915 0.414912 1 
7 0.531915 0.084064 0.311812 0.003467 0.422915 0.414912 1 
7 0.553191 0.080731 0.292621 0.003467 0.422915 0.414912 1 
7 0.574468 0.080731 0.275513 0.003467 0.422915 0.414912 1 
7 0.595745 0.080731 0.261976 0.003467 0.422915 0.414912 1 
7 0.617021 0.080731 0.249926 0.003467 0.422915 0.414912 1 
7 0.638298 0.080731 0.259149 0.003467 0.422915 0.414912 1 
7 0.659574 0.080731 0.26986 0.003467 0.422915 0.414912 1 
7 0.680851 0.080731 0.292621 0.003467 0.422915 0.414912 1 
7 0.702128 0.071664 0.349301 0.003467 0.422915 0.414912 0 
7 0.723404 0.108262 0.418328 0.003467 0.422915 0.414912 1 
7 0.744681 0.084064 0.491223 0.003467 0.422915 0.414912 1 
7 0.765957 0.080731 0.505951 0.003467 0.422915 0.414912 1 
7 0.787234 0.07932 0.478578 0.003467 0.422915 0.414912 1 
7 0.808511 0.045214 0.461024 0.003467 0.422915 0.414912 0 
7 0.829787 0.045214 0.431419 0.003467 0.422915 0.414912 0 
7 0.851064 0.068302 0.407022 0.003467 0.422915 0.414912 0 
7 0.87234 0.045214 0.389021 0.003467 0.422915 0.414912 0 
7 0.893617 0.045214 0.352574 0.003467 0.422915 0.414912 0 
7 0.914894 0.068302 0.313448 0.003467 0.422915 0.414912 0 
7 0.93617 0.068302 0.340821 0.003467 0.422915 0.414912 0 
7 0.957447 0.07932 0.352871 0.003467 0.422915 0.414912 1 
7 0.978723 0.068302 0.35778 0.003467 0.422915 0.414912 0 
7 1 0.044224 0.328622 0.003467 0.422915 0.414912 0 
