2 0 0.027981 0.243975 0.001851 0.282237 0.735965 0 
2 0.021277 0.027081 0.212139 0.001755 0.260746 0.748246 0 
2 0.042553 0.027321 0.180303 0.001791 0.323925 0.635965 0 
2 0.06383 0.02648 0.153675 0.001753 0.307095 0.698246 0 
2 0.085106 0.02621 0.138352 0.001685 0.251165 0.698246 0 
2 0.106383 0.025519 0.130616 0.001685 0.219057 0.707895 0 
2 0.12766 0.02579 0.126748 0.001695 0.199637 0.728947 0 
2 0.148936 0.02621 0.140583 0.001685 0.19653 0.764035 0 
2 0.170213 0.02624 0.166617 0.001735 0.212584 0.772807 0 
2 0.191489 0.027651 0.201279 0.001666 0.230709 0.764035 0 
2 0.212766 0.030893 0.283398 0.001691 0.284827 0.698246 1 
2 0.234043 0.038549 0.368045 0.002096 0.350078 0.624123 1 
2 0.255319 0.034016 0.397054 0.002314 0.44899 0.488596 1 
2 0.276596 0.043983 0.462809 0.002997 0.516054 0.443421 1 
2 0.297872 0.044043 0.494198 0.003018 0.491973 0.444298 1 
2 0.319149 0.041792 0.519935 0.002873 0.495339 0.382895 1 
2 0.340426 0.028011 0.572597 0.001899 0.516572 0.445175 0 
2 0.361702 0.032275 0.597441 0.002146 0.517866 0.478947 1 
2 0.382979 0.032515 0.597144 0.002158 0.52175 0.476754 1 
2 0.404255 0.030833 0.593871 0.002052 0.51709 0.513596 0 
2 0.425532 0.036928 0.598185 0.002441 0.525117 0.538596 1 
2 0.446809 0.034856 0.604731 0.002304 0.52434 0.554386 1 
2 0.468085 0.031074 0.608152 0.002052 0.530554 0.540351 0 
2 0.489362 0.030833 0.613062 0.00204 0.539617 0.579386 0 
2 0.510638 0.030563 0.611128 0.002023 0.534179 0.529825 0 
2 0.531915 0.030833 0.621839 0.002038 0.539617 0.548246 1 
2 0.553191 0.030833 0.624368 0.00204 0.542983 0.55614 1 
2 0.574468 0.029723 0.625112 0.001969 0.543501 0.57193 0 
2 0.595745 0.030023 0.623773 0.00199 0.524599 0.585526 0 
2 0.617021 0.030323 0.628682 0.002007 0.513982 0.590351 0 
2 0.638298 0.030023 0.63731 0.001984 0.521233 0.577632 0 
2 0.659574 0.030833 0.633591 0.002038 0.525375 0.573246 1 
2 0.680851 0.029933 0.618417 0.001975 0.528742 0.577632 0 
2 0.702128 0.028912 0.603689 0.001909 0.511911 0.602632 0 
2 0.723404 0.028071 0.560696 0.001851 0.483169 0.62193 0 
2 0.744681 0.027741 0.535852 0.001822 0.431124 0.684211 0 
2 0.765957 0.027411 0.495388 0.001791 0.393061 0.731579 0 
2 0.787234 0.02621 0.471437 0.001701 0.370533 0.776754 0 
2 0.808511 0.027591 0.487057 0.001722 0.35448 0.754825 0 
2 0.829787 0.027591 0.499554 0.001776 0.372087 0.709649 0 
2 0.851064 0.027951 0.468611 0.001824 0.389953 0.660088 0 
2 0.87234 0.030233 0.427105 0.001986 0.365614 0.680702 0 
2 0.893617 0.034526 0.441386 0.002285 0.333765 0.701316 1 
2 0.914894 0.028101 0.431122 0.001577 0.297514 0.714035 0 
2 0.93617 0.028161 0.444213 0.00151 0.282496 0.735965 0 
2 0.957447 0.028071 0.440048 0.001462 0.278094 0.740351 0 
2 0.978723 0.028071 0.41803 0.001834 0.371828 0.659211 0 
2 1 0.029362 0.386492 0.001963 0.372864 0.707895 0 
