1 0 0.042873 0.249479 0.002883 0.34231 0.532456 0 
1 0.021277 0.042963 0.215561 0.002873 0.314086 0.494737 0 
1 0.042553 0.043263 0.18194 0.00291 0.362765 0.454825 0 
1 0.06383 0.042963 0.146831 0.002881 0.342569 0.525 0 
1 0.085106 0.041672 0.116186 0.002757 0.294925 0.596491 0 
1 0.106383 0.028191 0.100714 0.001851 0.254272 0.625877 0 
1 0.12766 0.022847 0.080928 0.001502 0.204816 0.655702 0 
1 0.148936 0.023568 0.078697 0.001545 0.177887 0.65 0 
1 0.170213 0.022757 0.082267 0.001491 0.15536 0.660526 0 
1 0.191489 0.023748 0.083457 0.001556 0.148369 0.674561 0 
1 0.212766 0.024829 0.10235 0.001626 0.147851 0.68114 0 
1 0.234043 0.032485 0.125112 0.002117 0.151994 0.697807 0 
1 0.255319 0.036838 0.145046 0.002395 0.178405 0.728509 0 
1 0.276596 0.040261 0.188783 0.002615 0.20378 0.733333 0 
1 0.297872 0.038699 0.242636 0.00252 0.207405 0.738596 0 
1 0.319149 0.044254 0.29277 0.002869 0.221647 0.778509 0 
1 0.340426 0.044344 0.340821 0.002883 0.244692 0.734649 0 
1 0.361702 0.043803 0.364921 0.002871 0.253237 0.695614 0 
1 0.382979 0.044284 0.373252 0.002904 0.270844 0.704825 1 
1 0.404255 0.044194 0.362243 0.002902 0.272657 0.692982 1 
1 0.425532 0.044134 0.354061 0.002904 0.276282 0.660965 1 
1 0.446809 0.043503 0.350788 0.002867 0.265924 0.659211 1 
1 0.468085 0.043863 0.347218 0.002896 0.278353 0.665789 1 
1 0.489362 0.043053 0.334573 0.00284 0.268255 0.662281 1 
1 0.510638 0.043053 0.324159 0.002833 0.263594 0.690789 1 
1 0.531915 0.043173 0.302737 0.002833 0.261781 0.685965 1 
1 0.553191 0.042632 0.305861 0.002794 0.256603 0.690789 1 
1 0.574468 0.043353 0.301845 0.002829 0.249871 0.672368 1 
1 0.595745 0.043023 0.295001 0.002823 0.241326 0.679386 1 
1 0.617021 0.043053 0.295745 0.002825 0.238477 0.701316 1 
1 0.638298 0.043413 0.295448 0.002848 0.248317 0.669737 1 
1 0.659574 0.043173 0.299911 0.002842 0.263335 0.648246 1 
1 0.680851 0.042722 0.287414 0.002817 0.273951 0.617544 1 
1 0.702128 0.043473 0.302142 0.002877 0.280943 0.609211 1 
1 0.723404 0.043533 0.296043 0.002894 0.292853 0.619298 1 
1 0.744681 0.042813 0.314787 0.002835 0.286898 0.607018 1 
1 0.765957 0.042783 0.313448 0.002833 0.281978 0.611404 1 
1 0.787234 0.043983 0.332788 0.00291 0.285085 0.671491 1 
1 0.808511 0.053711 0.366706 0.003535 0.312532 0.651316 1 
1 0.829787 0.074367 0.376822 0.004902 0.358105 0.660088 1 
1 0.851064 0.05203 0.356144 0.003432 0.344381 0.594298 1 
1 0.87234 0.043653 0.320589 0.0029 0.319524 0.584211 1 
1 0.893617 0.044224 0.335763 0.002925 0.290005 0.687719 1 
1 0.914894 0.043773 0.330705 0.002871 0.261781 0.687281 1 
1 0.93617 0.043893 0.334573 0.002869 0.243138 0.694298 1 
1 0.957447 0.043113 0.311514 0.002825 0.238995 0.627632 1 
1 0.978723 0.063798 0.30006 0.004231 0.339979 0.540789 1 
1 1 0.043473 0.268819 0.002912 0.353703 0.514912 1 
