3 0 0.044134 0.390955 0.003467 0.422915 0.414912 0 
3 0.021277 0.044134 0.364326 0.003467 0.422915 0.414912 0 
3 0.042553 0.061577 0.338738 0.003467 0.422915 0.414912 1 
3 0.06383 0.056893 0.279976 0.003467 0.422915 0.414912 1 
3 0.085106 0.05218 0.224487 0.003467 0.422915 0.414912 1 
3 0.106383 0.042752 0.18194 0.003467 0.422915 0.414912 0 
3 0.12766 0.047466 0.157245 0.003467 0.422915 0.414912 1 
3 0.148936 0.047466 0.13731 0.003467 0.422915 0.414912 1 
3 0.170213 0.048427 0.13374 0.003467 0.422915 0.414912 1 
3 0.191489 0.048427 0.135079 0.003467 0.422915 0.414912 1 
3 0.212766 0.048817 0.16632 0.003467 0.422915 0.414912 1 
3 0.234043 0.048817 0.209908 0.003467 0.422915 0.414912 1 
3 0.255319 0.048427 0.287117 0.003467 0.422915 0.414912 1 
3 0.276596 0.048427 0.353466 0.003467 0.422915 0.414912 1 
3 0.297872 0.048427 0.354805 0.003467 0.422915 0.414912 1 
3 0.319149 0.048427 0.40479 0.003467 0.422915 0.414912 1 
3 0.340426 0.059535 0.438262 0.003467 0.422915 0.414912 1 
3 0.361702 0.050739 0.45909 0.003467 0.422915 0.414912 1 
3 0.382979 0.070614 0.502231 0.003467 0.422915 0.414912 1 
3 0.404255 0.07842 0.518298 0.003467 0.422915 0.414912 1 
3 0.425532 0.07842 0.509819 0.003467 0.422915 0.414912 1 
3 0.446809 0.059535 0.503422 0.003467 0.422915 0.414912 1 
3 0.468085 0.059535 0.492115 0.003467 0.422915 0.414912 1 
3 0.489362 0.059535 0.489735 0.003467 0.422915 0.414912 1 
3 0.510638 0.065089 0.479173 0.003467 0.422915 0.414912 1 
3 0.531915 0.059535 0.483338 0.003467 0.422915 0.414912 1 
3 0.553191 0.059535 0.48676 0.003467 0.422915 0.414912 1 
3 0.574468 0.065089 0.484975 0.003467 0.422915 0.414912 1 
3 0.595745 0.059535 0.483041 0.003467 0.422915 0.414912 1 
3 0.617021 0.053951 0.477536 0.003467 0.422915 0.414912 1 
3 0.638298 0.061517 0.479619 0.003467 0.422915 0.414912 1 
3 0.659574 0.059535 0.476198 0.003467 0.422915 0.414912 1 
3 0.680851 0.053951 0.479024 0.003467 0.422915 0.414912 1 
3 0.702128 0.050739 0.481404 0.003467 0.422915 0.414912 0 
3 0.723404 0.053951 0.473966 0.003467 0.422915 0.414912 1 
3 0.744681 0.070614 0.483636 0.003467 0.422915 0.414912 1 
3 0.765957 0.089198 0.513984 0.003467 0.422915 0.414912 1 
3 0.787234 0.089108 0.511901 0.003467 0.422915 0.414912 1 
3 0.808511 0.054912 0.462957 0.003467 0.422915 0.414912 0 
3 0.829787 0.054912 0.418477 0.003467 0.422915 0.414912 0 
3 0.851064 0.048427 0.398988 0.003467 0.422915 0.414912 0 
3 0.87234 0.046535 0.375335 0.003467 0.422915 0.414912 0 
3 0.893617 0.059535 0.341863 0.003467 0.422915 0.414912 1 
3 0.914894 0.043383 0.317316 0.003467 0.422915 0.414912 0 
3 0.93617 0.044134 0.366409 0.003467 0.422915 0.414912 0 
3 0.957447 0.044134 0.388575 0.003467 0.422915 0.414912 0 
3 0.978723 0.043383 0.403005 0.003467 0.422915 0.414912 0 
3 1 0.048817 0.40479 0.003467 0.422915 0.414912 0 
