4 0 0.030263 0.355549 0.00205 0.339979 0.57807 1 
4 0.021277 0.02648 0.300506 0.001793 0.313309 0.601754 0 
4 0.042553 0.027321 0.248289 0.001859 0.368462 0.424123 0 
4 0.06383 0.028041 0.205891 0.001909 0.340756 0.520614 1 
4 0.085106 0.024379 0.171229 0.001647 0.286639 0.552632 0 
4 0.106383 0.022127 0.148468 0.001491 0.251683 0.603947 0 
4 0.12766 0.020716 0.141178 0.001392 0.222424 0.649123 0 
4 0.148936 0.021016 0.144005 0.001415 0.213879 0.628509 0 
4 0.170213 0.023898 0.170187 0.001612 0.2232 0.657456 0 
4 0.191489 0.02567 0.212883 0.001724 0.246245 0.641667 0 
4 0.212766 0.035367 0.2831 0.002385 0.299586 0.582018 1 
4 0.234043 0.041041 0.364177 0.002759 0.369239 0.539035 1 
4 0.255319 0.036328 0.387385 0.002472 0.464526 0.407895 1 
4 0.276596 0.042182 0.441833 0.002881 0.532626 0.289035 1 
4 0.297872 0.027771 0.463553 0.001905 0.503884 0.383333 1 
4 0.319149 0.027051 0.47352 0.001849 0.511134 0.392982 0 
4 0.340426 0.028612 0.517852 0.00194 0.518643 0.414912 1 
4 0.361702 0.028972 0.535109 0.001948 0.526152 0.348246 1 
4 0.382979 0.027351 0.528117 0.001836 0.530554 0.362281 1 
4 0.404255 0.02669 0.522464 0.001778 0.538063 0.374561 0 
4 0.425532 0.02639 0.52053 0.001747 0.549456 0.367544 0 
4 0.446809 0.02633 0.521571 0.001743 0.559037 0.361404 0 
4 0.468085 0.02621 0.512943 0.001732 0.545054 0.380263 0 
4 0.489362 0.027081 0.516513 0.001789 0.554635 0.367544 0 
4 0.510638 0.027111 0.517108 0.001793 0.560331 0.360526 0 
4 0.531915 0.028312 0.51443 0.001884 0.571724 0.300439 1 
4 0.553191 0.027321 0.510265 0.001824 0.580528 0.310088 1 
4 0.574468 0.02621 0.505802 0.001747 0.579751 0.362719 0 
4 0.595745 0.027591 0.503422 0.001834 0.576644 0.352632 1 
4 0.617021 0.027861 0.502827 0.001855 0.585448 0.325877 1 
4 0.638298 0.027771 0.50476 0.001851 0.585189 0.335526 1 
4 0.659574 0.027471 0.501636 0.001834 0.588037 0.342982 1 
4 0.680851 0.027741 0.485867 0.001847 0.58493 0.341667 1 
4 0.702128 0.02672 0.482297 0.001776 0.559814 0.388158 0 
4 0.723404 0.02615 0.449569 0.00173 0.51217 0.45 0 
4 0.744681 0.02579 0.42413 0.001705 0.462455 0.469737 0 
4 0.765957 0.024619 0.400179 0.001629 0.41015 0.516667 0 
4 0.787234 0.024799 0.390955 0.001639 0.383221 0.510965 0 
4 0.808511 0.024799 0.407022 0.001639 0.357846 0.517982 0 
4 0.829787 0.024979 0.415055 0.001649 0.374676 0.488596 0 
4 0.851064 0.024859 0.384409 0.001647 0.396168 0.501754 0 
4 0.87234 0.0257 0.345284 0.001705 0.384257 0.509211 0 
4 0.893617 0.029993 0.397352 0.00198 0.321595 0.651754 1 
4 0.914894 0.02621 0.410146 0.001739 0.294925 0.67807 0 
4 0.93617 0.02624 0.425469 0.001739 0.302952 0.680263 0 
4 0.957447 0.02627 0.427849 0.001741 0.284568 0.689474 0 
4 0.978723 0.028281 0.418328 0.001888 0.378819 0.510088 1 
4 1 0.027771 0.391699 0.00187 0.376489 0.564474 1 
