1 0 0.041281 0.395567 0.003467 0.422915 0.414912 0 
1 0.021277 0.040741 0.345582 0.003467 0.422915 0.414912 0 
1 0.042553 0.041281 0.326986 0.003467 0.422915 0.414912 0 
1 0.06383 0.041281 0.278786 0.003467 0.422915 0.414912 0 
1 0.085106 0.041281 0.237876 0.003467 0.422915 0.414912 0 
1 0.106383 0.040681 0.211098 0.003467 0.422915 0.414912 0 
1 0.12766 0.040591 0.184766 0.003467 0.422915 0.414912 0 
1 0.148936 0.040591 0.162452 0.003467 0.422915 0.414912 0 
1 0.170213 0.041582 0.150104 0.003467 0.422915 0.414912 0 
1 0.191489 0.044824 0.158733 0.003467 0.422915 0.414912 0 
1 0.212766 0.041281 0.190866 0.003467 0.422915 0.414912 0 
1 0.234043 0.044824 0.251711 0.003467 0.422915 0.414912 0 
1 0.255319 0.041732 0.359268 0.003467 0.422915 0.414912 0 
1 0.276596 0.043683 0.486314 0.003467 0.422915 0.414912 0 
1 0.297872 0.044824 0.522464 0.003467 0.422915 0.414912 0 
1 0.319149 0.041732 0.595507 0.003467 0.422915 0.414912 0 
1 0.340426 0.042242 0.613954 0.003467 0.422915 0.414912 0 
1 0.361702 0.041582 0.597888 0.003467 0.422915 0.414912 0 
1 0.382979 0.041732 0.633145 0.003467 0.422915 0.414912 0 
1 0.404255 0.041732 0.640137 0.003467 0.422915 0.414912 0 
1 0.425532 0.041582 0.616781 0.003467 0.422915 0.414912 0 
1 0.446809 0.041732 0.591491 0.003467 0.422915 0.414912 0 
1 0.468085 0.041732 0.570068 0.003467 0.422915 0.414912 0 
1 0.489362 0.041732 0.563076 0.003467 0.422915 0.414912 0 
1 0.510638 0.042092 0.548349 0.003467 0.422915 0.414912 0 
1 0.531915 0.044824 0.53853 0.003467 0.422915 0.414912 0 
1 0.553191 0.044824 0.534662 0.003467 0.422915 0.414912 0 
1 0.574468 0.044824 0.526629 0.003467 0.422915 0.414912 0 
1 0.595745 0.044824 0.511752 0.003467 0.422915 0.414912 0 
1 0.617021 0.044824 0.494347 0.003467 0.422915 0.414912 0 
1 0.638298 0.044824 0.484528 0.003467 0.422915 0.414912 0 
1 0.659574 0.044824 0.492711 0.003467 0.422915 0.414912 0 
1 0.680851 0.045154 0.505802 0.003467 0.422915 0.414912 0 
1 0.702128 0.044824 0.53496 0.003467 0.422915 0.414912 0 
1 0.723404 0.041732 0.603541 0.003467 0.422915 0.414912 0 
1 0.744681 0.042062 0.717941 0.003467 0.422915 0.414912 0 
1 0.765957 0.042062 0.734008 0.003467 0.422915 0.414912 0 
1 0.787234 0.041732 0.720321 0.003467 0.422915 0.414912 0 
1 0.808511 0.041732 0.681345 0.003467 0.422915 0.414912 0 
1 0.829787 0.041582 0.659923 0.003467 0.422915 0.414912 0 
1 0.851064 0.044824 0.639988 0.003467 0.422915 0.414912 1 
1 0.87234 0.041732 0.615144 0.003467 0.422915 0.414912 0 
1 0.893617 0.071905 0.569473 0.003467 0.422915 0.414912 1 
1 0.914894 0.045154 0.515323 0.003467 0.422915 0.414912 1 
1 0.93617 0.094332 0.544927 0.003467 0.422915 0.414912 1 
1 0.957447 0.088777 0.546564 0.003467 0.422915 0.414912 1 
1 0.978723 0.094332 0.556084 0.003467 0.422915 0.414912 1 
1 1 0.088777 0.546266 0.003467 0.422915 0.414912 1 
