4 0 0.073286 0.447783 0.004828 0.431901 0.574123 1 
4 0.021277 0.047646 0.431568 0.003172 0.393061 0.622807 0 
4 0.042553 0.056023 0.40122 0.003544 0.442258 0.520175 0 
4 0.06383 0.046655 0.35064 0.003126 0.411704 0.557895 0 
4 0.085106 0.041161 0.293216 0.002744 0.358622 0.589035 0 
4 0.106383 0.03933 0.239066 0.002597 0.311756 0.653509 0 
4 0.12766 0.030533 0.200833 0.002007 0.265924 0.707456 0 
4 0.148936 0.027231 0.173163 0.001782 0.236147 0.676316 0 
4 0.170213 0.028972 0.164088 0.001926 0.209995 0.680263 0 
4 0.191489 0.031734 0.162005 0.002079 0.199896 0.707895 0 
4 0.212766 0.037769 0.191758 0.002459 0.240031 0.761404 0 
4 0.234043 0.041401 0.231925 0.002692 0.282755 0.713158 0 
4 0.255319 0.058454 0.325052 0.00382 0.336095 0.75 0 
4 0.276596 0.064009 0.412824 0.004169 0.393837 0.687719 0 
4 0.297872 0.032545 0.401517 0.002158 0.40523 0.530263 0 
4 0.319149 0.037318 0.455668 0.002524 0.468928 0.356579 0 
4 0.340426 0.041341 0.474561 0.002825 0.52175 0.276316 0 
4 0.361702 0.042212 0.481404 0.002887 0.554894 0.273246 0 
4 0.382979 0.049658 0.511306 0.003388 0.584671 0.357895 0 
4 0.404255 0.081482 0.546861 0.005885 0.574314 0.389035 1 
4 0.425532 0.087096 0.53377 0.005802 0.57535 0.450439 1 
4 0.446809 0.069923 0.518298 0.004636 0.57535 0.450877 1 
4 0.468085 0.085205 0.51324 0.005663 0.584412 0.474123 1 
4 0.489362 0.069713 0.509075 0.00441 0.586743 0.464912 1 
4 0.510638 0.083013 0.507736 0.005546 0.566028 0.444737 1 
4 0.531915 0.072415 0.506694 0.004846 0.559814 0.432018 1 
4 0.553191 0.064489 0.508033 0.004323 0.558519 0.432018 1 
4 0.574468 0.071154 0.499405 0.004778 0.569135 0.441667 1 
4 0.595745 0.067281 0.495537 0.004512 0.551269 0.410088 1 
4 0.617021 0.057013 0.487057 0.003828 0.535215 0.414035 0 
4 0.638298 0.056263 0.48319 0.003683 0.524599 0.398246 0 
4 0.659574 0.065029 0.484528 0.004366 0.526929 0.42807 1 
4 0.680851 0.06536 0.493752 0.004057 0.525634 0.42807 1 
4 0.702128 0.072775 0.505802 0.004574 0.532626 0.397368 1 
4 0.723404 0.043833 0.512794 0.003116 0.565769 0.344737 0 
4 0.744681 0.068392 0.561143 0.004175 0.57535 0.341667 1 
4 0.765957 0.087426 0.586284 0.005883 0.584412 0.398246 1 
4 0.787234 0.06587 0.575424 0.004435 0.583118 0.362281 1 
4 0.808511 0.044614 0.5241 0.003037 0.558778 0.260088 0 
4 0.829787 0.03945 0.48557 0.002709 0.534438 0.264474 0 
4 0.851064 0.042002 0.469057 0.002877 0.510098 0.302193 0 
4 0.87234 0.041011 0.441833 0.002798 0.48058 0.30307 0 
4 0.893617 0.028762 0.408212 0.001955 0.467374 0.327193 0 
4 0.914894 0.02672 0.375781 0.001793 0.432418 0.388596 0 
4 0.93617 0.082623 0.421006 0.005825 0.411963 0.565789 1 
4 0.957447 0.087396 0.442725 0.005677 0.398498 0.596491 1 
4 0.978723 0.091029 0.458346 0.006012 0.511652 0.423684 1 
4 1 0.088297 0.450759 0.005833 0.506473 0.536842 1 
