1 0 0.055242 0.163195 0.003467 0.422915 0.414912 0 
1 0.021277 0.040351 0.114996 0.003467 0.422915 0.414912 0 
1 0.042553 0.018344 0.081077 0.003467 0.422915 0.414912 0 
1 0.06383 0.040231 0.062184 0.003467 0.422915 0.414912 0 
1 0.085106 0.018344 0.050729 0.003467 0.422915 0.414912 0 
1 0.106383 0.040351 0.042696 0.003467 0.422915 0.414912 0 
1 0.12766 0.040351 0.041803 0.003467 0.422915 0.414912 0 
1 0.148936 0.055242 0.039274 0.003467 0.422915 0.414912 0 
1 0.170213 0.059355 0.051026 0.003467 0.422915 0.414912 0 
1 0.191489 0.058394 0.071259 0.003467 0.422915 0.414912 0 
1 0.212766 0.077489 0.109789 0.003467 0.422915 0.414912 1 
1 0.234043 0.077489 0.148021 0.003467 0.422915 0.414912 1 
1 0.255319 0.074817 0.155162 0.003467 0.422915 0.414912 1 
1 0.276596 0.058394 0.195775 0.003467 0.422915 0.414912 0 
1 0.297872 0.058394 0.236239 0.003467 0.422915 0.414912 0 
1 0.319149 0.059865 0.28191 0.003467 0.422915 0.414912 0 
1 0.340426 0.074817 0.34335 0.003467 0.422915 0.414912 1 
1 0.361702 0.063408 0.366855 0.003467 0.422915 0.414912 1 
1 0.382979 0.063408 0.367301 0.003467 0.422915 0.414912 1 
1 0.404255 0.074817 0.358673 0.003467 0.422915 0.414912 1 
1 0.425532 0.063408 0.340672 0.003467 0.422915 0.414912 1 
1 0.446809 0.074817 0.34335 0.003467 0.422915 0.414912 1 
1 0.468085 0.074817 0.334573 0.003467 0.422915 0.414912 1 
1 0.489362 0.059865 0.334276 0.003467 0.422915 0.414912 0 
1 0.510638 0.074817 0.32773 0.003467 0.422915 0.414912 1 
1 0.531915 0.068062 0.323564 0.003467 0.422915 0.414912 1 
1 0.553191 0.063408 0.316126 0.003467 0.422915 0.414912 1 
1 0.574468 0.074817 0.3072 0.003467 0.422915 0.414912 1 
1 0.595745 0.074817 0.303481 0.003467 0.422915 0.414912 1 
1 0.617021 0.059865 0.304522 0.003467 0.422915 0.414912 0 
1 0.638298 0.074817 0.30482 0.003467 0.422915 0.414912 1 
1 0.659574 0.063408 0.309432 0.003467 0.422915 0.414912 1 
1 0.680851 0.074817 0.304076 0.003467 0.422915 0.414912 1 
1 0.702128 0.063408 0.307795 0.003467 0.422915 0.414912 1 
1 0.723404 0.059595 0.287712 0.003467 0.422915 0.414912 0 
1 0.744681 0.058394 0.281761 0.003467 0.422915 0.414912 0 
1 0.765957 0.058394 0.26391 0.003467 0.422915 0.414912 0 
1 0.787234 0.058394 0.249777 0.003467 0.422915 0.414912 0 
1 0.808511 0.063408 0.260488 0.003467 0.422915 0.414912 1 
1 0.829787 0.058394 0.265546 0.003467 0.422915 0.414912 0 
1 0.851064 0.058394 0.247992 0.003467 0.422915 0.414912 0 
1 0.87234 0.058394 0.231925 0.003467 0.422915 0.414912 0 
1 0.893617 0.074817 0.270009 0.003467 0.422915 0.414912 1 
1 0.914894 0.074817 0.29158 0.003467 0.422915 0.414912 1 
1 0.93617 0.086015 0.323862 0.003467 0.422915 0.414912 1 
1 0.957447 0.086015 0.326093 0.003467 0.422915 0.414912 1 
1 0.978723 0.074817 0.322226 0.003467 0.422915 0.414912 1 
1 1 0.086015 0.300208 0.003467 0.422915 0.414912 1 
