6 0 0.053981 0.431419 0.003467 0.422915 0.414912 1 
6 0.021277 0.054281 0.407914 0.003467 0.422915 0.414912 1 
6 0.042553 0.054281 0.383814 0.003467 0.422915 0.414912 1 
6 0.06383 0.047856 0.319845 0.003467 0.422915 0.414912 0 
6 0.085106 0.046746 0.258405 0.003467 0.422915 0.414912 0 
6 0.106383 0.045965 0.216751 0.003467 0.422915 0.414912 0 
6 0.12766 0.045965 0.177328 0.003467 0.422915 0.414912 0 
6 0.148936 0.044494 0.151145 0.003467 0.422915 0.414912 0 
6 0.170213 0.044494 0.131062 0.003467 0.422915 0.414912 0 
6 0.191489 0.059625 0.120351 0.003467 0.422915 0.414912 1 
6 0.212766 0.059625 0.124814 0.003467 0.422915 0.414912 1 
6 0.234043 0.060136 0.135228 0.003467 0.422915 0.414912 1 
6 0.255319 0.06563 0.16751 0.003467 0.422915 0.414912 1 
6 0.276596 0.060136 0.208123 0.003467 0.422915 0.414912 1 
6 0.297872 0.070163 0.254537 0.003467 0.422915 0.414912 1 
6 0.319149 0.075327 0.319697 0.003467 0.422915 0.414912 1 
6 0.340426 0.075327 0.381583 0.003467 0.422915 0.414912 1 
6 0.361702 0.075327 0.413419 0.003467 0.422915 0.414912 1 
6 0.382979 0.106851 0.450164 0.003467 0.422915 0.414912 1 
6 0.404255 0.106851 0.463255 0.003467 0.422915 0.414912 1 
6 0.425532 0.099346 0.448825 0.003467 0.422915 0.414912 1 
6 0.446809 0.090729 0.430824 0.003467 0.422915 0.414912 1 
6 0.468085 0.087096 0.415204 0.003467 0.422915 0.414912 1 
6 0.489362 0.07902 0.406873 0.003467 0.422915 0.414912 1 
6 0.510638 0.075327 0.398988 0.003467 0.422915 0.414912 1 
6 0.531915 0.075327 0.390955 0.003467 0.422915 0.414912 1 
6 0.553191 0.075477 0.380095 0.003467 0.422915 0.414912 1 
6 0.574468 0.075477 0.367748 0.003467 0.422915 0.414912 1 
6 0.595745 0.075327 0.355251 0.003467 0.422915 0.414912 1 
6 0.617021 0.075327 0.352127 0.003467 0.422915 0.414912 1 
6 0.638298 0.075327 0.352276 0.003467 0.422915 0.414912 1 
6 0.659574 0.075477 0.355846 0.003467 0.422915 0.414912 1 
6 0.680851 0.07902 0.376376 0.003467 0.422915 0.414912 1 
6 0.702128 0.07905 0.396013 0.003467 0.422915 0.414912 1 
6 0.723404 0.083584 0.412377 0.003467 0.422915 0.414912 1 
6 0.744681 0.099346 0.484826 0.003467 0.422915 0.414912 1 
6 0.765957 0.108863 0.524249 0.003467 0.422915 0.414912 1 
6 0.787234 0.083584 0.513538 0.003467 0.422915 0.414912 1 
6 0.808511 0.078029 0.4759 0.003467 0.422915 0.414912 1 
6 0.829787 0.075327 0.435733 0.003467 0.422915 0.414912 1 
6 0.851064 0.075327 0.405237 0.003467 0.422915 0.414912 1 
6 0.87234 0.075327 0.383963 0.003467 0.422915 0.414912 1 
6 0.893617 0.074727 0.353913 0.003467 0.422915 0.414912 1 
6 0.914894 0.070163 0.319994 0.003467 0.422915 0.414912 0 
6 0.93617 0.075327 0.346028 0.003467 0.422915 0.414912 1 
6 0.957447 0.075327 0.354805 0.003467 0.422915 0.414912 1 
6 0.978723 0.073916 0.364326 0.003467 0.422915 0.414912 1 
6 1 0.070163 0.341416 0.003467 0.422915 0.414912 0 
