2 0 0.031044 0.220768 0.002029 0.260228 0.660965 1 
2 0.021277 0.027891 0.196519 0.001822 0.242879 0.675439 0 
2 0.042553 0.036418 0.163642 0.002391 0.308648 0.557895 1 
2 0.06383 0.027741 0.141029 0.001826 0.281719 0.640789 0 
2 0.085106 0.02594 0.114252 0.001703 0.241585 0.63114 0 
2 0.106383 0.024979 0.102053 0.001643 0.198861 0.626754 0 
2 0.12766 0.024739 0.097441 0.001624 0.125583 0.659649 0 
2 0.148936 0.02585 0.109342 0.001695 0.167012 0.693421 0 
2 0.170213 0.028191 0.135971 0.001843 0.180994 0.685965 0 
2 0.191489 0.038069 0.184469 0.002489 0.202486 0.644298 1 
2 0.212766 0.037348 0.261083 0.002464 0.26463 0.538158 1 
2 0.234043 0.046055 0.345433 0.003041 0.327809 0.449561 1 
2 0.255319 0.046505 0.361202 0.003097 0.441999 0.322807 1 
2 0.276596 0.050108 0.426807 0.003344 0.51709 0.332456 1 
2 0.297872 0.047586 0.452841 0.003157 0.496893 0.386404 1 
2 0.319149 0.049297 0.470098 0.003265 0.495857 0.432456 1 
2 0.340426 0.059175 0.523059 0.003897 0.50233 0.501316 1 
2 0.361702 0.065059 0.541059 0.004248 0.505955 0.523684 1 
2 0.382979 0.060196 0.539274 0.003928 0.523822 0.531579 1 
2 0.404255 0.054672 0.531687 0.003575 0.536769 0.503509 1 
2 0.425532 0.054521 0.531836 0.003569 0.537286 0.496053 1 
2 0.446809 0.059055 0.536894 0.003872 0.542206 0.485965 1 
2 0.468085 0.058995 0.535555 0.003868 0.527965 0.491228 1 
2 0.489362 0.058274 0.534514 0.00382 0.534179 0.474561 1 
2 0.510638 0.061126 0.544927 0.003999 0.537804 0.495175 1 
2 0.531915 0.086105 0.537489 0.005619 0.544278 0.533333 1 
2 0.553191 0.089228 0.544332 0.005856 0.547126 0.483333 1 
2 0.574468 0.062477 0.538233 0.004113 0.549456 0.439912 1 
2 0.595745 0.059865 0.535257 0.003943 0.549974 0.420614 1 
2 0.617021 0.070704 0.540464 0.004647 0.550233 0.487281 1 
2 0.638298 0.076408 0.53972 0.005014 0.56059 0.473684 1 
2 0.659574 0.076468 0.529604 0.005017 0.562403 0.462719 1 
2 0.680851 0.058424 0.521125 0.003839 0.566805 0.420175 1 
2 0.702128 0.058334 0.526034 0.003826 0.556447 0.449561 1 
2 0.723404 0.050799 0.505504 0.00334 0.506991 0.467982 1 
2 0.744681 0.047436 0.464594 0.003147 0.462196 0.453947 1 
2 0.765957 0.043233 0.438411 0.002887 0.43216 0.455702 0 
2 0.787234 0.041792 0.434841 0.002802 0.421802 0.464474 0 
2 0.808511 0.042722 0.433502 0.002867 0.425686 0.40307 0 
2 0.829787 0.037589 0.409104 0.002522 0.405489 0.404825 0 
2 0.851064 0.029933 0.384558 0.002009 0.376489 0.413596 0 
2 0.87234 0.027861 0.344094 0.001863 0.353444 0.538158 0 
2 0.893617 0.029152 0.38069 0.00194 0.304247 0.572368 0 
2 0.914894 0.028011 0.392294 0.001849 0.266701 0.685526 0 
2 0.93617 0.028912 0.408361 0.001901 0.250647 0.704386 0 
2 0.957447 0.030083 0.415204 0.001975 0.254272 0.673684 0 
2 0.978723 0.041672 0.415948 0.002752 0.342569 0.532018 0 
2 1 0.037979 0.396162 0.002509 0.343086 0.586842 0 
