2 0 0.083343 0.346623 0.003467 0.422915 0.414912 1 
2 0.021277 0.075868 0.28429 0.003467 0.422915 0.414912 1 
2 0.042553 0.071694 0.225082 0.003467 0.422915 0.414912 1 
2 0.06383 0.058394 0.188486 0.003467 0.422915 0.414912 0 
2 0.085106 0.071694 0.151294 0.003467 0.422915 0.414912 1 
2 0.106383 0.058394 0.129277 0.003467 0.422915 0.414912 0 
2 0.12766 0.055242 0.121095 0.003467 0.422915 0.414912 0 
2 0.148936 0.058394 0.125855 0.003467 0.422915 0.414912 0 
2 0.170213 0.058394 0.138649 0.003467 0.422915 0.414912 0 
2 0.191489 0.058394 0.170039 0.003467 0.422915 0.414912 0 
2 0.212766 0.077519 0.22895 0.003467 0.422915 0.414912 1 
2 0.234043 0.067341 0.295448 0.003467 0.422915 0.414912 0 
2 0.255319 0.060706 0.29753 0.003467 0.422915 0.414912 0 
2 0.276596 0.058394 0.354805 0.003467 0.422915 0.414912 0 
2 0.297872 0.069893 0.378905 0.003467 0.422915 0.414912 0 
2 0.319149 0.062838 0.406724 0.003467 0.422915 0.414912 0 
2 0.340426 0.067341 0.47233 0.003467 0.422915 0.414912 0 
2 0.361702 0.069893 0.496727 0.003467 0.422915 0.414912 1 
2 0.382979 0.069893 0.477388 0.003467 0.422915 0.414912 1 
2 0.404255 0.062838 0.471437 0.003467 0.422915 0.414912 0 
2 0.425532 0.067341 0.501636 0.003467 0.422915 0.414912 0 
2 0.446809 0.066531 0.511604 0.003467 0.422915 0.414912 0 
2 0.468085 0.069893 0.510562 0.003467 0.422915 0.414912 1 
2 0.489362 0.069893 0.501041 0.003467 0.422915 0.414912 1 
2 0.510638 0.069893 0.504314 0.003467 0.422915 0.414912 1 
2 0.531915 0.080341 0.494198 0.003467 0.422915 0.414912 1 
2 0.553191 0.080341 0.488694 0.003467 0.422915 0.414912 1 
2 0.574468 0.069893 0.488099 0.003467 0.422915 0.414912 1 
2 0.595745 0.069893 0.48557 0.003467 0.422915 0.414912 1 
2 0.617021 0.067341 0.488099 0.003467 0.422915 0.414912 0 
2 0.638298 0.067341 0.488991 0.003467 0.422915 0.414912 0 
2 0.659574 0.069893 0.485867 0.003467 0.422915 0.414912 1 
2 0.680851 0.067341 0.474264 0.003467 0.422915 0.414912 0 
2 0.702128 0.069893 0.45909 0.003467 0.422915 0.414912 1 
2 0.723404 0.069893 0.428593 0.003467 0.422915 0.414912 1 
2 0.744681 0.080341 0.409104 0.003467 0.422915 0.414912 1 
2 0.765957 0.080341 0.381732 0.003467 0.422915 0.414912 1 
2 0.787234 0.080341 0.384112 0.003467 0.422915 0.414912 1 
2 0.808511 0.090609 0.394228 0.003467 0.422915 0.414912 1 
2 0.829787 0.090609 0.409699 0.003467 0.422915 0.414912 1 
2 0.851064 0.090609 0.394972 0.003467 0.422915 0.414912 1 
2 0.87234 0.090609 0.3615 0.003467 0.422915 0.414912 1 
2 0.893617 0.090609 0.384409 0.003467 0.422915 0.414912 1 
2 0.914894 0.101297 0.40003 0.003467 0.422915 0.414912 1 
2 0.93617 0.080341 0.417733 0.003467 0.422915 0.414912 1 
2 0.957447 0.089378 0.416989 0.003467 0.422915 0.414912 1 
2 0.978723 0.080341 0.408956 0.003467 0.422915 0.414912 1 
2 1 0.080341 0.381137 0.003467 0.422915 0.414912 1 
