7 0 0.059265 0.213924 0.003467 0.422915 0.414912 0 
7 0.021277 0.056113 0.165427 0.003467 0.422915 0.414912 0 
7 0.042553 0.050829 0.126153 0.003467 0.422915 0.414912 0 
7 0.06383 0.050829 0.094168 0.003467 0.422915 0.414912 0 
7 0.085106 0.044134 0.073639 0.003467 0.422915 0.414912 0 
7 0.106383 0.050829 0.054151 0.003467 0.422915 0.414912 0 
7 0.12766 0.050829 0.046415 0.003467 0.422915 0.414912 0 
7 0.148936 0.050829 0.041506 0.003467 0.422915 0.414912 0 
7 0.170213 0.050829 0.04582 0.003467 0.422915 0.414912 0 
7 0.191489 0.050829 0.050283 0.003467 0.422915 0.414912 0 
7 0.212766 0.050829 0.06025 0.003467 0.422915 0.414912 0 
7 0.234043 0.050829 0.078994 0.003467 0.422915 0.414912 0 
7 0.255319 0.071394 0.103541 0.003467 0.422915 0.414912 1 
7 0.276596 0.077489 0.146087 0.003467 0.422915 0.414912 1 
7 0.297872 0.077819 0.197709 0.003467 0.422915 0.414912 1 
7 0.319149 0.077489 0.239363 0.003467 0.422915 0.414912 1 
7 0.340426 0.077819 0.295299 0.003467 0.422915 0.414912 1 
7 0.361702 0.082112 0.318953 0.003467 0.422915 0.414912 1 
7 0.382979 0.077819 0.329664 0.003467 0.422915 0.414912 1 
7 0.404255 0.077489 0.318506 0.003467 0.422915 0.414912 1 
7 0.425532 0.077819 0.312109 0.003467 0.422915 0.414912 1 
7 0.446809 0.077489 0.296935 0.003467 0.422915 0.414912 1 
7 0.468085 0.077489 0.286671 0.003467 0.422915 0.414912 1 
7 0.489362 0.077489 0.273431 0.003467 0.422915 0.414912 1 
7 0.510638 0.074817 0.258256 0.003467 0.422915 0.414912 1 
7 0.531915 0.074817 0.243082 0.003467 0.422915 0.414912 1 
7 0.553191 0.059265 0.226569 0.003467 0.422915 0.414912 0 
7 0.574468 0.074817 0.219429 0.003467 0.422915 0.414912 1 
7 0.595745 0.059265 0.218387 0.003467 0.422915 0.414912 0 
7 0.617021 0.059265 0.217048 0.003467 0.422915 0.414912 0 
7 0.638298 0.059265 0.216156 0.003467 0.422915 0.414912 0 
7 0.659574 0.059265 0.22047 0.003467 0.422915 0.414912 0 
7 0.680851 0.059265 0.218387 0.003467 0.422915 0.414912 0 
7 0.702128 0.074817 0.239066 0.003467 0.422915 0.414912 1 
7 0.723404 0.074817 0.252306 0.003467 0.422915 0.414912 1 
7 0.744681 0.074817 0.256174 0.003467 0.422915 0.414912 1 
7 0.765957 0.074817 0.256174 0.003467 0.422915 0.414912 1 
7 0.787234 0.074817 0.260488 0.003467 0.422915 0.414912 1 
7 0.808511 0.074817 0.290687 0.003467 0.422915 0.414912 1 
7 0.829787 0.074817 0.310176 0.003467 0.422915 0.414912 1 
7 0.851064 0.059265 0.301398 0.003467 0.422915 0.414912 0 
7 0.87234 0.059265 0.273282 0.003467 0.422915 0.414912 0 
7 0.893617 0.077819 0.288753 0.003467 0.422915 0.414912 1 
7 0.914894 0.077489 0.280869 0.003467 0.422915 0.414912 1 
7 0.93617 0.077489 0.288605 0.003467 0.422915 0.414912 1 
7 0.957447 0.059265 0.273133 0.003467 0.422915 0.414912 0 
7 0.978723 0.059265 0.261529 0.003467 0.422915 0.414912 0 
7 1 0.059265 0.227016 0.003467 0.422915 0.414912 0 
