7 0 0.041582 0.396906 0.003467 0.422915 0.414912 0 
7 0.021277 0.041582 0.345879 0.003467 0.422915 0.414912 0 
7 0.042553 0.041582 0.321482 0.003467 0.422915 0.414912 0 
7 0.06383 0.041582 0.26748 0.003467 0.422915 0.414912 0 
7 0.085106 0.041582 0.218387 0.003467 0.422915 0.414912 0 
7 0.106383 0.041341 0.181494 0.003467 0.422915 0.414912 0 
7 0.12766 0.041191 0.151145 0.003467 0.422915 0.414912 0 
7 0.148936 0.041281 0.126004 0.003467 0.422915 0.414912 0 
7 0.170213 0.041191 0.110979 0.003467 0.422915 0.414912 0 
7 0.191489 0.041191 0.105921 0.003467 0.422915 0.414912 0 
7 0.212766 0.041191 0.11083 0.003467 0.422915 0.414912 0 
7 0.234043 0.041191 0.123475 0.003467 0.422915 0.414912 0 
7 0.255319 0.041582 0.145939 0.003467 0.422915 0.414912 0 
7 0.276596 0.041582 0.171973 0.003467 0.422915 0.414912 0 
7 0.297872 0.075898 0.198304 0.003467 0.422915 0.414912 1 
7 0.319149 0.078209 0.270604 0.003467 0.422915 0.414912 1 
7 0.340426 0.078209 0.343796 0.003467 0.422915 0.414912 1 
7 0.361702 0.041642 0.405683 0.003467 0.422915 0.414912 0 
7 0.382979 0.041882 0.465486 0.003467 0.422915 0.414912 0 
7 0.404255 0.041882 0.484826 0.003467 0.422915 0.414912 0 
7 0.425532 0.041642 0.475305 0.003467 0.422915 0.414912 0 
7 0.446809 0.041642 0.454032 0.003467 0.422915 0.414912 0 
7 0.468085 0.041642 0.42889 0.003467 0.422915 0.414912 0 
7 0.489362 0.041582 0.40241 0.003467 0.422915 0.414912 0 
7 0.510638 0.041582 0.377566 0.003467 0.422915 0.414912 0 
7 0.531915 0.041582 0.353317 0.003467 0.422915 0.414912 0 
7 0.553191 0.041582 0.32773 0.003467 0.422915 0.414912 0 
7 0.574468 0.041582 0.306754 0.003467 0.422915 0.414912 0 
7 0.595745 0.041582 0.283249 0.003467 0.422915 0.414912 0 
7 0.617021 0.041582 0.283249 0.003467 0.422915 0.414912 0 
7 0.638298 0.041582 0.288753 0.003467 0.422915 0.414912 0 
7 0.659574 0.041582 0.304671 0.003467 0.422915 0.414912 0 
7 0.680851 0.041582 0.335466 0.003467 0.422915 0.414912 0 
7 0.702128 0.041882 0.4036 0.003467 0.422915 0.414912 0 
7 0.723404 0.041942 0.510562 0.003467 0.422915 0.414912 0 
7 0.744681 0.10565 0.605028 0.003467 0.422915 0.414912 1 
7 0.765957 0.041912 0.641476 0.003467 0.422915 0.414912 0 
7 0.787234 0.041882 0.627194 0.003467 0.422915 0.414912 0 
7 0.808511 0.041882 0.610681 0.003467 0.422915 0.414912 0 
7 0.829787 0.041882 0.588069 0.003467 0.422915 0.414912 0 
7 0.851064 0.041882 0.566349 0.003467 0.422915 0.414912 0 
7 0.87234 0.041882 0.545373 0.003467 0.422915 0.414912 0 
7 0.893617 0.041642 0.501041 0.003467 0.422915 0.414912 0 
7 0.914894 0.041642 0.44823 0.003467 0.422915 0.414912 0 
7 0.93617 0.041882 0.471437 0.003467 0.422915 0.414912 0 
7 0.957447 0.041642 0.44942 0.003467 0.422915 0.414912 0 
7 0.978723 0.041642 0.445552 0.003467 0.422915 0.414912 0 
7 1 0.041582 0.409402 0.003467 0.422915 0.414912 0 
