4 0 0.029422 0.456263 0.001953 0.399275 0.450877 0 
4 0.021277 0.029392 0.43975 0.00194 0.375453 0.473684 0 
4 0.042553 0.029633 0.406427 0.001965 0.428276 0.375439 1 
4 0.06383 0.029482 0.354954 0.001953 0.400052 0.453947 1 
4 0.085106 0.028852 0.29396 0.001901 0.360435 0.510526 0 
4 0.106383 0.028852 0.252306 0.001905 0.318747 0.555263 0 
4 0.12766 0.027321 0.202023 0.00182 0.278871 0.61886 0 
4 0.148936 0.02621 0.182089 0.001745 0.25246 0.664474 0 
4 0.170213 0.022547 0.167361 0.001502 0.230192 0.652193 0 
4 0.191489 0.021917 0.165576 0.00146 0.220093 0.661404 0 
4 0.212766 0.024709 0.189081 0.001649 0.230451 0.66886 0 
4 0.234043 0.02675 0.228057 0.001793 0.261523 0.603947 0 
4 0.255319 0.028972 0.318804 0.001963 0.319782 0.474123 0 
4 0.276596 0.029873 0.386492 0.002023 0.383221 0.396053 1 
4 0.297872 0.028522 0.370574 0.001936 0.406266 0.446491 0 
4 0.319149 0.029873 0.422196 0.002032 0.458312 0.355263 1 
4 0.340426 0.029903 0.449569 0.002011 0.494821 0.375877 1 
4 0.361702 0.029903 0.458048 0.002007 0.508027 0.360088 1 
4 0.382979 0.030503 0.494942 0.00204 0.510875 0.35307 1 
4 0.404255 0.029903 0.503719 0.001996 0.499741 0.374561 1 
4 0.425532 0.029903 0.487355 0.002009 0.484982 0.40307 1 
4 0.446809 0.029903 0.477536 0.002023 0.481616 0.393421 1 
4 0.468085 0.029903 0.473817 0.002032 0.483169 0.388158 1 
4 0.489362 0.029903 0.466379 0.002048 0.481875 0.384649 1 
4 0.510638 0.029693 0.461024 0.002048 0.461937 0.40307 1 
4 0.531915 0.029723 0.452693 0.002056 0.459347 0.333333 1 
4 0.553191 0.029753 0.44704 0.002061 0.467633 0.330263 1 
4 0.574468 0.029813 0.442874 0.002065 0.479285 0.30307 1 
4 0.595745 0.029843 0.436477 0.002065 0.47333 0.312281 1 
4 0.617021 0.029512 0.426807 0.002038 0.472035 0.332456 1 
4 0.638298 0.028522 0.418774 0.001965 0.458053 0.342982 0 
4 0.659574 0.02663 0.410741 0.00183 0.450285 0.39693 0 
4 0.680851 0.028221 0.406873 0.001934 0.445624 0.433333 0 
4 0.702128 0.029422 0.418179 0.002015 0.44407 0.410526 1 
4 0.723404 0.028582 0.418328 0.001957 0.448213 0.448684 0 
4 0.744681 0.029723 0.444511 0.002038 0.444588 0.454386 1 
4 0.765957 0.029633 0.481553 0.002032 0.442776 0.45 1 
4 0.787234 0.029903 0.501785 0.002052 0.473589 0.405702 1 
4 0.808511 0.029663 0.461024 0.00204 0.465303 0.444298 1 
4 0.829787 0.028191 0.425469 0.001932 0.436561 0.445175 0 
4 0.851064 0.028582 0.401071 0.001953 0.410668 0.450439 0 
4 0.87234 0.028642 0.393484 0.001951 0.391507 0.475439 0 
4 0.893617 0.02693 0.36269 0.00183 0.363283 0.501316 0 
4 0.914894 0.02678 0.329813 0.001811 0.335836 0.558772 0 
4 0.93617 0.028372 0.38679 0.001919 0.328327 0.562719 0 
4 0.957447 0.027981 0.412526 0.001894 0.321336 0.55307 0 
4 0.978723 0.029482 0.4277 0.002013 0.419213 0.427193 1 
4 1 0.028822 0.425617 0.001969 0.41274 0.506579 1 
