4 0 0.050558 0.541059 0.003386 0.457017 0.567982 1 
4 0.021277 0.040771 0.517554 0.002387 0.438115 0.603509 1 
4 0.042553 0.063048 0.484231 0.003527 0.500518 0.50307 1 
4 0.06383 0.046115 0.434097 0.002719 0.484982 0.534211 1 
4 0.085106 0.037859 0.371616 0.002507 0.452356 0.572807 1 
4 0.106383 0.046926 0.322226 0.002592 0.425945 0.587719 1 
4 0.12766 0.036238 0.270306 0.002378 0.397462 0.625877 1 
4 0.148936 0.029572 0.233413 0.001928 0.378819 0.619737 0 
4 0.170213 0.029783 0.207676 0.001936 0.354997 0.648246 0 
4 0.191489 0.029542 0.209908 0.001911 0.350596 0.684649 0 
4 0.212766 0.045575 0.237281 0.002954 0.358881 0.675877 1 
4 0.234043 0.031434 0.288753 0.00205 0.372864 0.628947 0 
4 0.255319 0.06536 0.387831 0.004348 0.453133 0.49693 1 
4 0.276596 0.062538 0.501041 0.004271 0.537027 0.362281 1 
4 0.297872 0.035607 0.558911 0.002495 0.591662 0.237719 0 
4 0.319149 0.03942 0.6385 0.002779 0.658726 0.220614 1 
4 0.340426 0.040261 0.657394 0.002831 0.70637 0.257018 1 
4 0.361702 0.040261 0.631508 0.002821 0.7087 0.233772 1 
4 0.382979 0.032154 0.627046 0.002254 0.716986 0.207895 0 
4 0.404255 0.034406 0.620649 0.002397 0.695495 0.209649 0 
4 0.425532 0.031374 0.610235 0.002192 0.675816 0.222807 0 
4 0.446809 0.030954 0.585094 0.002179 0.658208 0.204386 0 
4 0.468085 0.031914 0.575722 0.002258 0.641378 0.212281 0 
4 0.489362 0.029933 0.566647 0.002115 0.624029 0.253509 0 
4 0.510638 0.028942 0.552663 0.002048 0.600984 0.277632 0 
4 0.531915 0.028702 0.543142 0.00204 0.590368 0.278509 0 
4 0.553191 0.028672 0.535109 0.002044 0.610306 0.25307 0 
4 0.574468 0.028432 0.530051 0.002027 0.606422 0.235965 0 
4 0.595745 0.027561 0.523802 0.001959 0.593993 0.237719 0 
4 0.617021 0.027231 0.51562 0.001944 0.585707 0.232456 0 
4 0.638298 0.027231 0.516067 0.001942 0.569135 0.257456 0 
4 0.659574 0.027981 0.537935 0.001996 0.56551 0.292544 0 
4 0.680851 0.029663 0.57587 0.002108 0.573537 0.289035 0 
4 0.702128 0.035637 0.631955 0.002522 0.611341 0.274123 0 
4 0.723404 0.061967 0.716751 0.00435 0.694718 0.279386 1 
4 0.744681 0.066861 0.777001 0.004651 0.777317 0.273246 1 
4 0.765957 0.040261 0.764802 0.002777 0.763335 0.266228 1 
4 0.787234 0.038669 0.738322 0.002667 0.708959 0.297807 1 
4 0.808511 0.036568 0.70604 0.002526 0.663905 0.310088 0 
4 0.829787 0.033265 0.677031 0.002304 0.624288 0.333333 0 
4 0.851064 0.034316 0.658286 0.002387 0.605127 0.346053 0 
4 0.87234 0.033746 0.630616 0.002345 0.576644 0.351754 0 
4 0.893617 0.034796 0.587623 0.00242 0.544278 0.387281 0 
4 0.914894 0.028612 0.540018 0.001992 0.504402 0.38114 0 
4 0.93617 0.032605 0.555638 0.002243 0.470223 0.51886 0 
4 0.957447 0.032305 0.549985 0.002192 0.448731 0.474561 0 
4 0.978723 0.043863 0.543439 0.002987 0.500259 0.505263 1 
4 1 0.046235 0.533323 0.00312 0.493268 0.542105 1 
