5 0 0.053981 0.403898 0.003467 0.422915 0.414912 0 
5 0.021277 0.056743 0.388872 0.003467 0.422915 0.414912 0 
5 0.042553 0.056743 0.36626 0.003467 0.422915 0.414912 0 
5 0.06383 0.049117 0.302142 0.003467 0.422915 0.414912 0 
5 0.085106 0.047076 0.248587 0.003467 0.422915 0.414912 0 
5 0.106383 0.047076 0.206784 0.003467 0.422915 0.414912 0 
5 0.12766 0.046085 0.163195 0.003467 0.422915 0.414912 0 
5 0.148936 0.046085 0.14222 0.003467 0.422915 0.414912 0 
5 0.170213 0.060736 0.13017 0.003467 0.422915 0.414912 0 
5 0.191489 0.046085 0.135079 0.003467 0.422915 0.414912 0 
5 0.212766 0.068422 0.15784 0.003467 0.422915 0.414912 1 
5 0.234043 0.060736 0.198155 0.003467 0.422915 0.414912 0 
5 0.255319 0.076378 0.293068 0.003467 0.422915 0.414912 1 
5 0.276596 0.084814 0.377417 0.003467 0.422915 0.414912 1 
5 0.297872 0.047076 0.367301 0.003467 0.422915 0.414912 0 
5 0.319149 0.050648 0.425617 0.003467 0.422915 0.414912 0 
5 0.340426 0.050648 0.447486 0.003467 0.422915 0.414912 0 
5 0.361702 0.05257 0.464445 0.003467 0.422915 0.414912 0 
5 0.382979 0.101327 0.506099 0.003467 0.422915 0.414912 1 
5 0.404255 0.102768 0.524546 0.003467 0.422915 0.414912 1 
5 0.425532 0.102768 0.516067 0.003467 0.422915 0.414912 1 
5 0.446809 0.101327 0.506546 0.003467 0.422915 0.414912 1 
5 0.468085 0.09217 0.501041 0.003467 0.422915 0.414912 1 
5 0.489362 0.101327 0.509372 0.003467 0.422915 0.414912 1 
5 0.510638 0.090159 0.506397 0.003467 0.422915 0.414912 1 
5 0.531915 0.09217 0.499256 0.003467 0.422915 0.414912 1 
5 0.553191 0.090159 0.500149 0.003467 0.422915 0.414912 1 
5 0.574468 0.090159 0.493901 0.003467 0.422915 0.414912 1 
5 0.595745 0.09217 0.494198 0.003467 0.422915 0.414912 1 
5 0.617021 0.090159 0.477685 0.003467 0.422915 0.414912 1 
5 0.638298 0.090159 0.470991 0.003467 0.422915 0.414912 1 
5 0.659574 0.088958 0.470693 0.003467 0.422915 0.414912 1 
5 0.680851 0.084814 0.465635 0.003467 0.422915 0.414912 1 
5 0.702128 0.084814 0.465189 0.003467 0.422915 0.414912 1 
5 0.723404 0.050648 0.443916 0.003467 0.422915 0.414912 0 
5 0.744681 0.050648 0.43856 0.003467 0.422915 0.414912 0 
5 0.765957 0.056293 0.446742 0.003467 0.422915 0.414912 0 
5 0.787234 0.05257 0.473073 0.003467 0.422915 0.414912 0 
5 0.808511 0.05257 0.450461 0.003467 0.422915 0.414912 0 
5 0.829787 0.047496 0.414609 0.003467 0.422915 0.414912 0 
5 0.851064 0.056293 0.390955 0.003467 0.422915 0.414912 0 
5 0.87234 0.05257 0.365963 0.003467 0.422915 0.414912 0 
5 0.893617 0.073946 0.339334 0.003467 0.422915 0.414912 1 
5 0.914894 0.047076 0.306754 0.003467 0.422915 0.414912 0 
5 0.93617 0.09217 0.360309 0.003467 0.422915 0.414912 1 
5 0.957447 0.102768 0.39393 0.003467 0.422915 0.414912 1 
5 0.978723 0.103158 0.409253 0.003467 0.422915 0.414912 1 
5 1 0.088958 0.401815 0.003467 0.422915 0.414912 1 
