4 0 0.03999 0.427998 0.002638 0.351631 0.558772 1 
4 0.021277 0.034796 0.394674 0.002273 0.321336 0.545614 0 
4 0.042553 0.038279 0.353615 0.002522 0.380891 0.470614 0 
4 0.06383 0.037078 0.298721 0.002435 0.361212 0.518421 0 
4 0.085106 0.034706 0.249479 0.002266 0.328068 0.523684 0 
4 0.106383 0.032545 0.209015 0.00211 0.295184 0.548246 0 
4 0.12766 0.031644 0.183874 0.002059 0.267996 0.579386 0 
4 0.148936 0.031014 0.166766 0.002023 0.25246 0.616228 0 
4 0.170213 0.034586 0.163344 0.001994 0.238477 0.546491 0 
4 0.191489 0.033505 0.170485 0.002 0.230192 0.587719 0 
4 0.212766 0.033566 0.207379 0.002169 0.239513 0.632456 0 
4 0.234043 0.035517 0.249033 0.002289 0.260487 0.644737 0 
4 0.255319 0.040471 0.341416 0.002646 0.332729 0.534211 1 
4 0.276596 0.03945 0.418328 0.002605 0.400052 0.452193 1 
4 0.297872 0.034526 0.432461 0.002312 0.446919 0.359649 0 
4 0.319149 0.034826 0.486611 0.002372 0.506214 0.310965 0 
4 0.340426 0.034826 0.512199 0.002401 0.527965 0.270614 0 
4 0.361702 0.034826 0.516067 0.00241 0.523822 0.290351 0 
4 0.382979 0.034826 0.537786 0.002414 0.532626 0.28114 0 
4 0.404255 0.035607 0.542844 0.002474 0.529777 0.257456 0 
4 0.425532 0.038489 0.548497 0.002682 0.528742 0.154386 1 
4 0.446809 0.037589 0.546712 0.002621 0.529518 0.221053 0 
4 0.468085 0.034826 0.544035 0.00243 0.533143 0.240351 0 
4 0.489362 0.034826 0.540613 0.002432 0.534179 0.228947 0 
4 0.510638 0.034826 0.534216 0.002432 0.516831 0.251754 0 
4 0.531915 0.034826 0.530051 0.002424 0.515018 0.263158 0 
4 0.553191 0.034826 0.527522 0.002426 0.524081 0.239474 0 
4 0.574468 0.034826 0.526927 0.002426 0.520715 0.243421 0 
4 0.595745 0.034826 0.528414 0.002426 0.520456 0.248246 0 
4 0.617021 0.034616 0.517852 0.002416 0.493786 0.332018 0 
4 0.638298 0.034616 0.510414 0.002383 0.437856 0.282895 0 
4 0.659574 0.034826 0.514877 0.002422 0.5 0.242982 0 
4 0.680851 0.034826 0.50967 0.002426 0.511134 0.214912 0 
4 0.702128 0.034826 0.518596 0.002437 0.523045 0.199561 0 
4 0.723404 0.035127 0.51562 0.002466 0.539358 0.155702 0 
4 0.744681 0.03882 0.532133 0.002715 0.559296 0.135526 1 
4 0.765957 0.047916 0.564862 0.003369 0.573537 0.100877 1 
4 0.787234 0.046716 0.557275 0.003303 0.573796 0.094737 1 
4 0.808511 0.036418 0.519339 0.00257 0.54376 0.15307 1 
4 0.829787 0.034826 0.482594 0.002439 0.514759 0.199561 0 
4 0.851064 0.034826 0.453734 0.002428 0.481616 0.222807 0 
4 0.87234 0.034286 0.43127 0.00237 0.450026 0.28114 0 
4 0.893617 0.034286 0.397352 0.002356 0.414552 0.310965 0 
4 0.914894 0.032214 0.372954 0.002192 0.38581 0.324123 0 
4 0.93617 0.033896 0.416691 0.002295 0.360953 0.426316 0 
4 0.957447 0.034196 0.436924 0.002302 0.333247 0.408333 0 
4 0.978723 0.042032 0.447932 0.002835 0.394355 0.37193 1 
4 1 0.047406 0.441535 0.003178 0.380373 0.442982 1 
