3 0 0.038639 0.419964 0.002518 0.360176 0.620175 0 
3 0.021277 0.038189 0.383963 0.002466 0.32755 0.613596 0 
3 0.042553 0.038549 0.346177 0.002516 0.380373 0.544737 0 
3 0.06383 0.037859 0.302589 0.002466 0.361989 0.57807 0 
3 0.085106 0.035607 0.253496 0.00231 0.323408 0.641667 0 
3 0.106383 0.035277 0.215115 0.002277 0.292595 0.625439 0 
3 0.12766 0.033746 0.175989 0.002185 0.263594 0.597807 0 
3 0.148936 0.033445 0.166915 0.00216 0.248835 0.638596 0 
3 0.170213 0.032635 0.162303 0.0021 0.239513 0.639035 0 
3 0.191489 0.031434 0.172121 0.002023 0.232004 0.650439 0 
3 0.212766 0.032845 0.202321 0.002115 0.240031 0.607895 0 
3 0.234043 0.031854 0.242636 0.002054 0.252978 0.616228 0 
3 0.255319 0.037318 0.324755 0.00243 0.323666 0.545175 0 
3 0.276596 0.038309 0.402112 0.002518 0.379855 0.490351 0 
3 0.297872 0.036418 0.416691 0.002432 0.421025 0.386842 0 
3 0.319149 0.038549 0.477536 0.002621 0.477473 0.321491 0 
3 0.340426 0.038549 0.511306 0.002651 0.505438 0.302632 0 
3 0.361702 0.038549 0.531836 0.002661 0.511652 0.277193 0 
3 0.382979 0.038549 0.558762 0.002663 0.528224 0.305702 0 
3 0.404255 0.038729 0.566052 0.002671 0.53651 0.308772 0 
3 0.425532 0.044494 0.575573 0.0029 0.508027 0.235526 1 
3 0.446809 0.077159 0.581523 0.007212 0.562662 0.312281 1 
3 0.468085 0.03924 0.584052 0.002686 0.571207 0.24693 0 
3 0.489362 0.03957 0.587325 0.002763 0.581823 0.252193 0 
3 0.510638 0.09187 0.586433 0.006431 0.581564 0.271491 1 
3 0.531915 0.042722 0.588664 0.003002 0.586484 0.238158 1 
3 0.553191 0.072475 0.599078 0.0051 0.609529 0.230263 1 
3 0.574468 0.064819 0.604433 0.004566 0.605645 0.217544 1 
3 0.595745 0.081272 0.603541 0.005729 0.615225 0.224561 1 
3 0.617021 0.072325 0.59997 0.005104 0.616002 0.248246 1 
3 0.638298 0.068752 0.596549 0.004861 0.605386 0.207018 1 
3 0.659574 0.069203 0.600119 0.004902 0.596064 0.265789 1 
3 0.680851 0.053681 0.591193 0.003783 0.586225 0.217544 1 
3 0.702128 0.091359 0.589408 0.006427 0.593216 0.255702 1 
3 0.723404 0.058154 0.578697 0.004105 0.578716 0.199561 1 
3 0.744681 0.044284 0.59878 0.003118 0.567323 0.277632 0 
3 0.765957 0.064729 0.617971 0.004533 0.572242 0.261404 1 
3 0.787234 0.05323 0.602053 0.003731 0.571724 0.228509 1 
3 0.808511 0.038519 0.550134 0.002676 0.539099 0.302193 0 
3 0.829787 0.037829 0.509521 0.002607 0.502848 0.311842 0 
3 0.851064 0.037468 0.483487 0.002555 0.469187 0.373246 0 
3 0.87234 0.036268 0.457751 0.002457 0.433195 0.42193 0 
3 0.893617 0.035247 0.420559 0.002372 0.411445 0.47193 0 
3 0.914894 0.033656 0.384261 0.002246 0.383221 0.467105 0 
3 0.93617 0.047076 0.425617 0.003135 0.365355 0.544737 1 
3 0.957447 0.035427 0.448081 0.002345 0.344381 0.562719 0 
3 0.978723 0.047616 0.447188 0.003178 0.406266 0.479386 1 
3 1 0.059926 0.442577 0.003984 0.390212 0.533772 1 
