4 0 0.063528 0.577804 0.004173 0.488089 0.609211 0 
4 0.021277 0.061096 0.558167 0.003978 0.464008 0.611842 0 
4 0.042553 0.066471 0.530497 0.004373 0.519938 0.510526 0 
4 0.06383 0.063108 0.477239 0.004144 0.508545 0.548246 0 
4 0.085106 0.062267 0.420262 0.004051 0.468669 0.595175 0 
4 0.106383 0.058184 0.366558 0.003783 0.433713 0.693421 0 
4 0.12766 0.059145 0.318209 0.003828 0.401864 0.668421 0 
4 0.148936 0.038069 0.27834 0.002468 0.37856 0.652193 0 
4 0.170213 0.037829 0.259595 0.002449 0.35681 0.704825 0 
4 0.191489 0.03954 0.257661 0.002366 0.350596 0.728509 0 
4 0.212766 0.060736 0.287861 0.002208 0.343863 0.640789 0 
4 0.234043 0.060736 0.341565 0.002293 0.368721 0.567105 0 
4 0.255319 0.060406 0.447932 0.003388 0.441999 0.561404 0 
4 0.276596 0.071424 0.567539 0.004439 0.534956 0.509211 1 
4 0.297872 0.054912 0.619905 0.003718 0.589073 0.457456 0 
4 0.319149 0.074066 0.693246 0.005031 0.67478 0.433772 1 
4 0.340426 0.074817 0.702172 0.005089 0.709477 0.402193 1 
4 0.361702 0.073886 0.688039 0.005044 0.709218 0.372807 1 
4 0.382979 0.072835 0.676882 0.005004 0.719057 0.369737 1 
4 0.404255 0.064549 0.676287 0.004427 0.709477 0.382456 0 
4 0.425532 0.070343 0.671526 0.004807 0.697825 0.402632 1 
4 0.446809 0.06602 0.640583 0.004501 0.684878 0.397807 0 
4 0.468085 0.064549 0.616483 0.004391 0.673226 0.382018 0 
4 0.489362 0.061577 0.597441 0.004173 0.657172 0.368421 0 
4 0.510638 0.061337 0.583904 0.004152 0.639306 0.354386 0 
4 0.531915 0.060136 0.566349 0.004067 0.637235 0.385088 0 
4 0.553191 0.060916 0.564267 0.004123 0.66261 0.337281 0 
4 0.574468 0.060136 0.551175 0.004073 0.648887 0.360965 0 
4 0.595745 0.060136 0.540315 0.004092 0.630761 0.388596 0 
4 0.617021 0.060136 0.532282 0.004113 0.633868 0.404386 0 
4 0.638298 0.060136 0.527968 0.004117 0.624806 0.432018 0 
4 0.659574 0.060136 0.540315 0.004128 0.626618 0.401754 0 
4 0.680851 0.060136 0.565903 0.004123 0.622734 0.381579 0 
4 0.702128 0.064129 0.611425 0.004391 0.653806 0.394737 0 
4 0.723404 0.073226 0.695031 0.005044 0.711031 0.367105 1 
4 0.744681 0.087877 0.805118 0.006032 0.777835 0.354386 1 
4 0.765957 0.088087 0.832639 0.006009 0.784309 0.383772 1 
4 0.787234 0.087607 0.819548 0.005966 0.743915 0.417544 1 
4 0.808511 0.077459 0.787414 0.00528 0.69653 0.472368 1 
4 0.829787 0.074817 0.763314 0.00511 0.671932 0.466667 1 
4 0.851064 0.070343 0.735942 0.004769 0.634127 0.517544 1 
4 0.87234 0.06575 0.707825 0.004408 0.601243 0.506579 1 
4 0.893617 0.061307 0.663642 0.004098 0.573537 0.454825 0 
4 0.914894 0.054581 0.606813 0.003673 0.539358 0.509211 0 
4 0.93617 0.060136 0.620202 0.004026 0.506214 0.564474 0 
4 0.957447 0.056083 0.616186 0.003729 0.473589 0.567544 0 
4 0.978723 0.068692 0.606218 0.004599 0.545831 0.54693 1 
4 1 0.064549 0.591639 0.004283 0.526929 0.575 1 
