6 0 0.047076 0.452098 0.003467 0.422915 0.414912 0 
6 0.021277 0.047076 0.426361 0.003467 0.422915 0.414912 0 
6 0.042553 0.046866 0.396459 0.003467 0.422915 0.414912 0 
6 0.06383 0.043293 0.32892 0.003467 0.422915 0.414912 0 
6 0.085106 0.043293 0.265397 0.003467 0.422915 0.414912 0 
6 0.106383 0.043293 0.224636 0.003467 0.422915 0.414912 0 
6 0.12766 0.043293 0.184766 0.003467 0.422915 0.414912 0 
6 0.148936 0.043293 0.155757 0.003467 0.422915 0.414912 0 
6 0.170213 0.059625 0.13612 0.003467 0.422915 0.414912 1 
6 0.191489 0.043263 0.126004 0.003467 0.422915 0.414912 0 
6 0.212766 0.059625 0.131062 0.003467 0.422915 0.414912 1 
6 0.234043 0.060106 0.143707 0.003467 0.422915 0.414912 1 
6 0.255319 0.060106 0.172865 0.003467 0.422915 0.414912 1 
6 0.276596 0.046385 0.218685 0.003467 0.422915 0.414912 0 
6 0.297872 0.054732 0.267034 0.003467 0.422915 0.414912 0 
6 0.319149 0.051849 0.339631 0.003467 0.422915 0.414912 0 
6 0.340426 0.073226 0.399286 0.003467 0.422915 0.414912 1 
6 0.361702 0.0789 0.432907 0.003467 0.422915 0.414912 1 
6 0.382979 0.078029 0.464148 0.003467 0.422915 0.414912 1 
6 0.404255 0.073736 0.470544 0.003467 0.422915 0.414912 1 
6 0.425532 0.073226 0.449866 0.003467 0.422915 0.414912 1 
6 0.446809 0.073226 0.424278 0.003467 0.422915 0.414912 1 
6 0.468085 0.051849 0.402112 0.003467 0.422915 0.414912 0 
6 0.489362 0.051849 0.384112 0.003467 0.422915 0.414912 0 
6 0.510638 0.051849 0.365367 0.003467 0.422915 0.414912 0 
6 0.531915 0.054732 0.348408 0.003467 0.422915 0.414912 0 
6 0.553191 0.047496 0.318953 0.003467 0.422915 0.414912 0 
6 0.574468 0.048697 0.316424 0.003467 0.422915 0.414912 0 
6 0.595745 0.054732 0.308837 0.003467 0.422915 0.414912 1 
6 0.617021 0.047496 0.297977 0.003467 0.422915 0.414912 0 
6 0.638298 0.051849 0.29515 0.003467 0.422915 0.414912 0 
6 0.659574 0.054732 0.301845 0.003467 0.422915 0.414912 1 
6 0.680851 0.068422 0.308688 0.003467 0.422915 0.414912 1 
6 0.702128 0.068422 0.332044 0.003467 0.422915 0.414912 1 
6 0.723404 0.078029 0.348706 0.003467 0.422915 0.414912 1 
6 0.744681 0.102348 0.424278 0.003467 0.422915 0.414912 1 
6 0.765957 0.102348 0.515769 0.003467 0.422915 0.414912 1 
6 0.787234 0.081092 0.52886 0.003467 0.422915 0.414912 1 
6 0.808511 0.0789 0.500149 0.003467 0.422915 0.414912 1 
6 0.829787 0.0789 0.458346 0.003467 0.422915 0.414912 1 
6 0.851064 0.0789 0.427403 0.003467 0.422915 0.414912 1 
6 0.87234 0.069653 0.410146 0.003467 0.422915 0.414912 1 
6 0.893617 0.054732 0.382029 0.003467 0.422915 0.414912 0 
6 0.914894 0.069713 0.350342 0.003467 0.422915 0.414912 1 
6 0.93617 0.084514 0.376525 0.003467 0.422915 0.414912 1 
6 0.957447 0.073736 0.382624 0.003467 0.422915 0.414912 1 
6 0.978723 0.073226 0.385004 0.003467 0.422915 0.414912 1 
6 1 0.069653 0.357632 0.003467 0.422915 0.414912 1 
