4 0 0.046385 0.535257 0.003467 0.422915 0.414912 1 
4 0.021277 0.065089 0.522166 0.003467 0.422915 0.414912 1 
4 0.042553 0.046385 0.492115 0.003467 0.422915 0.414912 1 
4 0.06383 0.041281 0.428741 0.003467 0.422915 0.414912 0 
4 0.085106 0.041281 0.367896 0.003467 0.422915 0.414912 0 
4 0.106383 0.041281 0.321035 0.003467 0.422915 0.414912 0 
4 0.12766 0.041371 0.279381 0.003467 0.422915 0.414912 0 
4 0.148936 0.041281 0.237578 0.003467 0.422915 0.414912 0 
4 0.170213 0.041281 0.216453 0.003467 0.422915 0.414912 0 
4 0.191489 0.041281 0.2108 0.003467 0.422915 0.414912 0 
4 0.212766 0.065089 0.242339 0.003467 0.422915 0.414912 1 
4 0.234043 0.071574 0.287712 0.003467 0.422915 0.414912 1 
4 0.255319 0.073976 0.399435 0.003467 0.422915 0.414912 1 
4 0.276596 0.083644 0.527522 0.003467 0.422915 0.414912 1 
4 0.297872 0.071574 0.565754 0.003467 0.422915 0.414912 1 
4 0.319149 0.045605 0.631508 0.003467 0.422915 0.414912 0 
4 0.340426 0.041582 0.629277 0.003467 0.422915 0.414912 0 
4 0.361702 0.041281 0.617673 0.003467 0.422915 0.414912 0 
4 0.382979 0.041582 0.638054 0.003467 0.422915 0.414912 0 
4 0.404255 0.041582 0.637608 0.003467 0.422915 0.414912 0 
4 0.425532 0.041582 0.60964 0.003467 0.422915 0.414912 0 
4 0.446809 0.041582 0.572002 0.003467 0.422915 0.414912 0 
4 0.468085 0.041281 0.549093 0.003467 0.422915 0.414912 0 
4 0.489362 0.041281 0.533621 0.003467 0.422915 0.414912 0 
4 0.510638 0.041281 0.512199 0.003467 0.422915 0.414912 0 
4 0.531915 0.041281 0.497173 0.003467 0.422915 0.414912 0 
4 0.553191 0.041281 0.486165 0.003467 0.422915 0.414912 0 
4 0.574468 0.041281 0.476793 0.003467 0.422915 0.414912 0 
4 0.595745 0.041281 0.466528 0.003467 0.422915 0.414912 0 
4 0.617021 0.075958 0.457156 0.003467 0.422915 0.414912 1 
4 0.638298 0.090939 0.453288 0.003467 0.422915 0.414912 1 
4 0.659574 0.092861 0.46385 0.003467 0.422915 0.414912 1 
4 0.680851 0.092861 0.483487 0.003467 0.422915 0.414912 1 
4 0.702128 0.092861 0.524398 0.003467 0.422915 0.414912 1 
4 0.723404 0.092861 0.607557 0.003467 0.422915 0.414912 1 
4 0.744681 0.097814 0.715412 0.003467 0.422915 0.414912 1 
4 0.765957 0.092861 0.744273 0.003467 0.422915 0.414912 1 
4 0.787234 0.084935 0.732074 0.003467 0.422915 0.414912 1 
4 0.808511 0.083644 0.704255 0.003467 0.422915 0.414912 1 
4 0.829787 0.083644 0.685659 0.003467 0.422915 0.414912 1 
4 0.851064 0.097814 0.674799 0.003467 0.422915 0.414912 1 
4 0.87234 0.084935 0.649509 0.003467 0.422915 0.414912 1 
4 0.893617 0.042933 0.604433 0.003467 0.422915 0.414912 0 
4 0.914894 0.041732 0.538976 0.003467 0.422915 0.414912 0 
4 0.93617 0.045605 0.566944 0.003467 0.422915 0.414912 0 
4 0.957447 0.083644 0.565457 0.003467 0.422915 0.414912 1 
4 0.978723 0.090939 0.575722 0.003467 0.422915 0.414912 1 
4 1 0.045605 0.563523 0.003467 0.422915 0.414912 0 
