2 0 0.037649 0.293365 0.00253 0.238477 0.373246 1 
2 0.021277 0.035907 0.257364 0.00242 0.224754 0.365351 1 
2 0.042553 0.036688 0.236239 0.002486 0.285862 0.275877 1 
2 0.06383 0.035967 0.212437 0.002435 0.269808 0.382018 1 
2 0.085106 0.033085 0.182237 0.002229 0.243397 0.425877 0 
2 0.106383 0.029482 0.158137 0.001963 0.211548 0.498684 0 
2 0.12766 0.028762 0.139988 0.001894 0.189539 0.575 0 
2 0.148936 0.028792 0.137459 0.001894 0.186432 0.50307 0 
2 0.170213 0.032245 0.140881 0.002115 0.18203 0.554825 0 
2 0.191489 0.032034 0.154418 0.002098 0.176592 0.539474 0 
2 0.212766 0.031794 0.194882 0.002079 0.188762 0.54693 0 
2 0.234043 0.032755 0.249479 0.002135 0.213361 0.518421 0 
2 0.255319 0.034616 0.332044 0.002283 0.283014 0.465351 1 
2 0.276596 0.037018 0.411038 0.002486 0.357846 0.360088 1 
2 0.297872 0.034826 0.445701 0.002372 0.40057 0.305263 0 
2 0.319149 0.037589 0.497917 0.002605 0.461419 0.19693 1 
2 0.340426 0.03996 0.532133 0.002806 0.479544 0.205702 1 
2 0.361702 0.038609 0.549539 0.0027 0.482134 0.209211 1 
2 0.382979 0.050588 0.567837 0.003544 0.495598 0.178509 1 
2 0.404255 0.045635 0.577209 0.003195 0.495339 0.186404 1 
2 0.425532 0.047346 0.588218 0.003328 0.50233 0.180702 1 
2 0.446809 0.057434 0.586135 0.004057 0.51217 0.181579 1 
2 0.468085 0.056593 0.587325 0.004013 0.514759 0.174561 1 
2 0.489362 0.056563 0.583606 0.004013 0.518643 0.170614 1 
2 0.510638 0.058875 0.582416 0.004186 0.502071 0.182456 1 
2 0.531915 0.051879 0.58316 0.003671 0.508804 0.163596 1 
2 0.553191 0.056203 0.586284 0.003986 0.515018 0.16886 1 
2 0.574468 0.056203 0.58435 0.003988 0.516313 0.170614 1 
2 0.595745 0.060136 0.580631 0.004337 0.522268 0.175 1 
2 0.617021 0.058665 0.57468 0.004152 0.508286 0.195175 1 
2 0.638298 0.03948 0.570812 0.002796 0.493786 0.194298 0 
2 0.659574 0.038129 0.569176 0.00269 0.489125 0.202632 0 
2 0.680851 0.043083 0.565308 0.003039 0.489384 0.19386 1 
2 0.702128 0.044134 0.569325 0.003116 0.494045 0.189035 1 
2 0.723404 0.042752 0.560696 0.003018 0.5 0.178947 1 
2 0.744681 0.050138 0.56992 0.00355 0.507768 0.204825 1 
2 0.765957 0.060166 0.600714 0.004231 0.501554 0.229825 1 
2 0.787234 0.064189 0.592681 0.004524 0.515795 0.199123 1 
2 0.808511 0.048697 0.55177 0.003477 0.493786 0.133772 1 
2 0.829787 0.037619 0.510116 0.002676 0.462196 0.173246 0 
2 0.851064 0.034136 0.481256 0.002385 0.432677 0.254386 0 
2 0.87234 0.034046 0.458792 0.002354 0.402641 0.268421 0 
2 0.893617 0.033025 0.432609 0.002268 0.368721 0.311842 0 
2 0.914894 0.031794 0.412675 0.002181 0.345158 0.30614 0 
2 0.93617 0.034076 0.457602 0.002322 0.327033 0.380263 0 
2 0.957447 0.034826 0.469057 0.00236 0.318488 0.39693 0 
2 0.978723 0.047316 0.475602 0.003214 0.378042 0.327632 1 
2 1 0.048907 0.469057 0.003303 0.365614 0.385526 1 
