5 0 0.106611 0.541654 0.003467 0.422915 0.414912 0 
5 0.021277 0.120001 0.517257 0.003467 0.422915 0.414912 0 
5 0.042553 0.082172 0.48795 0.003467 0.422915 0.414912 0 
5 0.06383 0.042452 0.42413 0.003467 0.422915 0.414912 0 
5 0.085106 0.075207 0.366111 0.003467 0.422915 0.414912 0 
5 0.106383 0.075207 0.320738 0.003467 0.422915 0.414912 0 
5 0.12766 0.075207 0.265843 0.003467 0.422915 0.414912 0 
5 0.148936 0.042272 0.230735 0.003467 0.422915 0.414912 0 
5 0.170213 0.042272 0.20842 0.003467 0.422915 0.414912 0 
5 0.191489 0.075207 0.205594 0.003467 0.422915 0.414912 0 
5 0.212766 0.075207 0.226867 0.003467 0.422915 0.414912 0 
5 0.234043 0.072415 0.278489 0.003467 0.422915 0.414912 0 
5 0.255319 0.082172 0.384409 0.003467 0.422915 0.414912 0 
5 0.276596 0.106161 0.500893 0.003467 0.422915 0.414912 0 
5 0.297872 0.091059 0.53972 0.003467 0.422915 0.414912 0 
5 0.319149 0.091059 0.625558 0.003467 0.422915 0.414912 0 
5 0.340426 0.091059 0.651294 0.003467 0.422915 0.414912 0 
5 0.361702 0.091059 0.641773 0.003467 0.422915 0.414912 0 
5 0.382979 0.075117 0.673163 0.003467 0.422915 0.414912 0 
5 0.404255 0.075117 0.682386 0.003467 0.422915 0.414912 0 
5 0.425532 0.075117 0.654567 0.003467 0.422915 0.414912 0 
5 0.446809 0.075117 0.61812 0.003467 0.422915 0.414912 0 
5 0.468085 0.075117 0.612467 0.003467 0.422915 0.414912 0 
5 0.489362 0.075117 0.603243 0.003467 0.422915 0.414912 0 
5 0.510638 0.075117 0.590598 0.003467 0.422915 0.414912 0 
5 0.531915 0.075117 0.579887 0.003467 0.422915 0.414912 0 
5 0.553191 0.075117 0.560994 0.003467 0.422915 0.414912 0 
5 0.574468 0.075117 0.556531 0.003467 0.422915 0.414912 0 
5 0.595745 0.075117 0.544035 0.003467 0.422915 0.414912 0 
5 0.617021 0.075117 0.526629 0.003467 0.422915 0.414912 0 
5 0.638298 0.075117 0.514728 0.003467 0.422915 0.414912 0 
5 0.659574 0.075117 0.529158 0.003467 0.422915 0.414912 0 
5 0.680851 0.075117 0.552663 0.003467 0.422915 0.414912 0 
5 0.702128 0.119731 0.61321 0.003467 0.422915 0.414912 1 
5 0.723404 0.152756 0.698453 0.003467 0.422915 0.414912 1 
5 0.744681 0.119731 0.760339 0.003467 0.422915 0.414912 1 
5 0.765957 0.106161 0.74814 0.003467 0.422915 0.414912 1 
5 0.787234 0.091059 0.726272 0.003467 0.422915 0.414912 0 
5 0.808511 0.091059 0.688039 0.003467 0.422915 0.414912 0 
5 0.829787 0.091059 0.656947 0.003467 0.422915 0.414912 0 
5 0.851064 0.106161 0.631508 0.003467 0.422915 0.414912 1 
5 0.87234 0.119731 0.60607 0.003467 0.422915 0.414912 1 
5 0.893617 0.075117 0.55787 0.003467 0.422915 0.414912 0 
5 0.914894 0.072415 0.514281 0.003467 0.422915 0.414912 0 
5 0.93617 0.180827 0.557721 0.003467 0.422915 0.414912 1 
5 0.957447 0.106161 0.559209 0.003467 0.422915 0.414912 1 
5 0.978723 0.152756 0.563523 0.003467 0.422915 0.414912 1 
5 1 0.119731 0.551026 0.003467 0.422915 0.414912 1 
