4 0 0.028612 0.376822 0.001905 0.317452 0.607895 0 
4 0.021277 0.027201 0.32163 0.001809 0.294925 0.626754 0 
4 0.042553 0.028221 0.270753 0.001882 0.347488 0.52807 0 
4 0.06383 0.028131 0.23133 0.001872 0.327809 0.582456 0 
4 0.085106 0.027411 0.188634 0.001822 0.283532 0.599123 0 
4 0.106383 0.027711 0.165724 0.001834 0.242879 0.608772 0 
4 0.12766 0.027381 0.151741 0.001809 0.212584 0.649123 0 
4 0.148936 0.027561 0.157096 0.001818 0.197825 0.680263 0 
4 0.170213 0.037799 0.184915 0.002482 0.209477 0.726754 0 
4 0.191489 0.045605 0.216453 0.002989 0.227602 0.708772 1 
4 0.212766 0.048487 0.295597 0.00317 0.281201 0.639912 1 
4 0.234043 0.05305 0.381285 0.003471 0.358622 0.603947 1 
4 0.255319 0.05206 0.38917 0.003436 0.460901 0.473246 1 
4 0.276596 0.053351 0.445998 0.003523 0.535992 0.389474 1 
4 0.297872 0.046806 0.468908 0.00311 0.49508 0.420175 1 
4 0.319149 0.044524 0.480661 0.002973 0.483169 0.433333 1 
4 0.340426 0.047826 0.522464 0.003182 0.493009 0.477193 1 
4 0.361702 0.047166 0.541059 0.003122 0.459347 0.52807 1 
4 0.382979 0.046385 0.532728 0.003081 0.440704 0.491228 1 
4 0.404255 0.045665 0.525885 0.003037 0.474625 0.537281 1 
4 0.425532 0.041642 0.513835 0.002781 0.473071 0.432018 1 
4 0.446809 0.049748 0.525588 0.003307 0.498187 0.440351 1 
4 0.468085 0.049177 0.518744 0.003272 0.484982 0.470614 1 
4 0.489362 0.048607 0.520976 0.003232 0.487571 0.470614 1 
4 0.510638 0.049748 0.523356 0.003303 0.495339 0.457456 1 
4 0.531915 0.049748 0.523802 0.003295 0.491973 0.474123 1 
4 0.553191 0.047226 0.527373 0.003145 0.492491 0.480702 1 
4 0.574468 0.046866 0.522315 0.00313 0.487053 0.471053 1 
4 0.595745 0.046776 0.516959 0.003132 0.469446 0.45307 1 
4 0.617021 0.048037 0.525588 0.003207 0.465303 0.477193 1 
4 0.638298 0.049748 0.536447 0.003292 0.469187 0.459649 1 
4 0.659574 0.051789 0.537191 0.003413 0.476955 0.480702 1 
4 0.680851 0.050078 0.523207 0.003297 0.473589 0.434211 1 
4 0.702128 0.049177 0.510116 0.003253 0.465044 0.475 1 
4 0.723404 0.045004 0.480512 0.003008 0.417141 0.491228 1 
4 0.744681 0.037348 0.457007 0.002505 0.37623 0.520614 0 
4 0.765957 0.032305 0.434097 0.002173 0.337131 0.535088 0 
4 0.787234 0.028251 0.428146 0.001892 0.319782 0.582456 0 
4 0.808511 0.033505 0.458643 0.002246 0.330917 0.545614 0 
4 0.829787 0.034196 0.450164 0.002302 0.355515 0.505263 0 
4 0.851064 0.029903 0.414014 0.002011 0.346712 0.536842 0 
4 0.87234 0.028342 0.371467 0.001897 0.324961 0.566667 0 
4 0.893617 0.037769 0.409104 0.002522 0.287675 0.651316 0 
4 0.914894 0.029873 0.4277 0.001984 0.251683 0.697807 0 
4 0.93617 0.03957 0.44332 0.002624 0.243397 0.714912 0 
4 0.957447 0.034256 0.436924 0.002256 0.240549 0.707895 0 
4 0.978723 0.044104 0.431122 0.002912 0.33014 0.564912 1 
4 1 0.041462 0.401369 0.00275 0.339461 0.585088 1 
