6 0 0.044884 0.343499 0.003467 0.422915 0.414912 0 
6 0.021277 0.043533 0.279679 0.003467 0.422915 0.414912 0 
6 0.042553 0.042783 0.219578 0.003467 0.422915 0.414912 0 
6 0.06383 0.042302 0.17465 0.003467 0.422915 0.414912 0 
6 0.085106 0.041131 0.142517 0.003467 0.422915 0.414912 0 
6 0.106383 0.040801 0.120202 0.003467 0.422915 0.414912 0 
6 0.12766 0.040801 0.108747 0.003467 0.422915 0.414912 0 
6 0.148936 0.040831 0.101309 0.003467 0.422915 0.414912 0 
6 0.170213 0.045755 0.111128 0.003467 0.422915 0.414912 0 
6 0.191489 0.043383 0.117525 0.003467 0.422915 0.414912 0 
6 0.212766 0.047286 0.153526 0.003467 0.422915 0.414912 0 
6 0.234043 0.047286 0.178221 0.003467 0.422915 0.414912 0 
6 0.255319 0.061217 0.208866 0.003467 0.422915 0.414912 1 
6 0.276596 0.047286 0.262868 0.003467 0.422915 0.414912 0 
6 0.297872 0.047286 0.324308 0.003467 0.422915 0.414912 0 
6 0.319149 0.059535 0.366409 0.003467 0.422915 0.414912 1 
6 0.340426 0.054972 0.415204 0.003467 0.422915 0.414912 1 
6 0.361702 0.054972 0.435436 0.003467 0.422915 0.414912 1 
6 0.382979 0.051039 0.425171 0.003467 0.422915 0.414912 0 
6 0.404255 0.051039 0.415799 0.003467 0.422915 0.414912 1 
6 0.425532 0.048697 0.404641 0.003467 0.422915 0.414912 0 
6 0.446809 0.048697 0.398691 0.003467 0.422915 0.414912 0 
6 0.468085 0.051039 0.384409 0.003467 0.422915 0.414912 1 
6 0.489362 0.047286 0.373401 0.003467 0.422915 0.414912 0 
6 0.510638 0.047286 0.360607 0.003467 0.422915 0.414912 0 
6 0.531915 0.047286 0.354508 0.003467 0.422915 0.414912 0 
6 0.553191 0.047286 0.344094 0.003467 0.422915 0.414912 0 
6 0.574468 0.045755 0.331747 0.003467 0.422915 0.414912 0 
6 0.595745 0.047286 0.331151 0.003467 0.422915 0.414912 0 
6 0.617021 0.047286 0.331151 0.003467 0.422915 0.414912 0 
6 0.638298 0.047286 0.331598 0.003467 0.422915 0.414912 0 
6 0.659574 0.047286 0.335466 0.003467 0.422915 0.414912 0 
6 0.680851 0.045755 0.325201 0.003467 0.422915 0.414912 0 
6 0.702128 0.045334 0.335168 0.003467 0.422915 0.414912 0 
6 0.723404 0.047286 0.336805 0.003467 0.422915 0.414912 1 
6 0.744681 0.047286 0.333085 0.003467 0.422915 0.414912 1 
6 0.765957 0.048697 0.333532 0.003467 0.422915 0.414912 1 
6 0.787234 0.05299 0.354954 0.003467 0.422915 0.414912 1 
6 0.808511 0.057043 0.346474 0.003467 0.422915 0.414912 1 
6 0.829787 0.048697 0.336209 0.003467 0.422915 0.414912 1 
6 0.851064 0.047286 0.308539 0.003467 0.422915 0.414912 0 
6 0.87234 0.047286 0.281166 0.003467 0.422915 0.414912 0 
6 0.893617 0.048697 0.297828 0.003467 0.422915 0.414912 1 
6 0.914894 0.048037 0.303035 0.003467 0.422915 0.414912 1 
6 0.93617 0.048697 0.317316 0.003467 0.422915 0.414912 1 
6 0.957447 0.048697 0.298721 0.003467 0.422915 0.414912 1 
6 0.978723 0.045755 0.282208 0.003467 0.422915 0.414912 0 
6 1 0.045334 0.23981 0.003467 0.422915 0.414912 0 
