6 0 0.087426 0.490479 0.005708 0.463231 0.585965 1 
6 0.021277 0.087426 0.470693 0.005733 0.426981 0.595614 1 
6 0.042553 0.083854 0.443916 0.005561 0.478509 0.55 1 
6 0.06383 0.080972 0.393335 0.00539 0.453392 0.553947 1 
6 0.085106 0.056353 0.335614 0.00371 0.397721 0.645614 0 
6 0.106383 0.054882 0.285034 0.003579 0.35448 0.696491 0 
6 0.12766 0.053621 0.23981 0.003463 0.318229 0.758333 0 
6 0.148936 0.051819 0.215858 0.003236 0.285344 0.758772 0 
6 0.170213 0.045004 0.198007 0.00291 0.255308 0.726316 0 
6 0.191489 0.044854 0.201726 0.002916 0.245728 0.773246 0 
6 0.212766 0.044344 0.22895 0.002898 0.267478 0.713158 0 
6 0.234043 0.047136 0.2831 0.003022 0.295961 0.660965 0 
6 0.255319 0.068302 0.381434 0.0044 0.379855 0.661404 0 
6 0.276596 0.085595 0.484528 0.005631 0.445106 0.603509 1 
6 0.297872 0.054551 0.473222 0.003625 0.477991 0.538158 0 
6 0.319149 0.087126 0.533323 0.005779 0.531849 0.528947 1 
6 0.340426 0.06545 0.53853 0.004358 0.561108 0.496053 0 
6 0.361702 0.073226 0.530943 0.00447 0.566546 0.47193 1 
6 0.382979 0.087126 0.55906 0.005816 0.569394 0.466228 1 
6 0.404255 0.080491 0.561291 0.005031 0.56059 0.466667 1 
6 0.425532 0.074667 0.547902 0.005019 0.550751 0.451754 1 
6 0.446809 0.067641 0.529009 0.004595 0.548162 0.467544 0 
6 0.468085 0.085175 0.52053 0.005708 0.547385 0.467105 1 
6 0.489362 0.085175 0.512645 0.00585 0.546608 0.461842 1 
6 0.510638 0.070584 0.498661 0.005376 0.529777 0.425439 1 
6 0.531915 0.087727 0.490925 0.005872 0.522268 0.482895 1 
6 0.553191 0.068842 0.486314 0.004597 0.516054 0.475877 1 
6 0.574468 0.076258 0.478132 0.005102 0.522527 0.479386 1 
6 0.595745 0.058995 0.475602 0.003941 0.512688 0.496053 0 
6 0.617021 0.053501 0.460428 0.003575 0.499223 0.460526 0 
6 0.638298 0.07956 0.453288 0.005343 0.494562 0.485965 1 
6 0.659574 0.064459 0.4518 0.004381 0.478767 0.467105 0 
6 0.680851 0.054161 0.459387 0.003639 0.468928 0.456579 0 
6 0.702128 0.054341 0.457304 0.003664 0.476178 0.421053 0 
6 0.723404 0.049868 0.46147 0.003396 0.480321 0.394298 0 
6 0.744681 0.047586 0.494644 0.00327 0.505179 0.317105 0 
6 0.765957 0.064789 0.537191 0.004474 0.531331 0.315351 0 
6 0.787234 0.066561 0.541654 0.004591 0.547126 0.281579 0 
6 0.808511 0.045665 0.50476 0.003168 0.525375 0.280263 0 
6 0.829787 0.043233 0.474264 0.002985 0.49508 0.287281 0 
6 0.851064 0.043803 0.450461 0.003018 0.465044 0.333772 0 
6 0.87234 0.041972 0.431419 0.002885 0.44666 0.319737 0 
6 0.893617 0.036928 0.40717 0.002528 0.405748 0.361404 0 
6 0.914894 0.035517 0.373847 0.002422 0.378819 0.373684 0 
6 0.93617 0.050468 0.421303 0.003407 0.368462 0.516228 0 
6 0.957447 0.053621 0.450461 0.003592 0.358105 0.485965 0 
6 0.978723 0.088657 0.460428 0.005995 0.489125 0.346491 1 
6 1 0.087426 0.466379 0.005835 0.476955 0.529825 1 
