7 0 0.063378 0.393782 0.003467 0.422915 0.414912 0 
7 0.021277 0.063378 0.342904 0.003467 0.422915 0.414912 0 
7 0.042553 0.054612 0.319399 0.003467 0.422915 0.414912 0 
7 0.06383 0.05305 0.25781 0.003467 0.422915 0.414912 0 
7 0.085106 0.054612 0.217346 0.003467 0.422915 0.414912 0 
7 0.106383 0.054612 0.184469 0.003467 0.422915 0.414912 0 
7 0.12766 0.05305 0.15546 0.003467 0.422915 0.414912 0 
7 0.148936 0.042122 0.128682 0.003467 0.422915 0.414912 0 
7 0.170213 0.042122 0.108004 0.003467 0.422915 0.414912 0 
7 0.191489 0.05305 0.105177 0.003467 0.422915 0.414912 0 
7 0.212766 0.042122 0.104582 0.003467 0.422915 0.414912 0 
7 0.234043 0.05305 0.117971 0.003467 0.422915 0.414912 0 
7 0.255319 0.05305 0.140137 0.003467 0.422915 0.414912 0 
7 0.276596 0.05305 0.161262 0.003467 0.422915 0.414912 0 
7 0.297872 0.054612 0.196073 0.003467 0.422915 0.414912 0 
7 0.319149 0.074817 0.258405 0.003467 0.422915 0.414912 0 
7 0.340426 0.080911 0.331449 0.003467 0.422915 0.414912 1 
7 0.361702 0.088838 0.391104 0.003467 0.422915 0.414912 1 
7 0.382979 0.087066 0.442725 0.003467 0.422915 0.414912 1 
7 0.404255 0.087066 0.468015 0.003467 0.422915 0.414912 1 
7 0.425532 0.078209 0.461024 0.003467 0.422915 0.414912 1 
7 0.446809 0.078209 0.444362 0.003467 0.422915 0.414912 1 
7 0.468085 0.080911 0.423981 0.003467 0.422915 0.414912 1 
7 0.489362 0.077609 0.408063 0.003467 0.422915 0.414912 1 
7 0.510638 0.074817 0.386938 0.003467 0.422915 0.414912 1 
7 0.531915 0.074817 0.368492 0.003467 0.422915 0.414912 1 
7 0.553191 0.059865 0.343201 0.003467 0.422915 0.414912 0 
7 0.574468 0.059865 0.320738 0.003467 0.422915 0.414912 0 
7 0.595745 0.059865 0.293068 0.003467 0.422915 0.414912 0 
7 0.617021 0.05305 0.295745 0.003467 0.422915 0.414912 0 
7 0.638298 0.054612 0.297084 0.003467 0.422915 0.414912 0 
7 0.659574 0.059865 0.314639 0.003467 0.422915 0.414912 0 
7 0.680851 0.075958 0.339334 0.003467 0.422915 0.414912 1 
7 0.702128 0.059865 0.403154 0.003467 0.422915 0.414912 0 
7 0.723404 0.074817 0.499107 0.003467 0.422915 0.414912 1 
7 0.744681 0.077999 0.587771 0.003467 0.422915 0.414912 1 
7 0.765957 0.077609 0.614698 0.003467 0.422915 0.414912 1 
7 0.787234 0.074817 0.602499 0.003467 0.422915 0.414912 1 
7 0.808511 0.077609 0.580482 0.003467 0.422915 0.414912 1 
7 0.829787 0.059865 0.554151 0.003467 0.422915 0.414912 0 
7 0.851064 0.077609 0.535109 0.003467 0.422915 0.414912 1 
7 0.87234 0.075958 0.51562 0.003467 0.422915 0.414912 1 
7 0.893617 0.077609 0.475751 0.003467 0.422915 0.414912 1 
7 0.914894 0.059865 0.427105 0.003467 0.422915 0.414912 0 
7 0.93617 0.074817 0.444362 0.003467 0.422915 0.414912 1 
7 0.957447 0.05305 0.429188 0.003467 0.422915 0.414912 0 
7 0.978723 0.059865 0.421898 0.003467 0.422915 0.414912 0 
7 1 0.042572 0.401666 0.003467 0.422915 0.414912 0 
