2 0 0.033836 0.282654 0.002156 0.280166 0.732018 1 
2 0.021277 0.029783 0.246802 0.001897 0.250906 0.718421 0 
2 0.042553 0.034226 0.22285 0.002221 0.312015 0.55614 1 
2 0.06383 0.035427 0.198602 0.002327 0.289228 0.5 1 
2 0.085106 0.037619 0.17227 0.002493 0.249612 0.53114 1 
2 0.106383 0.035427 0.147724 0.002337 0.222941 0.540351 1 
2 0.12766 0.033956 0.136864 0.002233 0.20378 0.567105 1 
2 0.148936 0.034286 0.118863 0.002252 0.192128 0.577632 1 
2 0.170213 0.030773 0.11812 0.002019 0.187209 0.579386 0 
2 0.191489 0.031764 0.137905 0.002079 0.18695 0.611404 0 
2 0.212766 0.032395 0.179113 0.002108 0.198602 0.560088 0 
2 0.234043 0.034977 0.222553 0.002275 0.224495 0.567105 1 
2 0.255319 0.045425 0.317763 0.002979 0.288711 0.504825 1 
2 0.276596 0.037919 0.398542 0.002509 0.353185 0.451316 1 
2 0.297872 0.035427 0.415055 0.002385 0.404713 0.354386 1 
2 0.319149 0.038339 0.480512 0.002624 0.464526 0.307895 1 
2 0.340426 0.038549 0.513538 0.002659 0.488089 0.301316 1 
2 0.361702 0.038549 0.533323 0.002659 0.494821 0.297807 1 
2 0.382979 0.03939 0.568581 0.002717 0.509839 0.301754 1 
2 0.404255 0.03894 0.583457 0.00268 0.509322 0.348684 1 
2 0.425532 0.040441 0.596995 0.002786 0.51217 0.319298 1 
2 0.446809 0.038549 0.594466 0.002663 0.523822 0.316667 1 
2 0.468085 0.038549 0.593276 0.002661 0.523822 0.326754 1 
2 0.489362 0.038549 0.585838 0.002661 0.53159 0.321491 1 
2 0.510638 0.041852 0.596697 0.002885 0.524081 0.3 1 
2 0.531915 0.038549 0.597144 0.002667 0.530813 0.296053 1 
2 0.553191 0.0399 0.602797 0.002765 0.540911 0.285965 1 
2 0.574468 0.041462 0.605177 0.002869 0.548421 0.298684 1 
2 0.595745 0.067191 0.602648 0.004657 0.551528 0.303947 1 
2 0.617021 0.056863 0.595805 0.003974 0.547644 0.292105 1 
2 0.638298 0.049057 0.592681 0.003438 0.537027 0.271053 1 
2 0.659574 0.042362 0.595359 0.002979 0.532885 0.251316 1 
2 0.680851 0.038549 0.59283 0.002719 0.530813 0.248684 1 
2 0.702128 0.047706 0.59283 0.003369 0.539617 0.254386 1 
2 0.723404 0.036478 0.576614 0.002553 0.534697 0.282018 0 
2 0.744681 0.03924 0.589705 0.002723 0.53392 0.298246 1 
2 0.765957 0.042873 0.6205 0.002968 0.539876 0.285965 1 
2 0.787234 0.059926 0.601012 0.004173 0.553858 0.263596 1 
2 0.808511 0.0399 0.552514 0.002777 0.511652 0.31886 1 
2 0.829787 0.035487 0.504314 0.002432 0.489384 0.375877 0 
2 0.851064 0.036358 0.474264 0.002472 0.451579 0.403509 0 
2 0.87234 0.035277 0.452544 0.002383 0.419731 0.477193 0 
2 0.893617 0.034466 0.415204 0.002302 0.383221 0.482018 0 
2 0.914894 0.033085 0.380244 0.002206 0.366649 0.489474 0 
2 0.93617 0.038189 0.424576 0.002547 0.353444 0.530263 0 
2 0.957447 0.037649 0.436328 0.002505 0.330658 0.510526 0 
2 0.978723 0.037799 0.444064 0.002518 0.398498 0.502193 0 
2 1 0.056263 0.439304 0.003712 0.398239 0.579386 1 
