7 0 0.027261 0.317465 0.001805 0.306318 0.746053 0 
7 0.021277 0.02654 0.260339 0.001716 0.273951 0.778947 0 
7 0.042553 0.027261 0.205742 0.001786 0.331952 0.683772 0 
7 0.06383 0.025159 0.162005 0.00167 0.304764 0.732895 0 
7 0.085106 0.025009 0.130021 0.001653 0.254272 0.754386 0 
7 0.106383 0.024919 0.110681 0.001649 0.212325 0.742105 0 
7 0.12766 0.024769 0.098036 0.001637 0.183843 0.78114 0 
7 0.148936 0.024018 0.097441 0.001587 0.171932 0.798246 0 
7 0.170213 0.024649 0.107409 0.001626 0.171673 0.786842 0 
7 0.191489 0.024799 0.116334 0.001633 0.168566 0.80614 0 
7 0.212766 0.024258 0.147129 0.001591 0.170896 0.874123 0 
7 0.234043 0.025219 0.181494 0.001595 0.189798 0.843421 0 
7 0.255319 0.027951 0.220916 0.001778 0.227084 0.807018 0 
7 0.276596 0.028011 0.279381 0.00177 0.261523 0.770175 0 
7 0.297872 0.027981 0.331151 0.001749 0.26204 0.783772 0 
7 0.319149 0.028161 0.368938 0.001853 0.282496 0.762281 0 
7 0.340426 0.029302 0.411485 0.001932 0.305023 0.729825 1 
7 0.361702 0.029813 0.428444 0.002007 0.31797 0.721053 1 
7 0.382979 0.029633 0.422493 0.001996 0.326515 0.695175 1 
7 0.404255 0.029933 0.416543 0.002019 0.336613 0.681579 1 
7 0.425532 0.033535 0.420411 0.002266 0.340238 0.676754 1 
7 0.446809 0.031914 0.414758 0.002156 0.344381 0.700877 1 
7 0.468085 0.030683 0.408361 0.002073 0.342051 0.687281 1 
7 0.489362 0.032365 0.409997 0.002185 0.337131 0.710088 1 
7 0.510638 0.029723 0.403303 0.002002 0.334801 0.698684 1 
7 0.531915 0.029633 0.400327 0.001996 0.331176 0.70614 1 
7 0.553191 0.029512 0.394674 0.001988 0.334024 0.694298 1 
7 0.574468 0.029512 0.393038 0.001988 0.335577 0.633333 1 
7 0.595745 0.030413 0.394377 0.002061 0.332211 0.67807 1 
7 0.617021 0.029933 0.400476 0.002021 0.341274 0.669298 1 
7 0.638298 0.032245 0.406427 0.002177 0.348006 0.637281 1 
7 0.659574 0.037468 0.422642 0.002536 0.363542 0.628947 1 
7 0.680851 0.031224 0.412972 0.002115 0.365355 0.639035 1 
7 0.702128 0.036838 0.424278 0.002499 0.364578 0.633772 1 
7 0.723404 0.029813 0.417733 0.002019 0.35189 0.664912 1 
7 0.744681 0.029362 0.408509 0.001982 0.335318 0.707018 1 
7 0.765957 0.028312 0.389616 0.001899 0.308648 0.751316 0 
7 0.787234 0.028221 0.379649 0.001882 0.288193 0.775439 0 
7 0.808511 0.028522 0.390062 0.001905 0.277059 0.747368 0 
7 0.829787 0.029512 0.410741 0.001975 0.285862 0.725 1 
7 0.851064 0.042783 0.39884 0.002865 0.31072 0.739912 1 
7 0.87234 0.039 0.372806 0.002601 0.303729 0.742982 1 
7 0.893617 0.040231 0.386938 0.002671 0.281201 0.788158 1 
7 0.914894 0.032034 0.38188 0.002123 0.265407 0.805263 1 
7 0.93617 0.035577 0.382773 0.002358 0.262299 0.812281 1 
7 0.957447 0.031224 0.355846 0.002069 0.258415 0.790789 1 
7 0.978723 0.031074 0.325052 0.002073 0.318747 0.692105 1 
7 1 0.028191 0.274174 0.001876 0.312532 0.761842 0 
