6 0 0.037468 0.612615 0.002528 0.496634 0.60307 0 
6 0.021277 0.042002 0.590003 0.002823 0.470223 0.611404 0 
6 0.042553 0.071935 0.566498 0.004861 0.521233 0.496053 1 
6 0.06383 0.060526 0.521125 0.004123 0.497411 0.539035 1 
6 0.085106 0.048006 0.461321 0.003257 0.451321 0.630702 0 
6 0.106383 0.044434 0.411336 0.002987 0.40782 0.67807 0 
6 0.12766 0.03966 0.352276 0.002665 0.371051 0.75 0 
6 0.148936 0.034826 0.318209 0.002329 0.338685 0.755263 0 
6 0.170213 0.033626 0.297828 0.002241 0.318747 0.79693 0 
6 0.191489 0.033115 0.286076 0.002198 0.30347 0.82193 0 
6 0.212766 0.033265 0.313151 0.002202 0.309943 0.829825 0 
6 0.234043 0.033566 0.36626 0.002196 0.337649 0.80307 0 
6 0.255319 0.037829 0.481702 0.002437 0.408079 0.689035 0 
6 0.276596 0.063859 0.605475 0.004385 0.491973 0.587719 1 
6 0.297872 0.054311 0.647426 0.003693 0.542206 0.541228 1 
6 0.319149 0.062898 0.736834 0.004211 0.621181 0.482018 1 
6 0.340426 0.040891 0.762719 0.002736 0.666235 0.462719 0 
6 0.361702 0.038459 0.74219 0.002536 0.677887 0.451316 0 
6 0.382979 0.041011 0.767182 0.002694 0.696271 0.436842 0 
6 0.404255 0.044104 0.766736 0.002921 0.690834 0.402193 0 
6 0.425532 0.047856 0.737281 0.003211 0.679959 0.388596 0 
6 0.446809 0.042362 0.697858 0.002794 0.66261 0.417105 0 
6 0.468085 0.042752 0.668849 0.00286 0.644485 0.452632 0 
6 0.489362 0.042032 0.642963 0.002806 0.645779 0.401754 0 
6 0.510638 0.033626 0.619458 0.002239 0.596064 0.489474 0 
6 0.531915 0.033626 0.59521 0.002221 0.588296 0.447368 0 
6 0.553191 0.033626 0.578994 0.002231 0.63361 0.395614 0 
6 0.574468 0.033626 0.565605 0.002233 0.621699 0.409211 0 
6 0.595745 0.033626 0.545522 0.002231 0.608752 0.433333 0 
6 0.617021 0.033626 0.529456 0.002223 0.584671 0.467105 0 
6 0.638298 0.033626 0.516959 0.002221 0.567064 0.479386 0 
6 0.659574 0.037258 0.537191 0.00247 0.554376 0.444298 0 
6 0.680851 0.036508 0.562779 0.002426 0.55826 0.473684 0 
6 0.702128 0.040141 0.619161 0.002663 0.581823 0.50307 0 
6 0.723404 0.050588 0.704552 0.003324 0.626359 0.513158 0 
6 0.744681 0.043983 0.80244 0.002885 0.680218 0.445614 0 
6 0.765957 0.043683 0.816424 0.002879 0.682807 0.478509 0 
6 0.787234 0.044224 0.806456 0.002914 0.641378 0.517105 0 
6 0.808511 0.043323 0.769265 0.002875 0.606422 0.573684 0 
6 0.829787 0.042903 0.742339 0.002846 0.575867 0.578947 0 
6 0.851064 0.041131 0.7108 0.002742 0.542206 0.594298 0 
6 0.87234 0.03948 0.690866 0.002619 0.519679 0.619298 0 
6 0.893617 0.047736 0.652633 0.003176 0.476696 0.61886 1 
6 0.914894 0.033626 0.600119 0.002237 0.449508 0.660965 0 
6 0.93617 0.040891 0.654865 0.002705 0.433713 0.671053 0 
6 0.957447 0.03915 0.670783 0.002605 0.423097 0.69386 0 
6 0.978723 0.067581 0.665873 0.004501 0.519161 0.533772 1 
6 1 0.040621 0.641773 0.002734 0.512429 0.594737 0 
