3 0 0.077939 0.37712 0.003467 0.422915 0.414912 0 
3 0.021277 0.051219 0.317614 0.003467 0.422915 0.414912 0 
3 0.042553 0.051219 0.263314 0.003467 0.422915 0.414912 0 
3 0.06383 0.051219 0.219429 0.003467 0.422915 0.414912 0 
3 0.085106 0.049688 0.174353 0.003467 0.422915 0.414912 0 
3 0.106383 0.049688 0.148021 0.003467 0.422915 0.414912 0 
3 0.12766 0.049688 0.133442 0.003467 0.422915 0.414912 0 
3 0.148936 0.049688 0.133889 0.003467 0.422915 0.414912 0 
3 0.170213 0.073616 0.167658 0.003467 0.422915 0.414912 0 
3 0.191489 0.051219 0.205147 0.003467 0.422915 0.414912 0 
3 0.212766 0.097274 0.279679 0.003467 0.422915 0.414912 1 
3 0.234043 0.07923 0.370723 0.003467 0.422915 0.414912 1 
3 0.255319 0.083794 0.379054 0.003467 0.422915 0.414912 1 
3 0.276596 0.07923 0.432758 0.003467 0.422915 0.414912 1 
3 0.297872 0.05215 0.445849 0.003467 0.422915 0.414912 0 
3 0.319149 0.073616 0.449866 0.003467 0.422915 0.414912 1 
3 0.340426 0.073616 0.492711 0.003467 0.422915 0.414912 1 
3 0.361702 0.073616 0.508777 0.003467 0.422915 0.414912 1 
3 0.382979 0.07923 0.507289 0.003467 0.422915 0.414912 1 
3 0.404255 0.07923 0.493306 0.003467 0.422915 0.414912 1 
3 0.425532 0.07923 0.486909 0.003467 0.422915 0.414912 1 
3 0.446809 0.07923 0.496281 0.003467 0.422915 0.414912 1 
3 0.468085 0.07923 0.482297 0.003467 0.422915 0.414912 1 
3 0.489362 0.07923 0.48319 0.003467 0.422915 0.414912 1 
3 0.510638 0.097274 0.48438 0.003467 0.422915 0.414912 1 
3 0.531915 0.101597 0.479619 0.003467 0.422915 0.414912 1 
3 0.553191 0.109253 0.478429 0.003467 0.422915 0.414912 1 
3 0.574468 0.109253 0.467569 0.003467 0.422915 0.414912 1 
3 0.595745 0.109253 0.456858 0.003467 0.422915 0.414912 1 
3 0.617021 0.099376 0.462362 0.003467 0.422915 0.414912 1 
3 0.638298 0.07923 0.467123 0.003467 0.422915 0.414912 1 
3 0.659574 0.07923 0.469652 0.003467 0.422915 0.414912 1 
3 0.680851 0.07923 0.458048 0.003467 0.422915 0.414912 1 
3 0.702128 0.07923 0.456858 0.003467 0.422915 0.414912 1 
3 0.723404 0.05215 0.428593 0.003467 0.422915 0.414912 0 
3 0.744681 0.051939 0.408212 0.003467 0.422915 0.414912 0 
3 0.765957 0.051219 0.388724 0.003467 0.422915 0.414912 0 
3 0.787234 0.051219 0.392294 0.003467 0.422915 0.414912 0 
3 0.808511 0.051489 0.408807 0.003467 0.422915 0.414912 0 
3 0.829787 0.05215 0.403451 0.003467 0.422915 0.414912 0 
3 0.851064 0.060376 0.374145 0.003467 0.422915 0.414912 0 
3 0.87234 0.05215 0.337102 0.003467 0.422915 0.414912 0 
3 0.893617 0.07923 0.365963 0.003467 0.422915 0.414912 1 
3 0.914894 0.073646 0.383666 0.003467 0.422915 0.414912 1 
3 0.93617 0.07923 0.408956 0.003467 0.422915 0.414912 1 
3 0.957447 0.07923 0.402261 0.003467 0.422915 0.414912 1 
3 0.978723 0.073616 0.394377 0.003467 0.422915 0.414912 1 
3 1 0.073616 0.3795 0.003467 0.422915 0.414912 1 
