2 0 0.0266 0.226569 0.001789 0.277317 0.622368 1 
2 0.021277 0.02648 0.200387 0.001784 0.250647 0.590351 0 
2 0.042553 0.027351 0.166766 0.001855 0.305282 0.460526 1 
2 0.06383 0.02651 0.135525 0.001795 0.284827 0.547368 0 
2 0.085106 0.025399 0.111425 0.00171 0.239513 0.604386 0 
2 0.106383 0.023388 0.100119 0.00157 0.205852 0.645175 0 
2 0.12766 0.020806 0.095805 0.001392 0.178664 0.695175 0 
2 0.148936 0.020926 0.109194 0.001396 0.174003 0.720614 0 
2 0.170213 0.02582 0.132104 0.00173 0.175816 0.642105 0 
2 0.191489 0.02645 0.173907 0.00178 0.19653 0.588158 0 
2 0.212766 0.035217 0.239363 0.002383 0.261781 0.539035 1 
2 0.234043 0.032064 0.319994 0.002181 0.320559 0.486842 1 
2 0.255319 0.045154 0.364475 0.00311 0.426463 0.317105 1 
2 0.276596 0.05278 0.436477 0.003633 0.511652 0.257018 1 
2 0.297872 0.043833 0.449717 0.003031 0.481875 0.283333 1 
2 0.319149 0.044644 0.476198 0.003091 0.477732 0.374123 1 
2 0.340426 0.05281 0.53377 0.003633 0.497411 0.410965 1 
2 0.361702 0.060736 0.554002 0.004163 0.49767 0.413596 1 
2 0.382979 0.068182 0.562481 0.004666 0.504402 0.42193 1 
2 0.404255 0.06626 0.564118 0.004528 0.503884 0.415351 1 
2 0.425532 0.066861 0.576465 0.004568 0.507768 0.418421 1 
2 0.446809 0.070494 0.583011 0.004813 0.509839 0.462281 1 
2 0.468085 0.069173 0.585986 0.004711 0.496634 0.473684 1 
2 0.489362 0.069413 0.588218 0.004724 0.493009 0.472807 1 
2 0.510638 0.0789 0.598929 0.005336 0.495857 0.564474 1 
2 0.531915 0.073136 0.604731 0.004942 0.486018 0.564035 1 
2 0.553191 0.070464 0.606813 0.00478 0.48058 0.538596 1 
2 0.574468 0.070434 0.601458 0.004784 0.484723 0.532456 1 
2 0.595745 0.067912 0.587176 0.004624 0.46608 0.471491 1 
2 0.617021 0.063198 0.573788 0.004314 0.473589 0.452193 1 
2 0.638298 0.070283 0.57587 0.004786 0.472035 0.495175 1 
2 0.659574 0.069773 0.574234 0.004747 0.482134 0.488158 1 
2 0.680851 0.064819 0.556977 0.004425 0.477732 0.462719 1 
2 0.702128 0.056653 0.554894 0.003893 0.465821 0.404386 1 
2 0.723404 0.051729 0.530646 0.003577 0.43682 0.387719 1 
2 0.744681 0.043683 0.508926 0.003033 0.398239 0.406579 0 
2 0.765957 0.031314 0.478132 0.002171 0.375971 0.432018 0 
2 0.787234 0.030323 0.473371 0.002098 0.38581 0.396053 0 
2 0.808511 0.030323 0.460577 0.002098 0.398498 0.373684 0 
2 0.829787 0.030323 0.432461 0.002094 0.39332 0.405702 0 
2 0.851064 0.029182 0.396757 0.002007 0.363024 0.444298 0 
2 0.87234 0.027891 0.350491 0.001907 0.338685 0.474561 0 
2 0.893617 0.027951 0.375632 0.001903 0.303211 0.546491 0 
2 0.914894 0.027291 0.39036 0.001853 0.265148 0.591228 0 
2 0.93617 0.029182 0.410741 0.001984 0.260746 0.587719 0 
2 0.957447 0.028582 0.405534 0.001936 0.256862 0.585965 0 
2 0.978723 0.030053 0.406427 0.002054 0.352926 0.45307 0 
2 1 0.029693 0.386938 0.002034 0.35448 0.486404 0 
