4 0 0.0532 0.439155 0.003467 0.422915 0.414912 0 
4 0.021277 0.053771 0.418923 0.003467 0.422915 0.414912 0 
4 0.042553 0.05284 0.384558 0.003467 0.422915 0.414912 0 
4 0.06383 0.051159 0.33011 0.003467 0.422915 0.414912 0 
4 0.085106 0.051459 0.273877 0.003467 0.422915 0.414912 0 
4 0.106383 0.053951 0.228355 0.003467 0.422915 0.414912 0 
4 0.12766 0.047466 0.190271 0.003467 0.422915 0.414912 0 
4 0.148936 0.047076 0.170634 0.003467 0.422915 0.414912 0 
4 0.170213 0.048217 0.161113 0.003467 0.422915 0.414912 0 
4 0.191489 0.047076 0.165427 0.003467 0.422915 0.414912 0 
4 0.212766 0.047076 0.191312 0.003467 0.422915 0.414912 0 
4 0.234043 0.047856 0.234454 0.003467 0.422915 0.414912 0 
4 0.255319 0.05215 0.326986 0.003467 0.422915 0.414912 0 
4 0.276596 0.054521 0.414162 0.003467 0.422915 0.414912 0 
4 0.297872 0.055662 0.419072 0.003467 0.422915 0.414912 1 
4 0.319149 0.076138 0.474115 0.003467 0.422915 0.414912 1 
4 0.340426 0.074967 0.493454 0.003467 0.422915 0.414912 1 
4 0.361702 0.072595 0.499405 0.003467 0.422915 0.414912 1 
4 0.382979 0.091269 0.538381 0.003467 0.422915 0.414912 1 
4 0.404255 0.10499 0.551473 0.003467 0.422915 0.414912 1 
4 0.425532 0.109884 0.54939 0.003467 0.422915 0.414912 1 
4 0.446809 0.10583 0.537043 0.003467 0.422915 0.414912 1 
4 0.468085 0.09253 0.529753 0.003467 0.422915 0.414912 1 
4 0.489362 0.099646 0.528414 0.003467 0.422915 0.414912 1 
4 0.510638 0.096433 0.529456 0.003467 0.422915 0.414912 1 
4 0.531915 0.093671 0.525736 0.003467 0.422915 0.414912 1 
4 0.553191 0.085475 0.524249 0.003467 0.422915 0.414912 1 
4 0.574468 0.083133 0.521422 0.003467 0.422915 0.414912 1 
4 0.595745 0.086616 0.520083 0.003467 0.422915 0.414912 1 
4 0.617021 0.093671 0.513389 0.003467 0.422915 0.414912 1 
4 0.638298 0.109103 0.505802 0.003467 0.422915 0.414912 1 
4 0.659574 0.127507 0.509521 0.003467 0.422915 0.414912 1 
4 0.680851 0.135763 0.51205 0.003467 0.422915 0.414912 1 
4 0.702128 0.147832 0.519042 0.003467 0.422915 0.414912 1 
4 0.723404 0.177435 0.540018 0.003467 0.422915 0.414912 1 
4 0.744681 0.25027 0.612467 0.003467 0.422915 0.414912 1 
4 0.765957 0.212411 0.609045 0.003467 0.422915 0.414912 1 
4 0.787234 0.188543 0.577655 0.003467 0.422915 0.414912 1 
4 0.808511 0.165816 0.53734 0.003467 0.422915 0.414912 1 
4 0.829787 0.137474 0.504463 0.003467 0.422915 0.414912 1 
4 0.851064 0.110874 0.488248 0.003467 0.422915 0.414912 1 
4 0.87234 0.096854 0.466528 0.003467 0.422915 0.414912 1 
4 0.893617 0.086676 0.422642 0.003467 0.422915 0.414912 0 
4 0.914894 0.07848 0.390806 0.003467 0.422915 0.414912 0 
4 0.93617 0.067972 0.432014 0.003467 0.422915 0.414912 0 
4 0.957447 0.062267 0.458346 0.003467 0.422915 0.414912 0 
4 0.978723 0.058725 0.469206 0.003467 0.422915 0.414912 0 
4 1 0.055422 0.460428 0.003467 0.422915 0.414912 0 
