1 0 0.087426 0.342011 0.003467 0.422915 0.414912 0 
1 0.021277 0.087426 0.304374 0.003467 0.422915 0.414912 0 
1 0.042553 0.087426 0.289497 0.003467 0.422915 0.414912 0 
1 0.06383 0.083884 0.246802 0.003467 0.422915 0.414912 0 
1 0.085106 0.081962 0.210205 0.003467 0.422915 0.414912 0 
1 0.106383 0.081962 0.18313 0.003467 0.422915 0.414912 0 
1 0.12766 0.081122 0.163047 0.003467 0.422915 0.414912 0 
1 0.148936 0.081122 0.144749 0.003467 0.422915 0.414912 0 
1 0.170213 0.087366 0.143856 0.003467 0.422915 0.414912 0 
1 0.191489 0.09238 0.152633 0.003467 0.422915 0.414912 0 
1 0.212766 0.093611 0.185808 0.003467 0.422915 0.414912 0 
1 0.234043 0.122703 0.244421 0.003467 0.422915 0.414912 1 
1 0.255319 0.126216 0.345879 0.003467 0.422915 0.414912 1 
1 0.276596 0.218266 0.459238 0.003467 0.422915 0.414912 1 
1 0.297872 0.155878 0.492859 0.003467 0.422915 0.414912 1 
1 0.319149 0.21073 0.572449 0.003467 0.422915 0.414912 1 
1 0.340426 0.21031 0.594615 0.003467 0.422915 0.414912 1 
1 0.361702 0.218266 0.587028 0.003467 0.422915 0.414912 1 
1 0.382979 0.299327 0.610086 0.003467 0.422915 0.414912 1 
1 0.404255 0.243215 0.615442 0.003467 0.422915 0.414912 1 
1 0.425532 0.229014 0.599821 0.003467 0.422915 0.414912 1 
1 0.446809 0.229014 0.566944 0.003467 0.422915 0.414912 1 
1 0.468085 0.224481 0.547159 0.003467 0.422915 0.414912 1 
1 0.489362 0.224481 0.540315 0.003467 0.422915 0.414912 1 
1 0.510638 0.21073 0.5241 0.003467 0.422915 0.414912 1 
1 0.531915 0.209109 0.510711 0.003467 0.422915 0.414912 1 
1 0.553191 0.209109 0.502083 0.003467 0.422915 0.414912 1 
1 0.574468 0.202714 0.492413 0.003467 0.422915 0.414912 1 
1 0.595745 0.21073 0.479619 0.003467 0.422915 0.414912 1 
1 0.617021 0.21073 0.474264 0.003467 0.422915 0.414912 1 
1 0.638298 0.204275 0.46623 0.003467 0.422915 0.414912 1 
1 0.659574 0.21073 0.476049 0.003467 0.422915 0.414912 1 
1 0.680851 0.217335 0.498215 0.003467 0.422915 0.414912 1 
1 0.702128 0.229014 0.558316 0.003467 0.422915 0.414912 1 
1 0.723404 0.294584 0.652187 0.003467 0.422915 0.414912 1 
1 0.744681 0.298277 0.720173 0.003467 0.422915 0.414912 1 
1 0.765957 0.228654 0.707974 0.003467 0.422915 0.414912 1 
1 0.787234 0.229014 0.670485 0.003467 0.422915 0.414912 1 
1 0.808511 0.224481 0.634037 0.003467 0.422915 0.414912 1 
1 0.829787 0.189204 0.610086 0.003467 0.422915 0.414912 1 
1 0.851064 0.190165 0.582118 0.003467 0.422915 0.414912 1 
1 0.87234 0.143539 0.557721 0.003467 0.422915 0.414912 0 
1 0.893617 0.122703 0.501785 0.003467 0.422915 0.414912 0 
1 0.914894 0.124835 0.440791 0.003467 0.422915 0.414912 0 
1 0.93617 0.155878 0.474561 0.003467 0.422915 0.414912 0 
1 0.957447 0.161283 0.480512 0.003467 0.422915 0.414912 0 
1 0.978723 0.155878 0.490777 0.003467 0.422915 0.414912 0 
1 1 0.122703 0.49152 0.003467 0.422915 0.414912 0 
