4 0 0.03882 0.36507 0.002642 0.299327 0.455263 0 
4 0.021277 0.032455 0.30482 0.002229 0.2768 0.469298 0 
4 0.042553 0.033596 0.251265 0.002314 0.320559 0.404825 0 
4 0.06383 0.031554 0.217197 0.002167 0.299327 0.467544 0 
4 0.085106 0.02612 0.182535 0.001782 0.255826 0.52807 0 
4 0.106383 0.026 0.172716 0.001766 0.21595 0.55 0 
4 0.12766 0.02648 0.172716 0.001799 0.180218 0.557895 0 
4 0.148936 0.029933 0.182832 0.002032 0.174003 0.587281 0 
4 0.170213 0.038009 0.206784 0.002576 0.182289 0.59386 0 
4 0.191489 0.041972 0.245909 0.00284 0.202745 0.557018 0 
4 0.212766 0.049207 0.318209 0.003288 0.249871 0.589035 0 
4 0.234043 0.044374 0.401964 0.002948 0.31305 0.595614 0 
4 0.255319 0.039 0.428444 0.002613 0.408338 0.463596 0 
4 0.276596 0.044164 0.492711 0.002956 0.479026 0.334211 0 
4 0.297872 0.0393 0.520381 0.002657 0.443035 0.367105 0 
4 0.319149 0.035457 0.542696 0.002418 0.436302 0.567544 0 
4 0.340426 0.043233 0.593573 0.002925 0.445883 0.322368 0 
4 0.361702 0.061997 0.615293 0.004196 0.451321 0.376754 0 
4 0.382979 0.038429 0.611723 0.00286 0.447178 0.307895 0 
4 0.404255 0.029392 0.598036 0.002493 0.446401 0.333333 0 
4 0.425532 0.030323 0.595359 0.002636 0.454169 0.333333 0 
4 0.446809 0.029362 0.585838 0.002819 0.464267 0.333333 0 
4 0.468085 0.029182 0.574531 0.002767 0.451838 0.333333 0 
4 0.489362 0.029002 0.565605 0.002509 0.44666 0.333333 0 
4 0.510638 0.029182 0.567986 0.002576 0.45624 0.333333 0 
4 0.531915 0.029182 0.567093 0.002094 0.454687 0.333333 0 
4 0.553191 0.028642 0.556233 0.002339 0.462973 0.342105 0 
4 0.574468 0.029362 0.557126 0.002169 0.459865 0.333333 0 
4 0.595745 0.029182 0.549241 0.00258 0.458571 0.339035 0 
4 0.617021 0.028762 0.545373 0.002601 0.446919 0.333333 0 
4 0.638298 0.028191 0.538828 0.002503 0.446401 0.333333 0 
4 0.659574 0.028041 0.539423 0.002588 0.447178 0.333333 0 
4 0.680851 0.027951 0.523654 0.002148 0.444329 0.303947 0 
4 0.702128 0.02648 0.505802 0.001786 0.430347 0.34693 0 
4 0.723404 0.02651 0.475156 0.001793 0.394873 0.403947 0 
4 0.744681 0.02594 0.456561 0.001751 0.349301 0.439474 0 
4 0.765957 0.024829 0.435733 0.001672 0.311756 0.487719 0 
4 0.787234 0.024919 0.431122 0.001672 0.283791 0.509649 0 
4 0.808511 0.025519 0.443023 0.00171 0.281201 0.47807 0 
4 0.829787 0.026 0.433948 0.001747 0.313827 0.453509 0 
4 0.851064 0.024919 0.400625 0.001676 0.320818 0.457895 0 
4 0.87234 0.024018 0.360309 0.00161 0.306059 0.516667 0 
4 0.893617 0.024829 0.396608 0.001651 0.263594 0.613158 0 
4 0.914894 0.023778 0.413865 0.00157 0.242361 0.676754 0 
4 0.93617 0.025249 0.429485 0.001662 0.224495 0.674123 0 
4 0.957447 0.025369 0.432461 0.00167 0.235629 0.693421 0 
4 0.978723 0.02624 0.418923 0.001745 0.328068 0.605263 0 
4 1 0.02621 0.396013 0.001759 0.337908 0.646053 0 
