6 0 0.043293 0.378756 0.002856 0.349301 0.746491 1 
6 0.021277 0.036928 0.317465 0.000881 0.315898 0.725877 0 
6 0.042553 0.046535 0.264356 0.002586 0.36639 0.594737 1 
6 0.06383 0.042422 0.225974 0.002817 0.336872 0.674123 1 
6 0.085106 0.035967 0.202321 0.002376 0.292853 0.740351 0 
6 0.106383 0.032845 0.188932 0.001764 0.262558 0.769737 0 
6 0.12766 0.031524 0.188634 0.002069 0.245469 0.80307 0 
6 0.148936 0.035967 0.197114 0.00236 0.254272 0.754386 0 
6 0.170213 0.035487 0.223148 0.002324 0.262817 0.758333 0 
6 0.191489 0.058785 0.257661 0.003851 0.280425 0.739035 1 
6 0.212766 0.097154 0.339185 0.006396 0.333247 0.701754 1 
6 0.234043 0.056593 0.409402 0.003725 0.407043 0.647368 1 
6 0.255319 0.031134 0.447337 0.002056 0.492232 0.518421 0 
6 0.276596 0.032214 0.499702 0.002131 0.556965 0.495175 0 
6 0.297872 0.028822 0.526183 0.001892 0.513982 0.595614 0 
6 0.319149 0.029362 0.557572 0.001924 0.521233 0.561404 0 
6 0.340426 0.033085 0.614103 0.002175 0.529001 0.507895 0 
6 0.361702 0.029062 0.641327 0.001899 0.536769 0.598684 0 
6 0.382979 0.028372 0.634335 0.001834 0.544019 0.594298 0 
6 0.404255 0.028822 0.628087 0.001859 0.554894 0.589474 0 
6 0.425532 0.031494 0.6205 0.00204 0.554635 0.514474 0 
6 0.446809 0.033085 0.631508 0.00216 0.559296 0.494298 0 
6 0.468085 0.033085 0.63255 0.002167 0.558778 0.487281 0 
6 0.489362 0.033085 0.635079 0.00216 0.556189 0.488596 0 
6 0.510638 0.033085 0.644302 0.002156 0.563956 0.470175 0 
6 0.531915 0.033085 0.644302 0.002162 0.57276 0.461404 0 
6 0.553191 0.032935 0.64341 0.002146 0.566546 0.485526 0 
6 0.574468 0.033085 0.639393 0.002152 0.563698 0.492105 0 
6 0.595745 0.033085 0.634186 0.002148 0.548679 0.529386 0 
6 0.617021 0.033085 0.646534 0.002146 0.540653 0.541667 0 
6 0.638298 0.033085 0.654121 0.002146 0.544537 0.562281 0 
6 0.659574 0.033085 0.646831 0.00214 0.545054 0.558333 0 
6 0.680851 0.028822 0.623624 0.001863 0.543501 0.568421 0 
6 0.702128 0.028642 0.589705 0.001849 0.531849 0.599561 0 
6 0.723404 0.027021 0.53734 0.001745 0.494821 0.652193 0 
6 0.744681 0.027681 0.506397 0.001791 0.449249 0.675439 0 
6 0.765957 0.027111 0.473966 0.001764 0.410668 0.684211 0 
6 0.787234 0.02582 0.466528 0.001678 0.378819 0.763596 0 
6 0.808511 0.027021 0.478875 0.001751 0.36898 0.727632 0 
6 0.829787 0.027591 0.478875 0.001801 0.390212 0.639474 0 
6 0.851064 0.02597 0.449569 0.001699 0.377007 0.716667 0 
6 0.87234 0.025279 0.405534 0.001643 0.347229 0.744298 0 
6 0.893617 0.028281 0.42889 0.00184 0.3203 0.788158 0 
6 0.914894 0.027231 0.439899 0.00178 0.292336 0.787719 0 
6 0.93617 0.030713 0.455965 0.002011 0.284309 0.781579 0 
6 0.957447 0.032214 0.44942 0.002108 0.279907 0.793421 0 
6 0.978723 0.032785 0.421006 0.002127 0.353703 0.666667 0 
6 1 0.031374 0.389021 0.002065 0.348783 0.722807 0 
