2 0 0.02591 0.176436 0.001732 0.184619 0.722368 1 
2 0.021277 0.025159 0.145939 0.001693 0.152771 0.700877 0 
2 0.042553 0.02591 0.113508 0.001753 0.217763 0.597807 1 
2 0.06383 0.024919 0.091639 0.001685 0.196789 0.63114 0 
2 0.085106 0.024919 0.071259 0.00168 0.151994 0.665789 0 
2 0.106383 0.024258 0.059804 0.001631 0.11885 0.707456 0 
2 0.12766 0.024379 0.053555 0.001618 0.09943 0.712281 0 
2 0.148936 0.024018 0.060994 0.001616 0.091144 0.71886 0 
2 0.170213 0.024919 0.077507 0.001674 0.079492 0.701754 0 
2 0.191489 0.024919 0.094912 0.001674 0.084153 0.683772 0 
2 0.212766 0.025279 0.13731 0.001695 0.104868 0.750877 0 
2 0.234043 0.02591 0.182535 0.001743 0.133092 0.709649 0 
2 0.255319 0.02642 0.199048 0.001786 0.183843 0.648684 1 
2 0.276596 0.028101 0.241744 0.001911 0.220093 0.572807 1 
2 0.297872 0.028041 0.280274 0.001907 0.206629 0.641667 1 
2 0.319149 0.029332 0.324457 0.002005 0.22579 0.594737 1 
2 0.340426 0.031404 0.392294 0.002137 0.24754 0.618421 1 
2 0.361702 0.035937 0.418774 0.002435 0.272139 0.568421 1 
2 0.382979 0.035277 0.412824 0.002397 0.287157 0.560965 1 
2 0.404255 0.035397 0.411485 0.002412 0.310461 0.509649 1 
2 0.425532 0.035937 0.422047 0.002439 0.3203 0.5 1 
2 0.446809 0.0399 0.423981 0.002707 0.328845 0.486404 1 
2 0.468085 0.038549 0.432758 0.002619 0.336354 0.447368 1 
2 0.489362 0.038429 0.435733 0.002613 0.32522 0.452193 1 
2 0.510638 0.055572 0.441982 0.003793 0.343863 0.460088 1 
2 0.531915 0.055362 0.441982 0.003785 0.351372 0.439912 1 
2 0.553191 0.056623 0.44213 0.00387 0.355515 0.445175 1 
2 0.574468 0.058454 0.441833 0.003997 0.365873 0.439912 1 
2 0.595745 0.055542 0.444659 0.003793 0.366132 0.44693 1 
2 0.617021 0.075057 0.447337 0.005123 0.371051 0.448246 1 
2 0.638298 0.059175 0.450312 0.004028 0.374158 0.447807 1 
2 0.659574 0.089828 0.456561 0.006109 0.391766 0.414912 1 
2 0.680851 0.063859 0.450461 0.004352 0.393578 0.405702 1 
2 0.702128 0.050168 0.441833 0.003434 0.38581 0.378947 1 
2 0.723404 0.036328 0.412675 0.002482 0.344122 0.377632 1 
2 0.744681 0.036057 0.395864 0.002455 0.301916 0.40614 1 
2 0.765957 0.034826 0.370723 0.002395 0.267219 0.457018 0 
2 0.787234 0.030113 0.348408 0.002079 0.232263 0.488596 0 
2 0.808511 0.032335 0.352722 0.002241 0.206888 0.453947 0 
2 0.829787 0.035637 0.368194 0.002495 0.197048 0.370614 0 
2 0.851064 0.035307 0.351681 0.002478 0.221906 0.328509 0 
2 0.87234 0.035187 0.317911 0.002459 0.2087 0.357018 0 
2 0.893617 0.035817 0.340375 0.002505 0.18203 0.488596 0 
2 0.914894 0.035697 0.350937 0.002478 0.153288 0.5 0 
2 0.93617 0.035997 0.372657 0.002466 0.142154 0.512719 0 
2 0.957447 0.035757 0.373996 0.002439 0.13594 0.506579 0 
2 0.978723 0.037108 0.36507 0.002565 0.230451 0.362281 0 
2 1 0.035277 0.334871 0.002432 0.223977 0.402193 0 
