1 0 0.031464 0.211247 0.002073 0.263853 0.630263 0 
1 0.021277 0.028161 0.180601 0.001849 0.243656 0.635965 0 
1 0.042553 0.028191 0.141625 0.001859 0.286639 0.566667 0 
1 0.06383 0.027591 0.110979 0.00182 0.265407 0.573246 0 
1 0.085106 0.028792 0.082565 0.001901 0.228379 0.547368 0 
1 0.106383 0.025639 0.068283 0.001695 0.186432 0.567544 0 
1 0.12766 0.024799 0.058911 0.001637 0.142413 0.625 0 
1 0.148936 0.023358 0.055787 0.001539 0.124547 0.651754 0 
1 0.170213 0.022337 0.058316 0.001471 0.104609 0.681579 0 
1 0.191489 0.024529 0.063969 0.001614 0.102279 0.678509 0 
1 0.212766 0.023868 0.074383 0.00157 0.084412 0.710965 0 
1 0.234043 0.024769 0.095656 0.001624 0.086225 0.715789 0 
1 0.255319 0.025639 0.123475 0.00168 0.113672 0.724561 0 
1 0.276596 0.02633 0.167956 0.001722 0.139306 0.694298 0 
1 0.297872 0.02621 0.214371 0.001716 0.136976 0.736404 0 
1 0.319149 0.027951 0.263761 0.001687 0.143708 0.742544 0 
1 0.340426 0.028312 0.313746 0.001849 0.165717 0.760526 0 
1 0.361702 0.029182 0.341565 0.001905 0.175298 0.737281 0 
1 0.382979 0.029452 0.347664 0.001928 0.191352 0.686842 0 
1 0.404255 0.029182 0.343945 0.001911 0.190057 0.689912 0 
1 0.425532 0.029362 0.333829 0.001928 0.19912 0.670614 0 
1 0.446809 0.029362 0.330259 0.001926 0.202745 0.682018 0 
1 0.468085 0.029362 0.323416 0.001926 0.208959 0.675877 0 
1 0.489362 0.029152 0.299762 0.001911 0.204557 0.688158 0 
1 0.510638 0.028822 0.294109 0.001888 0.199896 0.715789 0 
1 0.531915 0.028702 0.278935 0.001878 0.197307 0.696491 0 
1 0.553191 0.029032 0.267331 0.001903 0.201968 0.662719 0 
1 0.574468 0.029873 0.25543 0.001961 0.199379 0.642544 0 
1 0.595745 0.027681 0.251711 0.00182 0.203521 0.622368 0 
1 0.617021 0.028281 0.25781 0.001859 0.199379 0.626754 0 
1 0.638298 0.028432 0.259149 0.001867 0.212325 0.624561 0 
1 0.659574 0.030954 0.274026 0.002034 0.228379 0.607456 1 
1 0.680851 0.029152 0.267034 0.001917 0.23796 0.587281 0 
1 0.702128 0.034526 0.297679 0.002268 0.251424 0.605702 1 
1 0.723404 0.035097 0.316572 0.002316 0.254013 0.607895 1 
1 0.744681 0.031374 0.327879 0.002073 0.24029 0.632895 1 
1 0.765957 0.029062 0.334573 0.001915 0.230451 0.65614 0 
1 0.787234 0.029152 0.348706 0.001919 0.236924 0.648246 0 
1 0.808511 0.043413 0.360012 0.002867 0.265148 0.597368 1 
1 0.829787 0.044043 0.353615 0.002908 0.287157 0.578947 1 
1 0.851064 0.041912 0.321928 0.002754 0.277576 0.623246 1 
1 0.87234 0.033415 0.286522 0.002187 0.250647 0.666667 1 
1 0.893617 0.035637 0.299316 0.002329 0.22579 0.720175 1 
1 0.914894 0.032575 0.298274 0.002125 0.1942 0.750439 1 
1 0.93617 0.035247 0.30363 0.002295 0.194459 0.750877 1 
1 0.957447 0.037649 0.286373 0.002445 0.199637 0.738596 1 
1 0.978723 0.041492 0.277596 0.002715 0.278094 0.601754 1 
1 1 0.03957 0.246802 0.002597 0.285862 0.614474 1 
