3 0 0.027981 0.358078 0.001897 0.338426 0.604386 0 
3 0.021277 0.02678 0.307051 0.001822 0.315122 0.581579 0 
3 0.042553 0.027051 0.257215 0.001847 0.362506 0.527193 0 
3 0.06383 0.027051 0.218685 0.001843 0.329881 0.524561 0 
3 0.085106 0.024859 0.188634 0.001685 0.283273 0.600439 0 
3 0.106383 0.022427 0.162005 0.001514 0.24262 0.626754 0 
3 0.12766 0.023718 0.160964 0.001599 0.226567 0.62193 0 
3 0.148936 0.021376 0.165576 0.001442 0.216727 0.623684 0 
3 0.170213 0.024859 0.1928 0.001676 0.227602 0.61886 0 
3 0.191489 0.030353 0.234454 0.002046 0.251165 0.6 1 
3 0.212766 0.038489 0.31449 0.002609 0.314863 0.543421 1 
3 0.234043 0.042452 0.396013 0.002875 0.385552 0.482456 1 
3 0.255319 0.035427 0.419072 0.002432 0.478767 0.337281 1 
3 0.276596 0.044644 0.481553 0.003064 0.562662 0.262281 1 
3 0.297872 0.031374 0.513538 0.002175 0.529001 0.285088 1 
3 0.319149 0.028612 0.528265 0.001988 0.523045 0.29386 0 
3 0.340426 0.031644 0.581672 0.002189 0.532885 0.317544 1 
3 0.361702 0.02591 0.595954 0.00178 0.537286 0.374561 0 
3 0.382979 0.024979 0.576763 0.001676 0.53884 0.410088 0 
3 0.404255 0.027711 0.570068 0.001845 0.550751 0.398684 0 
3 0.425532 0.027501 0.570068 0.001828 0.541688 0.432895 0 
3 0.446809 0.027861 0.566052 0.001851 0.545572 0.415789 0 
3 0.468085 0.027471 0.563225 0.001822 0.525634 0.44386 0 
3 0.489362 0.02606 0.560696 0.001732 0.524081 0.382018 0 
3 0.510638 0.02612 0.563969 0.001741 0.532367 0.43114 0 
3 0.531915 0.027681 0.562333 0.001836 0.535215 0.431579 0 
3 0.553191 0.027861 0.56263 0.001847 0.536769 0.432456 0 
3 0.574468 0.027801 0.560547 0.001843 0.539358 0.432018 0 
3 0.595745 0.027831 0.553853 0.001845 0.533402 0.435088 0 
3 0.617021 0.027771 0.561143 0.00184 0.533402 0.440789 0 
3 0.638298 0.027891 0.574829 0.001847 0.530813 0.439035 0 
3 0.659574 0.027921 0.579292 0.001853 0.538063 0.417982 0 
3 0.680851 0.027501 0.557275 0.001822 0.53159 0.460965 0 
3 0.702128 0.027561 0.538976 0.00182 0.515277 0.506579 0 
3 0.723404 0.026 0.501636 0.001708 0.470482 0.600877 0 
3 0.744681 0.025519 0.469801 0.001672 0.414034 0.639912 0 
3 0.765957 0.023898 0.441535 0.001562 0.382444 0.669298 0 
3 0.787234 0.023178 0.428295 0.00151 0.361212 0.665789 0 
3 0.808511 0.024318 0.445701 0.001587 0.34956 0.648684 0 
3 0.829787 0.024619 0.441238 0.001614 0.375453 0.575439 0 
3 0.851064 0.024649 0.408361 0.001624 0.38115 0.550877 0 
3 0.87234 0.023208 0.384261 0.001527 0.358364 0.555702 0 
3 0.893617 0.02621 0.415055 0.001722 0.333506 0.654825 0 
3 0.914894 0.023838 0.418328 0.001564 0.294407 0.685526 0 
3 0.93617 0.025279 0.434097 0.001649 0.277059 0.735088 0 
3 0.957447 0.025219 0.434543 0.001643 0.270067 0.716667 0 
3 0.978723 0.02609 0.423832 0.001716 0.365096 0.577193 0 
3 1 0.031074 0.39512 0.002075 0.364319 0.565351 1 
