6 0 0.059205 0.392443 0.004096 0.402641 0.348246 0 
6 0.021277 0.059505 0.33978 0.004111 0.369239 0.333333 0 
6 0.042553 0.064249 0.288902 0.004445 0.421025 0.301754 0 
6 0.06383 0.058785 0.23981 0.003758 0.384516 0.392544 0 
6 0.085106 0.043473 0.198899 0.002956 0.33506 0.476316 0 
6 0.106383 0.043323 0.175245 0.002914 0.287934 0.512281 0 
6 0.12766 0.045635 0.165724 0.003056 0.261781 0.517544 0 
6 0.148936 0.045485 0.165278 0.003035 0.246245 0.580702 0 
6 0.170213 0.048817 0.197858 0.003261 0.254272 0.599561 0 
6 0.191489 0.048937 0.234603 0.003282 0.283014 0.522368 0 
6 0.212766 0.079951 0.322821 0.00543 0.35681 0.461404 1 
6 0.234043 0.089738 0.412526 0.006118 0.439669 0.476316 1 
6 0.255319 0.075387 0.426956 0.005172 0.553858 0.297807 1 
6 0.276596 0.094122 0.474859 0.006512 0.634645 0.203509 1 
6 0.297872 0.056563 0.483933 0.003926 0.609529 0.216228 0 
6 0.319149 0.076498 0.497471 0.005282 0.597359 0.245175 1 
6 0.340426 0.084394 0.545671 0.005783 0.606163 0.324123 1 
6 0.361702 0.083584 0.564564 0.005698 0.608234 0.340789 1 
6 0.382979 0.077279 0.553258 0.005262 0.607198 0.335088 1 
6 0.404255 0.076528 0.543588 0.005224 0.608234 0.302632 1 
6 0.425532 0.063708 0.536745 0.004398 0.610823 0.306579 0 
6 0.446809 0.071094 0.531985 0.004882 0.607975 0.31886 0 
6 0.468085 0.072655 0.523654 0.005033 0.596064 0.307018 0 
6 0.489362 0.074306 0.518001 0.005081 0.588555 0.325 1 
6 0.510638 0.073196 0.516215 0.00485 0.589591 0.341667 0 
6 0.531915 0.077969 0.512645 0.00533 0.58726 0.283772 1 
6 0.553191 0.099015 0.506694 0.006469 0.58493 0.265351 1 
6 0.574468 0.067852 0.494049 0.004537 0.568099 0.267982 0 
6 0.595745 0.054491 0.484677 0.003737 0.546867 0.284649 0 
6 0.617021 0.064429 0.487057 0.00441 0.535215 0.286404 0 
6 0.638298 0.062598 0.488991 0.004416 0.536769 0.242982 0 
6 0.659574 0.058725 0.484677 0.004034 0.535733 0.27807 0 
6 0.680851 0.044824 0.458792 0.003087 0.540394 0.259211 0 
6 0.702128 0.044254 0.453436 0.003054 0.534697 0.317544 0 
6 0.723404 0.043293 0.427105 0.002964 0.495857 0.354825 0 
6 0.744681 0.043383 0.410146 0.002931 0.460901 0.413158 0 
6 0.765957 0.042843 0.3856 0.002856 0.403159 0.388596 0 
6 0.787234 0.043173 0.394377 0.0029 0.383998 0.460526 0 
6 0.808511 0.043323 0.409402 0.002908 0.383998 0.392544 0 
6 0.829787 0.043713 0.400476 0.002946 0.419213 0.332895 0 
6 0.851064 0.043263 0.382178 0.002925 0.399534 0.39386 0 
6 0.87234 0.042632 0.352722 0.002869 0.382185 0.392544 0 
6 0.893617 0.048307 0.380988 0.003232 0.346453 0.484649 0 
6 0.914894 0.044164 0.407468 0.002962 0.312532 0.55 0 
6 0.93617 0.072055 0.444957 0.004813 0.303988 0.532456 1 
6 0.957447 0.06635 0.457156 0.004462 0.291041 0.513158 1 
6 0.978723 0.080641 0.432907 0.005538 0.418177 0.389474 1 
6 1 0.059355 0.416543 0.004086 0.416624 0.441228 0 
