1 0 0.043533 0.248884 0.002902 0.347229 0.522807 0 
1 0.021277 0.041942 0.219875 0.002788 0.315898 0.523684 0 
1 0.042553 0.041101 0.17108 0.002744 0.36406 0.480263 0 
1 0.06383 0.040741 0.152484 0.002696 0.343604 0.564474 0 
1 0.085106 0.031164 0.120351 0.002061 0.284827 0.605263 0 
1 0.106383 0.029963 0.099078 0.001951 0.243656 0.689474 0 
1 0.12766 0.028972 0.088515 0.001525 0.205593 0.689474 0 
1 0.148936 0.02651 0.080333 0.001352 0.17711 0.707018 0 
1 0.170213 0.028492 0.081672 0.001735 0.15303 0.661842 0 
1 0.191489 0.032905 0.08554 0.002164 0.146038 0.690789 0 
1 0.212766 0.035247 0.099375 0.002304 0.137235 0.699561 0 
1 0.234043 0.038219 0.128087 0.002389 0.149146 0.688596 0 
1 0.255319 0.031374 0.156947 0.002056 0.165976 0.679386 0 
1 0.276596 0.042362 0.205594 0.002561 0.209477 0.689474 0 
1 0.297872 0.047766 0.25781 0.002428 0.197825 0.689474 1 
1 0.319149 0.050829 0.302291 0.002464 0.213102 0.689474 1 
1 0.340426 0.070914 0.345879 0.003272 0.226049 0.667544 1 
1 0.361702 0.049928 0.375781 0.002919 0.242879 0.69386 1 
1 0.382979 0.05239 0.375632 0.002941 0.259451 0.702632 1 
1 0.404255 0.045845 0.365516 0.002933 0.267996 0.702632 1 
1 0.425532 0.044734 0.360012 0.002927 0.271621 0.702632 1 
1 0.446809 0.044764 0.353317 0.002925 0.267737 0.702632 1 
1 0.468085 0.044734 0.339482 0.002929 0.276541 0.682018 1 
1 0.489362 0.044614 0.329069 0.002919 0.269549 0.699561 1 
1 0.510638 0.044644 0.315234 0.002921 0.269549 0.678509 1 
1 0.531915 0.044614 0.299018 0.002919 0.258415 0.680702 1 
1 0.553191 0.044404 0.293365 0.002914 0.257121 0.675877 1 
1 0.574468 0.044374 0.279381 0.002902 0.24521 0.648246 1 
1 0.595745 0.044464 0.272092 0.002919 0.246763 0.659649 1 
1 0.617021 0.044614 0.274174 0.002923 0.245469 0.670614 1 
1 0.638298 0.044614 0.271794 0.002916 0.255308 0.646491 1 
1 0.659574 0.044584 0.275216 0.002923 0.269808 0.658772 1 
1 0.680851 0.043833 0.276257 0.002879 0.278871 0.664474 1 
1 0.702128 0.043563 0.295299 0.002871 0.294407 0.638596 1 
1 0.723404 0.043983 0.315977 0.002904 0.309684 0.628947 1 
1 0.744681 0.044164 0.327879 0.002912 0.297514 0.644737 1 
1 0.765957 0.043683 0.329069 0.002875 0.288193 0.702193 1 
1 0.787234 0.044614 0.350491 0.002921 0.282237 0.705702 1 
1 0.808511 0.046265 0.370723 0.003027 0.300363 0.687281 1 
1 0.829787 0.053561 0.374145 0.003533 0.337649 0.606579 1 
1 0.851064 0.046205 0.349896 0.00306 0.340238 0.627193 1 
1 0.87234 0.044494 0.317019 0.002933 0.313309 0.642544 1 
1 0.893617 0.044614 0.3313 0.002921 0.286639 0.692544 1 
1 0.914894 0.043743 0.326688 0.002852 0.246763 0.70307 1 
1 0.93617 0.044164 0.335019 0.002885 0.236406 0.683772 1 
1 0.957447 0.044194 0.322672 0.002885 0.242103 0.667105 1 
1 0.978723 0.046836 0.309878 0.003105 0.343345 0.561842 1 
1 1 0.044224 0.285629 0.002948 0.356033 0.576316 1 
