1 0 0.075387 0.280422 0.003467 0.422915 0.414912 0 
1 0.021277 0.056593 0.23609 0.003467 0.422915 0.414912 0 
1 0.042553 0.056593 0.199643 0.003467 0.422915 0.414912 0 
1 0.06383 0.055242 0.18313 0.003467 0.422915 0.414912 0 
1 0.085106 0.067551 0.161113 0.003467 0.422915 0.414912 0 
1 0.106383 0.067551 0.155311 0.003467 0.422915 0.414912 0 
1 0.12766 0.071184 0.155311 0.003467 0.422915 0.414912 0 
1 0.148936 0.073526 0.165724 0.003467 0.422915 0.414912 0 
1 0.170213 0.074577 0.189081 0.003467 0.422915 0.414912 0 
1 0.191489 0.077219 0.226421 0.003467 0.422915 0.414912 0 
1 0.212766 0.077459 0.309283 0.003467 0.422915 0.414912 0 
1 0.234043 0.080491 0.387831 0.003467 0.422915 0.414912 0 
1 0.255319 0.083794 0.42889 0.003467 0.422915 0.414912 0 
1 0.276596 0.083884 0.492562 0.003467 0.422915 0.414912 0 
1 0.297872 0.093671 0.533026 0.003467 0.422915 0.414912 1 
1 0.319149 0.100246 0.569176 0.003467 0.422915 0.414912 1 
1 0.340426 0.106851 0.627641 0.003467 0.422915 0.414912 1 
1 0.361702 0.106851 0.670187 0.003467 0.422915 0.414912 1 
1 0.382979 0.125465 0.682981 0.003467 0.422915 0.414912 1 
1 0.404255 0.10508 0.680601 0.003467 0.422915 0.414912 1 
1 0.425532 0.123694 0.688337 0.003467 0.422915 0.414912 1 
1 0.446809 0.125465 0.697263 0.003467 0.422915 0.414912 1 
1 0.468085 0.109313 0.695626 0.003467 0.422915 0.414912 1 
1 0.489362 0.10508 0.692353 0.003467 0.422915 0.414912 1 
1 0.510638 0.106851 0.695626 0.003467 0.422915 0.414912 1 
1 0.531915 0.111084 0.681642 0.003467 0.422915 0.414912 1 
1 0.553191 0.111084 0.690122 0.003467 0.422915 0.414912 1 
1 0.574468 0.106851 0.678221 0.003467 0.422915 0.414912 1 
1 0.595745 0.100246 0.667212 0.003467 0.422915 0.414912 1 
1 0.617021 0.100246 0.665129 0.003467 0.422915 0.414912 1 
1 0.638298 0.090369 0.632104 0.003467 0.422915 0.414912 0 
1 0.659574 0.093671 0.638054 0.003467 0.422915 0.414912 1 
1 0.680851 0.093671 0.61321 0.003467 0.422915 0.414912 1 
1 0.702128 0.090369 0.582862 0.003467 0.422915 0.414912 0 
1 0.723404 0.077219 0.543291 0.003467 0.422915 0.414912 0 
1 0.744681 0.070914 0.50967 0.003467 0.422915 0.414912 0 
1 0.765957 0.070914 0.472478 0.003467 0.422915 0.414912 0 
1 0.787234 0.061787 0.447932 0.003467 0.422915 0.414912 0 
1 0.808511 0.077219 0.467718 0.003467 0.422915 0.414912 0 
1 0.829787 0.070914 0.456263 0.003467 0.422915 0.414912 0 
1 0.851064 0.059265 0.429039 0.003467 0.422915 0.414912 0 
1 0.87234 0.058424 0.381732 0.003467 0.422915 0.414912 0 
1 0.893617 0.070914 0.417435 0.003467 0.422915 0.414912 0 
1 0.914894 0.070914 0.429783 0.003467 0.422915 0.414912 0 
1 0.93617 0.077219 0.437519 0.003467 0.422915 0.414912 0 
1 0.957447 0.073916 0.428444 0.003467 0.422915 0.414912 0 
1 0.978723 0.077219 0.411633 0.003467 0.422915 0.414912 0 
1 1 0.070914 0.384261 0.003467 0.422915 0.414912 0 
