3 0 0.053291 0.424427 0.003467 0.422915 0.414912 0 
3 0.021277 0.053321 0.403749 0.003467 0.422915 0.414912 0 
3 0.042553 0.053321 0.375483 0.003467 0.422915 0.414912 0 
3 0.06383 0.053291 0.323416 0.003467 0.422915 0.414912 0 
3 0.085106 0.047766 0.265546 0.003467 0.422915 0.414912 0 
3 0.106383 0.048037 0.22404 0.003467 0.422915 0.414912 0 
3 0.12766 0.047766 0.185213 0.003467 0.422915 0.414912 0 
3 0.148936 0.047766 0.163642 0.003467 0.422915 0.414912 0 
3 0.170213 0.047046 0.151592 0.003467 0.422915 0.414912 0 
3 0.191489 0.044824 0.156501 0.003467 0.422915 0.414912 0 
3 0.212766 0.041642 0.184171 0.003467 0.422915 0.414912 0 
3 0.234043 0.046836 0.229991 0.003467 0.422915 0.414912 0 
3 0.255319 0.053321 0.322672 0.003467 0.422915 0.414912 0 
3 0.276596 0.053321 0.411336 0.003467 0.422915 0.414912 0 
3 0.297872 0.053321 0.407022 0.003467 0.422915 0.414912 0 
3 0.319149 0.053321 0.460428 0.003467 0.422915 0.414912 0 
3 0.340426 0.054612 0.472478 0.003467 0.422915 0.414912 0 
3 0.361702 0.059595 0.470247 0.003467 0.422915 0.414912 1 
3 0.382979 0.061727 0.512943 0.003467 0.422915 0.414912 1 
3 0.404255 0.061727 0.524398 0.003467 0.422915 0.414912 1 
3 0.425532 0.054612 0.51324 0.003467 0.422915 0.414912 0 
3 0.446809 0.053321 0.506099 0.003467 0.422915 0.414912 0 
3 0.468085 0.054612 0.504612 0.003467 0.422915 0.414912 0 
3 0.489362 0.054612 0.504612 0.003467 0.422915 0.414912 0 
3 0.510638 0.055062 0.504612 0.003467 0.422915 0.414912 0 
3 0.531915 0.054612 0.498661 0.003467 0.422915 0.414912 0 
3 0.553191 0.055062 0.503719 0.003467 0.422915 0.414912 0 
3 0.574468 0.055062 0.503719 0.003467 0.422915 0.414912 0 
3 0.595745 0.055062 0.49643 0.003467 0.422915 0.414912 0 
3 0.617021 0.054612 0.488694 0.003467 0.422915 0.414912 0 
3 0.638298 0.054071 0.479173 0.003467 0.422915 0.414912 0 
3 0.659574 0.054401 0.47471 0.003467 0.422915 0.414912 0 
3 0.680851 0.054612 0.4759 0.003467 0.422915 0.414912 0 
3 0.702128 0.054071 0.486016 0.003467 0.422915 0.414912 0 
3 0.723404 0.055452 0.511306 0.003467 0.422915 0.414912 0 
3 0.744681 0.09169 0.573936 0.003467 0.422915 0.414912 1 
3 0.765957 0.085445 0.569473 0.003467 0.422915 0.414912 1 
3 0.787234 0.068452 0.53496 0.003467 0.422915 0.414912 1 
3 0.808511 0.054642 0.485421 0.003467 0.422915 0.414912 0 
3 0.829787 0.054912 0.467718 0.003467 0.422915 0.414912 0 
3 0.851064 0.054792 0.453883 0.003467 0.422915 0.414912 0 
3 0.87234 0.054852 0.429039 0.003467 0.422915 0.414912 0 
3 0.893617 0.053681 0.395418 0.003467 0.422915 0.414912 0 
3 0.914894 0.051489 0.365516 0.003467 0.422915 0.414912 0 
3 0.93617 0.05314 0.418179 0.003467 0.422915 0.414912 0 
3 0.957447 0.051099 0.439601 0.003467 0.422915 0.414912 0 
3 0.978723 0.050288 0.4518 0.003467 0.422915 0.414912 0 
3 1 0.05326 0.448825 0.003467 0.422915 0.414912 0 
