7 0 0.036868 0.498661 0.002362 0.453133 0.642105 1 
7 0.021277 0.030323 0.475454 0.001926 0.414293 0.745175 0 
7 0.042553 0.031764 0.443767 0.002005 0.460901 0.707456 0 
7 0.06383 0.024258 0.388724 0.001529 0.427499 0.69386 0 
7 0.085106 0.024078 0.328622 0.001429 0.380114 0.735526 0 
7 0.106383 0.014711 0.279976 0.000931 0.320818 0.700877 0 
7 0.12766 0.011649 0.230735 0.000744 0.272657 0.618421 0 
7 0.148936 0.002732 0.202172 0.000177 0.230968 0.566667 0 
7 0.170213 0 0.171378 0 0.197048 0.578509 0 
7 0.191489 0 0.168253 0 0.179959 0.553947 0 
7 0.212766 0 0.169444 0 0.171414 0.557895 0 
7 0.234043 0.008977 0.183874 0.000586 0.171673 0.599123 0 
7 0.255319 0.023868 0.2169 0.001342 0.194459 0.765789 0 
7 0.276596 0.028582 0.254537 0.000976 0.224236 0.765789 0 
7 0.297872 0.032275 0.292175 0.000976 0.222683 0.765789 0 
7 0.319149 0.03939 0.365814 0.002048 0.25738 0.765789 1 
7 0.340426 0.043203 0.437221 0.002833 0.313827 0.707456 1 
7 0.361702 0.043653 0.484975 0.002921 0.358881 0.628947 1 
7 0.382979 0.043653 0.521125 0.002966 0.37856 0.598246 1 
7 0.404255 0.043653 0.528712 0.002977 0.389953 0.6 1 
7 0.425532 0.043653 0.511455 0.002975 0.390989 0.59386 1 
7 0.446809 0.043653 0.477983 0.002968 0.389436 0.592544 1 
7 0.468085 0.043653 0.452246 0.00296 0.384775 0.622368 1 
7 0.489362 0.043503 0.426956 0.002941 0.377784 0.639474 1 
7 0.510638 0.043113 0.410443 0.002902 0.364837 0.642544 1 
7 0.531915 0.043203 0.395269 0.002902 0.357328 0.657456 1 
7 0.553191 0.042602 0.376079 0.002858 0.373123 0.63114 1 
7 0.574468 0.041822 0.356293 0.0028 0.364319 0.661404 1 
7 0.595745 0.041431 0.34097 0.002769 0.355774 0.667544 1 
7 0.617021 0.040291 0.328176 0.002686 0.338167 0.70307 1 
7 0.638298 0.040171 0.329515 0.002671 0.332729 0.70614 1 
7 0.659574 0.041371 0.343648 0.002744 0.329622 0.738596 1 
7 0.680851 0.040891 0.362838 0.002713 0.329881 0.701316 1 
7 0.702128 0.043323 0.428295 0.002862 0.364578 0.597807 1 
7 0.723404 0.043653 0.520083 0.002985 0.436561 0.491667 1 
7 0.744681 0.057584 0.609789 0.003999 0.501813 0.420614 1 
7 0.765957 0.056563 0.605772 0.003932 0.496634 0.461404 1 
7 0.787234 0.043653 0.587771 0.00302 0.468151 0.492544 1 
7 0.808511 0.043653 0.545671 0.002993 0.431642 0.572368 1 
7 0.829787 0.043653 0.511901 0.002964 0.406007 0.590351 1 
7 0.851064 0.043653 0.487801 0.002958 0.380373 0.55 1 
7 0.87234 0.043743 0.4759 0.002956 0.369498 0.580263 1 
7 0.893617 0.043743 0.457899 0.002939 0.349819 0.621053 1 
7 0.914894 0.042452 0.434841 0.002821 0.333506 0.673684 1 
7 0.93617 0.049628 0.45299 0.002771 0.336613 0.72807 1 
7 0.957447 0.042993 0.454627 0.002771 0.343863 0.706579 1 
7 0.978723 0.038009 0.443023 0.002466 0.414293 0.581579 1 
7 1 0.025309 0.414162 0.001651 0.408079 0.535088 0 
