1 0 0.040801 0.423088 0.002694 0.386846 0.549561 0 
1 0.021277 0.040891 0.378161 0.002682 0.360435 0.585526 0 
1 0.042553 0.040861 0.342458 0.002684 0.398757 0.513596 0 
1 0.06383 0.038339 0.305713 0.00252 0.372864 0.597368 0 
1 0.085106 0.036478 0.258852 0.002372 0.330399 0.673246 0 
1 0.106383 0.012219 0.227016 0.000789 0.276282 0.687281 0 
1 0.12766 0.010208 0.194882 0.000665 0.226567 0.487719 0 
1 0.148936 0.001982 0.166915 0.000129 0.177628 0.463596 0 
1 0.170213 0 0.153079 0 0.140083 0.450877 0 
1 0.191489 0 0.144451 0 0.111082 0.484649 0 
1 0.212766 0 0.147129 0 0.101502 0.469298 0 
1 0.234043 0.01306 0.161559 0.00086 0.093734 0.601754 0 
1 0.255319 0.020746 0.187295 0.001259 0.103055 0.765789 0 
1 0.276596 0.034106 0.212139 0.000953 0.119368 0.765789 0 
1 0.297872 0.032245 0.247397 0.001194 0.110047 0.765789 0 
1 0.319149 0.040951 0.323416 0.001101 0.131279 0.765789 1 
1 0.340426 0.045995 0.406724 0.001616 0.175298 0.662719 1 
1 0.361702 0.042873 0.476793 0.000931 0.211548 0.575 1 
1 0.382979 0.044434 0.538976 0.001007 0.243138 0.524561 1 
1 0.404255 0.045755 0.559952 0.001861 0.259451 0.47193 1 
1 0.425532 0.044914 0.557126 0.001861 0.269549 0.443421 1 
1 0.446809 0.043383 0.531241 0.000976 0.276541 0.417105 1 
1 0.468085 0.043293 0.506546 0.000976 0.28146 0.417105 1 
1 0.489362 0.043803 0.477685 0.001076 0.287157 0.421491 1 
1 0.510638 0.043443 0.457304 0.001373 0.291041 0.421491 1 
1 0.531915 0.043713 0.432014 0.001138 0.286898 0.421491 1 
1 0.553191 0.043113 0.403898 0.001138 0.284827 0.421491 1 
1 0.574468 0.041762 0.377864 0.0023 0.283532 0.5 1 
1 0.595745 0.041672 0.358375 0.002848 0.267478 0.603509 1 
1 0.617021 0.041822 0.35064 0.002835 0.262558 0.641228 1 
1 0.638298 0.041822 0.356293 0.002827 0.264889 0.659211 1 
1 0.659574 0.041672 0.380839 0.002811 0.269291 0.669298 1 
1 0.680851 0.041011 0.410592 0.002769 0.273175 0.642105 1 
1 0.702128 0.041431 0.487801 0.002827 0.296996 0.557456 1 
1 0.723404 0.042302 0.607111 0.002968 0.380373 0.389912 1 
1 0.744681 0.047226 0.703065 0.003546 0.45391 0.305702 1 
1 0.765957 0.051369 0.718239 0.00398 0.47333 0.310526 1 
1 0.787234 0.05287 0.695626 0.00381 0.451838 0.351316 1 
1 0.808511 0.063438 0.670931 0.004535 0.428534 0.369737 1 
1 0.829787 0.063408 0.643261 0.004485 0.412222 0.401754 1 
1 0.851064 0.060526 0.627641 0.004263 0.397462 0.417544 1 
1 0.87234 0.060106 0.603541 0.004219 0.378819 0.45307 1 
1 0.893617 0.041612 0.556382 0.002865 0.356551 0.522807 1 
1 0.914894 0.0399 0.494942 0.002673 0.331693 0.596491 1 
1 0.93617 0.041912 0.498066 0.002773 0.327033 0.597807 1 
1 0.957447 0.03891 0.470544 0.002553 0.319006 0.683772 1 
1 0.978723 0.041522 0.451503 0.002703 0.383221 0.548246 1 
1 1 0.040831 0.414014 0.002678 0.381409 0.580263 1 
