1 0 0.028041 0.187444 0.001901 0.191869 0.606579 0 
1 0.021277 0.02603 0.149807 0.001755 0.162092 0.610526 0 
1 0.042553 0.027981 0.117376 0.001899 0.219834 0.524123 0 
1 0.06383 0.02591 0.092383 0.001757 0.189021 0.547807 0 
1 0.085106 0.024889 0.074531 0.00168 0.148369 0.635526 0 
1 0.106383 0.024649 0.066349 0.00166 0.113154 0.665789 0 
1 0.12766 0.023448 0.056531 0.001575 0.085189 0.693421 0 
1 0.148936 0.023928 0.058018 0.001606 0.070948 0.73114 0 
1 0.170213 0.024709 0.058465 0.001656 0.061885 0.710526 0 
1 0.191489 0.024168 0.066647 0.001618 0.051528 0.727632 0 
1 0.212766 0.024499 0.076912 0.001635 0.037545 0.767105 0 
1 0.234043 0.023238 0.090003 0.001554 0 0.819737 0 
1 0.255319 0.024919 0.109045 0.00166 0.05101 0.794737 0 
1 0.276596 0.025129 0.145195 0.001676 0.058778 0.785088 0 
1 0.297872 0.02657 0.185213 0.001772 0.058519 0.812281 0 
1 0.319149 0.027681 0.226123 0.001847 0.078198 0.79693 0 
1 0.340426 0.028131 0.269563 0.001882 0.096064 0.760526 0 
1 0.361702 0.028762 0.296935 0.001932 0.113672 0.750877 0 
1 0.382979 0.029422 0.310176 0.001984 0.122993 0.702193 0 
1 0.404255 0.029212 0.315531 0.001975 0.138529 0.679825 0 
1 0.425532 0.028972 0.316424 0.001963 0.145779 0.677632 0 
1 0.446809 0.029182 0.315382 0.00198 0.156137 0.646491 0 
1 0.468085 0.029422 0.317168 0.001998 0.162092 0.651316 1 
1 0.489362 0.028942 0.309134 0.001967 0.16261 0.651754 0 
1 0.510638 0.028972 0.301845 0.001967 0.156396 0.660965 1 
1 0.531915 0.028762 0.29158 0.001951 0.154583 0.648684 1 
1 0.553191 0.028131 0.28429 0.001905 0.154583 0.65307 0 
1 0.574468 0.028131 0.276406 0.001907 0.153288 0.647368 0 
1 0.595745 0.028131 0.281613 0.001905 0.152253 0.666228 0 
1 0.617021 0.028131 0.285332 0.001907 0.158208 0.637281 1 
1 0.638298 0.028792 0.283993 0.001955 0.163387 0.62193 1 
1 0.659574 0.028762 0.293365 0.001957 0.176334 0.614912 1 
1 0.680851 0.028972 0.290836 0.001971 0.176075 0.607895 1 
1 0.702128 0.030533 0.304522 0.002081 0.192128 0.576316 1 
1 0.723404 0.029482 0.313597 0.002013 0.19912 0.583333 1 
1 0.744681 0.029482 0.314787 0.002011 0.193682 0.592105 1 
1 0.765957 0.028972 0.298423 0.001967 0.164682 0.648684 1 
1 0.787234 0.028762 0.294406 0.001948 0.151217 0.663596 1 
1 0.808511 0.029422 0.310027 0.001992 0.149146 0.659211 1 
1 0.829787 0.031254 0.332937 0.002123 0.171673 0.617544 1 
1 0.851064 0.033566 0.326242 0.002281 0.187985 0.601754 1 
1 0.87234 0.031464 0.295001 0.002135 0.177887 0.630702 1 
1 0.893617 0.033475 0.307498 0.002264 0.154324 0.687281 1 
1 0.914894 0.029572 0.295001 0.001992 0.134645 0.706579 1 
1 0.93617 0.031014 0.300803 0.002094 0.139565 0.679386 1 
1 0.957447 0.030623 0.276852 0.002067 0.137494 0.666228 1 
1 0.978723 0.030623 0.254537 0.002081 0.202745 0.534211 1 
1 1 0.028942 0.213924 0.001967 0.201709 0.588158 1 
