6 0 0.098445 0.396608 0.003467 0.422915 0.414912 1 
6 0.021277 0.086796 0.334424 0.003467 0.422915 0.414912 0 
6 0.042553 0.086796 0.273431 0.003467 0.422915 0.414912 0 
6 0.06383 0.074817 0.225082 0.003467 0.422915 0.414912 0 
6 0.085106 0.074517 0.182386 0.003467 0.422915 0.414912 0 
6 0.106383 0.074517 0.147724 0.003467 0.422915 0.414912 0 
6 0.12766 0.073826 0.124665 0.003467 0.422915 0.414912 0 
6 0.148936 0.074517 0.115591 0.003467 0.422915 0.414912 0 
6 0.170213 0.072745 0.117376 0.003467 0.422915 0.414912 0 
6 0.191489 0.072745 0.126004 0.003467 0.422915 0.414912 0 
6 0.212766 0.073226 0.154716 0.003467 0.422915 0.414912 0 
6 0.234043 0.077639 0.193395 0.003467 0.422915 0.414912 0 
6 0.255319 0.077639 0.239066 0.003467 0.422915 0.414912 0 
6 0.276596 0.101657 0.3072 0.003467 0.422915 0.414912 1 
6 0.297872 0.109313 0.367153 0.003467 0.422915 0.414912 1 
6 0.319149 0.111655 0.414162 0.003467 0.422915 0.414912 1 
6 0.340426 0.11778 0.452098 0.003467 0.422915 0.414912 1 
6 0.361702 0.109853 0.468908 0.003467 0.422915 0.414912 1 
6 0.382979 0.109313 0.460726 0.003467 0.422915 0.414912 1 
6 0.404255 0.109313 0.439155 0.003467 0.422915 0.414912 1 
6 0.425532 0.102198 0.420559 0.003467 0.422915 0.414912 1 
6 0.446809 0.094872 0.404344 0.003467 0.422915 0.414912 1 
6 0.468085 0.089558 0.391104 0.003467 0.422915 0.414912 0 
6 0.489362 0.077639 0.377417 0.003467 0.422915 0.414912 0 
6 0.510638 0.076288 0.35778 0.003467 0.422915 0.414912 0 
6 0.531915 0.074817 0.334722 0.003467 0.422915 0.414912 0 
6 0.553191 0.077639 0.319697 0.003467 0.422915 0.414912 0 
6 0.574468 0.074817 0.312705 0.003467 0.422915 0.414912 0 
6 0.595745 0.074817 0.299613 0.003467 0.422915 0.414912 0 
6 0.617021 0.074817 0.296935 0.003467 0.422915 0.414912 0 
6 0.638298 0.074817 0.298721 0.003467 0.422915 0.414912 0 
6 0.659574 0.074817 0.309134 0.003467 0.422915 0.414912 0 
6 0.680851 0.074817 0.300655 0.003467 0.422915 0.414912 0 
6 0.702128 0.074817 0.320292 0.003467 0.422915 0.414912 0 
6 0.723404 0.077639 0.335317 0.003467 0.422915 0.414912 0 
6 0.744681 0.077639 0.34335 0.003467 0.422915 0.414912 0 
6 0.765957 0.077639 0.33368 0.003467 0.422915 0.414912 0 
6 0.787234 0.077639 0.326986 0.003467 0.422915 0.414912 0 
6 0.808511 0.083463 0.350342 0.003467 0.422915 0.414912 0 
6 0.829787 0.077639 0.361202 0.003467 0.422915 0.414912 0 
6 0.851064 0.077639 0.337697 0.003467 0.422915 0.414912 0 
6 0.87234 0.077639 0.301101 0.003467 0.422915 0.414912 0 
6 0.893617 0.083463 0.317316 0.003467 0.422915 0.414912 0 
6 0.914894 0.077639 0.315977 0.003467 0.422915 0.414912 0 
6 0.93617 0.083463 0.326688 0.003467 0.422915 0.414912 0 
6 0.957447 0.077639 0.309432 0.003467 0.422915 0.414912 0 
6 0.978723 0.061096 0.296043 0.003467 0.422915 0.414912 0 
6 1 0.074817 0.25781 0.003467 0.422915 0.414912 0 
