6 0 0.088597 0.396906 0.003467 0.422915 0.414912 1 
6 0.021277 0.10496 0.371021 0.003467 0.422915 0.414912 1 
6 0.042553 0.082323 0.344392 0.003467 0.422915 0.414912 1 
6 0.06383 0.073976 0.277447 0.003467 0.422915 0.414912 1 
6 0.085106 0.067792 0.217644 0.003467 0.422915 0.414912 0 
6 0.106383 0.069983 0.175989 0.003467 0.422915 0.414912 0 
6 0.12766 0.069983 0.139988 0.003467 0.422915 0.414912 0 
6 0.148936 0.067792 0.11812 0.003467 0.422915 0.414912 0 
6 0.170213 0.068242 0.103094 0.003467 0.422915 0.414912 0 
6 0.191489 0.068242 0.098929 0.003467 0.422915 0.414912 0 
6 0.212766 0.069443 0.095805 0.003467 0.422915 0.414912 0 
6 0.234043 0.068242 0.107409 0.003467 0.422915 0.414912 0 
6 0.255319 0.081152 0.147873 0.003467 0.422915 0.414912 1 
6 0.276596 0.084664 0.190122 0.003467 0.422915 0.414912 1 
6 0.297872 0.089108 0.224784 0.003467 0.422915 0.414912 1 
6 0.319149 0.089798 0.293068 0.003467 0.422915 0.414912 1 
6 0.340426 0.094842 0.340375 0.003467 0.422915 0.414912 1 
6 0.361702 0.10484 0.377417 0.003467 0.422915 0.414912 1 
6 0.382979 0.119491 0.411931 0.003467 0.422915 0.414912 1 
6 0.404255 0.119491 0.420857 0.003467 0.422915 0.414912 1 
6 0.425532 0.111625 0.407617 0.003467 0.422915 0.414912 1 
6 0.446809 0.111625 0.392145 0.003467 0.422915 0.414912 1 
6 0.468085 0.10484 0.376674 0.003467 0.422915 0.414912 1 
6 0.489362 0.098955 0.36983 0.003467 0.422915 0.414912 1 
6 0.510638 0.094842 0.359268 0.003467 0.422915 0.414912 1 
6 0.531915 0.090609 0.348855 0.003467 0.422915 0.414912 1 
6 0.553191 0.084664 0.334573 0.003467 0.422915 0.414912 1 
6 0.574468 0.081812 0.323267 0.003467 0.422915 0.414912 1 
6 0.595745 0.084664 0.297382 0.003467 0.422915 0.414912 1 
6 0.617021 0.081152 0.299762 0.003467 0.422915 0.414912 1 
6 0.638298 0.081812 0.294853 0.003467 0.422915 0.414912 1 
6 0.659574 0.081812 0.295745 0.003467 0.422915 0.414912 1 
6 0.680851 0.081152 0.290836 0.003467 0.422915 0.414912 1 
6 0.702128 0.081152 0.305266 0.003467 0.422915 0.414912 1 
6 0.723404 0.077819 0.291134 0.003467 0.422915 0.414912 0 
6 0.744681 0.077819 0.317019 0.003467 0.422915 0.414912 0 
6 0.765957 0.084664 0.362987 0.003467 0.422915 0.414912 1 
6 0.787234 0.086736 0.406427 0.003467 0.422915 0.414912 1 
6 0.808511 0.081812 0.392294 0.003467 0.422915 0.414912 1 
6 0.829787 0.077819 0.355698 0.003467 0.422915 0.414912 0 
6 0.851064 0.077819 0.325498 0.003467 0.422915 0.414912 0 
6 0.87234 0.069443 0.312705 0.003467 0.422915 0.414912 0 
6 0.893617 0.069443 0.286224 0.003467 0.422915 0.414912 0 
6 0.914894 0.069443 0.259149 0.003467 0.422915 0.414912 0 
6 0.93617 0.081152 0.286671 0.003467 0.422915 0.414912 0 
6 0.957447 0.081812 0.304671 0.003467 0.422915 0.414912 0 
6 0.978723 0.081152 0.312705 0.003467 0.422915 0.414912 0 
6 1 0.069443 0.291282 0.003467 0.422915 0.414912 0 
