6 0 0.044554 0.569027 0.003467 0.422915 0.414912 0 
6 0.021277 0.044554 0.536894 0.003467 0.422915 0.414912 0 
6 0.042553 0.043833 0.511009 0.003467 0.422915 0.414912 0 
6 0.06383 0.043833 0.451205 0.003467 0.422915 0.414912 0 
6 0.085106 0.044554 0.389021 0.003467 0.422915 0.414912 0 
6 0.106383 0.044554 0.338143 0.003467 0.422915 0.414912 0 
6 0.12766 0.044554 0.299018 0.003467 0.422915 0.414912 0 
6 0.148936 0.044554 0.258554 0.003467 0.422915 0.414912 0 
6 0.170213 0.056233 0.231479 0.003467 0.422915 0.414912 0 
6 0.191489 0.061517 0.20604 0.003467 0.422915 0.414912 1 
6 0.212766 0.061517 0.208866 0.003467 0.422915 0.414912 1 
6 0.234043 0.061517 0.218239 0.003467 0.422915 0.414912 1 
6 0.255319 0.061577 0.253198 0.003467 0.422915 0.414912 1 
6 0.276596 0.061577 0.29396 0.003467 0.422915 0.414912 0 
6 0.297872 0.080431 0.347962 0.003467 0.422915 0.414912 1 
6 0.319149 0.082263 0.448378 0.003467 0.422915 0.414912 1 
6 0.340426 0.09247 0.543588 0.003467 0.422915 0.414912 1 
6 0.361702 0.092921 0.605475 0.003467 0.422915 0.414912 1 
6 0.382979 0.092921 0.654418 0.003467 0.422915 0.414912 1 
6 0.404255 0.092921 0.656799 0.003467 0.422915 0.414912 1 
6 0.425532 0.090008 0.628831 0.003467 0.422915 0.414912 1 
6 0.446809 0.082263 0.59759 0.003467 0.422915 0.414912 1 
6 0.468085 0.067611 0.568134 0.003467 0.422915 0.414912 1 
6 0.489362 0.082263 0.532728 0.003467 0.422915 0.414912 1 
6 0.510638 0.067611 0.511306 0.003467 0.422915 0.414912 1 
6 0.531915 0.061577 0.488248 0.003467 0.422915 0.414912 0 
6 0.553191 0.067611 0.470247 0.003467 0.422915 0.414912 1 
6 0.574468 0.067611 0.463255 0.003467 0.422915 0.414912 1 
6 0.595745 0.082052 0.464148 0.003467 0.422915 0.414912 1 
6 0.617021 0.082052 0.458494 0.003467 0.422915 0.414912 1 
6 0.638298 0.082263 0.465338 0.003467 0.422915 0.414912 1 
6 0.659574 0.082323 0.488991 0.003467 0.422915 0.414912 1 
6 0.680851 0.087036 0.541654 0.003467 0.422915 0.414912 1 
6 0.702128 0.103579 0.609194 0.003467 0.422915 0.414912 1 
6 0.723404 0.149664 0.676584 0.003467 0.422915 0.414912 1 
6 0.744681 0.151765 0.75305 0.003467 0.422915 0.414912 1 
6 0.765957 0.149664 0.766736 0.003467 0.422915 0.414912 1 
6 0.787234 0.10475 0.739363 0.003467 0.422915 0.414912 1 
6 0.808511 0.100667 0.699643 0.003467 0.422915 0.414912 1 
6 0.829787 0.09247 0.655906 0.003467 0.422915 0.414912 1 
6 0.851064 0.09247 0.622731 0.003467 0.422915 0.414912 1 
6 0.87234 0.082263 0.592234 0.003467 0.422915 0.414912 1 
6 0.893617 0.082263 0.548646 0.003467 0.422915 0.414912 1 
6 0.914894 0.067611 0.503422 0.003467 0.422915 0.414912 0 
6 0.93617 0.082263 0.523505 0.003467 0.422915 0.414912 1 
6 0.957447 0.067611 0.506248 0.003467 0.422915 0.414912 0 
6 0.978723 0.067611 0.505504 0.003467 0.422915 0.414912 0 
6 1 0.041642 0.469801 0.003467 0.422915 0.414912 0 
