7 0 0.051189 0.416989 0.003452 0.390471 0.494737 0 
7 0.021277 0.05302 0.354805 0.003552 0.348783 0.521491 0 
7 0.042553 0.051519 0.300655 0.003457 0.411445 0.423246 0 
7 0.06383 0.045304 0.24814 0.003066 0.370533 0.460526 0 
7 0.085106 0.044374 0.198453 0.002973 0.311497 0.499123 0 
7 0.106383 0.042602 0.16751 0.002838 0.264112 0.532456 0 
7 0.12766 0.041762 0.152336 0.002771 0.231227 0.580263 0 
7 0.148936 0.03954 0.145492 0.002613 0.210772 0.591667 0 
7 0.170213 0.032635 0.147129 0.002146 0.200414 0.639035 0 
7 0.191489 0.042752 0.158286 0.002804 0.206111 0.61886 0 
7 0.212766 0.043773 0.179857 0.002873 0.221129 0.650877 0 
7 0.234043 0.047526 0.219131 0.00312 0.244951 0.64693 0 
7 0.255319 0.055902 0.259 0.003685 0.292336 0.617982 1 
7 0.276596 0.074817 0.327432 0.004948 0.335318 0.610965 1 
7 0.297872 0.071034 0.384112 0.004659 0.330658 0.69693 1 
7 0.319149 0.087607 0.427105 0.005737 0.350596 0.621491 1 
7 0.340426 0.087607 0.467123 0.005719 0.371828 0.634211 1 
7 0.361702 0.086045 0.470247 0.005621 0.366908 0.655263 1 
7 0.382979 0.087607 0.458346 0.00575 0.374158 0.637719 1 
7 0.404255 0.070974 0.449569 0.004657 0.366132 0.620614 1 
7 0.425532 0.064519 0.434097 0.004258 0.360176 0.634649 1 
7 0.446809 0.075447 0.425915 0.004971 0.360435 0.646053 1 
7 0.468085 0.061487 0.4036 0.004051 0.348006 0.630702 1 
7 0.489362 0.076228 0.39274 0.005037 0.341792 0.606579 1 
7 0.510638 0.057974 0.374442 0.003828 0.324443 0.610965 1 
7 0.531915 0.050799 0.361351 0.003353 0.314345 0.630263 0 
7 0.553191 0.050709 0.348408 0.003344 0.31305 0.61886 0 
7 0.574468 0.048937 0.334871 0.003216 0.295961 0.612719 0 
7 0.595745 0.046746 0.331895 0.003078 0.290005 0.607456 0 
7 0.617021 0.051129 0.328027 0.003359 0.280943 0.627193 0 
7 0.638298 0.046746 0.331449 0.003083 0.284568 0.621491 0 
7 0.659574 0.054672 0.353169 0.003604 0.302693 0.597368 0 
7 0.680851 0.050438 0.346474 0.003336 0.307095 0.595614 0 
7 0.702128 0.066741 0.376971 0.004406 0.321595 0.597368 1 
7 0.723404 0.067822 0.390211 0.004479 0.328068 0.64386 1 
7 0.744681 0.063348 0.40122 0.004157 0.327292 0.707456 1 
7 0.765957 0.073076 0.399583 0.004763 0.327033 0.707895 1 
7 0.787234 0.064069 0.402559 0.004169 0.340497 0.675877 1 
7 0.808511 0.061817 0.397798 0.004051 0.376748 0.631579 1 
7 0.829787 0.058605 0.384261 0.003855 0.382444 0.609649 1 
7 0.851064 0.049988 0.363136 0.003282 0.36898 0.629386 0 
7 0.87234 0.043443 0.339482 0.00285 0.339202 0.612281 0 
7 0.893617 0.043893 0.352127 0.002873 0.319782 0.660526 0 
7 0.914894 0.043203 0.350045 0.002827 0.290264 0.664035 0 
7 0.93617 0.044674 0.364772 0.00291 0.283014 0.707895 0 
7 0.957447 0.043443 0.349301 0.002838 0.28146 0.645175 0 
7 0.978723 0.049327 0.334871 0.003178 0.375971 0.539912 0 
7 1 0.043563 0.299167 0.0029 0.379855 0.525877 0 
