3 0 0.051219 0.360756 0.003467 0.422915 0.414912 0 
3 0.021277 0.049388 0.304225 0.003467 0.422915 0.414912 0 
3 0.042553 0.049388 0.24457 0.003467 0.422915 0.414912 0 
3 0.06383 0.049388 0.208123 0.003467 0.422915 0.414912 0 
3 0.085106 0.049388 0.167807 0.003467 0.422915 0.414912 0 
3 0.106383 0.047706 0.146534 0.003467 0.422915 0.414912 0 
3 0.12766 0.049388 0.134335 0.003467 0.422915 0.414912 0 
3 0.148936 0.051219 0.132252 0.003467 0.422915 0.414912 0 
3 0.170213 0.051219 0.162005 0.003467 0.422915 0.414912 0 
3 0.191489 0.074517 0.205296 0.003467 0.422915 0.414912 0 
3 0.212766 0.074817 0.285778 0.003467 0.422915 0.414912 0 
3 0.234043 0.074517 0.37474 0.003467 0.422915 0.414912 0 
3 0.255319 0.074817 0.384112 0.003467 0.422915 0.414912 0 
3 0.276596 0.074817 0.440643 0.003467 0.422915 0.414912 0 
3 0.297872 0.05215 0.458941 0.003467 0.422915 0.414912 0 
3 0.319149 0.055933 0.47233 0.003467 0.422915 0.414912 0 
3 0.340426 0.061036 0.520827 0.003467 0.422915 0.414912 0 
3 0.361702 0.061036 0.541208 0.003467 0.422915 0.414912 0 
3 0.382979 0.080131 0.532282 0.003467 0.422915 0.414912 1 
3 0.404255 0.061036 0.537935 0.003467 0.422915 0.414912 0 
3 0.425532 0.080131 0.545373 0.003467 0.422915 0.414912 1 
3 0.446809 0.093731 0.548944 0.003467 0.422915 0.414912 1 
3 0.468085 0.080131 0.546117 0.003467 0.422915 0.414912 1 
3 0.489362 0.080131 0.543737 0.003467 0.422915 0.414912 1 
3 0.510638 0.080131 0.552365 0.003467 0.422915 0.414912 1 
3 0.531915 0.093731 0.55296 0.003467 0.422915 0.414912 1 
3 0.553191 0.080131 0.554448 0.003467 0.422915 0.414912 1 
3 0.574468 0.080131 0.550878 0.003467 0.422915 0.414912 1 
3 0.595745 0.093731 0.554002 0.003467 0.422915 0.414912 1 
3 0.617021 0.093731 0.563969 0.003467 0.422915 0.414912 1 
3 0.638298 0.099346 0.566498 0.003467 0.422915 0.414912 1 
3 0.659574 0.099346 0.564713 0.003467 0.422915 0.414912 1 
3 0.680851 0.10511 0.548944 0.003467 0.422915 0.414912 1 
3 0.702128 0.099346 0.530794 0.003467 0.422915 0.414912 1 
3 0.723404 0.051609 0.498066 0.003467 0.422915 0.414912 0 
3 0.744681 0.05215 0.476346 0.003467 0.422915 0.414912 0 
3 0.765957 0.051219 0.438114 0.003467 0.422915 0.414912 0 
3 0.787234 0.051219 0.433204 0.003467 0.422915 0.414912 0 
3 0.808511 0.05215 0.457751 0.003467 0.422915 0.414912 0 
3 0.829787 0.051219 0.451651 0.003467 0.422915 0.414912 0 
3 0.851064 0.061036 0.417733 0.003467 0.422915 0.414912 0 
3 0.87234 0.05215 0.384261 0.003467 0.422915 0.414912 0 
3 0.893617 0.074517 0.412675 0.003467 0.422915 0.414912 1 
3 0.914894 0.074517 0.423832 0.003467 0.422915 0.414912 1 
3 0.93617 0.080131 0.441386 0.003467 0.422915 0.414912 1 
3 0.957447 0.074817 0.432014 0.003467 0.422915 0.414912 1 
3 0.978723 0.061036 0.418477 0.003467 0.422915 0.414912 0 
3 1 0.061036 0.400922 0.003467 0.422915 0.414912 0 
