6 0 0.030713 0.350491 0.001917 0.337908 0.685088 0 
6 0.021277 0.02612 0.289051 0.001666 0.308907 0.728947 0 
6 0.042553 0.027561 0.235495 0.001633 0.354738 0.641228 0 
6 0.06383 0.027051 0.195626 0.001548 0.324961 0.641228 0 
6 0.085106 0.02612 0.166617 0.001415 0.271103 0.641228 0 
6 0.106383 0.025069 0.152336 0.001396 0.231745 0.707018 0 
6 0.12766 0.023808 0.147129 0.001572 0.211548 0.839035 0 
6 0.148936 0.024469 0.155311 0.001599 0.206111 0.860526 0 
6 0.170213 0.02654 0.184469 0.001753 0.212843 0.763158 0 
6 0.191489 0.027591 0.221958 0.001832 0.232781 0.752632 0 
6 0.212766 0.034376 0.296192 0.002297 0.284827 0.688158 1 
6 0.234043 0.043473 0.385897 0.002935 0.345417 0.592105 1 
6 0.255319 0.035127 0.403005 0.002412 0.43216 0.412719 1 
6 0.276596 0.043653 0.472925 0.003047 0.495339 0.377193 1 
6 0.297872 0.04002 0.510711 0.002765 0.474107 0.529386 1 
6 0.319149 0.032965 0.545671 0.002233 0.483428 0.55 1 
6 0.340426 0.031764 0.602946 0.002117 0.490937 0.593421 0 
6 0.361702 0.029933 0.629128 0.001973 0.486277 0.626754 0 
6 0.382979 0.029422 0.626153 0.001938 0.483169 0.598246 0 
6 0.404255 0.029723 0.624517 0.001959 0.492491 0.592982 0 
6 0.425532 0.038429 0.642071 0.00253 0.493527 0.620175 1 
6 0.446809 0.043593 0.658286 0.00286 0.483687 0.626754 1 
6 0.468085 0.037108 0.663493 0.002437 0.473071 0.626754 1 
6 0.489362 0.029813 0.669592 0.001963 0.463749 0.649561 0 
6 0.510638 0.031944 0.664237 0.002106 0.455463 0.631579 1 
6 0.531915 0.029813 0.665873 0.001963 0.454946 0.648684 0 
6 0.553191 0.031734 0.663493 0.002088 0.454169 0.633772 1 
6 0.574468 0.029422 0.638649 0.001944 0.449249 0.647807 0 
6 0.595745 0.028642 0.604284 0.001886 0.443811 0.617544 0 
6 0.617021 0.028281 0.611574 0.001859 0.438115 0.670614 0 
6 0.638298 0.028522 0.598631 0.00188 0.434749 0.639912 0 
6 0.659574 0.028191 0.578697 0.001863 0.431642 0.595175 0 
6 0.680851 0.028131 0.559506 0.001859 0.431383 0.596491 0 
6 0.702128 0.027741 0.542249 0.00183 0.431383 0.635965 0 
6 0.723404 0.025369 0.494198 0.001668 0.394355 0.662719 0 
6 0.744681 0.02576 0.46385 0.001685 0.357587 0.759211 0 
6 0.765957 0.024859 0.428295 0.001618 0.322372 0.794298 0 
6 0.787234 0.024739 0.405237 0.001608 0.30088 0.815351 0 
6 0.808511 0.024829 0.404939 0.001608 0.286121 0.825877 0 
6 0.829787 0.024889 0.414162 0.001616 0.301398 0.772807 0 
6 0.851064 0.025219 0.395269 0.001641 0.31564 0.775439 0 
6 0.87234 0.024889 0.358673 0.001618 0.305023 0.770175 0 
6 0.893617 0.031584 0.384112 0.002059 0.276541 0.813158 1 
6 0.914894 0.02618 0.395418 0.001708 0.249612 0.838596 0 
6 0.93617 0.029182 0.416394 0.001901 0.249871 0.826316 0 
6 0.957447 0.027591 0.410443 0.001799 0.248576 0.820614 0 
6 0.978723 0.027591 0.380095 0.001813 0.33506 0.707456 0 
6 1 0.033265 0.3615 0.002206 0.338944 0.722807 1 
