2 0 0.033265 0.40717 0.002219 0.409373 0.483772 1 
2 0.021277 0.032425 0.371169 0.002167 0.391766 0.524123 0 
2 0.042553 0.032905 0.348259 0.002192 0.457276 0.428947 1 
2 0.06383 0.032425 0.31687 0.002171 0.432936 0.508772 0 
2 0.085106 0.030563 0.283844 0.002059 0.407043 0.522368 0 
2 0.106383 0.029122 0.253942 0.001963 0.372087 0.576754 0 
2 0.12766 0.027351 0.222702 0.00184 0.338167 0.615351 0 
2 0.148936 0.025309 0.20485 0.001699 0.308131 0.644298 0 
2 0.170213 0.023658 0.196221 0.001587 0.290782 0.708333 0 
2 0.191489 0.024168 0.203065 0.001618 0.274728 0.707456 0 
2 0.212766 0.027711 0.237727 0.001851 0.284568 0.764474 0 
2 0.234043 0.030653 0.297977 0.002036 0.323925 0.808333 0 
2 0.255319 0.032335 0.428146 0.001938 0.399016 0.708333 0 
2 0.276596 0.037108 0.552068 0.002435 0.484982 0.659649 1 
2 0.297872 0.03939 0.576317 0.00257 0.531849 0.549561 1 
2 0.319149 0.044644 0.655162 0.002916 0.609011 0.532018 1 
2 0.340426 0.047616 0.666915 0.003132 0.658208 0.496491 1 
2 0.361702 0.043683 0.660815 0.002877 0.670378 0.485526 1 
2 0.382979 0.057644 0.688634 0.00377 0.693423 0.504825 1 
2 0.404255 0.059505 0.69994 0.003882 0.680735 0.506579 1 
2 0.425532 0.046385 0.67227 0.003051 0.680476 0.482895 1 
2 0.446809 0.042662 0.644302 0.002827 0.664423 0.518421 1 
2 0.468085 0.041942 0.612764 0.002773 0.665976 0.508333 1 
2 0.489362 0.040471 0.602202 0.002673 0.657172 0.514912 1 
2 0.510638 0.038669 0.589854 0.002561 0.645262 0.499123 1 
2 0.531915 0.037258 0.570812 0.002474 0.656655 0.469737 1 
2 0.553191 0.0393 0.555787 0.002619 0.681253 0.369298 1 
2 0.574468 0.041281 0.548051 0.002744 0.691611 0.38114 1 
2 0.595745 0.03912 0.53496 0.002603 0.683584 0.369298 1 
2 0.617021 0.034947 0.520083 0.002345 0.671414 0.387281 0 
2 0.638298 0.032695 0.514728 0.002204 0.650958 0.408333 0 
2 0.659574 0.033205 0.523356 0.002231 0.644744 0.425877 0 
2 0.680851 0.032665 0.537043 0.002194 0.63102 0.442544 0 
2 0.702128 0.033415 0.577358 0.00225 0.643708 0.408772 0 
2 0.723404 0.034526 0.637459 0.002337 0.677369 0.433772 0 
2 0.744681 0.054191 0.75424 0.00361 0.716727 0.475439 1 
2 0.765957 0.06605 0.814639 0.004398 0.72579 0.482456 1 
2 0.787234 0.058394 0.810919 0.003899 0.701968 0.505263 1 
2 0.808511 0.047346 0.778637 0.003168 0.658467 0.563596 1 
2 0.829787 0.041161 0.750967 0.002761 0.624029 0.582018 1 
2 0.851064 0.03936 0.724487 0.002626 0.589073 0.651316 1 
2 0.87234 0.040321 0.703065 0.002676 0.566546 0.628509 1 
2 0.893617 0.036208 0.654121 0.002405 0.536251 0.635526 0 
2 0.914894 0.033776 0.583904 0.002243 0.498446 0.660088 0 
2 0.93617 0.036057 0.607111 0.002364 0.471517 0.730702 0 
2 0.957447 0.034496 0.599226 0.002252 0.452097 0.707895 0 
2 0.978723 0.036778 0.593425 0.002403 0.532626 0.637281 0 
2 1 0.036688 0.580482 0.002391 0.518902 0.650439 0 
