1 0 0.028942 0.294258 0.001799 0.334542 0.809649 1 
1 0.021277 0.028912 0.249331 0.001205 0.303729 0.809649 1 
1 0.042553 0.029032 0.217941 0.000897 0.352408 0.675877 1 
1 0.06383 0.028942 0.185064 0.000868 0.326515 0.67807 1 
1 0.085106 0.02675 0.145344 0.000841 0.290005 0.686842 0 
1 0.106383 0.023658 0.121988 0.000837 0.257121 0.697807 0 
1 0.12766 0.017864 0.098185 0.000829 0.229156 0.715351 0 
1 0.148936 0.01279 0.081077 0.000831 0.221647 0.711842 0 
1 0.170213 0.016873 0.066796 0.000835 0.198861 0.728509 0 
1 0.191489 0.018014 0.06992 0.000829 0.183843 0.737281 0 
1 0.212766 0.018014 0.07468 0.000673 0.16494 0.746053 0 
1 0.234043 0.015972 0.083904 0.000771 0.147333 0.750439 0 
1 0.255319 0.018014 0.103392 0.000821 0.143449 0.750439 0 
1 0.276596 0.018854 0.119012 0.000771 0.138011 0.759211 0 
1 0.297872 0.029663 0.145939 0.000636 0.105645 0.662719 1 
1 0.319149 0.028942 0.1928 0 0.120663 0.706579 1 
1 0.340426 0.029092 0.242339 0.000725 0.162092 0.61886 1 
1 0.361702 0.029092 0.285332 0.000827 0.196271 0.640789 1 
1 0.382979 0.029302 0.314787 0.000825 0.205075 0.61886 1 
1 0.404255 0.029422 0.331598 0.000839 0.214138 0.59693 1 
1 0.425532 0.029723 0.335466 0.001037 0.222165 0.59693 1 
1 0.446809 0.029332 0.329217 0.000837 0.226567 0.59693 1 
1 0.468085 0.029182 0.328771 0.000839 0.231486 0.59693 1 
1 0.489362 0.029242 0.324159 0.000839 0.225013 0.59693 1 
1 0.510638 0.029092 0.3133 0.000839 0.234335 0.59693 1 
1 0.531915 0.029092 0.303481 0.000837 0.225013 0.59693 1 
1 0.553191 0.029422 0.287117 0.00103 0.230968 0.59693 1 
1 0.574468 0.029302 0.273877 0.000519 0.221647 0.55307 1 
1 0.595745 0.028942 0.263612 0.000777 0.216986 0.575 1 
1 0.617021 0.028942 0.253942 0.000775 0.217763 0.575 1 
1 0.638298 0.028942 0.252901 0.000725 0.222165 0.575 1 
1 0.659574 0.028942 0.256471 0.000835 0.235629 0.575 1 
1 0.680851 0.028942 0.257513 0.000839 0.243397 0.575 1 
1 0.702128 0.028942 0.274026 0.000858 0.275246 0.662719 1 
1 0.723404 0.028942 0.303332 0.00182 0.327033 0.640351 1 
1 0.744681 0.030503 0.392591 0.001909 0.394096 0.763158 1 
1 0.765957 0.032034 0.431866 0.002036 0.426722 0.731579 1 
1 0.787234 0.029302 0.409104 0.001847 0.418436 0.746053 1 
1 0.808511 0.029002 0.383666 0.001676 0.397721 0.746491 1 
1 0.829787 0.028942 0.357037 0.001795 0.384257 0.765789 1 
1 0.851064 0.028942 0.336953 0.001373 0.361212 0.765789 1 
1 0.87234 0.028942 0.324308 0.001651 0.350854 0.750439 1 
1 0.893617 0.028942 0.298423 0.001045 0.313827 0.809649 1 
1 0.914894 0.028942 0.274918 0.001789 0.299327 0.809649 1 
1 0.93617 0.029002 0.304374 0.001647 0.301657 0.809649 1 
1 0.957447 0.029933 0.317614 0.001032 0.29363 0.72193 1 
1 0.978723 0.030293 0.320887 0.001703 0.362765 0.739474 1 
1 1 0.029182 0.305861 0.000893 0.328586 0.765789 1 
