3 0 0.075778 0.383368 0.003467 0.422915 0.414912 1 
3 0.021277 0.051459 0.31925 0.003467 0.422915 0.414912 0 
3 0.042553 0.049478 0.260637 0.003467 0.422915 0.414912 0 
3 0.06383 0.049478 0.214668 0.003467 0.422915 0.414912 0 
3 0.085106 0.059865 0.175394 0.003467 0.422915 0.414912 0 
3 0.106383 0.051279 0.150848 0.003467 0.422915 0.414912 0 
3 0.12766 0.048607 0.131806 0.003467 0.422915 0.414912 0 
3 0.148936 0.048607 0.137162 0.003467 0.422915 0.414912 0 
3 0.170213 0.059865 0.165278 0.003467 0.422915 0.414912 0 
3 0.191489 0.072745 0.203957 0.003467 0.422915 0.414912 1 
3 0.212766 0.086526 0.27715 0.003467 0.422915 0.414912 1 
3 0.234043 0.09247 0.367153 0.003467 0.422915 0.414912 1 
3 0.255319 0.091209 0.378459 0.003467 0.422915 0.414912 1 
3 0.276596 0.090098 0.441982 0.003467 0.422915 0.414912 1 
3 0.297872 0.059865 0.460577 0.003467 0.422915 0.414912 0 
3 0.319149 0.060196 0.469801 0.003467 0.422915 0.414912 0 
3 0.340426 0.086526 0.520232 0.003467 0.422915 0.414912 1 
3 0.361702 0.09247 0.539869 0.003467 0.422915 0.414912 1 
3 0.382979 0.09247 0.539572 0.003467 0.422915 0.414912 1 
3 0.404255 0.090098 0.53734 0.003467 0.422915 0.414912 1 
3 0.425532 0.09247 0.538976 0.003467 0.422915 0.414912 1 
3 0.446809 0.096343 0.542398 0.003467 0.422915 0.414912 1 
3 0.468085 0.106461 0.544035 0.003467 0.422915 0.414912 1 
3 0.489362 0.09247 0.541952 0.003467 0.422915 0.414912 1 
3 0.510638 0.109253 0.548944 0.003467 0.422915 0.414912 1 
3 0.531915 0.114927 0.559209 0.003467 0.422915 0.414912 1 
3 0.553191 0.114927 0.554151 0.003467 0.422915 0.414912 1 
3 0.574468 0.11859 0.5482 0.003467 0.422915 0.414912 1 
3 0.595745 0.126186 0.561738 0.003467 0.422915 0.414912 1 
3 0.617021 0.126186 0.569027 0.003467 0.422915 0.414912 1 
3 0.638298 0.126186 0.568134 0.003467 0.422915 0.414912 1 
3 0.659574 0.126576 0.565605 0.003467 0.422915 0.414912 1 
3 0.680851 0.120121 0.553258 0.003467 0.422915 0.414912 1 
3 0.702128 0.114927 0.526927 0.003467 0.422915 0.414912 1 
3 0.723404 0.109253 0.502678 0.003467 0.422915 0.414912 1 
3 0.744681 0.107272 0.483041 0.003467 0.422915 0.414912 1 
3 0.765957 0.107272 0.457453 0.003467 0.422915 0.414912 1 
3 0.787234 0.096343 0.470842 0.003467 0.422915 0.414912 1 
3 0.808511 0.107812 0.485123 0.003467 0.422915 0.414912 1 
3 0.829787 0.09247 0.468611 0.003467 0.422915 0.414912 1 
3 0.851064 0.09247 0.435287 0.003467 0.422915 0.414912 1 
3 0.87234 0.059865 0.389765 0.003467 0.422915 0.414912 0 
3 0.893617 0.09247 0.412229 0.003467 0.422915 0.414912 1 
3 0.914894 0.09247 0.420411 0.003467 0.422915 0.414912 1 
3 0.93617 0.096343 0.438709 0.003467 0.422915 0.414912 1 
3 0.957447 0.09247 0.436626 0.003467 0.422915 0.414912 1 
3 0.978723 0.09247 0.427998 0.003467 0.422915 0.414912 1 
3 1 0.090098 0.401964 0.003467 0.422915 0.414912 1 
