3 0 0.063678 0.564564 0.004169 0.489125 0.574561 0 
3 0.021277 0.060136 0.547307 0.003758 0.468151 0.588596 0 
3 0.042553 0.062237 0.518298 0.00409 0.527965 0.524123 0 
3 0.06383 0.057494 0.466082 0.003783 0.506732 0.549561 0 
3 0.085106 0.058965 0.409997 0.002889 0.472553 0.53114 0 
3 0.106383 0.060136 0.361797 0.002871 0.441999 0.53114 0 
3 0.12766 0.060136 0.310771 0.002526 0.40782 0.53114 0 
3 0.148936 0.029542 0.280125 0.00194 0.362506 0.442544 0 
3 0.170213 0.034676 0.262868 0.002281 0.343863 0.572368 0 
3 0.191489 0.042813 0.253794 0.002777 0.351631 0.65307 0 
3 0.212766 0.049808 0.278489 0.003205 0.363801 0.691228 0 
3 0.234043 0.02642 0.324457 0.00173 0.367426 0.528947 0 
3 0.255319 0.054792 0.432609 0.00365 0.439927 0.535526 0 
3 0.276596 0.078209 0.536001 0.005174 0.539099 0.465351 1 
3 0.297872 0.073766 0.590449 0.004921 0.60202 0.419737 0 
3 0.319149 0.110544 0.671973 0.00737 0.687985 0.348684 1 
3 0.340426 0.107061 0.680303 0.007173 0.726567 0.306579 1 
3 0.361702 0.088387 0.671973 0.005926 0.73304 0.314035 1 
3 0.382979 0.145551 0.70961 0.009719 0.741067 0.372807 1 
3 0.404255 0.132581 0.717644 0.009055 0.68928 0.391667 1 
3 0.425532 0.096764 0.692056 0.00645 0.734076 0.317982 1 
3 0.446809 0.089258 0.680452 0.005912 0.714397 0.350877 1 
3 0.468085 0.087607 0.656799 0.005858 0.698861 0.367982 1 
3 0.489362 0.087246 0.647575 0.005785 0.687727 0.36886 1 
3 0.510638 0.083884 0.634781 0.005613 0.674262 0.385965 1 
3 0.531915 0.085895 0.627492 0.005744 0.664164 0.396053 1 
3 0.553191 0.089168 0.620351 0.005933 0.693941 0.380702 1 
3 0.574468 0.085445 0.615293 0.005702 0.69653 0.370175 1 
3 0.595745 0.080401 0.609938 0.005422 0.68695 0.329386 0 
3 0.617021 0.074967 0.59878 0.005085 0.66986 0.34693 0 
3 0.638298 0.065059 0.596846 0.004427 0.657431 0.322807 0 
3 0.659574 0.080491 0.616483 0.005461 0.668566 0.345175 0 
3 0.680851 0.087306 0.644451 0.005887 0.677887 0.373246 1 
3 0.702128 0.088267 0.691758 0.005877 0.685914 0.396491 1 
3 0.723404 0.129518 0.784142 0.008614 0.738477 0.438596 1 
3 0.744681 0.187883 0.900922 0.01232 0.812015 0.427193 1 
3 0.765957 0.206497 0.926807 0.013369 0.832729 0.370614 1 
3 0.787234 0.186352 0.908361 0.012073 0.790264 0.473684 1 
3 0.808511 0.156059 0.869979 0.010154 0.752719 0.497807 1 
3 0.829787 0.128528 0.848706 0.008421 0.712066 0.47807 1 
3 0.851064 0.099285 0.818953 0.00657 0.685396 0.45307 1 
3 0.87234 0.09199 0.792026 0.006072 0.648887 0.479386 1 
3 0.893617 0.086346 0.737876 0.005717 0.615225 0.479386 1 
3 0.914894 0.076558 0.682535 0.005112 0.579234 0.472368 0 
3 0.93617 0.148493 0.690122 0.009898 0.539099 0.652193 1 
3 0.957447 0.108442 0.666022 0.007021 0.502848 0.586404 1 
3 0.978723 0.141648 0.643707 0.009456 0.567064 0.54693 1 
3 1 0.156419 0.631657 0.010573 0.562662 0.585526 1 
