6 0 0.069863 0.334424 0.003467 0.422915 0.414912 0 
6 0.021277 0.066951 0.268521 0.003467 0.422915 0.414912 0 
6 0.042553 0.058394 0.220173 0.003467 0.422915 0.414912 0 
6 0.06383 0.069863 0.18432 0.003467 0.422915 0.414912 0 
6 0.085106 0.058394 0.148468 0.003467 0.422915 0.414912 0 
6 0.106383 0.066951 0.13017 0.003467 0.422915 0.414912 0 
6 0.12766 0.055242 0.115293 0.003467 0.422915 0.414912 0 
6 0.148936 0.055242 0.112764 0.003467 0.422915 0.414912 0 
6 0.170213 0.055242 0.119607 0.003467 0.422915 0.414912 0 
6 0.191489 0.066951 0.129723 0.003467 0.422915 0.414912 0 
6 0.212766 0.072715 0.146831 0.003467 0.422915 0.414912 1 
6 0.234043 0.067461 0.171526 0.003467 0.422915 0.414912 0 
6 0.255319 0.076258 0.200238 0.003467 0.422915 0.414912 1 
6 0.276596 0.074817 0.25662 0.003467 0.422915 0.414912 1 
6 0.297872 0.078059 0.302142 0.003467 0.422915 0.414912 1 
6 0.319149 0.076108 0.344094 0.003467 0.422915 0.414912 1 
6 0.340426 0.076108 0.392889 0.003467 0.422915 0.414912 1 
6 0.361702 0.078059 0.413121 0.003467 0.422915 0.414912 1 
6 0.382979 0.076108 0.41327 0.003467 0.422915 0.414912 1 
6 0.404255 0.076228 0.404195 0.003467 0.422915 0.414912 1 
6 0.425532 0.076258 0.400179 0.003467 0.422915 0.414912 1 
6 0.446809 0.084574 0.394079 0.003467 0.422915 0.414912 1 
6 0.468085 0.076258 0.386195 0.003467 0.422915 0.414912 1 
6 0.489362 0.086346 0.378012 0.003467 0.422915 0.414912 1 
6 0.510638 0.087997 0.363285 0.003467 0.422915 0.414912 1 
6 0.531915 0.084574 0.338292 0.003467 0.422915 0.414912 1 
6 0.553191 0.078059 0.322821 0.003467 0.422915 0.414912 1 
6 0.574468 0.076108 0.312407 0.003467 0.422915 0.414912 1 
6 0.595745 0.076108 0.3072 0.003467 0.422915 0.414912 1 
6 0.617021 0.082323 0.311366 0.003467 0.422915 0.414912 1 
6 0.638298 0.076258 0.304522 0.003467 0.422915 0.414912 1 
6 0.659574 0.076108 0.311812 0.003467 0.422915 0.414912 1 
6 0.680851 0.078059 0.295894 0.003467 0.422915 0.414912 1 
6 0.702128 0.076138 0.310771 0.003467 0.422915 0.414912 1 
6 0.723404 0.076258 0.311366 0.003467 0.422915 0.414912 1 
6 0.744681 0.074427 0.312853 0.003467 0.422915 0.414912 1 
6 0.765957 0.082323 0.308985 0.003467 0.422915 0.414912 1 
6 0.787234 0.076258 0.297382 0.003467 0.422915 0.414912 1 
6 0.808511 0.082323 0.29753 0.003467 0.422915 0.414912 1 
6 0.829787 0.076258 0.311217 0.003467 0.422915 0.414912 1 
6 0.851064 0.067461 0.293216 0.003467 0.422915 0.414912 0 
6 0.87234 0.058394 0.276108 0.003467 0.422915 0.414912 0 
6 0.893617 0.076258 0.290836 0.003467 0.422915 0.414912 1 
6 0.914894 0.058394 0.295894 0.003467 0.422915 0.414912 0 
6 0.93617 0.063438 0.306903 0.003467 0.422915 0.414912 0 
6 0.957447 0.058394 0.287712 0.003467 0.422915 0.414912 0 
6 0.978723 0.058394 0.272984 0.003467 0.422915 0.414912 0 
6 1 0.058394 0.229247 0.003467 0.422915 0.414912 0 
