1 0 0.041401 0.397054 0.003467 0.422915 0.414912 0 
1 0.021277 0.041401 0.360458 0.003467 0.422915 0.414912 0 
1 0.042553 0.041401 0.345284 0.003467 0.422915 0.414912 0 
1 0.06383 0.041401 0.300655 0.003467 0.422915 0.414912 0 
1 0.085106 0.041401 0.264653 0.003467 0.422915 0.414912 0 
1 0.106383 0.041401 0.233859 0.003467 0.422915 0.414912 0 
1 0.12766 0.051249 0.205445 0.003467 0.422915 0.414912 0 
1 0.148936 0.040651 0.181494 0.003467 0.422915 0.414912 0 
1 0.170213 0.057464 0.175245 0.003467 0.422915 0.414912 0 
1 0.191489 0.070283 0.181047 0.003467 0.422915 0.414912 1 
1 0.212766 0.072295 0.219875 0.003467 0.422915 0.414912 1 
1 0.234043 0.07836 0.275364 0.003467 0.422915 0.414912 1 
1 0.255319 0.119461 0.397798 0.003467 0.422915 0.414912 1 
1 0.276596 0.134142 0.520232 0.003467 0.422915 0.414912 1 
1 0.297872 0.106341 0.547902 0.003467 0.422915 0.414912 1 
1 0.319149 0.106461 0.616037 0.003467 0.422915 0.414912 1 
1 0.340426 0.088267 0.637162 0.003467 0.422915 0.414912 1 
1 0.361702 0.057464 0.623178 0.003467 0.422915 0.414912 0 
1 0.382979 0.051759 0.650699 0.003467 0.422915 0.414912 0 
1 0.404255 0.051759 0.656947 0.003467 0.422915 0.414912 0 
1 0.425532 0.057464 0.63136 0.003467 0.422915 0.414912 0 
1 0.446809 0.051759 0.591937 0.003467 0.422915 0.414912 0 
1 0.468085 0.041431 0.563374 0.003467 0.422915 0.414912 0 
1 0.489362 0.051759 0.551324 0.003467 0.422915 0.414912 0 
1 0.510638 0.041431 0.540464 0.003467 0.422915 0.414912 0 
1 0.531915 0.057464 0.527968 0.003467 0.422915 0.414912 0 
1 0.553191 0.041431 0.520381 0.003467 0.422915 0.414912 0 
1 0.574468 0.051759 0.503422 0.003467 0.422915 0.414912 0 
1 0.595745 0.051759 0.494347 0.003467 0.422915 0.414912 0 
1 0.617021 0.041431 0.475156 0.003467 0.422915 0.414912 0 
1 0.638298 0.041431 0.463701 0.003467 0.422915 0.414912 0 
1 0.659574 0.041131 0.466974 0.003467 0.422915 0.414912 0 
1 0.680851 0.057464 0.480661 0.003467 0.422915 0.414912 0 
1 0.702128 0.051759 0.501488 0.003467 0.422915 0.414912 0 
1 0.723404 0.051789 0.540762 0.003467 0.422915 0.414912 0 
1 0.744681 0.051759 0.647426 0.003467 0.422915 0.414912 0 
1 0.765957 0.057464 0.686849 0.003467 0.422915 0.414912 0 
1 0.787234 0.051759 0.668997 0.003467 0.422915 0.414912 0 
1 0.808511 0.041431 0.636566 0.003467 0.422915 0.414912 0 
1 0.829787 0.041431 0.610979 0.003467 0.422915 0.414912 0 
1 0.851064 0.051759 0.591342 0.003467 0.422915 0.414912 0 
1 0.87234 0.057464 0.570068 0.003467 0.422915 0.414912 0 
1 0.893617 0.051759 0.531538 0.003467 0.422915 0.414912 0 
1 0.914894 0.045094 0.476644 0.003467 0.422915 0.414912 0 
1 0.93617 0.074817 0.513538 0.003467 0.422915 0.414912 1 
1 0.957447 0.088267 0.519935 0.003467 0.422915 0.414912 1 
1 0.978723 0.088267 0.526034 0.003467 0.422915 0.414912 1 
1 1 0.090939 0.526034 0.003467 0.422915 0.414912 1 
