5 0 0.064579 0.432758 0.004728 0.426204 0.500526 0 
5 0.021277 0.055392 0.411038 0.003901 0.396168 0.500526 0 
5 0.042553 0.055092 0.379649 0.003891 0.437338 0.500526 0 
5 0.06383 0.054131 0.322523 0.003799 0.413516 0.500526 0 
5 0.085106 0.050468 0.260488 0.003484 0.370792 0.500526 0 
5 0.106383 0.047406 0.210057 0.003209 0.319524 0.500526 0 
5 0.12766 0.044764 0.173758 0.002989 0.282496 0.500526 0 
5 0.148936 0.042452 0.155906 0.002806 0.24521 0.500526 0 
5 0.170213 0.034556 0.142963 0.002275 0.226567 0.500526 0 
5 0.191489 0.030954 0.141625 0.002029 0.211031 0.500526 0 
5 0.212766 0.037348 0.17227 0.002447 0.2232 0.500526 0 
5 0.234043 0.045094 0.220768 0.002956 0.252201 0.500526 0 
5 0.255319 0.048427 0.315531 0.003216 0.326774 0.500526 0 
5 0.276596 0.051009 0.419518 0.003452 0.409891 0.500526 0 
5 0.297872 0.049958 0.434395 0.003411 0.459606 0.500526 0 
5 0.319149 0.070043 0.501488 0.004813 0.538063 0.500526 1 
5 0.340426 0.085685 0.510711 0.00586 0.580528 0.500526 1 
5 0.361702 0.078209 0.512348 0.005336 0.574573 0.500526 1 
5 0.382979 0.07914 0.544481 0.005399 0.592957 0.500526 1 
5 0.404255 0.080972 0.550134 0.005496 0.585966 0.500526 1 
5 0.425532 0.077969 0.535704 0.005299 0.572501 0.500526 1 
5 0.446809 0.068812 0.527224 0.004703 0.564474 0.500526 1 
5 0.468085 0.069893 0.512943 0.004784 0.555153 0.500526 1 
5 0.489362 0.069022 0.506099 0.00474 0.54376 0.500526 1 
5 0.510638 0.079801 0.494198 0.005363 0.524599 0.500526 1 
5 0.531915 0.068572 0.489586 0.004715 0.513465 0.500526 1 
5 0.553191 0.071424 0.487652 0.004915 0.556706 0.500526 1 
5 0.574468 0.076618 0.48438 0.005293 0.56784 0.500526 1 
5 0.595745 0.077069 0.466528 0.00532 0.570689 0.500526 1 
5 0.617021 0.07833 0.465784 0.005409 0.57043 0.500526 1 
5 0.638298 0.085355 0.469206 0.005823 0.566805 0.500526 1 
5 0.659574 0.085145 0.474561 0.005814 0.56551 0.500526 1 
5 0.680851 0.077159 0.486611 0.005285 0.575867 0.500526 1 
5 0.702128 0.071304 0.506843 0.004913 0.568358 0.500526 1 
5 0.723404 0.090729 0.553853 0.006219 0.622734 0.500526 1 
5 0.744681 0.135583 0.63493 0.009462 0.66753 0.500526 1 
5 0.765957 0.128678 0.630913 0.010966 0.661574 0.500526 1 
5 0.787234 0.114177 0.613359 0.00759 0.627913 0.500526 1 
5 0.808511 0.104179 0.584796 0.006923 0.586743 0.500526 1 
5 0.829787 0.101777 0.560845 0.006803 0.555153 0.500526 1 
5 0.851064 0.088117 0.537489 0.005922 0.520456 0.500526 1 
5 0.87234 0.088387 0.511455 0.005924 0.497929 0.500526 1 
5 0.893617 0.07872 0.470396 0.00526 0.45391 0.500526 1 
5 0.914894 0.071514 0.428146 0.004828 0.426204 0.500526 1 
5 0.93617 0.0662 0.475602 0.00451 0.414034 0.500526 0 
5 0.957447 0.064159 0.488694 0.004389 0.403159 0.500526 0 
5 0.978723 0.066561 0.499851 0.004612 0.480839 0.500526 0 
5 1 0.069713 0.491223 0.004832 0.469705 0.500526 0 
