5 0 0.06557 0.42294 0.00436 0.447954 0.560088 0 
5 0.021277 0.055842 0.370128 0.003712 0.420249 0.519298 0 
5 0.042553 0.065029 0.312109 0.004346 0.485241 0.448246 0 
5 0.06383 0.049898 0.264207 0.003338 0.451321 0.484211 0 
5 0.085106 0.048787 0.220619 0.003247 0.40523 0.519298 0 
5 0.106383 0.047526 0.191163 0.003151 0.35681 0.535526 0 
5 0.12766 0.047286 0.170485 0.003143 0.321336 0.554386 0 
5 0.148936 0.047316 0.174948 0.003137 0.300104 0.56886 0 
5 0.170213 0.051129 0.198007 0.003384 0.304764 0.59386 0 
5 0.191489 0.071124 0.239512 0.004684 0.336354 0.571053 1 
5 0.212766 0.084935 0.319845 0.005652 0.412998 0.532456 1 
5 0.234043 0.136724 0.407319 0.009215 0.494045 0.540351 1 
5 0.255319 0.136153 0.429188 0.009271 0.621958 0.337719 1 
5 0.276596 0.139576 0.478727 0.009638 0.706111 0.174561 1 
5 0.297872 0.086256 0.482148 0.005964 0.645262 0.271053 1 
5 0.319149 0.073796 0.465784 0.005066 0.618591 0.252193 1 
5 0.340426 0.071334 0.509372 0.004834 0.607716 0.341228 1 
5 0.361702 0.085205 0.53615 0.005814 0.590109 0.314035 1 
5 0.382979 0.075087 0.524398 0.005139 0.574055 0.303509 1 
5 0.404255 0.049748 0.507141 0.003413 0.567323 0.260526 0 
5 0.425532 0.048847 0.49762 0.003357 0.561885 0.254386 0 
5 0.446809 0.045274 0.494942 0.003124 0.554635 0.250439 0 
5 0.468085 0.045004 0.487801 0.003105 0.542724 0.233333 0 
5 0.489362 0.044314 0.479322 0.003058 0.537804 0.250439 0 
5 0.510638 0.044554 0.4759 0.00307 0.542465 0.273684 0 
5 0.531915 0.051579 0.472032 0.003538 0.547385 0.27193 0 
5 0.553191 0.123244 0.46147 0.008359 0.550751 0.452193 1 
5 0.574468 0.156239 0.449122 0.010586 0.549197 0.438596 1 
5 0.595745 0.147232 0.463106 0.009977 0.537286 0.494737 1 
5 0.617021 0.088447 0.467272 0.005978 0.527965 0.414474 1 
5 0.638298 0.07926 0.467272 0.00539 0.537286 0.387281 1 
5 0.659574 0.060526 0.468015 0.00413 0.53392 0.311404 0 
5 0.680851 0.045545 0.461767 0.003128 0.523563 0.287719 0 
5 0.702128 0.041882 0.47233 0.002892 0.522527 0.254825 0 
5 0.723404 0.042062 0.458941 0.002894 0.489902 0.292105 0 
5 0.744681 0.041972 0.457751 0.002869 0.448731 0.334649 0 
5 0.765957 0.041912 0.466082 0.002846 0.431642 0.348684 0 
5 0.787234 0.043263 0.494942 0.002929 0.433713 0.350439 0 
5 0.808511 0.044013 0.495091 0.002997 0.472294 0.288158 0 
5 0.829787 0.044794 0.479024 0.003047 0.473589 0.306579 0 
5 0.851064 0.042152 0.443469 0.00286 0.448731 0.344737 0 
5 0.87234 0.040861 0.414758 0.002757 0.415847 0.383333 0 
5 0.893617 0.041101 0.433056 0.00275 0.369498 0.45 0 
5 0.914894 0.038189 0.439155 0.002538 0.323925 0.495614 0 
5 0.93617 0.09253 0.47233 0.006101 0.300363 0.555702 1 
5 0.957447 0.051489 0.483338 0.003454 0.292595 0.518421 0 
5 0.978723 0.078269 0.474859 0.005299 0.416106 0.501754 1 
5 1 0.06554 0.456114 0.004427 0.418954 0.506579 0 
