1 0 0.029092 0.213478 0.001888 0.288452 0.860965 0 
1 0.021277 0.024499 0.18432 0.001529 0.258415 0.876754 0 
1 0.042553 0.027861 0.139988 0.001631 0.305541 0.792982 0 
1 0.06383 0.028011 0.114103 0.001151 0.273175 0.792982 0 
1 0.085106 0.018914 0.097441 0.001167 0.226567 0.875 0 
1 0.106383 0.017864 0.083457 0.000941 0.188244 0.902632 0 
1 0.12766 0.017083 0.076912 0.000841 0.161833 0.902632 0 
1 0.148936 0.017924 0.074085 0.000841 0.14552 0.902632 0 
1 0.170213 0.016362 0.076168 0.000841 0.136199 0.902632 0 
1 0.191489 0.018914 0.082713 0.000841 0.127395 0.902632 0 
1 0.212766 0.020716 0.093127 0.000841 0.120663 0.902632 0 
1 0.234043 0.020926 0.102202 0.000841 0.111859 0.902632 0 
1 0.255319 0.020926 0.126004 0.000841 0.125065 0.902632 0 
1 0.276596 0.024679 0.162898 0.00085 0.155101 0.902632 0 
1 0.297872 0.029182 0.212288 0.000875 0.160798 0.902632 1 
1 0.319149 0.030683 0.252901 0.000893 0.186691 0.902632 1 
1 0.340426 0.033475 0.305118 0.001298 0.217504 0.902632 1 
1 0.361702 0.031224 0.33249 0.001662 0.247281 0.902632 1 
1 0.382979 0.031224 0.346028 0.001635 0.277576 0.902632 1 
1 0.404255 0.033596 0.355251 0.001828 0.303729 0.887281 1 
1 0.425532 0.034676 0.361946 0.00227 0.323666 0.861404 1 
1 0.446809 0.035997 0.360309 0.002362 0.341533 0.798684 1 
1 0.468085 0.036538 0.364326 0.002385 0.354997 0.774123 1 
1 0.489362 0.036147 0.361946 0.002351 0.366908 0.760088 1 
1 0.510638 0.036087 0.348111 0.002358 0.374158 0.750877 1 
1 0.531915 0.035997 0.340375 0.00236 0.382444 0.760088 1 
1 0.553191 0.035997 0.335019 0.002362 0.392543 0.743421 1 
1 0.574468 0.036057 0.33368 0.002364 0.395909 0.71886 1 
1 0.595745 0.036147 0.331747 0.002368 0.408338 0.729825 1 
1 0.617021 0.036388 0.335912 0.002378 0.41015 0.709649 1 
1 0.638298 0.036328 0.330705 0.002378 0.418954 0.692544 1 
1 0.659574 0.036298 0.336953 0.002381 0.431642 0.667544 1 
1 0.680851 0.034796 0.330854 0.002368 0.42957 0.684649 1 
1 0.702128 0.036688 0.34097 0.00241 0.445624 0.647368 1 
1 0.723404 0.037378 0.352276 0.002445 0.443035 0.663596 1 
1 0.744681 0.036628 0.354359 0.002391 0.421025 0.70614 1 
1 0.765957 0.031914 0.336953 0.002098 0.406007 0.725 1 
1 0.787234 0.031224 0.333978 0.002052 0.386069 0.759211 1 
1 0.808511 0.028732 0.340672 0.00189 0.361989 0.792105 0 
1 0.829787 0.035967 0.370872 0.002356 0.36173 0.781579 1 
1 0.851064 0.036298 0.364921 0.002358 0.37856 0.729825 1 
1 0.87234 0.036568 0.335466 0.002378 0.36898 0.780702 1 
1 0.893617 0.035997 0.348855 0.002214 0.332729 0.82807 1 
1 0.914894 0.034736 0.333829 0.001512 0.30088 0.82807 1 
1 0.93617 0.036418 0.334573 0.001386 0.276023 0.82807 1 
1 0.957447 0.036057 0.305415 0.001593 0.26463 0.82807 1 
1 0.978723 0.036388 0.287266 0.002243 0.314863 0.772368 1 
1 1 0.025129 0.23981 0.001639 0.307354 0.796053 0 
