7 0 0.040261 0.488396 0.002667 0.442258 0.624123 0 
7 0.021277 0.099886 0.485719 0.006014 0.417141 0.636842 1 
7 0.042553 0.163774 0.455222 0.009343 0.462455 0.596053 1 
7 0.06383 0.113216 0.396459 0.005663 0.445624 0.628509 1 
7 0.085106 0.110574 0.336805 0.00447 0.402123 0.698246 1 
7 0.106383 0.042482 0.287117 0.002752 0.372346 0.669737 0 
7 0.12766 0.030563 0.234752 0.001986 0.346453 0.653947 0 
7 0.148936 0.029182 0.19875 0.001892 0.319006 0.660965 0 
7 0.170213 0.028402 0.172716 0.001845 0.294925 0.704386 0 
7 0.191489 0.027741 0.163493 0.001805 0.278353 0.725877 0 
7 0.212766 0.027531 0.167807 0.001793 0.265924 0.724123 0 
7 0.234043 0.027201 0.178518 0.001774 0.25738 0.721053 0 
7 0.255319 0.028101 0.223445 0.00183 0.266183 0.717982 0 
7 0.276596 0.028642 0.259 0.001865 0.285862 0.686842 0 
7 0.297872 0.033115 0.313448 0.002154 0.283532 0.717982 0 
7 0.319149 0.03963 0.397501 0.00258 0.317452 0.669298 0 
7 0.340426 0.03945 0.471883 0.002578 0.355256 0.674561 0 
7 0.361702 0.06626 0.515174 0.004341 0.379855 0.666228 1 
7 0.382979 0.077489 0.538233 0.005079 0.407302 0.660526 1 
7 0.404255 0.064039 0.542993 0.004152 0.402641 0.659649 1 
7 0.425532 0.07956 0.529009 0.005206 0.406007 0.648246 1 
7 0.446809 0.045905 0.508628 0.003012 0.404972 0.627193 0 
7 0.468085 0.069803 0.487504 0.004599 0.391766 0.62193 1 
7 0.489362 0.045064 0.471586 0.002981 0.386846 0.6 0 
7 0.510638 0.082082 0.458792 0.005422 0.370792 0.622368 1 
7 0.531915 0.046205 0.43008 0.003066 0.366132 0.588596 0 
7 0.553191 0.041311 0.404939 0.002738 0.363801 0.596491 0 
7 0.574468 0.0396 0.385302 0.002619 0.361212 0.615351 0 
7 0.595745 0.033596 0.370723 0.002212 0.351113 0.613596 0 
7 0.617021 0.030593 0.3554 0.002009 0.338167 0.622807 0 
7 0.638298 0.029813 0.344689 0.001961 0.346194 0.607895 0 
7 0.659574 0.030413 0.351532 0.002002 0.349301 0.620614 0 
7 0.680851 0.035757 0.371764 0.002366 0.359399 0.572368 0 
7 0.702128 0.045725 0.420113 0.003051 0.401864 0.512719 0 
7 0.723404 0.085895 0.507438 0.005777 0.474883 0.534649 1 
7 0.744681 0.159932 0.598631 0.010706 0.541688 0.55614 1 
7 0.765957 0.140627 0.599375 0.009439 0.540135 0.522807 1 
7 0.787234 0.146752 0.580928 0.009881 0.522009 0.493421 1 
7 0.808511 0.060106 0.53734 0.004069 0.479803 0.492105 0 
7 0.829787 0.080942 0.502827 0.005457 0.455722 0.540351 1 
7 0.851064 0.097214 0.47828 0.006483 0.424909 0.614474 1 
7 0.87234 0.086376 0.462809 0.005681 0.404713 0.708333 1 
7 0.893617 0.063919 0.437965 0.004177 0.379078 0.739912 0 
7 0.914894 0.068842 0.41089 0.004479 0.363542 0.691228 1 
7 0.93617 0.061247 0.429932 0.004003 0.356033 0.695175 0 
7 0.957447 0.057223 0.43737 0.003741 0.350596 0.676316 0 
7 0.978723 0.093521 0.432312 0.006157 0.395132 0.626316 1 
7 1 0.060916 0.405088 0.004007 0.394873 0.662719 0 
