4 0 0.032845 0.344987 0.001215 0.367944 0.769298 1 
4 0.021277 0.029362 0.289646 0.001215 0.337131 0.813158 0 
4 0.042553 0.032214 0.235198 0.002065 0.394096 0.745614 1 
4 0.06383 0.034106 0.201874 0.000995 0.362248 0.688158 1 
4 0.085106 0.035547 0.172568 0.001068 0.321595 0.688158 1 
4 0.106383 0.027351 0.156501 0.000995 0.287934 0.753947 0 
4 0.12766 0.025279 0.151889 0.000995 0.275764 0.797807 0 
4 0.148936 0.023268 0.161559 0.001257 0.286639 0.841667 0 
4 0.170213 0.029572 0.192205 0.001435 0.290782 0.857018 0 
4 0.191489 0.029002 0.229991 0.001818 0.31564 0.833772 0 
4 0.212766 0.036598 0.309729 0.002302 0.376748 0.772807 1 
4 0.234043 0.035577 0.380542 0.001878 0.443294 0.659211 1 
4 0.255319 0.035337 0.404641 0.002275 0.543501 0.521053 1 
4 0.276596 0.034106 0.461321 0.002221 0.613413 0.467544 1 
4 0.297872 0.029933 0.456561 0.001951 0.591403 0.507018 0 
4 0.319149 0.02666 0.453139 0.001728 0.605386 0.52807 0 
4 0.340426 0.031284 0.517108 0.002007 0.639565 0.499561 1 
4 0.361702 0.031734 0.544481 0.002025 0.659503 0.469737 1 
4 0.382979 0.032935 0.543142 0.0021 0.681512 0.42807 1 
4 0.404255 0.033085 0.557126 0.002123 0.711031 0.389474 1 
4 0.425532 0.043263 0.558316 0.002794 0.732522 0.307018 1 
4 0.446809 0.050799 0.576614 0.003334 0.75738 0.270175 1 
4 0.468085 0.049358 0.586433 0.003282 0.764112 0.268421 1 
4 0.489362 0.077789 0.596549 0.005201 0.782237 0.204825 1 
4 0.510638 0.089798 0.684618 0.005976 0.812273 0.177193 1 
4 0.531915 0.089798 0.689081 0.005926 0.827292 0.170175 1 
4 0.553191 0.106251 0.703511 0.007025 0.843086 0.176316 1 
4 0.574468 0.149664 0.70961 0.009881 0.858364 0.074123 1 
4 0.595745 0.147262 0.718387 0.009759 0.829881 0.078947 1 
4 0.617021 0.149664 0.739066 0.009848 0.866649 0.060088 1 
4 0.638298 0.149664 0.748587 0.009771 0.874158 0.033772 1 
4 0.659574 0.149664 0.759447 0.009761 0.874935 0.08114 1 
4 0.680851 0.149664 0.741446 0.009877 0.86406 0.092982 1 
4 0.702128 0.091179 0.715561 0.006066 0.828327 0.154825 1 
4 0.723404 0.04002 0.671378 0.002684 0.757897 0.297368 0 
4 0.744681 0.03897 0.639096 0.002597 0.715432 0.37807 0 
4 0.765957 0.035487 0.59878 0.002356 0.658208 0.409649 0 
4 0.787234 0.044824 0.598631 0.002991 0.626618 0.415789 0 
4 0.808511 0.042242 0.62288 0.002848 0.622475 0.37807 0 
4 0.829787 0.049267 0.604433 0.003319 0.620663 0.407895 0 
4 0.851064 0.035967 0.540167 0.002422 0.591662 0.433333 0 
4 0.87234 0.038789 0.492711 0.002576 0.534697 0.507018 0 
4 0.893617 0.043053 0.502827 0.002362 0.471776 0.59386 0 
4 0.914894 0.031674 0.486314 0.001288 0.419213 0.637719 0 
4 0.93617 0.049568 0.48795 0.001215 0.383739 0.637719 0 
4 0.957447 0.03969 0.478132 0.00114 0.359917 0.637719 0 
4 0.978723 0.039 0.445552 0.001699 0.420249 0.638158 0 
4 1 0.038789 0.411187 0.001215 0.414552 0.64693 0 
