5 0 0.041281 0.574978 0.002655 0.499223 0.644737 0 
5 0.021277 0.040951 0.550283 0.002621 0.473071 0.667544 0 
5 0.042553 0.042542 0.528563 0.002727 0.523045 0.596491 0 
5 0.06383 0.037949 0.475007 0.00243 0.500259 0.677193 0 
5 0.085106 0.029182 0.416245 0.001797 0.451062 0.765789 0 
5 0.106383 0.019815 0.367301 0.001095 0.399016 0.765789 0 
5 0.12766 0.011078 0.315382 0.000698 0.338944 0.59693 0 
5 0.148936 0.010598 0.278786 0.000673 0.291559 0.49386 0 
5 0.170213 0.006035 0.260934 0.000386 0.262299 0.473684 0 
5 0.191489 0 0.249182 0 0.241844 0.483772 0 
5 0.212766 0.0127 0.275513 0.000812 0.249094 0.539912 0 
5 0.234043 0.022577 0.325052 0.001423 0.289228 0.742105 0 
5 0.255319 0.040411 0.435287 0.001955 0.38348 0.765789 0 
5 0.276596 0.042272 0.542993 0.002676 0.477214 0.628509 0 
5 0.297872 0.042512 0.590747 0.00279 0.531849 0.484649 0 
5 0.319149 0.073166 0.691907 0.004902 0.623511 0.362281 1 
5 0.340426 0.059535 0.739066 0.00414 0.665976 0.320175 1 
5 0.361702 0.055242 0.746653 0.003882 0.671673 0.298246 0 
5 0.382979 0.071364 0.782654 0.005037 0.677369 0.342982 1 
5 0.404255 0.076528 0.785034 0.00538 0.671414 0.380702 1 
5 0.425532 0.05311 0.753347 0.003731 0.645003 0.309211 0 
5 0.446809 0.045995 0.719726 0.003459 0.647333 0.297807 0 
5 0.468085 0.046716 0.69637 0.003508 0.643967 0.312281 0 
5 0.489362 0.0526 0.680155 0.004022 0.633092 0.280263 0 
5 0.510638 0.045034 0.657989 0.003675 0.621699 0.271491 0 
5 0.531915 0.043233 0.638798 0.003039 0.616779 0.263158 0 
5 0.553191 0.050108 0.629872 0.003924 0.642672 0.257456 0 
5 0.574468 0.047796 0.623475 0.003851 0.646815 0.25614 0 
5 0.595745 0.042152 0.601755 0.003297 0.638011 0.247368 0 
5 0.617021 0.043233 0.605623 0.003008 0.617038 0.277193 0 
5 0.638298 0.042272 0.608747 0.002933 0.592698 0.35307 0 
5 0.659574 0.055362 0.640137 0.003828 0.573278 0.385965 1 
5 0.680851 0.048817 0.681345 0.0034 0.581823 0.340351 0 
5 0.702128 0.050588 0.737429 0.003523 0.612118 0.332018 1 
5 0.723404 0.049508 0.792324 0.003386 0.689539 0.300877 0 
5 0.744681 0.044704 0.848855 0.003024 0.741326 0.247368 0 
5 0.765957 0.043593 0.848408 0.002943 0.723718 0.299123 0 
5 0.787234 0.047226 0.829664 0.003184 0.676334 0.332018 1 
5 0.808511 0.044734 0.79396 0.003049 0.64319 0.35614 0 
5 0.829787 0.043593 0.760042 0.002968 0.607457 0.410526 0 
5 0.851064 0.043833 0.737578 0.002956 0.582859 0.429825 0 
5 0.87234 0.042122 0.701428 0.002815 0.557224 0.535088 0 
5 0.893617 0.041582 0.648021 0.002744 0.518902 0.590789 0 
5 0.914894 0.040921 0.591044 0.002678 0.480839 0.593421 0 
5 0.93617 0.042122 0.627343 0.002736 0.452615 0.637719 1 
5 0.957447 0.040591 0.63017 0.002613 0.446401 0.647807 0 
5 0.978723 0.071184 0.609491 0.004595 0.532367 0.449561 1 
5 1 0.042662 0.591788 0.002792 0.513723 0.520175 1 
