4 0 0.064789 0.602499 0.003467 0.422915 0.414912 0 
4 0.021277 0.064789 0.578846 0.003467 0.422915 0.414912 0 
4 0.042553 0.042122 0.555638 0.003467 0.422915 0.414912 0 
4 0.06383 0.042122 0.498215 0.003467 0.422915 0.414912 0 
4 0.085106 0.041401 0.43008 0.003467 0.422915 0.414912 0 
4 0.106383 0.041371 0.3795 0.003467 0.422915 0.414912 0 
4 0.12766 0.041341 0.33368 0.003467 0.422915 0.414912 0 
4 0.148936 0.041341 0.291431 0.003467 0.422915 0.414912 0 
4 0.170213 0.041281 0.267182 0.003467 0.422915 0.414912 0 
4 0.191489 0.041341 0.266439 0.003467 0.422915 0.414912 0 
4 0.212766 0.041341 0.287563 0.003467 0.422915 0.414912 0 
4 0.234043 0.041822 0.340672 0.003467 0.422915 0.414912 0 
4 0.255319 0.06599 0.457007 0.003467 0.422915 0.414912 0 
4 0.276596 0.109493 0.583904 0.003467 0.422915 0.414912 1 
4 0.297872 0.042152 0.62526 0.003467 0.422915 0.414912 0 
4 0.319149 0.081182 0.714817 0.003467 0.422915 0.414912 0 
4 0.340426 0.114567 0.733561 0.003467 0.422915 0.414912 1 
4 0.361702 0.109493 0.718239 0.003467 0.422915 0.414912 1 
4 0.382979 0.179236 0.734008 0.003467 0.422915 0.414912 1 
4 0.404255 0.13222 0.728206 0.003467 0.422915 0.414912 1 
4 0.425532 0.114387 0.69637 0.003467 0.422915 0.414912 1 
4 0.446809 0.109493 0.660518 0.003467 0.422915 0.414912 1 
4 0.468085 0.13222 0.627789 0.003467 0.422915 0.414912 1 
4 0.489362 0.13222 0.604433 0.003467 0.422915 0.414912 1 
4 0.510638 0.109493 0.584647 0.003467 0.422915 0.414912 1 
4 0.531915 0.085475 0.56144 0.003467 0.422915 0.414912 0 
4 0.553191 0.098445 0.552514 0.003467 0.422915 0.414912 1 
4 0.574468 0.109493 0.53853 0.003467 0.422915 0.414912 1 
4 0.595745 0.098835 0.529307 0.003467 0.422915 0.414912 1 
4 0.617021 0.098835 0.516364 0.003467 0.422915 0.414912 1 
4 0.638298 0.098835 0.507736 0.003467 0.422915 0.414912 1 
4 0.659574 0.098835 0.5241 0.003467 0.422915 0.414912 1 
4 0.680851 0.109493 0.543886 0.003467 0.422915 0.414912 1 
4 0.702128 0.109493 0.588218 0.003467 0.422915 0.414912 1 
4 0.723404 0.109493 0.680155 0.003467 0.422915 0.414912 1 
4 0.744681 0.109493 0.790539 0.003467 0.422915 0.414912 1 
4 0.765957 0.119761 0.81806 0.003467 0.422915 0.414912 1 
4 0.787234 0.109493 0.814192 0.003467 0.422915 0.414912 1 
4 0.808511 0.109493 0.782059 0.003467 0.422915 0.414912 1 
4 0.829787 0.098835 0.75781 0.003467 0.422915 0.414912 1 
4 0.851064 0.151765 0.746206 0.003467 0.422915 0.414912 1 
4 0.87234 0.119761 0.718239 0.003467 0.422915 0.414912 1 
4 0.893617 0.109493 0.660369 0.003467 0.422915 0.414912 1 
4 0.914894 0.066591 0.596846 0.003467 0.422915 0.414912 0 
4 0.93617 0.13222 0.624963 0.003467 0.422915 0.414912 1 
4 0.957447 0.109493 0.611871 0.003467 0.422915 0.414912 1 
4 0.978723 0.119701 0.60607 0.003467 0.422915 0.414912 1 
4 1 0.109493 0.599078 0.003467 0.422915 0.414912 1 
