1 0 0.028522 0.222702 0.000692 0.272139 0.688158 0 
1 0.021277 0.02615 0.183725 0.000827 0.243397 0.732018 0 
1 0.042553 0.024829 0.148616 0.000841 0.307872 0.732018 0 
1 0.06383 0.021706 0.1205 0.000839 0.286898 0.732018 0 
1 0.085106 0.019395 0.099821 0.000839 0.240031 0.753947 0 
1 0.106383 0.015672 0.084945 0.000818 0.207147 0.747368 0 
1 0.12766 0.008376 0.079887 0.000534 0.177887 0.862281 0 
1 0.148936 0.01312 0.079589 0.000839 0.166753 0.865351 0 
1 0.170213 0.010238 0.083755 0.000654 0.144485 0.812281 0 
1 0.191489 0.012219 0.091639 0.000783 0.132574 0.80614 0 
1 0.212766 0.01267 0.106367 0.00081 0.135163 0.827632 0 
1 0.234043 0.012459 0.112467 0.000796 0.132056 0.797807 0 
1 0.255319 0.01279 0.13017 0.000818 0.136458 0.87807 0 
1 0.276596 0.018524 0.172716 0.00081 0.149146 0.885526 0 
1 0.297872 0.022577 0.218536 0.00081 0.152512 0.885526 0 
1 0.319149 0.02603 0.262719 0.000829 0.174262 0.885526 0 
1 0.340426 0.028221 0.30839 0.000717 0.192387 0.841667 1 
1 0.361702 0.028852 0.338143 0.000829 0.210772 0.841667 1 
1 0.382979 0.028822 0.349152 0.000835 0.224236 0.841667 1 
1 0.404255 0.028822 0.3554 0.000835 0.232004 0.841667 1 
1 0.425532 0.029362 0.352722 0.000823 0.226308 0.841667 1 
1 0.446809 0.029002 0.354656 0.000727 0.22087 0.841667 1 
1 0.468085 0.029993 0.364921 0.001016 0.253237 0.841667 1 
1 0.489362 0.029182 0.360607 0.000829 0.231227 0.841667 1 
1 0.510638 0.029182 0.360309 0.000831 0.242361 0.841667 1 
1 0.531915 0.028402 0.356739 0.000837 0.238477 0.885526 1 
1 0.553191 0.028702 0.361648 0.000837 0.233817 0.885526 1 
1 0.574468 0.028822 0.362541 0.000831 0.234852 0.863596 1 
1 0.595745 0.029362 0.369235 0.000827 0.231486 0.859211 1 
1 0.617021 0.030023 0.380095 0.001369 0.238219 0.859211 1 
1 0.638298 0.030113 0.384409 0.001032 0.246504 0.877632 1 
1 0.659574 0.033325 0.396906 0.002075 0.257639 0.895175 1 
1 0.680851 0.033566 0.399435 0.002075 0.250906 0.895175 1 
1 0.702128 0.037018 0.415204 0.002075 0.26463 0.895175 1 
1 0.723404 0.037889 0.419667 0.002075 0.27421 0.895175 1 
1 0.744681 0.036598 0.41922 0.002075 0.258156 0.908333 1 
1 0.765957 0.036027 0.407766 0.002075 0.239254 0.908333 1 
1 0.787234 0.035547 0.417138 0.002075 0.234076 0.917105 1 
1 0.808511 0.035127 0.440196 0.002075 0.270844 0.917105 1 
1 0.829787 0.034676 0.43499 0.002075 0.309943 0.895175 1 
1 0.851064 0.035937 0.398393 0.002075 0.294666 0.895175 1 
1 0.87234 0.033866 0.35659 0.002075 0.27421 0.90614 1 
1 0.893617 0.034917 0.361797 0.002075 0.248317 0.90614 1 
1 0.914894 0.032785 0.352276 0.001838 0.215691 0.900877 1 
1 0.93617 0.033926 0.346921 0.002048 0.209477 0.939035 1 
1 0.957447 0.032545 0.318804 0.001626 0.207405 0.900877 1 
1 0.978723 0.033145 0.291877 0.001843 0.272657 0.867982 1 
1 1 0.028642 0.255281 0.000827 0.280166 0.852632 1 
