3 0 0.032365 0.343053 0.001587 0.330399 0.747368 1 
3 0.021277 0.031194 0.283844 0.000858 0.302434 0.690351 1 
3 0.042553 0.033085 0.231776 0.001404 0.365096 0.659649 1 
3 0.06383 0.033325 0.191312 0.00085 0.334801 0.646491 1 
3 0.085106 0.035547 0.164981 0.000831 0.291041 0.63114 1 
3 0.106383 0.018014 0.148319 0.00092 0.265924 0.797807 0 
3 0.12766 0.019335 0.143261 0.000841 0.253237 0.819737 0 
3 0.148936 0.023028 0.151443 0.000841 0.24521 0.819737 0 
3 0.170213 0.027291 0.181196 0.000841 0.256862 0.841667 0 
3 0.191489 0.028702 0.220173 0.000872 0.28146 0.841667 0 
3 0.212766 0.030203 0.305118 0.001863 0.343863 0.804825 1 
3 0.234043 0.031524 0.382773 0.001612 0.409373 0.719298 1 
3 0.255319 0.029002 0.403749 0.001764 0.493527 0.582895 1 
3 0.276596 0.030083 0.458494 0.001944 0.564215 0.568421 1 
3 0.297872 0.027981 0.475602 0.001695 0.528742 0.655702 0 
3 0.319149 0.023418 0.492115 0.001313 0.524858 0.715351 0 
3 0.340426 0.027321 0.544778 0.001716 0.540135 0.732018 0 
3 0.361702 0.027831 0.561291 0.001741 0.546349 0.733772 0 
3 0.382979 0.027981 0.55787 0.001749 0.553858 0.679825 0 
3 0.404255 0.028101 0.550283 0.001762 0.573796 0.610526 0 
3 0.425532 0.028462 0.565605 0.001805 0.583118 0.616667 0 
3 0.446809 0.028822 0.568432 0.001813 0.587519 0.608333 1 
3 0.468085 0.028822 0.577655 0.00182 0.594511 0.587281 1 
3 0.489362 0.028822 0.580184 0.001822 0.596064 0.595614 1 
3 0.510638 0.032935 0.590152 0.002086 0.625583 0.537719 1 
3 0.531915 0.033085 0.59402 0.002098 0.638011 0.517544 1 
3 0.553191 0.030083 0.590896 0.001913 0.637494 0.495175 1 
3 0.574468 0.032605 0.593425 0.002073 0.669601 0.475 1 
3 0.595745 0.033085 0.595954 0.002108 0.677369 0.487719 1 
3 0.617021 0.032935 0.60488 0.0021 0.677628 0.45 1 
3 0.638298 0.034046 0.617376 0.002179 0.696789 0.416667 1 
3 0.659574 0.033566 0.618566 0.00215 0.668824 0.506579 1 
3 0.680851 0.033325 0.602946 0.002127 0.693941 0.410965 1 
3 0.702128 0.033085 0.579738 0.002123 0.687727 0.44693 1 
3 0.723404 0.030803 0.540613 0.001984 0.639306 0.520614 1 
3 0.744681 0.030473 0.503719 0.001973 0.585707 0.573684 1 
3 0.765957 0.029362 0.466379 0.001907 0.540911 0.573246 0 
3 0.787234 0.031194 0.468164 0.00204 0.505697 0.605702 1 
3 0.808511 0.033085 0.500744 0.002183 0.514759 0.539035 1 
3 0.829787 0.030954 0.480363 0.002042 0.529518 0.57193 1 
3 0.851064 0.029903 0.440048 0.001961 0.504402 0.608333 0 
3 0.87234 0.028822 0.399732 0.00188 0.468928 0.689474 0 
3 0.893617 0.033085 0.425171 0.00107 0.419472 0.710088 1 
3 0.914894 0.028822 0.423981 0.00114 0.36898 0.753947 0 
3 0.93617 0.035217 0.441386 0.001838 0.348783 0.753947 1 
3 0.957447 0.034166 0.437221 0.001361 0.343604 0.753947 1 
3 0.978723 0.036177 0.423535 0.002202 0.413516 0.724561 1 
3 1 0.035037 0.389319 0.002011 0.407043 0.778509 1 
