2 0 0.029422 0.255876 0.001915 0.259969 0.782895 0 
2 0.021277 0.028342 0.224784 0.001851 0.234335 0.807895 0 
2 0.042553 0.028221 0.190122 0.001849 0.293112 0.703509 0 
2 0.06383 0.028191 0.166766 0.001878 0.267737 0.75614 0 
2 0.085106 0.02618 0.144302 0.001635 0.226308 0.79386 0 
2 0.106383 0.025219 0.142963 0.001647 0.192387 0.837719 0 
2 0.12766 0.024919 0.141029 0.00162 0.171414 0.881579 0 
2 0.148936 0.025099 0.149212 0.001645 0.166235 0.889912 0 
2 0.170213 0.028041 0.176436 0.001778 0.178923 0.813158 0 
2 0.191489 0.028101 0.200089 0.001774 0.192128 0.790351 0 
2 0.212766 0.028612 0.262719 0.001745 0.23304 0.810965 0 
2 0.234043 0.02681 0.337846 0.001776 0.279907 0.75307 0 
2 0.255319 0.028522 0.37831 0.001894 0.357846 0.633772 0 
2 0.276596 0.029903 0.457304 0.002009 0.41507 0.580263 0 
2 0.297872 0.030263 0.515472 0.002038 0.404713 0.634211 0 
2 0.319149 0.035937 0.570217 0.002405 0.419472 0.604386 0 
2 0.340426 0.037679 0.638798 0.002501 0.438115 0.653509 0 
2 0.361702 0.038639 0.6687 0.002565 0.445883 0.639474 1 
2 0.382979 0.040621 0.674353 0.002725 0.44666 0.557895 1 
2 0.404255 0.041221 0.674204 0.002806 0.448731 0.613596 1 
2 0.425532 0.041852 0.683725 0.002792 0.450026 0.624123 1 
2 0.446809 0.058394 0.691015 0.003895 0.455981 0.591228 1 
2 0.468085 0.056323 0.692056 0.003774 0.439669 0.584649 1 
2 0.489362 0.043863 0.694139 0.002952 0.445106 0.564474 1 
2 0.510638 0.05233 0.705445 0.003515 0.445624 0.575439 1 
2 0.531915 0.083463 0.707379 0.005631 0.440186 0.621053 1 
2 0.553191 0.0795 0.706784 0.005397 0.440963 0.615351 1 
2 0.574468 0.073286 0.70485 0.004969 0.441222 0.620614 1 
2 0.595745 0.068482 0.702172 0.00463 0.433972 0.632895 1 
2 0.617021 0.06605 0.700684 0.004468 0.41507 0.672368 1 
2 0.638298 0.063979 0.694287 0.004325 0.413257 0.609649 1 
2 0.659574 0.070163 0.695031 0.004749 0.432936 0.630263 1 
2 0.680851 0.059145 0.67465 0.004009 0.429311 0.570614 1 
2 0.702128 0.041191 0.653377 0.002808 0.426981 0.550877 0 
2 0.723404 0.036147 0.613062 0.002457 0.394355 0.527193 0 
2 0.744681 0.035937 0.585242 0.002437 0.356292 0.596491 0 
2 0.765957 0.032785 0.541803 0.002229 0.314604 0.658333 0 
2 0.787234 0.029512 0.510116 0.002013 0.294407 0.685965 0 
2 0.808511 0.029633 0.507736 0.002013 0.280943 0.693421 0 
2 0.829787 0.030023 0.512943 0.002046 0.296479 0.64386 0 
2 0.851064 0.035937 0.479024 0.002447 0.315898 0.635526 0 
2 0.87234 0.033385 0.437816 0.002258 0.308131 0.659211 0 
2 0.893617 0.033475 0.458048 0.00226 0.277576 0.725 0 
2 0.914894 0.028972 0.453139 0.00194 0.247799 0.798684 0 
2 0.93617 0.029723 0.460726 0.001982 0.237701 0.829386 0 
2 0.957447 0.029062 0.446296 0.00193 0.236665 0.807895 0 
2 0.978723 0.029633 0.420411 0.001988 0.31797 0.67193 0 
2 1 0.028612 0.383666 0.001919 0.321336 0.720614 0 
