1 0 0.05257 0.464445 0.003157 0.457017 0.681579 0 
1 0.021277 0.048577 0.423683 0.002867 0.438892 0.662719 0 
1 0.042553 0.048277 0.384261 0.003141 0.490161 0.617105 0 
1 0.06383 0.047976 0.33978 0.002925 0.481357 0.662719 0 
1 0.085106 0.051759 0.304225 0.003157 0.438115 0.684649 0 
1 0.106383 0.045485 0.257959 0.002343 0.399534 0.750439 0 
1 0.12766 0.043323 0.231776 0.001957 0.376748 0.750439 0 
1 0.148936 0.033355 0.207528 0.001762 0.349042 0.737719 0 
1 0.170213 0.043203 0.187147 0.002056 0.285603 0.758333 0 
1 0.191489 0.02684 0.186403 0.001712 0.295184 0.775439 0 
1 0.212766 0.031734 0.1928 0.001757 0.287675 0.831579 0 
1 0.234043 0.042752 0.209313 0.001583 0.271362 0.835088 0 
1 0.255319 0.024409 0.227611 0.001454 0.250647 0.853509 0 
1 0.276596 0.029602 0.259 0.001475 0.247022 0.853509 0 
1 0.297872 0.043413 0.293811 0.00146 0.227602 0.838158 0 
1 0.319149 0.05239 0.36864 0.001454 0.234076 0.853509 0 
1 0.340426 0.054371 0.4518 0.001944 0.265924 0.853509 0 
1 0.361702 0.059715 0.522017 0.002017 0.300363 0.838158 1 
1 0.382979 0.065059 0.582862 0.003864 0.330399 0.865351 1 
1 0.404255 0.063018 0.587028 0.003105 0.343086 0.838158 1 
1 0.425532 0.059715 0.576019 0.003741 0.356551 0.833333 1 
1 0.446809 0.058665 0.549836 0.002327 0.357328 0.838158 1 
1 0.468085 0.056083 0.511901 0.00257 0.355256 0.838158 1 
1 0.489362 0.05245 0.483785 0.002329 0.342569 0.838158 0 
1 0.510638 0.047166 0.456561 0.002337 0.337649 0.838158 0 
1 0.531915 0.049568 0.429932 0.002027 0.328068 0.838158 0 
1 0.553191 0.047646 0.407914 0.00231 0.346194 0.838158 0 
1 0.574468 0.043893 0.386195 0.002025 0.333247 0.838158 0 
1 0.595745 0.041702 0.36626 0.002113 0.333506 0.838158 0 
1 0.617021 0.036057 0.355846 0.001762 0.326515 0.837281 0 
1 0.638298 0.035517 0.357632 0.001776 0.331176 0.838158 0 
1 0.659574 0.035637 0.367301 0.002054 0.336613 0.838158 0 
1 0.680851 0.031794 0.40003 0.001878 0.339979 0.838158 0 
1 0.702128 0.037649 0.472776 0.002381 0.389436 0.833333 0 
1 0.723404 0.064639 0.582416 0.003843 0.467892 0.785526 1 
1 0.744681 0.089948 0.69399 0.005837 0.554117 0.665351 1 
1 0.765957 0.092951 0.728057 0.006111 0.574314 0.633333 1 
1 0.787234 0.090369 0.723594 0.00592 0.561885 0.661404 1 
1 0.808511 0.086586 0.70604 0.005625 0.532108 0.731579 1 
1 0.829787 0.07929 0.685213 0.005141 0.518902 0.761842 1 
1 0.851064 0.085655 0.663493 0.005372 0.501295 0.778947 1 
1 0.87234 0.082202 0.64698 0.00447 0.482134 0.778947 1 
1 0.893617 0.0789 0.60845 0.004144 0.458571 0.791228 1 
1 0.914894 0.063438 0.557721 0.00313 0.429829 0.765789 1 
1 0.93617 0.076198 0.567986 0.003756 0.399793 0.817544 1 
1 0.957447 0.071995 0.539869 0.003554 0.384516 0.765789 1 
1 0.978723 0.068632 0.505356 0.003924 0.438115 0.74386 1 
1 1 0.057404 0.465338 0.003324 0.426204 0.787719 1 
