6 0 0.058665 0.418179 0.003467 0.422915 0.414912 1 
6 0.021277 0.060736 0.395864 0.003467 0.422915 0.414912 1 
6 0.042553 0.056563 0.357632 0.003467 0.422915 0.414912 0 
6 0.06383 0.054461 0.299464 0.003467 0.422915 0.414912 0 
6 0.085106 0.05236 0.24219 0.003467 0.422915 0.414912 0 
6 0.106383 0.051759 0.199048 0.003467 0.422915 0.414912 0 
6 0.12766 0.048337 0.162749 0.003467 0.422915 0.414912 0 
6 0.148936 0.05236 0.144005 0.003467 0.422915 0.414912 0 
6 0.170213 0.051099 0.129575 0.003467 0.422915 0.414912 0 
6 0.191489 0.053381 0.121541 0.003467 0.422915 0.414912 0 
6 0.212766 0.051099 0.131657 0.003467 0.422915 0.414912 0 
6 0.234043 0.053381 0.142666 0.003467 0.422915 0.414912 0 
6 0.255319 0.055632 0.178072 0.003467 0.422915 0.414912 0 
6 0.276596 0.053381 0.205594 0.003467 0.422915 0.414912 0 
6 0.297872 0.053381 0.249182 0.003467 0.422915 0.414912 0 
6 0.319149 0.051759 0.313746 0.003467 0.422915 0.414912 0 
6 0.340426 0.05305 0.367004 0.003467 0.422915 0.414912 0 
6 0.361702 0.053381 0.402261 0.003467 0.422915 0.414912 0 
6 0.382979 0.053381 0.441238 0.003467 0.422915 0.414912 0 
6 0.404255 0.053381 0.452544 0.003467 0.422915 0.414912 0 
6 0.425532 0.05305 0.439899 0.003467 0.422915 0.414912 0 
6 0.446809 0.053381 0.422493 0.003467 0.422915 0.414912 0 
6 0.468085 0.05305 0.408509 0.003467 0.422915 0.414912 0 
6 0.489362 0.05305 0.396013 0.003467 0.422915 0.414912 0 
6 0.510638 0.05305 0.376822 0.003467 0.422915 0.414912 0 
6 0.531915 0.051759 0.368492 0.003467 0.422915 0.414912 0 
6 0.553191 0.053381 0.353764 0.003467 0.422915 0.414912 0 
6 0.574468 0.051759 0.336358 0.003467 0.422915 0.414912 0 
6 0.595745 0.055632 0.322969 0.003467 0.422915 0.414912 0 
6 0.617021 0.053381 0.313448 0.003467 0.422915 0.414912 0 
6 0.638298 0.055632 0.30363 0.003467 0.422915 0.414912 0 
6 0.659574 0.055632 0.305266 0.003467 0.422915 0.414912 0 
6 0.680851 0.055632 0.308688 0.003467 0.422915 0.414912 0 
6 0.702128 0.053381 0.329366 0.003467 0.422915 0.414912 0 
6 0.723404 0.05305 0.35183 0.003467 0.422915 0.414912 0 
6 0.744681 0.057614 0.42889 0.003467 0.422915 0.414912 1 
6 0.765957 0.055632 0.473222 0.003467 0.422915 0.414912 1 
6 0.787234 0.053381 0.447783 0.003467 0.422915 0.414912 0 
6 0.808511 0.053381 0.40241 0.003467 0.422915 0.414912 0 
6 0.829787 0.055632 0.367004 0.003467 0.422915 0.414912 1 
6 0.851064 0.053381 0.33978 0.003467 0.422915 0.414912 0 
6 0.87234 0.053381 0.325052 0.003467 0.422915 0.414912 0 
6 0.893617 0.051759 0.304225 0.003467 0.422915 0.414912 0 
6 0.914894 0.057884 0.28801 0.003467 0.422915 0.414912 1 
6 0.93617 0.05305 0.319845 0.003467 0.422915 0.414912 0 
6 0.957447 0.051759 0.332937 0.003467 0.422915 0.414912 0 
6 0.978723 0.053381 0.340524 0.003467 0.422915 0.414912 0 
6 1 0.051759 0.324903 0.003467 0.422915 0.414912 0 
