6 0 0.077249 0.512199 0.003467 0.422915 0.414912 1 
6 0.021277 0.077249 0.482743 0.003467 0.422915 0.414912 1 
6 0.042553 0.050468 0.453734 0.003467 0.422915 0.414912 0 
6 0.06383 0.045394 0.382178 0.003467 0.422915 0.414912 0 
6 0.085106 0.045244 0.322523 0.003467 0.422915 0.414912 0 
6 0.106383 0.050468 0.275513 0.003467 0.422915 0.414912 0 
6 0.12766 0.045244 0.225082 0.003467 0.422915 0.414912 0 
6 0.148936 0.043533 0.182832 0.003467 0.422915 0.414912 0 
6 0.170213 0.043533 0.157691 0.003467 0.422915 0.414912 0 
6 0.191489 0.058514 0.148914 0.003467 0.422915 0.414912 1 
6 0.212766 0.058514 0.153228 0.003467 0.422915 0.414912 1 
6 0.234043 0.058514 0.169741 0.003467 0.422915 0.414912 1 
6 0.255319 0.063648 0.204999 0.003467 0.422915 0.414912 1 
6 0.276596 0.063648 0.242041 0.003467 0.422915 0.414912 1 
6 0.297872 0.064489 0.300208 0.003467 0.422915 0.414912 1 
6 0.319149 0.089498 0.392294 0.003467 0.422915 0.414912 1 
6 0.340426 0.099616 0.474115 0.003467 0.422915 0.414912 1 
6 0.361702 0.099616 0.522315 0.003467 0.422915 0.414912 1 
6 0.382979 0.099616 0.561143 0.003467 0.422915 0.414912 1 
6 0.404255 0.089498 0.564415 0.003467 0.422915 0.414912 1 
6 0.425532 0.089498 0.538381 0.003467 0.422915 0.414912 1 
6 0.446809 0.043953 0.499405 0.003467 0.422915 0.414912 0 
6 0.468085 0.043833 0.465189 0.003467 0.422915 0.414912 0 
6 0.489362 0.043833 0.440494 0.003467 0.422915 0.414912 0 
6 0.510638 0.043833 0.411931 0.003467 0.422915 0.414912 0 
6 0.531915 0.043833 0.387831 0.003467 0.422915 0.414912 0 
6 0.553191 0.043683 0.358971 0.003467 0.422915 0.414912 0 
6 0.574468 0.075417 0.339334 0.003467 0.422915 0.414912 1 
6 0.595745 0.043683 0.320292 0.003467 0.422915 0.414912 0 
6 0.617021 0.043683 0.308688 0.003467 0.422915 0.414912 0 
6 0.638298 0.043683 0.307795 0.003467 0.422915 0.414912 0 
6 0.659574 0.043683 0.322523 0.003467 0.422915 0.414912 0 
6 0.680851 0.087667 0.357483 0.003467 0.422915 0.414912 1 
6 0.702128 0.044104 0.433948 0.003467 0.422915 0.414912 0 
6 0.723404 0.106761 0.536745 0.003467 0.422915 0.414912 1 
6 0.744681 0.112195 0.62169 0.003467 0.422915 0.414912 1 
6 0.765957 0.112195 0.632104 0.003467 0.422915 0.414912 1 
6 0.787234 0.096463 0.5964 0.003467 0.422915 0.414912 1 
6 0.808511 0.089498 0.553853 0.003467 0.422915 0.414912 1 
6 0.829787 0.089498 0.535852 0.003467 0.422915 0.414912 1 
6 0.851064 0.089498 0.505504 0.003467 0.422915 0.414912 1 
6 0.87234 0.043833 0.485867 0.003467 0.422915 0.414912 0 
6 0.893617 0.043833 0.452544 0.003467 0.422915 0.414912 0 
6 0.914894 0.043833 0.415501 0.003467 0.422915 0.414912 0 
6 0.93617 0.087667 0.437816 0.003467 0.422915 0.414912 1 
6 0.957447 0.063648 0.435138 0.003467 0.422915 0.414912 0 
6 0.978723 0.064489 0.441386 0.003467 0.422915 0.414912 0 
6 1 0.043833 0.416989 0.003467 0.422915 0.414912 0 
