5 0 0.059325 0.446742 0.003467 0.422915 0.414912 0 
5 0.021277 0.054852 0.423386 0.003467 0.422915 0.414912 0 
5 0.042553 0.049388 0.388426 0.003467 0.422915 0.414912 0 
5 0.06383 0.047076 0.332937 0.003467 0.422915 0.414912 0 
5 0.085106 0.043893 0.274472 0.003467 0.422915 0.414912 0 
5 0.106383 0.031974 0.228503 0.003467 0.422915 0.414912 0 
5 0.12766 0.038309 0.195478 0.003467 0.422915 0.414912 0 
5 0.148936 0.028492 0.172865 0.003467 0.422915 0.414912 0 
5 0.170213 0.035037 0.163642 0.003467 0.422915 0.414912 0 
5 0.191489 0.037949 0.16751 0.003467 0.422915 0.414912 0 
5 0.212766 0.043503 0.190568 0.003467 0.422915 0.414912 0 
5 0.234043 0.049297 0.235793 0.003467 0.422915 0.414912 0 
5 0.255319 0.053291 0.320887 0.003467 0.422915 0.414912 0 
5 0.276596 0.110694 0.408807 0.003467 0.422915 0.414912 1 
5 0.297872 0.056653 0.416543 0.003467 0.422915 0.414912 0 
5 0.319149 0.072175 0.474412 0.003467 0.422915 0.414912 0 
5 0.340426 0.076048 0.495983 0.003467 0.422915 0.414912 0 
5 0.361702 0.073076 0.502678 0.003467 0.422915 0.414912 0 
5 0.382979 0.07896 0.542993 0.003467 0.422915 0.414912 0 
5 0.404255 0.086736 0.556531 0.003467 0.422915 0.414912 0 
5 0.425532 0.079921 0.546861 0.003467 0.422915 0.414912 0 
5 0.446809 0.075297 0.53972 0.003467 0.422915 0.414912 0 
5 0.468085 0.126816 0.534067 0.003467 0.422915 0.414912 1 
5 0.489362 0.057614 0.53496 0.003467 0.422915 0.414912 0 
5 0.510638 0.064429 0.529307 0.003467 0.422915 0.414912 0 
5 0.531915 0.067341 0.525588 0.003467 0.422915 0.414912 0 
5 0.553191 0.067341 0.518001 0.003467 0.422915 0.414912 0 
5 0.574468 0.064429 0.512348 0.003467 0.422915 0.414912 0 
5 0.595745 0.061517 0.506843 0.003467 0.422915 0.414912 0 
5 0.617021 0.058575 0.496132 0.003467 0.422915 0.414912 0 
5 0.638298 0.055272 0.483338 0.003467 0.422915 0.414912 0 
5 0.659574 0.056593 0.488099 0.003467 0.422915 0.414912 0 
5 0.680851 0.054401 0.490628 0.003467 0.422915 0.414912 0 
5 0.702128 0.057914 0.502975 0.003467 0.422915 0.414912 0 
5 0.723404 0.076048 0.533472 0.003467 0.422915 0.414912 0 
5 0.744681 0.11853 0.573341 0.003467 0.422915 0.414912 1 
5 0.765957 0.093821 0.551622 0.003467 0.422915 0.414912 1 
5 0.787234 0.082833 0.522315 0.003467 0.422915 0.414912 1 
5 0.808511 0.059295 0.4759 0.003467 0.422915 0.414912 0 
5 0.829787 0.054612 0.449866 0.003467 0.422915 0.414912 0 
5 0.851064 0.055182 0.423237 0.003467 0.422915 0.414912 0 
5 0.87234 0.055302 0.400625 0.003467 0.422915 0.414912 0 
5 0.893617 0.055422 0.375186 0.003467 0.422915 0.414912 0 
5 0.914894 0.05263 0.348706 0.003467 0.422915 0.414912 0 
5 0.93617 0.055632 0.406724 0.003467 0.422915 0.414912 0 
5 0.957447 0.053771 0.435882 0.003467 0.422915 0.414912 0 
5 0.978723 0.053711 0.455668 0.003467 0.422915 0.414912 0 
5 1 0.054341 0.447635 0.003467 0.422915 0.414912 0 
