4 0 0.074066 0.539125 0.004867 0.506473 0.642544 0 
4 0.021277 0.057674 0.522612 0.00376 0.474107 0.641228 0 
4 0.042553 0.072145 0.495537 0.004732 0.532367 0.570175 0 
4 0.06383 0.070524 0.44213 0.00463 0.513465 0.584649 0 
4 0.085106 0.06578 0.384558 0.004298 0.475401 0.582895 0 
4 0.106383 0.060196 0.332193 0.003909 0.430865 0.616228 0 
4 0.12766 0.050709 0.27834 0.003278 0.387882 0.669737 0 
4 0.148936 0.049958 0.245463 0.003236 0.371051 0.632895 0 
4 0.170213 0.040411 0.225677 0.002651 0.338944 0.601316 0 
4 0.191489 0.035577 0.223297 0.002345 0.328586 0.590789 0 
4 0.212766 0.047286 0.254091 0.003099 0.34231 0.67807 0 
4 0.234043 0.050228 0.303332 0.003288 0.377007 0.623246 0 
4 0.255319 0.062117 0.420411 0.004096 0.460383 0.598246 0 
4 0.276596 0.085925 0.533175 0.005652 0.556706 0.451754 0 
4 0.297872 0.058605 0.560845 0.003791 0.590886 0.469737 0 
4 0.319149 0.095172 0.627938 0.006304 0.654583 0.439912 1 
4 0.340426 0.097124 0.635971 0.006371 0.690057 0.43114 1 
4 0.361702 0.095833 0.623029 0.006313 0.691093 0.421491 1 
4 0.382979 0.095893 0.651592 0.006309 0.690057 0.458772 1 
4 0.404255 0.094962 0.654567 0.006223 0.664423 0.486404 1 
4 0.425532 0.093941 0.633442 0.006159 0.646556 0.490351 1 
4 0.446809 0.085025 0.611574 0.005206 0.632833 0.479386 1 
4 0.468085 0.088417 0.58435 0.005866 0.617815 0.383772 1 
4 0.489362 0.088387 0.561291 0.005883 0.593216 0.492982 1 
4 0.510638 0.090068 0.570217 0.005879 0.580269 0.485088 1 
4 0.531915 0.090849 0.563672 0.005879 0.559814 0.483772 1 
4 0.553191 0.094902 0.551473 0.00625 0.573537 0.482895 1 
4 0.574468 0.095352 0.547754 0.005814 0.578457 0.472807 1 
4 0.595745 0.094362 0.539572 0.005814 0.564992 0.468421 1 
4 0.617021 0.095953 0.528563 0.00625 0.550233 0.46886 1 
4 0.638298 0.096223 0.519488 0.00625 0.542983 0.482018 1 
4 0.659574 0.093551 0.534365 0.006095 0.543242 0.609211 1 
4 0.680851 0.083794 0.562333 0.005432 0.549456 0.682456 1 
4 0.702128 0.068332 0.594912 0.004468 0.555412 0.566228 0 
4 0.723404 0.061967 0.646236 0.00409 0.561367 0.595614 0 
4 0.744681 0.089228 0.746504 0.005312 0.546608 0.63114 1 
4 0.765957 0.095232 0.793365 0.006246 0.677628 0.482018 1 
4 0.787234 0.094782 0.783249 0.006215 0.679959 0.497368 1 
4 0.808511 0.085445 0.745016 0.005661 0.639047 0.562281 1 
4 0.829787 0.081242 0.717495 0.005384 0.616002 0.57193 1 
4 0.851064 0.082653 0.695775 0.005492 0.586484 0.528947 1 
4 0.87234 0.066771 0.664981 0.004447 0.566546 0.448684 0 
4 0.893617 0.05323 0.6205 0.003533 0.528483 0.49386 0 
4 0.914894 0.046986 0.564267 0.003162 0.506732 0.502193 0 
4 0.93617 0.071845 0.586879 0.004763 0.479285 0.657456 0 
4 0.957447 0.053351 0.580631 0.003513 0.458312 0.551316 0 
4 0.978723 0.075357 0.570663 0.005035 0.532108 0.543421 0 
4 1 0.064939 0.565457 0.004319 0.53392 0.525877 0 
