6 0 0.03918 0.375335 0.002713 0.31797 0.351316 1 
6 0.021277 0.032425 0.319697 0.002256 0.302952 0.262719 0 
6 0.042553 0.040681 0.268819 0.002842 0.358622 0.227193 1 
6 0.06383 0.035517 0.225528 0.002466 0.330658 0.321491 1 
6 0.085106 0.033986 0.189676 0.002347 0.272139 0.355702 0 
6 0.106383 0.031044 0.169295 0.002131 0.230451 0.408772 0 
6 0.12766 0.030924 0.160369 0.002117 0.215691 0.439035 0 
6 0.148936 0.026991 0.166022 0.001845 0.199637 0.478509 0 
6 0.170213 0.033896 0.192949 0.002316 0.216986 0.532018 0 
6 0.191489 0.034286 0.227016 0.002337 0.244174 0.523246 0 
6 0.212766 0.041642 0.305266 0.00284 0.301398 0.495614 1 
6 0.234043 0.066561 0.383963 0.004514 0.36639 0.403509 1 
6 0.255319 0.047466 0.41327 0.003247 0.466598 0.230263 1 
6 0.276596 0.090189 0.478429 0.006211 0.535474 0.20614 1 
6 0.297872 0.045184 0.510562 0.003105 0.498446 0.085526 1 
6 0.319149 0.045094 0.531092 0.003108 0.5 0.060088 1 
6 0.340426 0.045394 0.582416 0.003114 0.517607 0.150439 1 
6 0.361702 0.055302 0.599226 0.003774 0.517866 0.190789 1 
6 0.382979 0.045545 0.596251 0.003099 0.519938 0.082895 1 
6 0.404255 0.045545 0.593127 0.003108 0.530554 0.064035 1 
6 0.425532 0.051009 0.595061 0.00349 0.547903 0.117544 1 
6 0.446809 0.07914 0.593276 0.005422 0.542983 0.158772 1 
6 0.468085 0.051279 0.593276 0.003527 0.537027 0.128509 1 
6 0.489362 0.051099 0.585094 0.003523 0.543242 0.096053 1 
6 0.510638 0.075327 0.571259 0.005206 0.557742 0.085526 1 
6 0.531915 0.112976 0.581523 0.007842 0.548938 0.12193 1 
6 0.553191 0.075808 0.581523 0.005278 0.541947 0.128947 1 
6 0.574468 0.063798 0.572746 0.004441 0.524858 0.086842 1 
6 0.595745 0.040921 0.555192 0.002854 0.510616 0.025877 0 
6 0.617021 0.044644 0.556828 0.003116 0.505955 0.026316 0 
6 0.638298 0.035217 0.547456 0.002464 0.496893 0.04386 0 
6 0.659574 0.032815 0.549539 0.002295 0.494045 0.027193 0 
6 0.680851 0.030323 0.531687 0.002117 0.488348 0.04693 0 
6 0.702128 0.028071 0.511009 0.001948 0.428534 0.219737 0 
6 0.723404 0.028071 0.4759 0.001944 0.440704 0.176316 0 
6 0.744681 0.027621 0.452544 0.001909 0.414811 0.249123 0 
6 0.765957 0.027531 0.42651 0.00189 0.382185 0.289035 0 
6 0.787234 0.027531 0.408361 0.001884 0.364319 0.340351 0 
6 0.808511 0.027591 0.418625 0.001884 0.361212 0.327193 0 
6 0.829787 0.027291 0.416394 0.001865 0.375971 0.3 0 
6 0.851064 0.028552 0.393782 0.001959 0.361989 0.315351 0 
6 0.87234 0.02675 0.363434 0.001828 0.332729 0.34386 0 
6 0.893617 0.027951 0.400922 0.001901 0.298032 0.435526 0 
6 0.914894 0.02678 0.414758 0.001818 0.267737 0.484211 0 
6 0.93617 0.028041 0.435882 0.001892 0.259969 0.58114 0 
6 0.957447 0.028912 0.43975 0.001959 0.26696 0.44693 0 
6 0.978723 0.042362 0.421749 0.002908 0.353444 0.25307 0 
6 1 0.050739 0.402112 0.003508 0.353185 0.282018 1 
