3 0 0.028041 0.335168 0.001809 0.362765 0.823246 1 
3 0.021277 0.028041 0.282059 0.001816 0.332988 0.809211 1 
3 0.042553 0.033325 0.233115 0.002177 0.387882 0.776316 1 
3 0.06383 0.025129 0.196816 0.001639 0.353703 0.804825 0 
3 0.085106 0.023928 0.172121 0.001562 0.302434 0.804825 0 
3 0.106383 0.021136 0.152484 0.001381 0.253755 0.822368 0 
3 0.12766 0.021586 0.148765 0.001408 0.230451 0.824123 0 
3 0.148936 0.023808 0.153377 0.001558 0.231227 0.801754 0 
3 0.170213 0.022937 0.171824 0.001498 0.261005 0.819737 0 
3 0.191489 0.0263 0.207379 0.001689 0.281201 0.85 0 
3 0.212766 0.034226 0.26986 0.002229 0.336095 0.817544 1 
3 0.234043 0.034496 0.324457 0.002252 0.363283 0.749123 1 
3 0.255319 0.031374 0.360904 0.002075 0.474107 0.610088 1 
3 0.276596 0.028972 0.420411 0.001919 0.539876 0.542105 0 
3 0.297872 0.028071 0.467718 0.001845 0.549715 0.560965 0 
3 0.319149 0.028161 0.513538 0.001845 0.588814 0.527193 0 
3 0.340426 0.032725 0.581077 0.002148 0.633868 0.45 1 
3 0.361702 0.032875 0.605921 0.002175 0.646038 0.410965 1 
3 0.382979 0.033415 0.60964 0.002509 0.668566 0.364912 1 
3 0.404255 0.034016 0.605177 0.002264 0.684619 0.350439 1 
3 0.425532 0.035757 0.623178 0.002372 0.695753 0.346491 1 
3 0.446809 0.036658 0.63493 0.002432 0.705593 0.347368 1 
3 0.468085 0.038039 0.638798 0.00252 0.710513 0.318421 1 
3 0.489362 0.037228 0.642963 0.002462 0.719057 0.350439 1 
3 0.510638 0.041642 0.654418 0.002754 0.746763 0.323684 1 
3 0.531915 0.042843 0.655906 0.002833 0.757897 0.313158 1 
3 0.553191 0.045695 0.662452 0.003022 0.767737 0.307895 1 
3 0.574468 0.040801 0.662154 0.0027 0.77421 0.300877 1 
3 0.595745 0.047586 0.660071 0.003168 0.789487 0.277632 1 
3 0.617021 0.072655 0.663642 0.004865 0.80088 0.248246 1 
3 0.638298 0.03945 0.659625 0.002644 0.784568 0.368421 1 
3 0.659574 0.038069 0.661262 0.002526 0.750388 0.449123 1 
3 0.680851 0.036208 0.645939 0.002403 0.730709 0.428947 1 
3 0.702128 0.032575 0.627046 0.002171 0.707923 0.480263 1 
3 0.723404 0.029663 0.578548 0.00184 0.655101 0.496491 0 
3 0.744681 0.028522 0.550729 0.001899 0.605127 0.62193 0 
3 0.765957 0.028221 0.508182 0.001863 0.565251 0.659211 0 
3 0.787234 0.027981 0.478132 0.001791 0.536251 0.683772 0 
3 0.808511 0.028071 0.479173 0.001834 0.515795 0.725439 0 
3 0.829787 0.028582 0.48795 0.001874 0.522786 0.675439 0 
3 0.851064 0.031734 0.461024 0.002088 0.511652 0.669737 0 
3 0.87234 0.029092 0.42294 0.001911 0.487053 0.707895 0 
3 0.893617 0.032605 0.450461 0.002133 0.445365 0.722807 1 
3 0.914894 0.031944 0.454775 0.002086 0.396168 0.757456 0 
3 0.93617 0.036448 0.46147 0.001336 0.368203 0.74693 1 
3 0.957447 0.036688 0.443469 0.002025 0.35189 0.803947 1 
3 0.978723 0.037619 0.429932 0.00226 0.426981 0.650877 1 
3 1 0.035937 0.393187 0.002329 0.412481 0.733333 1 
