5 0 0.035487 0.54463 0.002349 0.490161 0.663158 1 
5 0.021277 0.034436 0.528265 0.002248 0.467374 0.687719 0 
5 0.042553 0.034856 0.496727 0.002302 0.518643 0.580263 0 
5 0.06383 0.034226 0.447783 0.002289 0.498964 0.637281 0 
5 0.085106 0.034016 0.387533 0.002202 0.452097 0.665789 0 
5 0.106383 0.033205 0.334871 0.002115 0.406784 0.65614 0 
5 0.12766 0.031344 0.283695 0.001566 0.358364 0.65614 0 
5 0.148936 0.02609 0.246653 0.001739 0.324961 0.753947 0 
5 0.170213 0.02606 0.226867 0.001739 0.306577 0.724123 0 
5 0.191489 0.024379 0.222255 0.001631 0.29622 0.728947 0 
5 0.212766 0.027021 0.250074 0.001803 0.311497 0.747368 0 
5 0.234043 0.029813 0.304671 0.00199 0.33972 0.685965 0 
5 0.255319 0.031404 0.417138 0.002104 0.425168 0.660526 0 
5 0.276596 0.033325 0.529158 0.002117 0.511134 0.574561 0 
5 0.297872 0.033295 0.54701 0.002204 0.548938 0.538596 0 
5 0.319149 0.037108 0.612318 0.002457 0.617297 0.575877 1 
5 0.340426 0.037348 0.628087 0.00248 0.659244 0.527193 1 
5 0.361702 0.036718 0.60964 0.002441 0.652253 0.534649 1 
5 0.382979 0.03942 0.63493 0.002615 0.650181 0.52193 1 
5 0.404255 0.037889 0.634335 0.002526 0.640083 0.553947 1 
5 0.425532 0.036748 0.61083 0.002455 0.612636 0.565351 1 
5 0.446809 0.034256 0.582862 0.002295 0.596582 0.502632 0 
5 0.468085 0.033325 0.557721 0.002239 0.573796 0.546491 0 
5 0.489362 0.033325 0.542844 0.002231 0.564215 0.568421 0 
5 0.510638 0.033325 0.532728 0.002223 0.540911 0.588158 0 
5 0.531915 0.033325 0.522017 0.002216 0.538322 0.567982 0 
5 0.553191 0.033325 0.514281 0.002221 0.559037 0.521491 0 
5 0.574468 0.033325 0.503422 0.002227 0.55593 0.526754 0 
5 0.595745 0.033325 0.490479 0.002221 0.547903 0.563596 0 
5 0.617021 0.033325 0.479024 0.002212 0.542465 0.575877 0 
5 0.638298 0.033325 0.473669 0.002204 0.521233 0.585088 0 
5 0.659574 0.033325 0.476941 0.0022 0.516572 0.57807 0 
5 0.680851 0.033325 0.491372 0.002179 0.510098 0.540789 0 
5 0.702128 0.033325 0.513984 0.0022 0.522527 0.52807 0 
5 0.723404 0.035727 0.555787 0.002221 0.55334 0.534211 1 
5 0.744681 0.041131 0.666171 0.002341 0.595287 0.576316 1 
5 0.765957 0.056803 0.726123 0.002605 0.646297 0.532456 1 
5 0.787234 0.060046 0.72404 0.002981 0.636199 0.513596 1 
5 0.808511 0.041071 0.700833 0.002597 0.607716 0.567982 1 
5 0.829787 0.037799 0.678965 0.002493 0.582082 0.578947 1 
5 0.851064 0.037679 0.665724 0.002493 0.554376 0.589474 1 
5 0.87234 0.037408 0.649807 0.002538 0.528224 0.604825 1 
5 0.893617 0.034166 0.600565 0.002389 0.494045 0.608333 0 
5 0.914894 0.033325 0.551175 0.002216 0.462196 0.614035 0 
5 0.93617 0.033325 0.587028 0.002254 0.441481 0.640351 0 
5 0.957447 0.033325 0.585838 0.002235 0.428534 0.658772 0 
5 0.978723 0.034196 0.571407 0.002391 0.507509 0.564474 0 
5 1 0.033355 0.561143 0.002358 0.496634 0.570175 0 
