7 0 0.073856 0.595061 0.00478 0.523045 0.664035 0 
7 0.021277 0.068932 0.585391 0.003635 0.5 0.660965 0 
7 0.042553 0.068902 0.541803 0.004236 0.544795 0.578509 0 
7 0.06383 0.067071 0.489884 0.003752 0.522786 0.615789 0 
7 0.085106 0.054612 0.429337 0.003396 0.48291 0.615789 0 
7 0.106383 0.05212 0.371467 0.00329 0.445883 0.725439 0 
7 0.12766 0.048697 0.31925 0.003018 0.423615 0.772368 0 
7 0.148936 0.044974 0.276555 0.002005 0.396168 0.772368 0 
7 0.170213 0.031044 0.252603 0.001614 0.365614 0.772368 0 
7 0.191489 0.029873 0.240256 0.001504 0.337131 0.794298 0 
7 0.212766 0.036418 0.244421 0.00157 0.314604 0.794298 0 
7 0.234043 0.032725 0.260488 0.001668 0.314863 0.794298 0 
7 0.255319 0.044824 0.296489 0.001629 0.319782 0.794298 0 
7 0.276596 0.042422 0.340226 0.001872 0.337649 0.794298 0 
7 0.297872 0.044434 0.400625 0.001764 0.324443 0.816228 0 
7 0.319149 0.053621 0.492711 0.002113 0.360435 0.836404 0 
7 0.340426 0.067221 0.586284 0.003876 0.417918 0.88114 0 
7 0.361702 0.083674 0.654716 0.005316 0.465562 0.865789 0 
7 0.382979 0.086766 0.69399 0.005511 0.506732 0.828509 1 
7 0.404255 0.086436 0.687593 0.005509 0.524858 0.807456 1 
7 0.425532 0.085565 0.663195 0.005449 0.517349 0.807456 1 
7 0.446809 0.075718 0.621244 0.004798 0.519161 0.832456 0 
7 0.468085 0.06566 0.576465 0.004144 0.502848 0.804825 0 
7 0.489362 0.056323 0.542844 0.003523 0.499482 0.789474 0 
7 0.510638 0.05272 0.508033 0.003029 0.469964 0.816228 0 
7 0.531915 0.05239 0.48319 0.002975 0.462455 0.816228 0 
7 0.553191 0.05239 0.452246 0.003058 0.464267 0.814474 0 
7 0.574468 0.049688 0.427551 0.00295 0.46349 0.816228 0 
7 0.595745 0.041462 0.41089 0.002497 0.447954 0.815789 0 
7 0.617021 0.037709 0.398542 0.002052 0.428793 0.815351 0 
7 0.638298 0.042452 0.396608 0.002703 0.42465 0.802193 0 
7 0.659574 0.036117 0.408063 0.002092 0.431901 0.816228 0 
7 0.680851 0.037378 0.44332 0.001874 0.433454 0.816228 0 
7 0.702128 0.046415 0.521422 0.002983 0.461678 0.753509 0 
7 0.723404 0.057404 0.62526 0.003685 0.51942 0.827632 0 
7 0.744681 0.087156 0.735495 0.005636 0.595287 0.691228 1 
7 0.765957 0.097904 0.759744 0.006423 0.607198 0.629386 1 
7 0.787234 0.09259 0.740256 0.006084 0.578975 0.676754 1 
7 0.808511 0.079621 0.702321 0.00517 0.544278 0.769737 1 
7 0.829787 0.086826 0.666171 0.003635 0.50492 0.698246 1 
7 0.851064 0.088597 0.641178 0.003635 0.483169 0.691228 1 
7 0.87234 0.090639 0.622583 0.00483 0.462973 0.691228 1 
7 0.893617 0.088597 0.588367 0.003635 0.439151 0.691228 1 
7 0.914894 0.071484 0.542101 0.003635 0.418954 0.712719 1 
7 0.93617 0.056053 0.545968 0.003635 0.410927 0.700877 0 
7 0.957447 0.060466 0.555638 0.003635 0.400311 0.699561 0 
7 0.978723 0.068542 0.549539 0.003716 0.465821 0.661842 1 
7 1 0.054311 0.514133 0.00274 0.467633 0.634211 0 
