5 0 0.075087 0.39274 0.005164 0.403418 0.376316 1 
5 0.021277 0.064969 0.335763 0.004445 0.370274 0.348684 0 
5 0.042553 0.071905 0.285927 0.004942 0.420766 0.338596 1 
5 0.06383 0.060046 0.240702 0.004119 0.383998 0.398246 0 
5 0.085106 0.042933 0.194585 0.002916 0.329104 0.503509 0 
5 0.106383 0.042182 0.176436 0.00284 0.282496 0.497807 0 
5 0.12766 0.035427 0.168105 0.002385 0.256085 0.542982 0 
5 0.148936 0.035277 0.173163 0.00236 0.238219 0.56886 0 
5 0.170213 0.042692 0.200833 0.002848 0.250647 0.552632 0 
5 0.191489 0.049327 0.236537 0.003305 0.265148 0.546053 0 
5 0.212766 0.06632 0.315829 0.004472 0.322372 0.499123 0 
5 0.234043 0.073346 0.405683 0.004958 0.402382 0.391667 1 
5 0.255319 0.075868 0.422791 0.005228 0.515536 0.279386 1 
5 0.276596 0.095443 0.475751 0.006649 0.600466 0.24693 1 
5 0.297872 0.06617 0.497173 0.004574 0.559814 0.283772 0 
5 0.319149 0.082953 0.507289 0.005685 0.560849 0.293421 1 
5 0.340426 0.094031 0.556828 0.006421 0.578198 0.283333 1 
5 0.361702 0.094001 0.582118 0.00652 0.578198 0.311404 1 
5 0.382979 0.096073 0.569325 0.00656 0.578457 0.264035 1 
5 0.404255 0.081152 0.555341 0.005565 0.585707 0.285088 1 
5 0.425532 0.09208 0.562035 0.00629 0.597359 0.261404 1 
5 0.446809 0.097064 0.57111 0.006575 0.600466 0.272368 1 
5 0.468085 0.096403 0.566647 0.006543 0.593993 0.300877 1 
5 0.489362 0.09148 0.566498 0.006223 0.600207 0.27807 1 
5 0.510638 0.102678 0.567391 0.006934 0.614966 0.285088 1 
5 0.531915 0.102078 0.56992 0.006955 0.62144 0.307018 1 
5 0.553191 0.115468 0.577804 0.007862 0.619109 0.375877 1 
5 0.574468 0.11856 0.576912 0.008027 0.626359 0.389035 1 
5 0.595745 0.1055 0.573788 0.0071 0.61652 0.313158 1 
5 0.617021 0.107091 0.577655 0.007262 0.611859 0.331579 1 
5 0.638298 0.103849 0.588515 0.006948 0.61419 0.338158 1 
5 0.659574 0.101087 0.595656 0.006863 0.600725 0.321053 1 
5 0.680851 0.101988 0.585986 0.006919 0.588296 0.351316 1 
5 0.702128 0.1058 0.587771 0.007169 0.584671 0.325439 1 
5 0.723404 0.095833 0.559357 0.006277 0.540911 0.399561 1 
5 0.744681 0.088807 0.538828 0.00597 0.494562 0.454386 1 
5 0.765957 0.059745 0.50967 0.004024 0.459347 0.413596 0 
5 0.787234 0.055392 0.49881 0.003739 0.418695 0.416228 0 
5 0.808511 0.076888 0.520232 0.005166 0.418954 0.482018 0 
5 0.829787 0.082593 0.518149 0.00553 0.447437 0.435526 1 
5 0.851064 0.077789 0.483338 0.005231 0.452356 0.420175 0 
5 0.87234 0.067071 0.442725 0.004518 0.421802 0.422807 0 
5 0.893617 0.074667 0.457453 0.005 0.384516 0.537281 0 
5 0.914894 0.063318 0.457751 0.004236 0.345676 0.467105 0 
5 0.93617 0.051639 0.474561 0.003492 0.313309 0.523684 0 
5 0.957447 0.055032 0.477388 0.003758 0.308648 0.440351 0 
5 0.978723 0.077459 0.468611 0.005343 0.428276 0.267982 0 
5 1 0.074997 0.441684 0.005197 0.434231 0.324561 0 
