3 0 0.049838 0.362541 0.003467 0.422915 0.414912 0 
3 0.021277 0.049838 0.300803 0.003467 0.422915 0.414912 0 
3 0.042553 0.041431 0.241595 0.003467 0.422915 0.414912 0 
3 0.06383 0.041431 0.206784 0.003467 0.422915 0.414912 0 
3 0.085106 0.049838 0.185064 0.003467 0.422915 0.414912 0 
3 0.106383 0.041431 0.166022 0.003467 0.422915 0.414912 0 
3 0.12766 0.06584 0.164683 0.003467 0.422915 0.414912 0 
3 0.148936 0.066531 0.165278 0.003467 0.422915 0.414912 0 
3 0.170213 0.057944 0.193246 0.003467 0.422915 0.414912 0 
3 0.191489 0.071755 0.228206 0.003467 0.422915 0.414912 0 
3 0.212766 0.074156 0.311812 0.003467 0.422915 0.414912 0 
3 0.234043 0.073526 0.390211 0.003467 0.422915 0.414912 0 
3 0.255319 0.073526 0.419667 0.003467 0.422915 0.414912 0 
3 0.276596 0.066981 0.482892 0.003467 0.422915 0.414912 0 
3 0.297872 0.074156 0.518744 0.003467 0.422915 0.414912 0 
3 0.319149 0.073526 0.541654 0.003467 0.422915 0.414912 0 
3 0.340426 0.085775 0.593276 0.003467 0.422915 0.414912 1 
3 0.361702 0.09259 0.618566 0.003467 0.422915 0.414912 1 
3 0.382979 0.085775 0.612615 0.003467 0.422915 0.414912 1 
3 0.404255 0.09259 0.610681 0.003467 0.422915 0.414912 1 
3 0.425532 0.09259 0.612615 0.003467 0.422915 0.414912 1 
3 0.446809 0.09259 0.620202 0.003467 0.422915 0.414912 1 
3 0.468085 0.087066 0.619607 0.003467 0.422915 0.414912 1 
3 0.489362 0.085775 0.6205 0.003467 0.422915 0.414912 1 
3 0.510638 0.09259 0.623029 0.003467 0.422915 0.414912 1 
3 0.531915 0.09259 0.630913 0.003467 0.422915 0.414912 1 
3 0.553191 0.085775 0.629426 0.003467 0.422915 0.414912 1 
3 0.574468 0.07896 0.629426 0.003467 0.422915 0.414912 1 
3 0.595745 0.085775 0.624219 0.003467 0.422915 0.414912 1 
3 0.617021 0.085775 0.631062 0.003467 0.422915 0.414912 1 
3 0.638298 0.099075 0.635674 0.003467 0.422915 0.414912 1 
3 0.659574 0.09259 0.631508 0.003467 0.422915 0.414912 1 
3 0.680851 0.07896 0.614252 0.003467 0.422915 0.414912 1 
3 0.702128 0.071755 0.596251 0.003467 0.422915 0.414912 0 
3 0.723404 0.066891 0.551622 0.003467 0.422915 0.414912 0 
3 0.744681 0.057944 0.520678 0.003467 0.422915 0.414912 0 
3 0.765957 0.057764 0.490925 0.003467 0.422915 0.414912 0 
3 0.787234 0.057944 0.473073 0.003467 0.422915 0.414912 0 
3 0.808511 0.066741 0.494793 0.003467 0.422915 0.414912 0 
3 0.829787 0.057854 0.49033 0.003467 0.422915 0.414912 0 
3 0.851064 0.057674 0.449271 0.003467 0.422915 0.414912 0 
3 0.87234 0.054912 0.419964 0.003467 0.422915 0.414912 0 
3 0.893617 0.066741 0.438857 0.003467 0.422915 0.414912 0 
3 0.914894 0.06584 0.443618 0.003467 0.422915 0.414912 0 
3 0.93617 0.069383 0.448378 0.003467 0.422915 0.414912 0 
3 0.957447 0.057944 0.434692 0.003467 0.422915 0.414912 0 
3 0.978723 0.054912 0.421749 0.003467 0.422915 0.414912 0 
3 1 0.054912 0.386492 0.003467 0.422915 0.414912 0 
