7 0 0.041642 0.441982 0.003467 0.422915 0.414912 0 
7 0.021277 0.061577 0.387682 0.003467 0.422915 0.414912 0 
7 0.042553 0.061517 0.360161 0.003467 0.422915 0.414912 0 
7 0.06383 0.041492 0.307051 0.003467 0.422915 0.414912 0 
7 0.085106 0.041431 0.262422 0.003467 0.422915 0.414912 0 
7 0.106383 0.061517 0.233413 0.003467 0.422915 0.414912 0 
7 0.12766 0.061517 0.202618 0.003467 0.422915 0.414912 0 
7 0.148936 0.041431 0.173758 0.003467 0.422915 0.414912 0 
7 0.170213 0.055632 0.152336 0.003467 0.422915 0.414912 0 
7 0.191489 0.041431 0.141625 0.003467 0.422915 0.414912 0 
7 0.212766 0.041431 0.148616 0.003467 0.422915 0.414912 0 
7 0.234043 0.059175 0.157542 0.003467 0.422915 0.414912 0 
7 0.255319 0.059175 0.185808 0.003467 0.422915 0.414912 0 
7 0.276596 0.059175 0.213181 0.003467 0.422915 0.414912 0 
7 0.297872 0.073976 0.246802 0.003467 0.422915 0.414912 0 
7 0.319149 0.082263 0.326391 0.003467 0.422915 0.414912 1 
7 0.340426 0.086496 0.414014 0.003467 0.422915 0.414912 1 
7 0.361702 0.087366 0.485421 0.003467 0.422915 0.414912 1 
7 0.382979 0.088838 0.543886 0.003467 0.422915 0.414912 1 
7 0.404255 0.090008 0.571407 0.003467 0.422915 0.414912 1 
7 0.425532 0.067581 0.568134 0.003467 0.422915 0.414912 0 
7 0.446809 0.067581 0.545076 0.003467 0.422915 0.414912 0 
7 0.468085 0.067581 0.528563 0.003467 0.422915 0.414912 0 
7 0.489362 0.082263 0.489438 0.003467 0.422915 0.414912 1 
7 0.510638 0.059175 0.472627 0.003467 0.422915 0.414912 0 
7 0.531915 0.059175 0.447932 0.003467 0.422915 0.414912 0 
7 0.553191 0.067581 0.424725 0.003467 0.422915 0.414912 0 
7 0.574468 0.067581 0.398393 0.003467 0.422915 0.414912 0 
7 0.595745 0.078209 0.379946 0.003467 0.422915 0.414912 1 
7 0.617021 0.078209 0.378012 0.003467 0.422915 0.414912 1 
7 0.638298 0.082052 0.382922 0.003467 0.422915 0.414912 1 
7 0.659574 0.082263 0.394972 0.003467 0.422915 0.414912 1 
7 0.680851 0.093281 0.43127 0.003467 0.422915 0.414912 1 
7 0.702128 0.10475 0.496727 0.003467 0.422915 0.414912 1 
7 0.723404 0.162514 0.597739 0.003467 0.422915 0.414912 1 
7 0.744681 0.179596 0.702618 0.003467 0.422915 0.414912 1 
7 0.765957 0.179596 0.734752 0.003467 0.422915 0.414912 1 
7 0.787234 0.179236 0.725231 0.003467 0.422915 0.414912 1 
7 0.808511 0.119761 0.697411 0.003467 0.422915 0.414912 1 
7 0.829787 0.10475 0.677626 0.003467 0.422915 0.414912 1 
7 0.851064 0.103579 0.654121 0.003467 0.422915 0.414912 1 
7 0.87234 0.09247 0.627046 0.003467 0.422915 0.414912 1 
7 0.893617 0.090008 0.570961 0.003467 0.422915 0.414912 1 
7 0.914894 0.088838 0.516513 0.003467 0.422915 0.414912 1 
7 0.93617 0.088838 0.52291 0.003467 0.422915 0.414912 1 
7 0.957447 0.087366 0.486314 0.003467 0.422915 0.414912 1 
7 0.978723 0.087366 0.470544 0.003467 0.422915 0.414912 1 
7 1 0.067581 0.442428 0.003467 0.422915 0.414912 0 
