7 0 0.075838 0.440643 0.005297 0.430606 0.517982 1 
7 0.021277 0.073015 0.434246 0.004894 0.390989 0.573684 1 
7 0.042553 0.074787 0.397352 0.004998 0.436561 0.435965 1 
7 0.06383 0.067581 0.34454 0.004551 0.402123 0.503509 1 
7 0.085106 0.053531 0.284885 0.003567 0.357587 0.569737 0 
7 0.106383 0.048727 0.236537 0.003187 0.303729 0.637281 0 
7 0.12766 0.038099 0.186254 0.002497 0.260228 0.668421 0 
7 0.148936 0.038429 0.155162 0.00252 0.228638 0.701754 0 
7 0.170213 0.028942 0.134037 0.001888 0.207664 0.687281 0 
7 0.191489 0.027831 0.123029 0.00182 0.176851 0.707456 0 
7 0.212766 0.031854 0.133294 0.002081 0.171414 0.709649 0 
7 0.234043 0.034286 0.144451 0.002237 0.181512 0.70614 0 
7 0.255319 0.046986 0.181494 0.002023 0.204298 0.67807 0 
7 0.276596 0.048577 0.23371 0.001317 0.216209 0.604386 0 
7 0.297872 0.072655 0.277596 0.002179 0.227602 0.594298 1 
7 0.319149 0.090699 0.343053 0.002528 0.265148 0.594298 1 
7 0.340426 0.089138 0.402559 0.003126 0.300104 0.620614 1 
7 0.361702 0.089138 0.432163 0.003774 0.336354 0.620614 1 
7 0.382979 0.089288 0.453883 0.005634 0.375971 0.636404 1 
7 0.404255 0.089138 0.471883 0.004497 0.38581 0.638596 1 
7 0.425532 0.089138 0.449717 0.005241 0.387364 0.638596 1 
7 0.446809 0.089138 0.432014 0.003677 0.380114 0.638596 1 
7 0.468085 0.089138 0.418774 0.004246 0.367685 0.638596 1 
7 0.489362 0.089288 0.405683 0.004543 0.370792 0.611842 1 
7 0.510638 0.089438 0.390211 0.00462 0.361212 0.655702 1 
7 0.531915 0.089138 0.378905 0.005488 0.346194 0.699561 1 
7 0.553191 0.089138 0.362243 0.004117 0.34464 0.699561 1 
7 0.574468 0.085595 0.341565 0.004186 0.328586 0.696053 1 
7 0.595745 0.082263 0.336953 0.004657 0.315122 0.698246 1 
7 0.617021 0.071064 0.326242 0.003226 0.290523 0.698246 1 
7 0.638298 0.060076 0.320589 0.003436 0.284568 0.698246 0 
7 0.659574 0.057073 0.316126 0.003535 0.28405 0.690789 0 
7 0.680851 0.067882 0.310771 0.002929 0.278353 0.639035 1 
7 0.702128 0.053921 0.314787 0.003238 0.298291 0.623684 0 
7 0.723404 0.048667 0.317019 0.003214 0.313309 0.635526 0 
7 0.744681 0.05296 0.374888 0.003272 0.33506 0.624561 0 
7 0.765957 0.081302 0.441982 0.005386 0.386328 0.538596 1 
7 0.787234 0.089138 0.453883 0.005879 0.429829 0.548246 1 
7 0.808511 0.089288 0.420411 0.005955 0.416882 0.387281 1 
7 0.829787 0.089138 0.384558 0.005945 0.386846 0.494298 1 
7 0.851064 0.086706 0.360161 0.005779 0.35448 0.537719 1 
7 0.87234 0.063348 0.337846 0.004225 0.337908 0.509649 0 
7 0.893617 0.058785 0.322821 0.00392 0.320041 0.507456 0 
7 0.914894 0.051909 0.301696 0.003471 0.297255 0.464035 0 
7 0.93617 0.087006 0.332937 0.005818 0.299068 0.537719 1 
7 0.957447 0.07902 0.343499 0.005301 0.304505 0.514035 1 
7 0.978723 0.089828 0.353169 0.006066 0.40523 0.359649 1 
7 1 0.089288 0.331151 0.006043 0.404972 0.384649 1 
