6 0 0.050348 0.381732 0.00323 0.332988 0.767544 1 
6 0.021277 0.076888 0.357929 0.004848 0.299845 0.835088 1 
6 0.042553 0.100847 0.313895 0.006377 0.352408 0.791228 1 
6 0.06383 0.061006 0.25186 0.003845 0.327809 0.784211 1 
6 0.085106 0.03993 0.197709 0.002511 0.292336 0.805263 0 
6 0.106383 0.038759 0.160071 0.002445 0.260228 0.809211 0 
6 0.12766 0.036538 0.118863 0.002302 0.228379 0.870614 0 
6 0.148936 0.036057 0.100863 0.00227 0.211289 0.882018 0 
6 0.170213 0.029482 0.087028 0.001834 0.192905 0.873684 0 
6 0.191489 0.029422 0.08911 0.001824 0.176592 0.893421 0 
6 0.212766 0.029422 0.095507 0.001791 0.161315 0.897368 0 
6 0.234043 0.029753 0.105623 0.001793 0.149663 0.897368 0 
6 0.255319 0.031434 0.126897 0.001818 0.152771 0.897368 0 
6 0.276596 0.031434 0.144302 0.001838 0.141378 0.897368 0 
6 0.297872 0.030443 0.152484 0.001668 0.107716 0.897368 0 
6 0.319149 0.032034 0.195478 0.001919 0.120404 0.897368 0 
6 0.340426 0.034046 0.238917 0.002088 0.149922 0.872368 0 
6 0.361702 0.035427 0.274174 0.001813 0.163387 0.884211 0 
6 0.382979 0.035427 0.303035 0.002065 0.178664 0.884211 0 
6 0.404255 0.035427 0.314639 0.001791 0.17711 0.884211 0 
6 0.425532 0.035427 0.334424 0.001986 0.182289 0.884211 0 
6 0.446809 0.035427 0.318953 0.001886 0.183843 0.922368 0 
6 0.468085 0.035427 0.324606 0.002002 0.181253 0.884211 0 
6 0.489362 0.035427 0.322374 0.002011 0.183843 0.884211 0 
6 0.510638 0.035427 0.319399 0.002194 0.187468 0.899123 0 
6 0.531915 0.038519 0.304076 0.002378 0.186432 0.925877 0 
6 0.553191 0.037649 0.291134 0.002306 0.173226 0.90307 0 
6 0.574468 0.036958 0.278637 0.002266 0.168566 0.925877 0 
6 0.595745 0.035517 0.270009 0.002187 0.157431 0.935526 0 
6 0.617021 0.035667 0.260785 0.002181 0.148887 0.935526 0 
6 0.638298 0.035877 0.258852 0.002183 0.149404 0.935526 0 
6 0.659574 0.037018 0.269414 0.002243 0.144744 0.935526 0 
6 0.680851 0.036448 0.277447 0.002243 0.154065 0.94386 0 
6 0.702128 0.036718 0.294258 0.002229 0.17245 0.918421 0 
6 0.723404 0.03969 0.319548 0.002378 0.210254 0.910088 1 
6 0.744681 0.069593 0.372508 0.004231 0.258415 0.911404 1 
6 0.765957 0.161763 0.407022 0.010093 0.311756 0.85307 1 
6 0.787234 0.111595 0.394228 0.006996 0.318229 0.834649 1 
6 0.808511 0.087336 0.357632 0.004744 0.294666 0.827193 1 
6 0.829787 0.05323 0.329813 0.003058 0.28146 0.838158 1 
6 0.851064 0.03996 0.304969 0.002497 0.265407 0.87807 0 
6 0.87234 0.040591 0.294258 0.002524 0.248317 0.882018 0 
6 0.893617 0.038519 0.271794 0.002387 0.233558 0.910088 0 
6 0.914894 0.035427 0.256918 0.002189 0.216209 0.921491 0 
6 0.93617 0.03903 0.292472 0.002266 0.204816 0.925877 0 
6 0.957447 0.040711 0.311961 0.002243 0.207923 0.891667 0 
6 0.978723 0.072895 0.329515 0.004591 0.295184 0.777193 1 
6 1 0.066471 0.322672 0.004184 0.292336 0.801754 1 
