3 0 0.028702 0.413865 0.001857 0.382703 0.655263 0 
3 0.021277 0.027531 0.39765 0.001797 0.363801 0.651316 0 
3 0.042553 0.028131 0.369384 0.001843 0.438633 0.582456 0 
3 0.06383 0.027711 0.334573 0.001822 0.426463 0.587281 0 
3 0.085106 0.027381 0.287414 0.00178 0.396168 0.603509 0 
3 0.106383 0.028612 0.243529 0.001778 0.367685 0.616667 0 
3 0.12766 0.027441 0.213329 0.001803 0.346194 0.645175 0 
3 0.148936 0.026991 0.188783 0.00177 0.33014 0.661842 0 
3 0.170213 0.028312 0.177179 0.001849 0.312015 0.683772 0 
3 0.191489 0.027561 0.181791 0.001799 0.297514 0.717105 0 
3 0.212766 0.028552 0.218239 0.001857 0.307095 0.734211 0 
3 0.234043 0.027081 0.265248 0.001768 0.328327 0.726754 0 
3 0.255319 0.034106 0.369087 0.002243 0.404195 0.626316 0 
3 0.276596 0.031074 0.488991 0.002079 0.478767 0.498246 0 
3 0.297872 0.031884 0.542696 0.002183 0.540394 0.392105 0 
3 0.319149 0.036358 0.629277 0.002528 0.622216 0.339035 0 
3 0.340426 0.029272 0.645492 0.00204 0.657172 0.299561 0 
3 0.361702 0.036748 0.63493 0.002555 0.668307 0.294737 0 
3 0.382979 0.031134 0.641327 0.00216 0.676592 0.288596 0 
3 0.404255 0.029212 0.631955 0.002009 0.65536 0.284211 0 
3 0.425532 0.029242 0.62526 0.002009 0.636458 0.31886 0 
3 0.446809 0.030293 0.609789 0.002086 0.630761 0.332456 0 
3 0.468085 0.031494 0.597739 0.002181 0.609011 0.346491 0 
3 0.489362 0.029152 0.584945 0.002032 0.596582 0.36886 0 
3 0.510638 0.031344 0.578251 0.002175 0.575608 0.364912 0 
3 0.531915 0.029122 0.569473 0.002032 0.571983 0.351316 0 
3 0.553191 0.029062 0.56501 0.002025 0.583635 0.378509 0 
3 0.574468 0.029002 0.555638 0.002025 0.581305 0.367544 0 
3 0.595745 0.028882 0.548944 0.002017 0.55826 0.402193 0 
3 0.617021 0.028251 0.529604 0.001973 0.55101 0.365789 0 
3 0.638298 0.027201 0.538381 0.001901 0.535474 0.370175 0 
3 0.659574 0.028161 0.558911 0.001982 0.542983 0.379386 0 
3 0.680851 0.029933 0.594317 0.0021 0.558001 0.375877 0 
3 0.702128 0.036568 0.653377 0.002551 0.601243 0.354386 0 
3 0.723404 0.046445 0.743529 0.003265 0.683843 0.325877 1 
3 0.744681 0.07914 0.79753 0.00549 0.763076 0.290351 1 
3 0.765957 0.040261 0.785629 0.002771 0.746245 0.281579 1 
3 0.787234 0.036898 0.753347 0.002532 0.692905 0.330263 1 
3 0.808511 0.035127 0.714668 0.00241 0.647592 0.34693 0 
3 0.829787 0.035547 0.686998 0.002447 0.624288 0.360526 1 
3 0.851064 0.035337 0.668253 0.002435 0.591662 0.384211 1 
3 0.87234 0.035007 0.64222 0.002412 0.565769 0.374561 1 
3 0.893617 0.033746 0.59878 0.002329 0.530554 0.389474 1 
3 0.914894 0.028191 0.553853 0.001965 0.495598 0.427632 0 
3 0.93617 0.033746 0.570961 0.002314 0.460383 0.562719 1 
3 0.957447 0.030743 0.561143 0.002075 0.434231 0.501316 0 
3 0.978723 0.051159 0.554894 0.003463 0.484464 0.521053 1 
3 1 0.048487 0.557275 0.002798 0.470741 0.55614 1 
