6 0 0.049838 0.325647 0.003467 0.422915 0.414912 0 
6 0.021277 0.041131 0.248289 0.003467 0.422915 0.414912 0 
6 0.042553 0.041131 0.191907 0.003467 0.422915 0.414912 0 
6 0.06383 0.043053 0.150402 0.003467 0.422915 0.414912 0 
6 0.085106 0.043053 0.120649 0.003467 0.422915 0.414912 0 
6 0.106383 0.041131 0.100863 0.003467 0.422915 0.414912 0 
6 0.12766 0.040351 0.089408 0.003467 0.422915 0.414912 0 
6 0.148936 0.043053 0.091491 0.003467 0.422915 0.414912 0 
6 0.170213 0.041431 0.096549 0.003467 0.422915 0.414912 0 
6 0.191489 0.041431 0.105921 0.003467 0.422915 0.414912 0 
6 0.212766 0.071184 0.133889 0.003467 0.422915 0.414912 1 
6 0.234043 0.041431 0.156352 0.003467 0.422915 0.414912 0 
6 0.255319 0.068242 0.185957 0.003467 0.422915 0.414912 1 
6 0.276596 0.068242 0.24695 0.003467 0.422915 0.414912 1 
6 0.297872 0.070073 0.303184 0.003467 0.422915 0.414912 1 
6 0.319149 0.051849 0.335466 0.003467 0.422915 0.414912 0 
6 0.340426 0.051849 0.383071 0.003467 0.422915 0.414912 0 
6 0.361702 0.051849 0.405237 0.003467 0.422915 0.414912 0 
6 0.382979 0.051849 0.407319 0.003467 0.422915 0.414912 0 
6 0.404255 0.054191 0.405385 0.003467 0.422915 0.414912 0 
6 0.425532 0.051849 0.406873 0.003467 0.422915 0.414912 0 
6 0.446809 0.051849 0.408509 0.003467 0.422915 0.414912 0 
6 0.468085 0.051849 0.40479 0.003467 0.422915 0.414912 0 
6 0.489362 0.051849 0.406575 0.003467 0.422915 0.414912 0 
6 0.510638 0.051849 0.410295 0.003467 0.422915 0.414912 0 
6 0.531915 0.051849 0.405385 0.003467 0.422915 0.414912 0 
6 0.553191 0.068242 0.403749 0.003467 0.422915 0.414912 1 
6 0.574468 0.051849 0.403451 0.003467 0.422915 0.414912 0 
6 0.595745 0.051849 0.408063 0.003467 0.422915 0.414912 0 
6 0.617021 0.071935 0.412972 0.003467 0.422915 0.414912 1 
6 0.638298 0.070073 0.415948 0.003467 0.422915 0.414912 1 
6 0.659574 0.070073 0.420857 0.003467 0.422915 0.414912 1 
6 0.680851 0.070073 0.412526 0.003467 0.422915 0.414912 1 
6 0.702128 0.068242 0.423237 0.003467 0.422915 0.414912 1 
6 0.723404 0.074517 0.426956 0.003467 0.422915 0.414912 1 
6 0.744681 0.051849 0.416096 0.003467 0.422915 0.414912 0 
6 0.765957 0.074517 0.402261 0.003467 0.422915 0.414912 1 
6 0.787234 0.077939 0.406724 0.003467 0.422915 0.414912 1 
6 0.808511 0.081212 0.415799 0.003467 0.422915 0.414912 1 
6 0.829787 0.068242 0.402856 0.003467 0.422915 0.414912 1 
6 0.851064 0.068242 0.369979 0.003467 0.422915 0.414912 1 
6 0.87234 0.068242 0.342755 0.003467 0.422915 0.414912 1 
6 0.893617 0.071935 0.347367 0.003467 0.422915 0.414912 1 
6 0.914894 0.049838 0.346772 0.003467 0.422915 0.414912 0 
6 0.93617 0.071935 0.346474 0.003467 0.422915 0.414912 1 
6 0.957447 0.068242 0.324308 0.003467 0.422915 0.414912 1 
6 0.978723 0.047916 0.296787 0.003467 0.422915 0.414912 0 
6 1 0.041431 0.253198 0.003467 0.422915 0.414912 0 
