5 0 0.054131 0.47114 0.003666 0.420508 0.523684 0 
5 0.021277 0.047226 0.448527 0.003182 0.38581 0.552193 0 
5 0.042553 0.049418 0.422642 0.00334 0.429829 0.478509 0 
5 0.06383 0.046445 0.368045 0.003135 0.399793 0.479825 0 
5 0.085106 0.044974 0.310473 0.003045 0.345158 0.471053 0 
5 0.106383 0.043413 0.267034 0.002931 0.297773 0.561842 0 
5 0.12766 0.041822 0.217792 0.002781 0.248576 0.635965 0 
5 0.148936 0.040531 0.188783 0.002655 0.227343 0.692544 0 
5 0.170213 0.036418 0.175245 0.002385 0.203004 0.707018 0 
5 0.191489 0.036358 0.17346 0.002381 0.195495 0.692982 0 
5 0.212766 0.03918 0.20366 0.002557 0.208182 0.735526 0 
5 0.234043 0.041792 0.250074 0.002721 0.238995 0.715789 0 
5 0.255319 0.042752 0.350491 0.002813 0.311497 0.64386 0 
5 0.276596 0.044584 0.457007 0.002995 0.392284 0.545175 0 
5 0.297872 0.050288 0.475751 0.003425 0.454169 0.487281 0 
5 0.319149 0.059175 0.536001 0.004026 0.53392 0.540351 1 
5 0.340426 0.069743 0.549093 0.004674 0.567582 0.466667 1 
5 0.361702 0.06518 0.541208 0.004593 0.571207 0.380263 1 
5 0.382979 0.060796 0.56873 0.004165 0.576903 0.420175 1 
5 0.404255 0.049898 0.570217 0.003444 0.570948 0.35 0 
5 0.425532 0.056983 0.548051 0.004073 0.572501 0.352632 1 
5 0.446809 0.053411 0.530051 0.00399 0.564215 0.349123 0 
5 0.468085 0.054431 0.516959 0.003772 0.564733 0.321053 1 
5 0.489362 0.055993 0.509075 0.003837 0.562144 0.359211 1 
5 0.510638 0.063198 0.498066 0.004306 0.543242 0.380263 1 
5 0.531915 0.053291 0.489735 0.004022 0.539617 0.361842 0 
5 0.553191 0.050859 0.486462 0.003936 0.55334 0.390351 0 
5 0.574468 0.045124 0.482297 0.003835 0.555671 0.390351 0 
5 0.595745 0.049327 0.477239 0.003932 0.546867 0.390351 0 
5 0.617021 0.046385 0.473371 0.003677 0.537027 0.387719 0 
5 0.638298 0.048817 0.469503 0.003353 0.519679 0.364474 0 
5 0.659574 0.048877 0.483338 0.003353 0.517607 0.419737 0 
5 0.680851 0.057223 0.509967 0.003899 0.522786 0.482018 1 
5 0.702128 0.055422 0.553407 0.003812 0.54609 0.487719 1 
5 0.723404 0.073856 0.618715 0.005046 0.600466 0.452632 1 
5 0.744681 0.103278 0.674502 0.006963 0.654324 0.419298 1 
5 0.765957 0.084034 0.666171 0.005656 0.641119 0.414912 1 
5 0.787234 0.072775 0.638203 0.004894 0.5971 0.454825 1 
5 0.808511 0.070464 0.604136 0.004744 0.55101 0.459211 1 
5 0.829787 0.060646 0.577655 0.004105 0.52667 0.495614 1 
5 0.851064 0.056173 0.559209 0.00382 0.505697 0.485088 1 
5 0.87234 0.06605 0.533472 0.004449 0.479803 0.522807 1 
5 0.893617 0.049177 0.484975 0.003315 0.434749 0.485965 0 
5 0.914894 0.044524 0.444362 0.003006 0.398498 0.564912 0 
5 0.93617 0.044134 0.483933 0.002968 0.388918 0.586842 0 
5 0.957447 0.044584 0.497769 0.003008 0.373641 0.551754 0 
5 0.978723 0.046055 0.509372 0.003143 0.454428 0.484211 0 
5 1 0.055362 0.500744 0.003882 0.459606 0.519298 1 
