2 0 0.073586 0.332639 0.003467 0.422915 0.414912 1 
2 0.021277 0.068302 0.305266 0.003467 0.422915 0.414912 0 
2 0.042553 0.047526 0.290092 0.003467 0.422915 0.414912 0 
2 0.06383 0.045965 0.239512 0.003467 0.422915 0.414912 0 
2 0.085106 0.044494 0.196073 0.003467 0.422915 0.414912 0 
2 0.106383 0.044494 0.156204 0.003467 0.422915 0.414912 0 
2 0.12766 0.060106 0.139839 0.003467 0.422915 0.414912 0 
2 0.148936 0.044494 0.118268 0.003467 0.422915 0.414912 0 
2 0.170213 0.040351 0.105921 0.003467 0.422915 0.414912 0 
2 0.191489 0.043203 0.111871 0.003467 0.422915 0.414912 0 
2 0.212766 0.045455 0.140286 0.003467 0.422915 0.414912 0 
2 0.234043 0.047286 0.175245 0.003467 0.422915 0.414912 0 
2 0.255319 0.057644 0.264207 0.003467 0.422915 0.414912 0 
2 0.276596 0.048487 0.341119 0.003467 0.422915 0.414912 0 
2 0.297872 0.064879 0.337102 0.003467 0.422915 0.414912 0 
2 0.319149 0.057644 0.394972 0.003467 0.422915 0.414912 0 
2 0.340426 0.047286 0.434097 0.003467 0.422915 0.414912 0 
2 0.361702 0.057644 0.453585 0.003467 0.422915 0.414912 0 
2 0.382979 0.075567 0.5 0.003467 0.422915 0.414912 1 
2 0.404255 0.084965 0.508182 0.003467 0.422915 0.414912 1 
2 0.425532 0.074517 0.500595 0.003467 0.422915 0.414912 1 
2 0.446809 0.06548 0.477239 0.003467 0.422915 0.414912 0 
2 0.468085 0.057644 0.470693 0.003467 0.422915 0.414912 0 
2 0.489362 0.057644 0.46504 0.003467 0.422915 0.414912 0 
2 0.510638 0.056263 0.456114 0.003467 0.422915 0.414912 0 
2 0.531915 0.057644 0.44942 0.003467 0.422915 0.414912 0 
2 0.553191 0.074517 0.440345 0.003467 0.422915 0.414912 1 
2 0.574468 0.074517 0.440494 0.003467 0.422915 0.414912 1 
2 0.595745 0.057644 0.430527 0.003467 0.422915 0.414912 0 
2 0.617021 0.057644 0.418477 0.003467 0.422915 0.414912 0 
2 0.638298 0.057644 0.41208 0.003467 0.422915 0.414912 0 
2 0.659574 0.057644 0.414014 0.003467 0.422915 0.414912 0 
2 0.680851 0.057644 0.414609 0.003467 0.422915 0.414912 0 
2 0.702128 0.074517 0.421749 0.003467 0.422915 0.414912 1 
2 0.723404 0.057644 0.41565 0.003467 0.422915 0.414912 0 
2 0.744681 0.056263 0.434395 0.003467 0.422915 0.414912 0 
2 0.765957 0.074517 0.489586 0.003467 0.422915 0.414912 1 
2 0.787234 0.057644 0.519191 0.003467 0.422915 0.414912 0 
2 0.808511 0.056263 0.492115 0.003467 0.422915 0.414912 0 
2 0.829787 0.046445 0.454478 0.003467 0.422915 0.414912 0 
2 0.851064 0.057644 0.439304 0.003467 0.422915 0.414912 0 
2 0.87234 0.047286 0.413567 0.003467 0.422915 0.414912 0 
2 0.893617 0.046445 0.377864 0.003467 0.422915 0.414912 0 
2 0.914894 0.046445 0.349598 0.003467 0.422915 0.414912 0 
2 0.93617 0.056263 0.398393 0.003467 0.422915 0.414912 0 
2 0.957447 0.057644 0.418625 0.003467 0.422915 0.414912 0 
2 0.978723 0.057644 0.436477 0.003467 0.422915 0.414912 0 
2 1 0.057644 0.42889 0.003467 0.422915 0.414912 1 
