5 0 0.043623 0.420113 0.002933 0.329622 0.540789 0 
5 0.021277 0.042813 0.396608 0.002875 0.288452 0.522807 0 
5 0.042553 0.043533 0.359714 0.002931 0.334801 0.469737 0 
5 0.06383 0.048697 0.306903 0.003268 0.308648 0.507456 0 
5 0.085106 0.034016 0.255727 0.002291 0.257639 0.529825 0 
5 0.106383 0.031224 0.21199 0.002088 0.210513 0.604825 0 
5 0.12766 0.031134 0.178816 0.002073 0.168566 0.625439 0 
5 0.148936 0.02579 0.156799 0.00171 0.137235 0.666228 0 
5 0.170213 0.034796 0.145939 0.002295 0.115484 0.667982 0 
5 0.191489 0.030443 0.151592 0.002017 0.106163 0.677193 0 
5 0.212766 0.034316 0.181196 0.00227 0.118591 0.669737 0 
5 0.234043 0.03969 0.218834 0.002644 0.151994 0.626316 0 
5 0.255319 0.045935 0.299316 0.003089 0.221906 0.626754 0 
5 0.276596 0.049628 0.370277 0.003342 0.300363 0.548684 0 
5 0.297872 0.047136 0.382178 0.003189 0.342828 0.578509 0 
5 0.319149 0.086135 0.440345 0.005748 0.408856 0.516228 1 
5 0.340426 0.089768 0.483487 0.005912 0.461678 0.47807 1 
5 0.361702 0.090429 0.51324 0.005939 0.490937 0.425 1 
5 0.382979 0.09202 0.574829 0.006064 0.500777 0.389474 1 
5 0.404255 0.093191 0.598929 0.006232 0.508286 0.436404 1 
5 0.425532 0.093041 0.599375 0.00623 0.512429 0.454386 1 
5 0.446809 0.090549 0.593276 0.006032 0.5145 0.375 1 
5 0.468085 0.090999 0.595061 0.006026 0.515536 0.413596 1 
5 0.489362 0.132731 0.606516 0.008866 0.52175 0.441228 1 
5 0.510638 0.138015 0.611871 0.009321 0.518902 0.45 1 
5 0.531915 0.137895 0.611871 0.00931 0.522786 0.442105 1 
5 0.553191 0.150114 0.615739 0.01021 0.536251 0.392982 1 
5 0.574468 0.150624 0.623921 0.010237 0.533402 0.392105 1 
5 0.595745 0.173202 0.622583 0.011741 0.530036 0.452193 1 
5 0.617021 0.160142 0.617376 0.010931 0.527965 0.410088 1 
5 0.638298 0.19698 0.618417 0.013446 0.530036 0.412719 1 
5 0.659574 0.207788 0.622583 0.014179 0.527965 0.430263 1 
5 0.680851 0.150444 0.618863 0.01023 0.533661 0.451754 1 
5 0.702128 0.152756 0.616037 0.01037 0.546608 0.485088 1 
5 0.723404 0.137024 0.596549 0.009289 0.560849 0.485088 1 
5 0.744681 0.13216 0.596697 0.008959 0.575608 0.457456 1 
5 0.765957 0.126666 0.605772 0.008646 0.578198 0.455263 1 
5 0.787234 0.179747 0.631806 0.012237 0.570948 0.46886 1 
5 0.808511 0.084484 0.592234 0.005744 0.531072 0.507456 0 
5 0.829787 0.069503 0.553407 0.004649 0.488866 0.514912 0 
5 0.851064 0.049988 0.519042 0.003363 0.446142 0.467982 0 
5 0.87234 0.047556 0.48557 0.003205 0.410409 0.465351 0 
5 0.893617 0.043323 0.439899 0.002921 0.365355 0.452632 0 
5 0.914894 0.03993 0.393187 0.002698 0.323925 0.48114 0 
5 0.93617 0.072535 0.427105 0.004863 0.300621 0.581579 0 
5 0.957447 0.043053 0.439899 0.002906 0.295702 0.528509 0 
5 0.978723 0.068392 0.445701 0.004674 0.387882 0.448684 0 
5 1 0.060376 0.432907 0.004142 0.375453 0.433333 0 
