3 0 0.083253 0.440048 0.005631 0.477214 0.47807 1 
3 0.021277 0.078269 0.413716 0.005274 0.448213 0.500439 1 
3 0.042553 0.076678 0.377417 0.00522 0.498705 0.40307 1 
3 0.06383 0.058965 0.321928 0.004011 0.478509 0.404825 0 
3 0.085106 0.047586 0.277447 0.00322 0.42465 0.442982 0 
3 0.106383 0.042783 0.221363 0.002871 0.375453 0.487281 0 
3 0.12766 0.041552 0.190122 0.002763 0.327292 0.558333 0 
3 0.148936 0.03933 0.173609 0.002601 0.291818 0.579825 0 
3 0.170213 0.02594 0.164088 0.001701 0.265148 0.64693 0 
3 0.191489 0.028672 0.171675 0.001874 0.257121 0.654825 0 
3 0.212766 0.036508 0.196816 0.002389 0.270844 0.642982 0 
3 0.234043 0.038069 0.246504 0.002509 0.300104 0.591228 0 
3 0.255319 0.044043 0.344094 0.002931 0.370533 0.571053 0 
3 0.276596 0.066981 0.423237 0.004503 0.470482 0.39386 0 
3 0.297872 0.056743 0.428593 0.003864 0.50725 0.371491 0 
3 0.319149 0.086856 0.479768 0.005858 0.569394 0.352193 1 
3 0.340426 0.089858 0.50238 0.006078 0.600725 0.347807 1 
3 0.361702 0.087907 0.506992 0.005947 0.603573 0.39693 1 
3 0.382979 0.09241 0.543588 0.006261 0.612636 0.392105 1 
3 0.404255 0.090579 0.557275 0.006091 0.607198 0.424561 1 
3 0.425532 0.088057 0.538976 0.005904 0.596841 0.417982 1 
3 0.446809 0.085865 0.518149 0.005742 0.595546 0.412719 1 
3 0.468085 0.086406 0.505356 0.005742 0.598912 0.420614 1 
3 0.489362 0.085865 0.502083 0.005731 0.597618 0.425 1 
3 0.510638 0.084094 0.494198 0.005625 0.591403 0.458333 1 
3 0.531915 0.061667 0.486314 0.004167 0.58985 0.42193 0 
3 0.553191 0.076408 0.487355 0.00517 0.608493 0.415351 1 
3 0.574468 0.084034 0.480512 0.005673 0.608234 0.398246 1 
3 0.595745 0.074697 0.475305 0.00506 0.601761 0.399123 1 
3 0.617021 0.063468 0.47233 0.004304 0.595805 0.372807 0 
3 0.638298 0.057464 0.461619 0.003903 0.586743 0.394298 0 
3 0.659574 0.056833 0.46147 0.003857 0.586484 0.402193 0 
3 0.680851 0.066711 0.463404 0.004526 0.601243 0.390351 0 
3 0.702128 0.083193 0.469354 0.005621 0.624288 0.372368 1 
3 0.723404 0.083944 0.476941 0.005663 0.642154 0.387719 1 
3 0.744681 0.082353 0.494049 0.005534 0.664682 0.395175 1 
3 0.765957 0.083854 0.513835 0.005617 0.650181 0.399561 1 
3 0.787234 0.087817 0.56263 0.005829 0.653806 0.407018 1 
3 0.808511 0.084154 0.541357 0.005588 0.641636 0.440351 1 
3 0.829787 0.077069 0.510562 0.005154 0.623252 0.405702 1 
3 0.851064 0.062838 0.491818 0.004238 0.58493 0.391667 0 
3 0.87234 0.049628 0.464296 0.003363 0.558778 0.377193 0 
3 0.893617 0.042843 0.43499 0.002902 0.518643 0.392105 0 
3 0.914894 0.042392 0.397203 0.002875 0.483687 0.422807 0 
3 0.93617 0.080821 0.448378 0.005436 0.446919 0.512281 1 
3 0.957447 0.043353 0.462809 0.002939 0.425427 0.45307 0 
3 0.978723 0.074517 0.448974 0.005079 0.520197 0.420175 1 
3 1 0.067011 0.447486 0.004553 0.515277 0.463596 0 
