3 0 0.067071 0.399286 0.004605 0.405489 0.405263 0 
3 0.021277 0.056863 0.339185 0.003897 0.363283 0.39693 0 
3 0.042553 0.066561 0.268819 0.004572 0.420766 0.327632 0 
3 0.06383 0.042813 0.238322 0.002935 0.386069 0.426754 0 
3 0.085106 0.043053 0.19518 0.002916 0.339461 0.41886 0 
3 0.106383 0.036718 0.174502 0.002486 0.285344 0.475 0 
3 0.12766 0.042272 0.143856 0.002838 0.258674 0.551754 0 
3 0.148936 0.043383 0.149063 0.002904 0.243138 0.550877 0 
3 0.170213 0.047346 0.165576 0.003176 0.249353 0.526754 0 
3 0.191489 0.049177 0.212586 0.003292 0.269549 0.50614 0 
3 0.212766 0.061006 0.301398 0.004142 0.333247 0.483333 0 
3 0.234043 0.086075 0.400476 0.005887 0.415847 0.442544 0 
3 0.255319 0.085865 0.403749 0.005912 0.538322 0.302632 0 
3 0.276596 0.096343 0.479768 0.006672 0.616002 0.27193 1 
3 0.297872 0.05296 0.485421 0.003641 0.562662 0.305263 0 
3 0.319149 0.054912 0.501041 0.003776 0.562144 0.275 0 
3 0.340426 0.089408 0.544332 0.006113 0.563698 0.351754 1 
3 0.361702 0.086135 0.561738 0.005852 0.558519 0.351754 0 
3 0.382979 0.085535 0.55787 0.005816 0.561885 0.344737 0 
3 0.404255 0.085415 0.547307 0.005816 0.569653 0.338158 1 
3 0.425532 0.088447 0.541059 0.00602 0.573278 0.303947 1 
3 0.446809 0.087817 0.540613 0.005989 0.581564 0.34386 1 
3 0.468085 0.085505 0.534216 0.005823 0.579751 0.324561 1 
3 0.489362 0.092771 0.53496 0.006338 0.577162 0.290789 1 
3 0.510638 0.093971 0.532728 0.006429 0.589332 0.300439 1 
3 0.531915 0.092771 0.533175 0.006342 0.590368 0.306579 1 
3 0.553191 0.09268 0.527522 0.00635 0.598912 0.289474 1 
3 0.574468 0.085385 0.516364 0.005852 0.597618 0.292982 1 
3 0.595745 0.087396 0.509521 0.005985 0.589073 0.303947 1 
3 0.617021 0.096944 0.513091 0.006629 0.586225 0.288158 1 
3 0.638298 0.089498 0.516067 0.006124 0.58985 0.321053 1 
3 0.659574 0.093611 0.513835 0.006394 0.593475 0.292982 1 
3 0.680851 0.085205 0.506397 0.005835 0.585189 0.295614 1 
3 0.702128 0.081482 0.50357 0.005569 0.568358 0.285965 1 
3 0.723404 0.054101 0.464594 0.003714 0.521491 0.271491 0 
3 0.744681 0.050979 0.463701 0.003481 0.464785 0.311842 0 
3 0.765957 0.043953 0.44823 0.002983 0.426722 0.383333 0 
3 0.787234 0.044644 0.441386 0.00301 0.403677 0.366228 0 
3 0.808511 0.044674 0.457602 0.003014 0.405748 0.364912 0 
3 0.829787 0.047646 0.446891 0.003236 0.435267 0.310088 0 
3 0.851064 0.043743 0.412675 0.002973 0.432677 0.338158 0 
3 0.87234 0.043293 0.379351 0.002925 0.395909 0.380702 0 
3 0.893617 0.053291 0.401815 0.003585 0.366132 0.428509 0 
3 0.914894 0.049388 0.40598 0.003328 0.317452 0.480702 0 
3 0.93617 0.064039 0.449717 0.004304 0.288711 0.478947 0 
3 0.957447 0.055212 0.462809 0.003741 0.291041 0.458772 0 
3 0.978723 0.096463 0.458494 0.006647 0.417141 0.386404 1 
3 1 0.089438 0.442428 0.006151 0.425945 0.444298 1 
