2 0 0.02639 0.271348 0.001672 0.27913 0.832456 0 
2 0.021277 0.025459 0.244421 0.001093 0.261005 0.806579 0 
2 0.042553 0.027141 0.207974 0.001705 0.321595 0.739912 0 
2 0.06383 0.02624 0.184171 0.001267 0.304247 0.745614 0 
2 0.085106 0.02603 0.167212 0.00085 0.256085 0.730263 0 
2 0.106383 0.02603 0.15546 0.000821 0.232263 0.752193 0 
2 0.12766 0.027711 0.162452 0.000818 0.222424 0.752193 0 
2 0.148936 0.025249 0.170931 0.001543 0.228897 0.838158 0 
2 0.170213 0.0257 0.204403 0.001643 0.247022 0.832895 0 
2 0.191489 0.027831 0.246653 0.001778 0.271103 0.80614 0 
2 0.212766 0.029633 0.327284 0.00187 0.332211 0.719737 0 
2 0.234043 0.030713 0.419518 0.001639 0.399793 0.665351 0 
2 0.255319 0.029693 0.450461 0.001913 0.507509 0.532895 0 
2 0.276596 0.032875 0.511604 0.002171 0.576126 0.501754 1 
2 0.297872 0.030203 0.543737 0.001986 0.547126 0.522368 0 
2 0.319149 0.030173 0.576614 0.001994 0.553081 0.523684 0 
2 0.340426 0.034646 0.646385 0.002314 0.534697 0.512719 1 
2 0.361702 0.035457 0.666617 0.002366 0.591403 0.48114 1 
2 0.382979 0.040381 0.691312 0.002696 0.607975 0.462281 1 
2 0.404255 0.042272 0.69161 0.002833 0.622993 0.421491 1 
2 0.425532 0.048997 0.709313 0.00329 0.631797 0.42193 1 
2 0.446809 0.057043 0.734305 0.003828 0.643967 0.451754 1 
2 0.468085 0.054732 0.752901 0.003648 0.633351 0.475877 1 
2 0.489362 0.060856 0.764653 0.004063 0.629726 0.454825 1 
2 0.510638 0.063408 0.782952 0.004225 0.637752 0.482456 1 
2 0.531915 0.06539 0.791282 0.004333 0.629984 0.500439 1 
2 0.553191 0.059145 0.794555 0.003928 0.627913 0.46886 1 
2 0.574468 0.056983 0.796489 0.003785 0.609788 0.479825 1 
2 0.595745 0.066471 0.802737 0.004435 0.588555 0.482895 1 
2 0.617021 0.061307 0.809878 0.004082 0.573796 0.488158 1 
2 0.638298 0.09214 0.817614 0.00623 0.589073 0.434649 1 
2 0.659574 0.084844 0.81568 0.005696 0.583118 0.467982 1 
2 0.680851 0.078179 0.794109 0.005239 0.585448 0.429825 1 
2 0.702128 0.06584 0.768224 0.004445 0.576385 0.357018 1 
2 0.723404 0.041942 0.716453 0.002848 0.530554 0.428509 1 
2 0.744681 0.036988 0.69518 0.002507 0.490678 0.472368 0 
2 0.765957 0.036718 0.684915 0.002472 0.460642 0.50307 0 
2 0.787234 0.03963 0.681791 0.002657 0.451579 0.489035 0 
2 0.808511 0.035067 0.652782 0.002364 0.434231 0.475 0 
2 0.829787 0.033866 0.615591 0.002273 0.408079 0.513596 0 
2 0.851064 0.029663 0.561291 0.00198 0.377525 0.504386 0 
2 0.87234 0.029272 0.504314 0.001932 0.349301 0.501316 0 
2 0.893617 0.028972 0.504909 0.001558 0.283532 0.635965 0 
2 0.914894 0.028552 0.487057 0.001329 0.277059 0.723684 0 
2 0.93617 0.028822 0.499405 0.00184 0.274469 0.728947 0 
2 0.957447 0.028822 0.485272 0.001822 0.26463 0.709649 0 
2 0.978723 0.029572 0.453139 0.001888 0.346194 0.594737 0 
2 1 0.028822 0.417138 0.001843 0.348265 0.639912 0 
