1 0 0.045785 0.210503 0.003467 0.422915 0.414912 0 
1 0.021277 0.044314 0.166468 0.003467 0.422915 0.414912 0 
1 0.042553 0.044314 0.14936 0.003467 0.422915 0.414912 0 
1 0.06383 0.044314 0.113508 0.003467 0.422915 0.414912 0 
1 0.085106 0.044314 0.083904 0.003467 0.422915 0.414912 0 
1 0.106383 0.053621 0.061886 0.003467 0.422915 0.414912 1 
1 0.12766 0.050859 0.052068 0.003467 0.422915 0.414912 1 
1 0.148936 0.053621 0.040613 0.003467 0.422915 0.414912 1 
1 0.170213 0.051129 0.036299 0.003467 0.422915 0.414912 1 
1 0.191489 0.048367 0.038976 0.003467 0.422915 0.414912 0 
1 0.212766 0.053921 0.053555 0.003467 0.422915 0.414912 1 
1 0.234043 0.048367 0.070961 0.003467 0.422915 0.414912 0 
1 0.255319 0.051129 0.094466 0.003467 0.422915 0.414912 1 
1 0.276596 0.051129 0.126748 0.003467 0.422915 0.414912 1 
1 0.297872 0.048367 0.144154 0.003467 0.422915 0.414912 0 
1 0.319149 0.053921 0.187444 0.003467 0.422915 0.414912 1 
1 0.340426 0.053921 0.234603 0.003467 0.422915 0.414912 1 
1 0.361702 0.048367 0.272389 0.003467 0.422915 0.414912 1 
1 0.382979 0.047526 0.314192 0.003467 0.422915 0.414912 0 
1 0.404255 0.048367 0.330854 0.003467 0.422915 0.414912 1 
1 0.425532 0.051129 0.335466 0.003467 0.422915 0.414912 1 
1 0.446809 0.051129 0.32163 0.003467 0.422915 0.414912 1 
1 0.468085 0.048367 0.312705 0.003467 0.422915 0.414912 1 
1 0.489362 0.051129 0.304374 0.003467 0.422915 0.414912 1 
1 0.510638 0.059475 0.299911 0.003467 0.422915 0.414912 1 
1 0.531915 0.053921 0.287117 0.003467 0.422915 0.414912 1 
1 0.553191 0.053921 0.270158 0.003467 0.422915 0.414912 1 
1 0.574468 0.045785 0.253347 0.003467 0.422915 0.414912 0 
1 0.595745 0.048367 0.253198 0.003467 0.422915 0.414912 0 
1 0.617021 0.048367 0.247099 0.003467 0.422915 0.414912 0 
1 0.638298 0.045785 0.247545 0.003467 0.422915 0.414912 0 
1 0.659574 0.045785 0.261976 0.003467 0.422915 0.414912 0 
1 0.680851 0.045785 0.268521 0.003467 0.422915 0.414912 0 
1 0.702128 0.044314 0.290687 0.003467 0.422915 0.414912 0 
1 0.723404 0.045785 0.330259 0.003467 0.422915 0.414912 0 
1 0.744681 0.053921 0.379054 0.003467 0.422915 0.414912 1 
1 0.765957 0.056683 0.411038 0.003467 0.422915 0.414912 1 
1 0.787234 0.053921 0.400327 0.003467 0.422915 0.414912 1 
1 0.808511 0.051129 0.367301 0.003467 0.422915 0.414912 1 
1 0.829787 0.053921 0.330854 0.003467 0.422915 0.414912 1 
1 0.851064 0.053921 0.314639 0.003467 0.422915 0.414912 1 
1 0.87234 0.051129 0.286076 0.003467 0.422915 0.414912 1 
1 0.893617 0.065029 0.267777 0.003467 0.422915 0.414912 1 
1 0.914894 0.053921 0.254091 0.003467 0.422915 0.414912 1 
1 0.93617 0.053921 0.282059 0.003467 0.422915 0.414912 1 
1 0.957447 0.053921 0.291134 0.003467 0.422915 0.414912 1 
1 0.978723 0.051129 0.302291 0.003467 0.422915 0.414912 1 
1 1 0.051129 0.298423 0.003467 0.422915 0.414912 1 
