5 0 0.082593 0.492711 0.003467 0.422915 0.414912 1 
5 0.021277 0.081002 0.481999 0.003467 0.422915 0.414912 1 
5 0.042553 0.081002 0.452098 0.003467 0.422915 0.414912 1 
5 0.06383 0.076468 0.389467 0.003467 0.422915 0.414912 1 
5 0.085106 0.076468 0.326688 0.003467 0.422915 0.414912 1 
5 0.106383 0.076468 0.286373 0.003467 0.422915 0.414912 1 
5 0.12766 0.075057 0.243231 0.003467 0.422915 0.414912 0 
5 0.148936 0.062027 0.205147 0.003467 0.422915 0.414912 0 
5 0.170213 0.063558 0.191758 0.003467 0.422915 0.414912 0 
5 0.191489 0.063558 0.186552 0.003467 0.422915 0.414912 0 
5 0.212766 0.071484 0.209164 0.003467 0.422915 0.414912 0 
5 0.234043 0.076318 0.265546 0.003467 0.422915 0.414912 1 
5 0.255319 0.089258 0.360607 0.003467 0.422915 0.414912 1 
5 0.276596 0.076318 0.473966 0.003467 0.422915 0.414912 0 
5 0.297872 0.082022 0.47709 0.003467 0.422915 0.414912 1 
5 0.319149 0.089258 0.538084 0.003467 0.422915 0.414912 1 
5 0.340426 0.096764 0.556531 0.003467 0.422915 0.414912 1 
5 0.361702 0.089258 0.551324 0.003467 0.422915 0.414912 1 
5 0.382979 0.093821 0.578548 0.003467 0.422915 0.414912 1 
5 0.404255 0.121352 0.587771 0.003467 0.422915 0.414912 1 
5 0.425532 0.076318 0.56873 0.003467 0.422915 0.414912 0 
5 0.446809 0.089258 0.547307 0.003467 0.422915 0.414912 1 
5 0.468085 0.089258 0.525885 0.003467 0.422915 0.414912 1 
5 0.489362 0.089258 0.506843 0.003467 0.422915 0.414912 1 
5 0.510638 0.080401 0.494198 0.003467 0.422915 0.414912 0 
5 0.531915 0.076318 0.48676 0.003467 0.422915 0.414912 0 
5 0.553191 0.064639 0.47947 0.003467 0.422915 0.414912 0 
5 0.574468 0.076318 0.468164 0.003467 0.422915 0.414912 0 
5 0.595745 0.064639 0.457156 0.003467 0.422915 0.414912 0 
5 0.617021 0.064639 0.442725 0.003467 0.422915 0.414912 0 
5 0.638298 0.064639 0.433799 0.003467 0.422915 0.414912 0 
5 0.659574 0.076318 0.44823 0.003467 0.422915 0.414912 0 
5 0.680851 0.076318 0.457899 0.003467 0.422915 0.414912 0 
5 0.702128 0.080911 0.479024 0.003467 0.422915 0.414912 1 
5 0.723404 0.082022 0.499851 0.003467 0.422915 0.414912 1 
5 0.744681 0.10568 0.563225 0.003467 0.422915 0.414912 1 
5 0.765957 0.096764 0.609789 0.003467 0.422915 0.414912 1 
5 0.787234 0.089258 0.608152 0.003467 0.422915 0.414912 1 
5 0.808511 0.080911 0.578548 0.003467 0.422915 0.414912 1 
5 0.829787 0.076318 0.54701 0.003467 0.422915 0.414912 0 
5 0.851064 0.080911 0.53258 0.003467 0.422915 0.414912 1 
5 0.87234 0.076318 0.507289 0.003467 0.422915 0.414912 0 
5 0.893617 0.076318 0.470991 0.003467 0.422915 0.414912 0 
5 0.914894 0.076318 0.430675 0.003467 0.422915 0.414912 0 
5 0.93617 0.089258 0.47947 0.003467 0.422915 0.414912 1 
5 0.957447 0.076318 0.502975 0.003467 0.422915 0.414912 0 
5 0.978723 0.076318 0.518001 0.003467 0.422915 0.414912 0 
5 1 0.076318 0.51086 0.003467 0.422915 0.414912 0 
