6 0 0.074937 0.441684 0.005145 0.446401 0.473246 1 
6 0.021277 0.074607 0.419369 0.005079 0.410668 0.504825 1 
6 0.042553 0.07863 0.389467 0.005374 0.467115 0.431579 1 
6 0.06383 0.06605 0.33368 0.004514 0.439151 0.437719 0 
6 0.085106 0.048307 0.275216 0.00329 0.386069 0.45 0 
6 0.106383 0.049718 0.224636 0.00338 0.339979 0.49693 0 
6 0.12766 0.042783 0.185957 0.002889 0.29622 0.520614 0 
6 0.148936 0.041972 0.165724 0.002831 0.26696 0.503947 0 
6 0.170213 0.041852 0.158435 0.002819 0.24521 0.531579 0 
6 0.191489 0.042662 0.167658 0.00286 0.235629 0.554825 0 
6 0.212766 0.048367 0.196519 0.003234 0.256862 0.596491 0 
6 0.234043 0.050318 0.243231 0.003378 0.283791 0.527632 0 
6 0.255319 0.07842 0.340375 0.005287 0.36406 0.467982 1 
6 0.276596 0.085115 0.419667 0.005742 0.450026 0.4 1 
6 0.297872 0.07914 0.416394 0.005395 0.475401 0.365351 1 
6 0.319149 0.085235 0.467123 0.005806 0.537286 0.342105 1 
6 0.340426 0.086135 0.474115 0.005874 0.556447 0.341667 1 
6 0.361702 0.086556 0.494644 0.005891 0.558001 0.361842 1 
6 0.382979 0.085205 0.533621 0.005802 0.548679 0.297807 1 
6 0.404255 0.089138 0.543588 0.006072 0.547644 0.373246 1 
6 0.425532 0.086616 0.536001 0.005893 0.524858 0.427632 1 
6 0.446809 0.089138 0.522761 0.006059 0.53884 0.389474 1 
6 0.468085 0.089438 0.512794 0.00607 0.53884 0.352193 1 
6 0.489362 0.089138 0.508033 0.00603 0.532367 0.380263 1 
6 0.510638 0.091059 0.506099 0.00618 0.517349 0.407456 1 
6 0.531915 0.089138 0.496281 0.006022 0.516054 0.417544 1 
6 0.553191 0.0919 0.490479 0.006226 0.523045 0.396053 1 
6 0.574468 0.09172 0.485867 0.006215 0.532367 0.376316 1 
6 0.595745 0.090098 0.482148 0.006091 0.523045 0.382018 1 
6 0.617021 0.082653 0.471288 0.00559 0.513465 0.439912 1 
6 0.638298 0.077339 0.452693 0.005206 0.501554 0.423246 1 
6 0.659574 0.07869 0.454775 0.005318 0.487053 0.416228 1 
6 0.680851 0.085055 0.452098 0.005773 0.483169 0.408333 1 
6 0.702128 0.076468 0.452098 0.005189 0.496375 0.354386 1 
6 0.723404 0.075027 0.443767 0.005089 0.484205 0.344737 1 
6 0.744681 0.075507 0.444957 0.005137 0.489643 0.263158 1 
6 0.765957 0.075537 0.468611 0.005162 0.472812 0.330702 1 
6 0.787234 0.076438 0.501339 0.005206 0.49275 0.312281 1 
6 0.808511 0.075627 0.471883 0.00517 0.511652 0.26886 1 
6 0.829787 0.075027 0.443618 0.005123 0.493009 0.322368 1 
6 0.851064 0.075027 0.426361 0.005118 0.468928 0.367105 1 
6 0.87234 0.075027 0.40598 0.005133 0.445106 0.4 1 
6 0.893617 0.062658 0.383666 0.004319 0.40523 0.401316 0 
6 0.914894 0.043563 0.350193 0.003027 0.369498 0.371053 0 
6 0.93617 0.057764 0.405385 0.004003 0.359658 0.47807 0 
6 0.957447 0.045034 0.437072 0.003122 0.360694 0.388596 0 
6 0.978723 0.07935 0.450759 0.005573 0.471258 0.317544 1 
6 1 0.080611 0.45299 0.005617 0.470223 0.377632 1 
