4 0 0.045635 0.575722 0.003029 0.500259 0.589912 1 
4 0.021277 0.041431 0.558316 0.002779 0.476696 0.592544 0 
4 0.042553 0.041882 0.522315 0.00279 0.525117 0.522368 0 
4 0.06383 0.041191 0.4759 0.002727 0.499741 0.560526 0 
4 0.085106 0.037859 0.406873 0.002486 0.452615 0.633333 0 
4 0.106383 0.041161 0.360458 0.002684 0.41507 0.705263 0 
4 0.12766 0.038129 0.3133 0.002476 0.372605 0.752632 0 
4 0.148936 0.040741 0.279679 0.002653 0.349042 0.708333 0 
4 0.170213 0.037559 0.254091 0.002443 0.318488 0.725439 0 
4 0.191489 0.035577 0.250521 0.002322 0.301657 0.717544 0 
4 0.212766 0.036568 0.273728 0.002387 0.312791 0.72807 0 
4 0.234043 0.03975 0.320143 0.002601 0.337649 0.69693 0 
4 0.255319 0.03969 0.415353 0.002617 0.408079 0.634211 0 
4 0.276596 0.040771 0.511306 0.00268 0.480839 0.537281 0 
4 0.297872 0.03969 0.531985 0.002615 0.518125 0.568421 0 
4 0.319149 0.040381 0.614698 0.00263 0.590627 0.482456 0 
4 0.340426 0.040891 0.666915 0.002661 0.657431 0.44386 0 
4 0.361702 0.040681 0.673758 0.002653 0.692905 0.425 0 
4 0.382979 0.041191 0.703957 0.002684 0.721388 0.360088 0 
4 0.404255 0.040981 0.705296 0.00269 0.709995 0.382456 0 
4 0.425532 0.041191 0.678518 0.002719 0.700932 0.385088 0 
4 0.446809 0.059565 0.648021 0.003953 0.685914 0.332895 1 
4 0.468085 0.040891 0.617971 0.00274 0.670896 0.356579 0 
4 0.489362 0.040891 0.600565 0.00273 0.651994 0.373684 0 
4 0.510638 0.040891 0.589705 0.002732 0.633092 0.345175 0 
4 0.531915 0.040891 0.586879 0.00273 0.634645 0.339035 0 
4 0.553191 0.041191 0.581821 0.002759 0.671155 0.266228 0 
4 0.574468 0.040891 0.573044 0.002746 0.666753 0.290789 0 
4 0.595745 0.041191 0.562481 0.002759 0.656137 0.300439 0 
4 0.617021 0.041041 0.551026 0.002736 0.633092 0.350877 0 
4 0.638298 0.040891 0.55177 0.002717 0.616261 0.38114 0 
4 0.659574 0.040891 0.562928 0.002709 0.617297 0.398684 0 
4 0.680851 0.040801 0.594912 0.002703 0.617556 0.429825 0 
4 0.702128 0.041942 0.662749 0.002792 0.648628 0.362281 1 
4 0.723404 0.047106 0.761827 0.003116 0.698343 0.356579 1 
4 0.744681 0.044494 0.843796 0.002941 0.746245 0.34693 1 
4 0.765957 0.042092 0.840672 0.002786 0.719834 0.451754 1 
4 0.787234 0.041702 0.816424 0.002734 0.678405 0.526316 0 
4 0.808511 0.041191 0.777001 0.002694 0.633092 0.537719 0 
4 0.829787 0.057914 0.749033 0.003818 0.599171 0.496053 1 
4 0.851064 0.042122 0.723445 0.002813 0.560331 0.530263 1 
4 0.87234 0.041702 0.694734 0.002775 0.535474 0.534211 0 
4 0.893617 0.040201 0.645939 0.002655 0.497152 0.584211 0 
4 0.914894 0.040501 0.590449 0.002665 0.466598 0.540351 0 
4 0.93617 0.041642 0.621244 0.002719 0.452097 0.575 0 
4 0.957447 0.040501 0.619161 0.002659 0.433195 0.585965 0 
4 0.978723 0.05305 0.606813 0.002711 0.521491 0.489912 1 
4 1 0.046836 0.585838 0.003093 0.515536 0.491228 1 
