3 0 0.073556 0.476793 0.004377 0.402123 0.706579 1 
3 0.021277 0.042152 0.451056 0.002588 0.376489 0.707018 1 
3 0.042553 0.054431 0.424874 0.003538 0.432936 0.648246 1 
3 0.06383 0.046896 0.365814 0.002781 0.412222 0.635088 1 
3 0.085106 0.030863 0.299911 0.001897 0.381926 0.634211 0 
3 0.106383 0.028942 0.255727 0.001886 0.349042 0.701316 0 
3 0.12766 0.027831 0.211544 0.001807 0.323925 0.725439 0 
3 0.148936 0.02684 0.189824 0.001743 0.306836 0.740789 0 
3 0.170213 0.027861 0.167807 0.001793 0.291818 0.812281 0 
3 0.191489 0.028071 0.174502 0.001799 0.283791 0.828509 0 
3 0.212766 0.029032 0.204255 0.001849 0.287934 0.820175 0 
3 0.234043 0.027891 0.247397 0.001799 0.308907 0.770614 0 
3 0.255319 0.029753 0.336953 0.001924 0.380632 0.680702 0 
3 0.276596 0.029182 0.422642 0.001932 0.461678 0.539474 0 
3 0.297872 0.027771 0.452395 0.00188 0.507768 0.46886 0 
3 0.319149 0.029212 0.523951 0.001982 0.576126 0.414912 0 
3 0.340426 0.029452 0.541803 0.001986 0.603055 0.362719 0 
3 0.361702 0.030053 0.542398 0.002027 0.598654 0.408333 0 
3 0.382979 0.029212 0.559506 0.001951 0.598136 0.378509 0 
3 0.404255 0.029122 0.563076 0.001934 0.57535 0.415351 0 
3 0.425532 0.029152 0.562928 0.001934 0.56784 0.424123 0 
3 0.446809 0.029422 0.550431 0.001961 0.555671 0.444298 0 
3 0.468085 0.029332 0.531687 0.001973 0.547903 0.410088 0 
3 0.489362 0.029362 0.540018 0.001973 0.539358 0.426754 0 
3 0.510638 0.029092 0.542249 0.001953 0.529518 0.490351 0 
3 0.531915 0.029362 0.536745 0.001971 0.527447 0.485088 0 
3 0.553191 0.029272 0.531836 0.001973 0.55101 0.463596 0 
3 0.574468 0.029272 0.527819 0.001971 0.550233 0.487281 0 
3 0.595745 0.029362 0.520827 0.00198 0.549456 0.473246 0 
3 0.617021 0.028942 0.509967 0.001955 0.535733 0.490351 0 
3 0.638298 0.028972 0.50238 0.001971 0.521233 0.45614 0 
3 0.659574 0.029032 0.514281 0.001969 0.523304 0.484211 0 
3 0.680851 0.029452 0.536894 0.001988 0.527706 0.517982 0 
3 0.702128 0.034586 0.57111 0.002339 0.56318 0.469737 0 
3 0.723404 0.046986 0.63374 0.003172 0.629726 0.486842 1 
3 0.744681 0.03882 0.682386 0.002609 0.671932 0.460526 1 
3 0.765957 0.033986 0.656501 0.002256 0.65044 0.415789 0 
3 0.787234 0.030293 0.622136 0.001996 0.605386 0.419737 0 
3 0.808511 0.029482 0.573639 0.001948 0.555153 0.478947 0 
3 0.829787 0.029302 0.537489 0.001948 0.528224 0.505702 0 
3 0.851064 0.029182 0.520827 0.001951 0.493009 0.567982 0 
3 0.87234 0.028672 0.493752 0.001917 0.469705 0.576316 0 
3 0.893617 0.027201 0.461172 0.001822 0.439669 0.632456 0 
3 0.914894 0.02696 0.421154 0.001793 0.410409 0.68114 0 
3 0.93617 0.028161 0.46385 0.001859 0.381926 0.65614 0 
3 0.957447 0.028672 0.476793 0.001801 0.368721 0.676316 0 
3 0.978723 0.047406 0.471586 0.003141 0.431642 0.617105 1 
3 1 0.066861 0.36269 0.004067 0.41274 0.590789 1 
