2 0 0.051849 0.369235 0.003467 0.422915 0.414912 0 
2 0.021277 0.049838 0.307498 0.003467 0.422915 0.414912 0 
2 0.042553 0.041431 0.255579 0.003467 0.422915 0.414912 0 
2 0.06383 0.049838 0.224933 0.003467 0.422915 0.414912 0 
2 0.085106 0.049838 0.197114 0.003467 0.422915 0.414912 0 
2 0.106383 0.068572 0.183874 0.003467 0.422915 0.414912 0 
2 0.12766 0.072835 0.177179 0.003467 0.422915 0.414912 0 
2 0.148936 0.074997 0.186105 0.003467 0.422915 0.414912 0 
2 0.170213 0.074547 0.206189 0.003467 0.422915 0.414912 0 
2 0.191489 0.074577 0.245463 0.003467 0.422915 0.414912 0 
2 0.212766 0.077459 0.322672 0.003467 0.422915 0.414912 0 
2 0.234043 0.073136 0.417435 0.003467 0.422915 0.414912 0 
2 0.255319 0.081752 0.447932 0.003467 0.422915 0.414912 0 
2 0.276596 0.072985 0.511009 0.003467 0.422915 0.414912 0 
2 0.297872 0.076018 0.53377 0.003467 0.422915 0.414912 0 
2 0.319149 0.070794 0.552514 0.003467 0.422915 0.414912 0 
2 0.340426 0.151885 0.597888 0.003467 0.422915 0.414912 1 
2 0.361702 0.097364 0.602946 0.003467 0.422915 0.414912 1 
2 0.382979 0.081752 0.593425 0.003467 0.422915 0.414912 0 
2 0.404255 0.07959 0.582862 0.003467 0.422915 0.414912 0 
2 0.425532 0.076018 0.576168 0.003467 0.422915 0.414912 0 
2 0.446809 0.07959 0.579292 0.003467 0.422915 0.414912 0 
2 0.468085 0.07959 0.576465 0.003467 0.422915 0.414912 0 
2 0.489362 0.07959 0.566052 0.003467 0.422915 0.414912 0 
2 0.510638 0.076018 0.565903 0.003467 0.422915 0.414912 0 
2 0.531915 0.073376 0.559804 0.003467 0.422915 0.414912 0 
2 0.553191 0.072985 0.561886 0.003467 0.422915 0.414912 0 
2 0.574468 0.075207 0.559357 0.003467 0.422915 0.414912 0 
2 0.595745 0.075207 0.555787 0.003467 0.422915 0.414912 0 
2 0.617021 0.072985 0.559655 0.003467 0.422915 0.414912 0 
2 0.638298 0.075207 0.558316 0.003467 0.422915 0.414912 0 
2 0.659574 0.075627 0.564267 0.003467 0.422915 0.414912 0 
2 0.680851 0.072985 0.555936 0.003467 0.422915 0.414912 0 
2 0.702128 0.06644 0.539572 0.003467 0.422915 0.414912 0 
2 0.723404 0.070794 0.501636 0.003467 0.422915 0.414912 0 
2 0.744681 0.056083 0.478429 0.003467 0.422915 0.414912 0 
2 0.765957 0.056083 0.458048 0.003467 0.422915 0.414912 0 
2 0.787234 0.072985 0.451056 0.003467 0.422915 0.414912 1 
2 0.808511 0.072985 0.479619 0.003467 0.422915 0.414912 1 
2 0.829787 0.072985 0.468313 0.003467 0.422915 0.414912 1 
2 0.851064 0.056083 0.432758 0.003467 0.422915 0.414912 0 
2 0.87234 0.054251 0.404195 0.003467 0.422915 0.414912 0 
2 0.893617 0.06644 0.423088 0.003467 0.422915 0.414912 0 
2 0.914894 0.06644 0.437221 0.003467 0.422915 0.414912 0 
2 0.93617 0.072985 0.447486 0.003467 0.422915 0.414912 1 
2 0.957447 0.072985 0.442725 0.003467 0.422915 0.414912 1 
2 0.978723 0.068632 0.427403 0.003467 0.422915 0.414912 0 
2 1 0.072985 0.396757 0.003467 0.422915 0.414912 1 
