2 0 0.076108 0.475156 0.003467 0.422915 0.414912 1 
2 0.021277 0.076798 0.459387 0.003467 0.422915 0.414912 1 
2 0.042553 0.059865 0.424427 0.003467 0.422915 0.414912 1 
2 0.06383 0.048517 0.370425 0.003467 0.422915 0.414912 0 
2 0.085106 0.076108 0.308242 0.003467 0.422915 0.414912 1 
2 0.106383 0.048367 0.263314 0.003467 0.422915 0.414912 0 
2 0.12766 0.043533 0.2169 0.003467 0.422915 0.414912 0 
2 0.148936 0.043533 0.177774 0.003467 0.422915 0.414912 0 
2 0.170213 0.043353 0.162005 0.003467 0.422915 0.414912 0 
2 0.191489 0.043353 0.166171 0.003467 0.422915 0.414912 0 
2 0.212766 0.043533 0.191163 0.003467 0.422915 0.414912 0 
2 0.234043 0.046806 0.236686 0.003467 0.422915 0.414912 0 
2 0.255319 0.076108 0.334573 0.003467 0.422915 0.414912 1 
2 0.276596 0.046926 0.43737 0.003467 0.422915 0.414912 0 
2 0.297872 0.043503 0.452246 0.003467 0.422915 0.414912 0 
2 0.319149 0.043533 0.511604 0.003467 0.422915 0.414912 0 
2 0.340426 0.043503 0.531687 0.003467 0.422915 0.414912 0 
2 0.361702 0.043503 0.526331 0.003467 0.422915 0.414912 0 
2 0.382979 0.047016 0.560994 0.003467 0.422915 0.414912 0 
2 0.404255 0.046806 0.575573 0.003467 0.422915 0.414912 0 
2 0.425532 0.046806 0.555936 0.003467 0.422915 0.414912 0 
2 0.446809 0.046806 0.538976 0.003467 0.422915 0.414912 0 
2 0.468085 0.046806 0.534067 0.003467 0.422915 0.414912 0 
2 0.489362 0.046806 0.525885 0.003467 0.422915 0.414912 0 
2 0.510638 0.046806 0.523207 0.003467 0.422915 0.414912 0 
2 0.531915 0.046806 0.513091 0.003467 0.422915 0.414912 0 
2 0.553191 0.046806 0.508628 0.003467 0.422915 0.414912 0 
2 0.574468 0.046806 0.511157 0.003467 0.422915 0.414912 0 
2 0.595745 0.046806 0.500595 0.003467 0.422915 0.414912 0 
2 0.617021 0.046806 0.490033 0.003467 0.422915 0.414912 0 
2 0.638298 0.046806 0.490925 0.003467 0.422915 0.414912 0 
2 0.659574 0.046806 0.505653 0.003467 0.422915 0.414912 0 
2 0.680851 0.046956 0.529604 0.003467 0.422915 0.414912 0 
2 0.702128 0.077789 0.576614 0.003467 0.422915 0.414912 1 
2 0.723404 0.046956 0.638649 0.003467 0.422915 0.414912 0 
2 0.744681 0.046956 0.681196 0.003467 0.422915 0.414912 0 
2 0.765957 0.046806 0.658137 0.003467 0.422915 0.414912 0 
2 0.787234 0.043533 0.619756 0.003467 0.422915 0.414912 0 
2 0.808511 0.043533 0.576614 0.003467 0.422915 0.414912 0 
2 0.829787 0.043533 0.547754 0.003467 0.422915 0.414912 0 
2 0.851064 0.046806 0.515174 0.003467 0.422915 0.414912 0 
2 0.87234 0.046806 0.5 0.003467 0.422915 0.414912 0 
2 0.893617 0.043533 0.451503 0.003467 0.422915 0.414912 0 
2 0.914894 0.043353 0.407914 0.003467 0.422915 0.414912 0 
2 0.93617 0.046956 0.450759 0.003467 0.422915 0.414912 0 
2 0.957447 0.046806 0.462214 0.003467 0.422915 0.414912 0 
2 0.978723 0.047076 0.48795 0.003467 0.422915 0.414912 0 
2 1 0.046956 0.488099 0.003467 0.422915 0.414912 0 
