5 0 0.084694 0.504612 0.003467 0.422915 0.414912 1 
5 0.021277 0.084694 0.487057 0.003467 0.422915 0.414912 1 
5 0.042553 0.075057 0.462809 0.003467 0.422915 0.414912 1 
5 0.06383 0.066681 0.402708 0.003467 0.422915 0.414912 0 
5 0.085106 0.066681 0.339929 0.003467 0.422915 0.414912 0 
5 0.106383 0.066681 0.30125 0.003467 0.422915 0.414912 0 
5 0.12766 0.066681 0.25305 0.003467 0.422915 0.414912 0 
5 0.148936 0.066681 0.218834 0.003467 0.422915 0.414912 0 
5 0.170213 0.059355 0.195478 0.003467 0.422915 0.414912 0 
5 0.191489 0.060346 0.189527 0.003467 0.422915 0.414912 0 
5 0.212766 0.06632 0.219429 0.003467 0.422915 0.414912 0 
5 0.234043 0.071334 0.26867 0.003467 0.422915 0.414912 0 
5 0.255319 0.084965 0.364921 0.003467 0.422915 0.414912 1 
5 0.276596 0.084334 0.470693 0.003467 0.422915 0.414912 1 
5 0.297872 0.073706 0.463106 0.003467 0.422915 0.414912 1 
5 0.319149 0.071334 0.516959 0.003467 0.422915 0.414912 0 
5 0.340426 0.071334 0.530646 0.003467 0.422915 0.414912 0 
5 0.361702 0.06644 0.523951 0.003467 0.422915 0.414912 0 
5 0.382979 0.084965 0.56263 0.003467 0.422915 0.414912 1 
5 0.404255 0.099015 0.567986 0.003467 0.422915 0.414912 1 
5 0.425532 0.084334 0.55058 0.003467 0.422915 0.414912 1 
5 0.446809 0.07842 0.528265 0.003467 0.422915 0.414912 1 
5 0.468085 0.06644 0.509075 0.003467 0.422915 0.414912 0 
5 0.489362 0.057314 0.50476 0.003467 0.422915 0.414912 0 
5 0.510638 0.057314 0.49033 0.003467 0.422915 0.414912 0 
5 0.531915 0.06644 0.486016 0.003467 0.422915 0.414912 0 
5 0.553191 0.06644 0.476049 0.003467 0.422915 0.414912 0 
5 0.574468 0.057314 0.469652 0.003467 0.422915 0.414912 0 
5 0.595745 0.071334 0.458346 0.003467 0.422915 0.414912 0 
5 0.617021 0.05314 0.43975 0.003467 0.422915 0.414912 0 
5 0.638298 0.06644 0.4277 0.003467 0.422915 0.414912 0 
5 0.659574 0.06644 0.429485 0.003467 0.422915 0.414912 0 
5 0.680851 0.06644 0.435436 0.003467 0.422915 0.414912 0 
5 0.702128 0.057314 0.449866 0.003467 0.422915 0.414912 0 
5 0.723404 0.05239 0.465338 0.003467 0.422915 0.414912 0 
5 0.744681 0.057314 0.525588 0.003467 0.422915 0.414912 0 
5 0.765957 0.057314 0.581672 0.003467 0.422915 0.414912 0 
5 0.787234 0.057314 0.585391 0.003467 0.422915 0.414912 0 
5 0.808511 0.057314 0.558614 0.003467 0.422915 0.414912 0 
5 0.829787 0.05239 0.527819 0.003467 0.422915 0.414912 0 
5 0.851064 0.057314 0.512199 0.003467 0.422915 0.414912 0 
5 0.87234 0.057314 0.498661 0.003467 0.422915 0.414912 0 
5 0.893617 0.05239 0.461321 0.003467 0.422915 0.414912 0 
5 0.914894 0.050829 0.423535 0.003467 0.422915 0.414912 0 
5 0.93617 0.07842 0.475305 0.003467 0.422915 0.414912 1 
5 0.957447 0.07842 0.492115 0.003467 0.422915 0.414912 1 
5 0.978723 0.07842 0.511157 0.003467 0.422915 0.414912 1 
5 1 0.07842 0.506248 0.003467 0.422915 0.414912 1 
