1 0 0.040801 0.354508 0.003467 0.422915 0.414912 0 
1 0.021277 0.040801 0.321333 0.003467 0.422915 0.414912 0 
1 0.042553 0.040801 0.299167 0.003467 0.422915 0.414912 0 
1 0.06383 0.040651 0.251562 0.003467 0.422915 0.414912 0 
1 0.085106 0.040651 0.216156 0.003467 0.422915 0.414912 0 
1 0.106383 0.040651 0.186849 0.003467 0.422915 0.414912 0 
1 0.12766 0.05245 0.174055 0.003467 0.422915 0.414912 0 
1 0.148936 0.061967 0.155608 0.003467 0.422915 0.414912 0 
1 0.170213 0.061967 0.148914 0.003467 0.422915 0.414912 0 
1 0.191489 0.061096 0.151592 0.003467 0.422915 0.414912 0 
1 0.212766 0.061967 0.185361 0.003467 0.422915 0.414912 0 
1 0.234043 0.062778 0.241595 0.003467 0.422915 0.414912 0 
1 0.255319 0.073736 0.353615 0.003467 0.422915 0.414912 0 
1 0.276596 0.104179 0.467867 0.003467 0.422915 0.414912 1 
1 0.297872 0.074697 0.476793 0.003467 0.422915 0.414912 0 
1 0.319149 0.087907 0.535704 0.003467 0.422915 0.414912 1 
1 0.340426 0.10535 0.557423 0.003467 0.422915 0.414912 1 
1 0.361702 0.088657 0.550134 0.003467 0.422915 0.414912 1 
1 0.382979 0.113516 0.583457 0.003467 0.422915 0.414912 1 
1 0.404255 0.113516 0.593425 0.003467 0.422915 0.414912 1 
1 0.425532 0.088657 0.570812 0.003467 0.422915 0.414912 1 
1 0.446809 0.087907 0.54091 0.003467 0.422915 0.414912 1 
1 0.468085 0.088657 0.525439 0.003467 0.422915 0.414912 1 
1 0.489362 0.087907 0.517852 0.003467 0.422915 0.414912 1 
1 0.510638 0.088657 0.508331 0.003467 0.422915 0.414912 1 
1 0.531915 0.087907 0.494049 0.003467 0.422915 0.414912 1 
1 0.553191 0.074697 0.491669 0.003467 0.422915 0.414912 0 
1 0.574468 0.074697 0.483636 0.003467 0.422915 0.414912 0 
1 0.595745 0.087907 0.480214 0.003467 0.422915 0.414912 1 
1 0.617021 0.074697 0.470842 0.003467 0.422915 0.414912 0 
1 0.638298 0.087907 0.461024 0.003467 0.422915 0.414912 1 
1 0.659574 0.087907 0.474561 0.003467 0.422915 0.414912 1 
1 0.680851 0.10535 0.493454 0.003467 0.422915 0.414912 1 
1 0.702128 0.10535 0.525885 0.003467 0.422915 0.414912 1 
1 0.723404 0.121352 0.585838 0.003467 0.422915 0.414912 1 
1 0.744681 0.149484 0.672121 0.003467 0.422915 0.414912 1 
1 0.765957 0.141828 0.714817 0.003467 0.422915 0.414912 1 
1 0.787234 0.141047 0.703957 0.003467 0.422915 0.414912 1 
1 0.808511 0.121352 0.659923 0.003467 0.422915 0.414912 1 
1 0.829787 0.121352 0.628236 0.003467 0.422915 0.414912 1 
1 0.851064 0.123244 0.607557 0.003467 0.422915 0.414912 1 
1 0.87234 0.121352 0.584945 0.003467 0.422915 0.414912 1 
1 0.893617 0.10535 0.530348 0.003467 0.422915 0.414912 1 
1 0.914894 0.074697 0.475602 0.003467 0.422915 0.414912 0 
1 0.93617 0.10535 0.511455 0.003467 0.422915 0.414912 1 
1 0.957447 0.10535 0.517852 0.003467 0.422915 0.414912 1 
1 0.978723 0.104179 0.523802 0.003467 0.422915 0.414912 1 
1 1 0.088657 0.517703 0.003467 0.422915 0.414912 1 
