3 0 0.045485 0.402856 0.003058 0.396945 0.558772 0 
3 0.021277 0.045725 0.348408 0.003035 0.364319 0.585088 0 
3 0.042553 0.048277 0.294704 0.003209 0.422061 0.528947 1 
3 0.06383 0.043863 0.243975 0.002914 0.399016 0.549561 0 
3 0.085106 0.043383 0.205147 0.002867 0.345676 0.607895 0 
3 0.106383 0.042392 0.178518 0.002784 0.297773 0.678509 0 
3 0.12766 0.041642 0.166617 0.002696 0.267996 0.748684 0 
3 0.148936 0.03918 0.17227 0.002524 0.251683 0.764035 0 
3 0.170213 0.042903 0.195478 0.002779 0.263594 0.693421 0 
3 0.191489 0.043953 0.238619 0.002875 0.275764 0.664035 0 
3 0.212766 0.050168 0.317316 0.003313 0.343604 0.641228 1 
3 0.234043 0.058815 0.398988 0.003918 0.426981 0.547368 1 
3 0.255319 0.074637 0.423088 0.005066 0.548421 0.427193 1 
3 0.276596 0.095382 0.477239 0.006496 0.642413 0.344298 1 
3 0.297872 0.046145 0.492115 0.003116 0.584153 0.385088 0 
3 0.319149 0.058274 0.505951 0.00392 0.57043 0.420614 1 
3 0.340426 0.112766 0.551622 0.00748 0.567323 0.521053 1 
3 0.361702 0.100606 0.565605 0.006647 0.568358 0.492544 1 
3 0.382979 0.086946 0.560994 0.005758 0.557483 0.472368 1 
3 0.404255 0.084814 0.548795 0.005638 0.563439 0.447807 1 
3 0.425532 0.075657 0.542844 0.00505 0.561367 0.423684 1 
3 0.446809 0.06557 0.540167 0.004389 0.564474 0.407895 1 
3 0.468085 0.054792 0.533621 0.003673 0.539617 0.413158 1 
3 0.489362 0.05272 0.531241 0.003554 0.535215 0.365351 0 
3 0.510638 0.05215 0.533026 0.003531 0.540394 0.422368 0 
3 0.531915 0.050799 0.531538 0.00344 0.545572 0.348246 0 
3 0.553191 0.049928 0.526034 0.003342 0.553599 0.339474 0 
3 0.574468 0.049808 0.524249 0.003388 0.547903 0.351316 0 
3 0.595745 0.049778 0.523654 0.003384 0.536769 0.387281 0 
3 0.617021 0.05239 0.52529 0.003538 0.532108 0.426316 0 
3 0.638298 0.048397 0.532133 0.003295 0.534438 0.446491 0 
3 0.659574 0.054191 0.529604 0.003646 0.537804 0.428947 0 
3 0.680851 0.05224 0.52648 0.003519 0.542206 0.417982 0 
3 0.702128 0.047496 0.525439 0.003249 0.535733 0.355263 0 
3 0.723404 0.044344 0.506694 0.002968 0.502848 0.39693 0 
3 0.744681 0.044524 0.495537 0.002993 0.473848 0.461842 0 
3 0.765957 0.043713 0.474412 0.002923 0.447954 0.449123 0 
3 0.787234 0.043863 0.470544 0.002925 0.440704 0.472807 0 
3 0.808511 0.044254 0.47352 0.002941 0.447954 0.449123 0 
3 0.829787 0.044073 0.454478 0.002941 0.46841 0.418421 0 
3 0.851064 0.043443 0.41922 0.002912 0.451579 0.45 0 
3 0.87234 0.03912 0.380839 0.002615 0.425945 0.429386 0 
3 0.893617 0.044464 0.405683 0.002956 0.377784 0.528947 0 
3 0.914894 0.043653 0.423981 0.002892 0.333765 0.59693 0 
3 0.93617 0.048067 0.445998 0.003187 0.305282 0.633772 0 
3 0.957447 0.048607 0.455222 0.00323 0.2913 0.568421 0 
3 0.978723 0.088597 0.452395 0.005985 0.423615 0.512719 1 
3 1 0.057704 0.42889 0.003932 0.423356 0.472807 1 
