4 0 0.047526 0.418923 0.003164 0.323925 0.630702 0 
4 0.021277 0.046535 0.395567 0.003093 0.286639 0.628509 0 
4 0.042553 0.046806 0.365516 0.003126 0.329363 0.553509 0 
4 0.06383 0.043743 0.311514 0.002923 0.299327 0.588158 0 
4 0.085106 0.035367 0.260637 0.00237 0.24521 0.639474 0 
4 0.106383 0.034046 0.215858 0.00225 0.204816 0.719298 0 
4 0.12766 0.024589 0.175543 0.001612 0.160798 0.747368 0 
4 0.148936 0.023898 0.15055 0.00156 0.13361 0.785965 0 
4 0.170213 0.02648 0.141178 0.001716 0.115484 0.802193 0 
4 0.191489 0.027801 0.149658 0.001797 0.10927 0.780702 0 
4 0.212766 0.034376 0.177031 0.002216 0.122216 0.827632 0 
4 0.234043 0.033866 0.21809 0.002189 0.155101 0.752193 0 
4 0.255319 0.043173 0.299464 0.002808 0.213361 0.698246 0 
4 0.276596 0.041492 0.370872 0.002723 0.283273 0.60307 0 
4 0.297872 0.027621 0.385004 0.001834 0.317711 0.58114 0 
4 0.319149 0.043533 0.443767 0.00291 0.374935 0.482456 0 
4 0.340426 0.05257 0.482148 0.00354 0.418695 0.469737 0 
4 0.361702 0.059385 0.516513 0.003984 0.439927 0.545175 0 
4 0.382979 0.087426 0.573193 0.005791 0.454169 0.579386 1 
4 0.404255 0.087426 0.592978 0.005733 0.445883 0.614474 1 
4 0.425532 0.087426 0.582118 0.005715 0.440963 0.666228 1 
4 0.446809 0.085475 0.576614 0.005592 0.44407 0.684211 1 
4 0.468085 0.089348 0.578251 0.005783 0.44899 0.629386 1 
4 0.489362 0.087426 0.58197 0.00564 0.454169 0.632018 1 
4 0.510638 0.123454 0.579143 0.00785 0.445883 0.673246 1 
4 0.531915 0.134802 0.578697 0.008168 0.445365 0.664035 1 
4 0.553191 0.150414 0.580333 0.009884 0.451838 0.639035 1 
4 0.574468 0.150354 0.579887 0.009884 0.451838 0.652193 1 
4 0.595745 0.150414 0.580333 0.009852 0.449767 0.643421 1 
4 0.617021 0.116729 0.574085 0.007698 0.44407 0.627632 1 
4 0.638298 0.087426 0.568581 0.00576 0.442517 0.62807 1 
4 0.659574 0.087426 0.571854 0.005708 0.442258 0.661842 1 
4 0.680851 0.087426 0.565754 0.005737 0.444847 0.632456 1 
4 0.702128 0.083614 0.559952 0.005519 0.455463 0.627632 1 
4 0.723404 0.062808 0.54091 0.004188 0.468928 0.568421 0 
4 0.744681 0.046325 0.538976 0.003103 0.47566 0.534211 0 
4 0.765957 0.056023 0.564713 0.003766 0.48291 0.497807 0 
4 0.787234 0.07851 0.577804 0.005293 0.511911 0.433333 1 
4 0.808511 0.053321 0.535555 0.003625 0.501813 0.335088 0 
4 0.829787 0.042422 0.494049 0.002898 0.461419 0.357018 0 
4 0.851064 0.042843 0.461619 0.002921 0.417141 0.357456 0 
4 0.87234 0.041762 0.437816 0.002856 0.375453 0.408772 0 
4 0.893617 0.041371 0.406873 0.002808 0.346194 0.458333 0 
4 0.914894 0.04002 0.373996 0.0027 0.302952 0.462281 0 
4 0.93617 0.043563 0.41208 0.00291 0.298032 0.544737 0 
4 0.957447 0.043983 0.426361 0.002916 0.287934 0.516228 0 
4 0.978723 0.085595 0.436626 0.005698 0.375971 0.456579 1 
4 1 0.054702 0.435436 0.003683 0.36898 0.537719 0 
