6 0 0.030623 0.540018 0.001951 0.441222 0.732018 0 
6 0.021277 0.03909 0.519786 0.002347 0.411445 0.765789 0 
6 0.042553 0.03945 0.492711 0.002495 0.45624 0.7 0 
6 0.06383 0.034856 0.44823 0.002281 0.424392 0.747368 0 
6 0.085106 0.031014 0.382922 0.001477 0.381926 0.765789 0 
6 0.106383 0.028312 0.340375 0.001496 0.316934 0.765789 0 
6 0.12766 0.018044 0.29039 0.000906 0.281719 0.673246 0 
6 0.148936 0.01252 0.254686 0.000804 0.240031 0.635526 0 
6 0.170213 0.011529 0.22895 0.000746 0.210772 0.614912 0 
6 0.191489 0.010448 0.227908 0.000677 0.201191 0.639474 0 
6 0.212766 0.01279 0.253347 0.000827 0.209995 0.684649 0 
6 0.234043 0.01339 0.305564 0.00086 0.243656 0.66886 0 
6 0.255319 0.034046 0.406575 0.00166 0.325738 0.764912 0 
6 0.276596 0.042422 0.525736 0.002713 0.41274 0.70307 0 
6 0.297872 0.042332 0.564267 0.002754 0.479026 0.532018 0 
6 0.319149 0.059385 0.6446 0.003959 0.563698 0.388158 1 
6 0.340426 0.067161 0.686552 0.004603 0.599689 0.379825 1 
6 0.361702 0.074306 0.683576 0.005172 0.599948 0.389474 1 
6 0.382979 0.079711 0.72166 0.005636 0.599948 0.407895 1 
6 0.404255 0.077729 0.72776 0.005434 0.589591 0.424561 1 
6 0.425532 0.067431 0.705296 0.004734 0.591144 0.414035 1 
6 0.446809 0.066471 0.679857 0.00467 0.585966 0.40614 1 
6 0.468085 0.048937 0.656501 0.00344 0.58001 0.372807 1 
6 0.489362 0.061727 0.647873 0.004346 0.576385 0.342982 1 
6 0.510638 0.057944 0.630616 0.004067 0.569653 0.375877 1 
6 0.531915 0.065059 0.609491 0.004557 0.578716 0.388158 1 
6 0.553191 0.06536 0.596995 0.004566 0.620404 0.312281 1 
6 0.574468 0.064849 0.578251 0.004526 0.621699 0.315789 1 
6 0.595745 0.069022 0.575275 0.004813 0.62869 0.353947 1 
6 0.617021 0.06551 0.558018 0.004564 0.627654 0.308333 1 
6 0.638298 0.06536 0.556531 0.004545 0.626877 0.360965 1 
6 0.659574 0.067011 0.568581 0.004655 0.612895 0.407018 1 
6 0.680851 0.049658 0.596846 0.00345 0.599948 0.405702 0 
6 0.702128 0.048547 0.657245 0.003413 0.616779 0.416228 0 
6 0.723404 0.057404 0.71928 0.004082 0.664423 0.284649 1 
6 0.744681 0.07875 0.760637 0.005758 0.693941 0.329386 1 
6 0.765957 0.073166 0.742487 0.005231 0.664164 0.316228 1 
6 0.787234 0.048037 0.711098 0.003438 0.630243 0.264035 0 
6 0.808511 0.043413 0.669146 0.003087 0.583635 0.315351 0 
6 0.829787 0.044104 0.632252 0.003112 0.560331 0.357456 0 
6 0.851064 0.045545 0.606962 0.003201 0.525117 0.36886 0 
6 0.87234 0.046175 0.579441 0.003226 0.502848 0.404386 0 
6 0.893617 0.043533 0.543142 0.00302 0.46349 0.489035 0 
6 0.914894 0.042032 0.501636 0.002869 0.430606 0.567544 0 
6 0.93617 0.042572 0.555787 0.00284 0.423356 0.60307 0 
6 0.957447 0.042272 0.570217 0.002794 0.408079 0.648684 0 
6 0.978723 0.042452 0.569473 0.002788 0.497929 0.50307 0 
6 1 0.041792 0.551622 0.002736 0.496893 0.589035 0 
