7 0 0.045965 0.253794 0.003467 0.422915 0.414912 0 
7 0.021277 0.045965 0.214222 0.003467 0.422915 0.414912 0 
7 0.042553 0.045965 0.198899 0.003467 0.422915 0.414912 0 
7 0.06383 0.056263 0.157394 0.003467 0.422915 0.414912 0 
7 0.085106 0.060106 0.115442 0.003467 0.422915 0.414912 1 
7 0.106383 0.060106 0.090598 0.003467 0.422915 0.414912 1 
7 0.12766 0.060106 0.067093 0.003467 0.422915 0.414912 1 
7 0.148936 0.060106 0.054448 0.003467 0.422915 0.414912 1 
7 0.170213 0.060106 0.041357 0.003467 0.422915 0.414912 1 
7 0.191489 0.060106 0.043737 0.003467 0.422915 0.414912 1 
7 0.212766 0.062057 0.050283 0.003467 0.422915 0.414912 1 
7 0.234043 0.062057 0.055043 0.003467 0.422915 0.414912 1 
7 0.255319 0.062057 0.069325 0.003467 0.422915 0.414912 1 
7 0.276596 0.060106 0.090896 0.003467 0.422915 0.414912 1 
7 0.297872 0.067191 0.119012 0.003467 0.422915 0.414912 1 
7 0.319149 0.060106 0.16632 0.003467 0.422915 0.414912 1 
7 0.340426 0.067191 0.210057 0.003467 0.422915 0.414912 1 
7 0.361702 0.056263 0.241892 0.003467 0.422915 0.414912 0 
7 0.382979 0.056263 0.290836 0.003467 0.422915 0.414912 0 
7 0.404255 0.056263 0.317465 0.003467 0.422915 0.414912 0 
7 0.425532 0.047526 0.314043 0.003467 0.422915 0.414912 0 
7 0.446809 0.068302 0.310324 0.003467 0.422915 0.414912 1 
7 0.468085 0.068302 0.299316 0.003467 0.422915 0.414912 1 
7 0.489362 0.068302 0.294853 0.003467 0.422915 0.414912 1 
7 0.510638 0.073256 0.291134 0.003467 0.422915 0.414912 1 
7 0.531915 0.073256 0.282952 0.003467 0.422915 0.414912 1 
7 0.553191 0.073256 0.269711 0.003467 0.422915 0.414912 1 
7 0.574468 0.073256 0.255281 0.003467 0.422915 0.414912 1 
7 0.595745 0.073256 0.247843 0.003467 0.422915 0.414912 1 
7 0.617021 0.073256 0.243677 0.003467 0.422915 0.414912 1 
7 0.638298 0.068302 0.246206 0.003467 0.422915 0.414912 1 
7 0.659574 0.073256 0.256174 0.003467 0.422915 0.414912 1 
7 0.680851 0.073256 0.263314 0.003467 0.422915 0.414912 1 
7 0.702128 0.077429 0.282654 0.003467 0.422915 0.414912 1 
7 0.723404 0.081542 0.286522 0.003467 0.422915 0.414912 1 
7 0.744681 0.086406 0.34335 0.003467 0.422915 0.414912 1 
7 0.765957 0.089888 0.380393 0.003467 0.422915 0.414912 1 
7 0.787234 0.077429 0.385004 0.003467 0.422915 0.414912 1 
7 0.808511 0.074517 0.360607 0.003467 0.422915 0.414912 1 
7 0.829787 0.074517 0.339185 0.003467 0.422915 0.414912 1 
7 0.851064 0.074517 0.319399 0.003467 0.422915 0.414912 1 
7 0.87234 0.073256 0.301398 0.003467 0.422915 0.414912 1 
7 0.893617 0.068302 0.272092 0.003467 0.422915 0.414912 1 
7 0.914894 0.056263 0.24457 0.003467 0.422915 0.414912 0 
7 0.93617 0.073256 0.273877 0.003467 0.422915 0.414912 1 
7 0.957447 0.073256 0.285034 0.003467 0.422915 0.414912 1 
7 0.978723 0.073256 0.293663 0.003467 0.422915 0.414912 1 
7 1 0.068302 0.266439 0.003467 0.422915 0.414912 1 
