7 0 0.062928 0.353317 0.003978 0.318747 0.722807 1 
7 0.021277 0.031314 0.292175 0.001975 0.298291 0.769737 0 
7 0.042553 0.032245 0.233264 0.002131 0.345158 0.696491 0 
7 0.06383 0.032515 0.198007 0.00215 0.315898 0.75 0 
7 0.085106 0.029602 0.159923 0.001799 0.265665 0.769737 0 
7 0.106383 0.028552 0.145641 0.00102 0.222683 0.769737 0 
7 0.12766 0.028552 0.143558 0.001284 0.202227 0.769737 0 
7 0.148936 0.023208 0.143261 0.001525 0.194977 0.835965 0 
7 0.170213 0.029242 0.149955 0.000837 0.195753 0.769737 0 
7 0.191489 0.032335 0.164683 0.000823 0.190575 0.725877 0 
7 0.212766 0.024529 0.191758 0.001539 0.216468 0.834649 0 
7 0.234043 0.027531 0.216156 0.001782 0.233299 0.85307 0 
7 0.255319 0.028762 0.247397 0.001697 0.249094 0.816667 0 
7 0.276596 0.0263 0.30601 0.001446 0.2768 0.805702 0 
7 0.297872 0.02672 0.359268 0.001462 0.288711 0.854825 0 
7 0.319149 0.028642 0.405088 0.001724 0.305282 0.82807 0 
7 0.340426 0.029933 0.464296 0.00193 0.334801 0.802632 0 
7 0.361702 0.030803 0.484826 0.001859 0.34231 0.798246 1 
7 0.382979 0.030473 0.492264 0.001961 0.35189 0.817105 1 
7 0.404255 0.031344 0.494496 0.002011 0.359399 0.800877 1 
7 0.425532 0.031194 0.502083 0.002002 0.363024 0.830702 1 
7 0.446809 0.033656 0.508777 0.00216 0.369498 0.79386 1 
7 0.468085 0.031434 0.508182 0.001872 0.360176 0.836404 1 
7 0.489362 0.029362 0.513389 0.001722 0.369239 0.836404 0 
7 0.510638 0.029933 0.515025 0.00178 0.365614 0.857018 0 
7 0.531915 0.030473 0.514281 0.001697 0.362765 0.858333 1 
7 0.553191 0.028822 0.506843 0.001743 0.358622 0.858333 0 
7 0.574468 0.028732 0.51086 0.001697 0.360953 0.905702 0 
7 0.595745 0.028822 0.511157 0.001697 0.352926 0.905702 0 
7 0.617021 0.028822 0.517108 0.001755 0.358105 0.927632 0 
7 0.638298 0.032214 0.517852 0.001826 0.370533 0.886842 1 
7 0.659574 0.033085 0.524546 0.001832 0.382185 0.879825 1 
7 0.680851 0.048517 0.51443 0.001697 0.38581 0.848684 1 
7 0.702128 0.09226 0.515323 0.001697 0.380891 0.835965 1 
7 0.723404 0.048997 0.516215 0.001697 0.376748 0.835965 1 
7 0.744681 0.037919 0.498959 0.001697 0.353962 0.835965 1 
7 0.765957 0.033535 0.478578 0.001697 0.332729 0.851316 1 
7 0.787234 0.035187 0.473222 0.001697 0.310461 0.851316 1 
7 0.808511 0.034826 0.489586 0.001697 0.320818 0.851316 1 
7 0.829787 0.053291 0.494793 0.003101 0.340756 0.701316 1 
7 0.851064 0.102798 0.469057 0.006726 0.326774 0.732456 1 
7 0.87234 0.045394 0.434692 0.002958 0.311756 0.786842 1 
7 0.893617 0.040411 0.44332 0.002611 0.287934 0.823684 1 
7 0.914894 0.033896 0.43127 0.001697 0.260487 0.851316 0 
7 0.93617 0.048217 0.42294 0.001697 0.256862 0.838158 1 
7 0.957447 0.030083 0.385748 0.001909 0.265407 0.847368 0 
7 0.978723 0.047856 0.353169 0.003112 0.319524 0.703509 1 
7 1 0.031254 0.302886 0.002048 0.318488 0.779386 0 
