6 0 0.053801 0.485719 0.00365 0.420508 0.593421 1 
6 0.021277 0.044824 0.461321 0.003006 0.379596 0.600439 0 
6 0.042553 0.044974 0.427403 0.003029 0.429052 0.501316 0 
6 0.06383 0.043713 0.375186 0.002923 0.396945 0.573246 0 
6 0.085106 0.041912 0.314192 0.002788 0.350596 0.622368 0 
6 0.106383 0.040621 0.270604 0.002667 0.300621 0.650439 0 
6 0.12766 0.038189 0.224636 0.002511 0.257121 0.651316 0 
6 0.148936 0.031464 0.193395 0.002075 0.218281 0.666228 0 
6 0.170213 0.030713 0.183576 0.002013 0.201968 0.699561 0 
6 0.191489 0.030383 0.181494 0.001967 0.194977 0.727632 0 
6 0.212766 0.034796 0.211247 0.002318 0.212584 0.753947 0 
6 0.234043 0.038159 0.253645 0.002457 0.234852 0.759649 0 
6 0.255319 0.042752 0.349896 0.002779 0.311497 0.691228 0 
6 0.276596 0.043773 0.456561 0.002889 0.390989 0.62807 0 
6 0.297872 0.044043 0.475602 0.002929 0.446401 0.510526 0 
6 0.319149 0.054551 0.549836 0.003741 0.522527 0.52193 1 
6 0.340426 0.069623 0.564415 0.004659 0.554635 0.476754 1 
6 0.361702 0.053891 0.561886 0.003552 0.559037 0.405702 1 
6 0.382979 0.106851 0.592681 0.006973 0.57276 0.50307 1 
6 0.404255 0.073196 0.603243 0.004992 0.565251 0.498246 1 
6 0.425532 0.054341 0.587623 0.00382 0.552046 0.479386 1 
6 0.446809 0.05272 0.5723 0.0036 0.544795 0.452193 0 
6 0.468085 0.05278 0.558018 0.00361 0.542724 0.44386 0 
6 0.489362 0.047856 0.557275 0.003278 0.534697 0.477632 0 
6 0.510638 0.045094 0.543291 0.003085 0.52667 0.458772 0 
6 0.531915 0.045425 0.531538 0.00311 0.525634 0.415351 0 
6 0.553191 0.045064 0.522761 0.003087 0.531331 0.444737 0 
6 0.574468 0.044554 0.521273 0.003056 0.527706 0.424561 0 
6 0.595745 0.046055 0.509819 0.003139 0.508804 0.454386 0 
6 0.617021 0.047976 0.505951 0.003255 0.503884 0.489912 0 
6 0.638298 0.044884 0.498959 0.003049 0.477473 0.466228 0 
6 0.659574 0.045364 0.515025 0.003078 0.472035 0.539035 0 
6 0.680851 0.044914 0.537489 0.003049 0.472294 0.532018 0 
6 0.702128 0.050108 0.571407 0.003392 0.486018 0.60307 0 
6 0.723404 0.05242 0.635823 0.003552 0.536769 0.536404 1 
6 0.744681 0.077669 0.672568 0.005195 0.603832 0.527193 1 
6 0.765957 0.061577 0.65546 0.004121 0.597618 0.461842 1 
6 0.787234 0.06545 0.623921 0.00441 0.557742 0.492982 1 
6 0.808511 0.050648 0.585242 0.003436 0.523304 0.482456 1 
6 0.829787 0.051939 0.552812 0.003515 0.489125 0.502193 1 
6 0.851064 0.05272 0.521273 0.003556 0.461678 0.488596 1 
6 0.87234 0.051639 0.50476 0.003469 0.448731 0.525 1 
6 0.893617 0.045064 0.470991 0.003037 0.408856 0.519298 0 
6 0.914894 0.044224 0.435733 0.002983 0.375712 0.54693 0 
6 0.93617 0.044524 0.490479 0.002997 0.369498 0.587719 0 
6 0.957447 0.044914 0.515472 0.003029 0.369757 0.555263 0 
6 0.978723 0.051639 0.51443 0.003523 0.464267 0.461842 1 
6 1 0.053531 0.503422 0.00381 0.455722 0.489474 1 
