3 0 0.122703 0.491074 0.003467 0.422915 0.414912 1 
3 0.021277 0.122703 0.4759 0.003467 0.422915 0.414912 1 
3 0.042553 0.095773 0.455817 0.003467 0.422915 0.414912 0 
3 0.06383 0.088387 0.394674 0.003467 0.422915 0.414912 0 
3 0.085106 0.044224 0.335019 0.003467 0.422915 0.414912 0 
3 0.106383 0.044224 0.291282 0.003467 0.422915 0.414912 0 
3 0.12766 0.044224 0.241595 0.003467 0.422915 0.414912 0 
3 0.148936 0.074877 0.212883 0.003467 0.422915 0.414912 0 
3 0.170213 0.074877 0.195329 0.003467 0.422915 0.414912 0 
3 0.191489 0.081122 0.190866 0.003467 0.422915 0.414912 0 
3 0.212766 0.081122 0.22285 0.003467 0.422915 0.414912 0 
3 0.234043 0.088387 0.276257 0.003467 0.422915 0.414912 0 
3 0.255319 0.124835 0.377417 0.003467 0.422915 0.414912 1 
3 0.276596 0.125706 0.493157 0.003467 0.422915 0.414912 1 
3 0.297872 0.044224 0.511455 0.003467 0.422915 0.414912 0 
3 0.319149 0.125706 0.590003 0.003467 0.422915 0.414912 1 
3 0.340426 0.125706 0.613359 0.003467 0.422915 0.414912 1 
3 0.361702 0.125706 0.594912 0.003467 0.422915 0.414912 1 
3 0.382979 0.190165 0.616632 0.003467 0.422915 0.414912 1 
3 0.404255 0.168338 0.624517 0.003467 0.422915 0.414912 1 
3 0.425532 0.143539 0.602648 0.003467 0.422915 0.414912 1 
3 0.446809 0.143539 0.571407 0.003467 0.422915 0.414912 1 
3 0.468085 0.124835 0.548646 0.003467 0.422915 0.414912 1 
3 0.489362 0.124835 0.538381 0.003467 0.422915 0.414912 1 
3 0.510638 0.124835 0.523654 0.003467 0.422915 0.414912 1 
3 0.531915 0.124835 0.507736 0.003467 0.422915 0.414912 1 
3 0.553191 0.124835 0.500744 0.003467 0.422915 0.414912 1 
3 0.574468 0.124835 0.489884 0.003467 0.422915 0.414912 1 
3 0.595745 0.098775 0.483487 0.003467 0.422915 0.414912 0 
3 0.617021 0.098775 0.476346 0.003467 0.422915 0.414912 0 
3 0.638298 0.124835 0.464148 0.003467 0.422915 0.414912 1 
3 0.659574 0.124835 0.476941 0.003467 0.422915 0.414912 1 
3 0.680851 0.125706 0.491818 0.003467 0.422915 0.414912 1 
3 0.702128 0.155878 0.535555 0.003467 0.422915 0.414912 1 
3 0.723404 0.155878 0.622434 0.003467 0.422915 0.414912 1 
3 0.744681 0.190165 0.703511 0.003467 0.422915 0.414912 1 
3 0.765957 0.125706 0.701726 0.003467 0.422915 0.414912 1 
3 0.787234 0.125706 0.674055 0.003467 0.422915 0.414912 1 
3 0.808511 0.125706 0.63731 0.003467 0.422915 0.414912 1 
3 0.829787 0.125706 0.60964 0.003467 0.422915 0.414912 1 
3 0.851064 0.155878 0.588515 0.003467 0.422915 0.414912 1 
3 0.87234 0.125706 0.56501 0.003467 0.422915 0.414912 1 
3 0.893617 0.124835 0.508628 0.003467 0.422915 0.414912 1 
3 0.914894 0.124835 0.455668 0.003467 0.422915 0.414912 1 
3 0.93617 0.128498 0.487057 0.003467 0.422915 0.414912 1 
3 0.957447 0.125706 0.495091 0.003467 0.422915 0.414912 1 
3 0.978723 0.125706 0.507289 0.003467 0.422915 0.414912 1 
3 1 0.125706 0.500893 0.003467 0.422915 0.414912 1 
