2 0 0.064519 0.54091 0.003467 0.422915 0.414912 0 
2 0.021277 0.089798 0.517852 0.003467 0.422915 0.414912 1 
2 0.042553 0.085565 0.494496 0.003467 0.422915 0.414912 1 
2 0.06383 0.064519 0.430378 0.003467 0.422915 0.414912 0 
2 0.085106 0.057734 0.367896 0.003467 0.422915 0.414912 0 
2 0.106383 0.075958 0.321333 0.003467 0.422915 0.414912 0 
2 0.12766 0.064519 0.271497 0.003467 0.422915 0.414912 0 
2 0.148936 0.064519 0.235347 0.003467 0.422915 0.414912 0 
2 0.170213 0.057734 0.215263 0.003467 0.422915 0.414912 0 
2 0.191489 0.057734 0.205147 0.003467 0.422915 0.414912 0 
2 0.212766 0.074877 0.231479 0.003467 0.422915 0.414912 0 
2 0.234043 0.077609 0.282059 0.003467 0.422915 0.414912 0 
2 0.255319 0.089798 0.379054 0.003467 0.422915 0.414912 1 
2 0.276596 0.080911 0.473222 0.003467 0.422915 0.414912 0 
2 0.297872 0.056173 0.49524 0.003467 0.422915 0.414912 0 
2 0.319149 0.074817 0.580184 0.003467 0.422915 0.414912 0 
2 0.340426 0.057734 0.626302 0.003467 0.422915 0.414912 0 
2 0.361702 0.074817 0.644154 0.003467 0.422915 0.414912 0 
2 0.382979 0.074817 0.669741 0.003467 0.422915 0.414912 0 
2 0.404255 0.074817 0.679113 0.003467 0.422915 0.414912 0 
2 0.425532 0.074817 0.646683 0.003467 0.422915 0.414912 0 
2 0.446809 0.074817 0.591639 0.003467 0.422915 0.414912 0 
2 0.468085 0.057764 0.583309 0.003467 0.422915 0.414912 0 
2 0.489362 0.074817 0.566052 0.003467 0.422915 0.414912 0 
2 0.510638 0.074817 0.552514 0.003467 0.422915 0.414912 0 
2 0.531915 0.074817 0.529753 0.003467 0.422915 0.414912 0 
2 0.553191 0.057734 0.519935 0.003467 0.422915 0.414912 0 
2 0.574468 0.074817 0.506546 0.003467 0.422915 0.414912 0 
2 0.595745 0.056173 0.48914 0.003467 0.422915 0.414912 0 
2 0.617021 0.074817 0.485719 0.003467 0.422915 0.414912 0 
2 0.638298 0.057734 0.480065 0.003467 0.422915 0.414912 0 
2 0.659574 0.057734 0.488396 0.003467 0.422915 0.414912 0 
2 0.680851 0.074817 0.505951 0.003467 0.422915 0.414912 0 
2 0.702128 0.074817 0.569622 0.003467 0.422915 0.414912 0 
2 0.723404 0.078209 0.676138 0.003467 0.422915 0.414912 1 
2 0.744681 0.074817 0.767182 0.003467 0.422915 0.414912 1 
2 0.765957 0.074817 0.773579 0.003467 0.422915 0.414912 1 
2 0.787234 0.074817 0.751562 0.003467 0.422915 0.414912 1 
2 0.808511 0.074817 0.714817 0.003467 0.422915 0.414912 1 
2 0.829787 0.074817 0.687593 0.003467 0.422915 0.414912 1 
2 0.851064 0.074817 0.666915 0.003467 0.422915 0.414912 1 
2 0.87234 0.057734 0.638054 0.003467 0.422915 0.414912 0 
2 0.893617 0.057734 0.592383 0.003467 0.422915 0.414912 0 
2 0.914894 0.042572 0.528414 0.003467 0.422915 0.414912 0 
2 0.93617 0.059235 0.557721 0.003467 0.422915 0.414912 0 
2 0.957447 0.056173 0.558614 0.003467 0.422915 0.414912 0 
2 0.978723 0.057734 0.562779 0.003467 0.422915 0.414912 0 
2 1 0.057734 0.552217 0.003467 0.422915 0.414912 0 
