7 0 0.056923 0.195775 0.003467 0.422915 0.414912 0 
7 0.021277 0.055242 0.148021 0.003467 0.422915 0.414912 0 
7 0.042553 0.055242 0.112764 0.003467 0.422915 0.414912 0 
7 0.06383 0.055242 0.081523 0.003467 0.422915 0.414912 0 
7 0.085106 0.055242 0.060101 0.003467 0.422915 0.414912 0 
7 0.106383 0.055242 0.050283 0.003467 0.422915 0.414912 0 
7 0.12766 0.055242 0.043291 0.003467 0.422915 0.414912 0 
7 0.148936 0.055242 0.041059 0.003467 0.422915 0.414912 0 
7 0.170213 0.070764 0.044778 0.003467 0.422915 0.414912 0 
7 0.191489 0.055242 0.040613 0.003467 0.422915 0.414912 0 
7 0.212766 0.070764 0.046117 0.003467 0.422915 0.414912 0 
7 0.234043 0.055242 0.061886 0.003467 0.422915 0.414912 0 
7 0.255319 0.070764 0.080184 0.003467 0.422915 0.414912 0 
7 0.276596 0.070764 0.119161 0.003467 0.422915 0.414912 0 
7 0.297872 0.074817 0.162154 0.003467 0.422915 0.414912 1 
7 0.319149 0.074817 0.203957 0.003467 0.422915 0.414912 1 
7 0.340426 0.080611 0.256769 0.003467 0.422915 0.414912 1 
7 0.361702 0.074817 0.283249 0.003467 0.422915 0.414912 1 
7 0.382979 0.074817 0.296489 0.003467 0.422915 0.414912 1 
7 0.404255 0.074817 0.29753 0.003467 0.422915 0.414912 1 
7 0.425532 0.074817 0.300655 0.003467 0.422915 0.414912 1 
7 0.446809 0.074817 0.30125 0.003467 0.422915 0.414912 1 
7 0.468085 0.087787 0.293216 0.003467 0.422915 0.414912 1 
7 0.489362 0.080611 0.292324 0.003467 0.422915 0.414912 1 
7 0.510638 0.080611 0.287861 0.003467 0.422915 0.414912 1 
7 0.531915 0.080611 0.282505 0.003467 0.422915 0.414912 1 
7 0.553191 0.085235 0.280125 0.003467 0.422915 0.414912 1 
7 0.574468 0.087757 0.276852 0.003467 0.422915 0.414912 1 
7 0.595745 0.085235 0.275662 0.003467 0.422915 0.414912 1 
7 0.617021 0.085235 0.282952 0.003467 0.422915 0.414912 1 
7 0.638298 0.085235 0.281315 0.003467 0.422915 0.414912 1 
7 0.659574 0.074817 0.282952 0.003467 0.422915 0.414912 1 
7 0.680851 0.074817 0.282803 0.003467 0.422915 0.414912 1 
7 0.702128 0.085235 0.298869 0.003467 0.422915 0.414912 1 
7 0.723404 0.074817 0.310324 0.003467 0.422915 0.414912 1 
7 0.744681 0.085235 0.313746 0.003467 0.422915 0.414912 1 
7 0.765957 0.087787 0.301845 0.003467 0.422915 0.414912 1 
7 0.787234 0.085235 0.29396 0.003467 0.422915 0.414912 1 
7 0.808511 0.089798 0.305861 0.003467 0.422915 0.414912 1 
7 0.829787 0.089108 0.331598 0.003467 0.422915 0.414912 1 
7 0.851064 0.087787 0.322672 0.003467 0.422915 0.414912 1 
7 0.87234 0.085235 0.286819 0.003467 0.422915 0.414912 1 
7 0.893617 0.087787 0.29515 0.003467 0.422915 0.414912 1 
7 0.914894 0.087787 0.298274 0.003467 0.422915 0.414912 1 
7 0.93617 0.080611 0.297233 0.003467 0.422915 0.414912 1 
7 0.957447 0.07866 0.265546 0.003467 0.422915 0.414912 1 
7 0.978723 0.058394 0.246058 0.003467 0.422915 0.414912 0 
7 1 0.058394 0.205891 0.003467 0.422915 0.414912 0 
