1 0 0.059175 0.422047 0.003467 0.422915 0.414912 0 
1 0.021277 0.055632 0.386195 0.003467 0.422915 0.414912 0 
1 0.042553 0.041492 0.367896 0.003467 0.422915 0.414912 0 
1 0.06383 0.041492 0.325498 0.003467 0.422915 0.414912 0 
1 0.085106 0.041492 0.293663 0.003467 0.422915 0.414912 0 
1 0.106383 0.055632 0.271497 0.003467 0.422915 0.414912 0 
1 0.12766 0.058544 0.237429 0.003467 0.422915 0.414912 0 
1 0.148936 0.059175 0.21199 0.003467 0.422915 0.414912 0 
1 0.170213 0.057794 0.206189 0.003467 0.422915 0.414912 0 
1 0.191489 0.057794 0.209759 0.003467 0.422915 0.414912 0 
1 0.212766 0.074457 0.241148 0.003467 0.422915 0.414912 0 
1 0.234043 0.07869 0.293068 0.003467 0.422915 0.414912 0 
1 0.255319 0.082082 0.416989 0.003467 0.422915 0.414912 0 
1 0.276596 0.103339 0.538679 0.003467 0.422915 0.414912 1 
1 0.297872 0.043203 0.589854 0.003467 0.422915 0.414912 0 
1 0.319149 0.081632 0.686849 0.003467 0.422915 0.414912 0 
1 0.340426 0.043203 0.716305 0.003467 0.422915 0.414912 0 
1 0.361702 0.043203 0.714073 0.003467 0.422915 0.414912 0 
1 0.382979 0.045635 0.741892 0.003467 0.422915 0.414912 0 
1 0.404255 0.045635 0.755132 0.003467 0.422915 0.414912 0 
1 0.425532 0.043203 0.735793 0.003467 0.422915 0.414912 0 
1 0.446809 0.041642 0.68432 0.003467 0.422915 0.414912 0 
1 0.468085 0.042272 0.668551 0.003467 0.422915 0.414912 0 
1 0.489362 0.043203 0.652633 0.003467 0.422915 0.414912 0 
1 0.510638 0.043203 0.642666 0.003467 0.422915 0.414912 0 
1 0.531915 0.042783 0.634186 0.003467 0.422915 0.414912 0 
1 0.553191 0.041642 0.632104 0.003467 0.422915 0.414912 0 
1 0.574468 0.081632 0.627046 0.003467 0.422915 0.414912 1 
1 0.595745 0.081632 0.606367 0.003467 0.422915 0.414912 1 
1 0.617021 0.081632 0.589705 0.003467 0.422915 0.414912 1 
1 0.638298 0.097184 0.579738 0.003467 0.422915 0.414912 1 
1 0.659574 0.103339 0.589259 0.003467 0.422915 0.414912 1 
1 0.680851 0.103339 0.614103 0.003467 0.422915 0.414912 1 
1 0.702128 0.103339 0.673163 0.003467 0.422915 0.414912 1 
1 0.723404 0.103339 0.777596 0.003467 0.422915 0.414912 1 
1 0.744681 0.103339 0.884707 0.003467 0.422915 0.414912 1 
1 0.765957 0.103339 0.898096 0.003467 0.422915 0.414912 1 
1 0.787234 0.103339 0.876079 0.003467 0.422915 0.414912 1 
1 0.808511 0.103339 0.842755 0.003467 0.422915 0.414912 1 
1 0.829787 0.081632 0.810919 0.003467 0.422915 0.414912 1 
1 0.851064 0.103339 0.788605 0.003467 0.422915 0.414912 1 
1 0.87234 0.081632 0.753347 0.003467 0.422915 0.414912 1 
1 0.893617 0.041642 0.691461 0.003467 0.422915 0.414912 0 
1 0.914894 0.043203 0.63136 0.003467 0.422915 0.414912 0 
1 0.93617 0.081632 0.656799 0.003467 0.422915 0.414912 1 
1 0.957447 0.097184 0.645939 0.003467 0.422915 0.414912 1 
1 0.978723 0.097184 0.620649 0.003467 0.422915 0.414912 1 
1 1 0.081632 0.600417 0.003467 0.422915 0.414912 1 
