3 0 0.07878 0.542844 0.003467 0.422915 0.414912 0 
3 0.021277 0.07878 0.523505 0.003467 0.422915 0.414912 0 
3 0.042553 0.07878 0.502975 0.003467 0.422915 0.414912 0 
3 0.06383 0.07854 0.432907 0.003467 0.422915 0.414912 0 
3 0.085106 0.077069 0.37355 0.003467 0.422915 0.414912 0 
3 0.106383 0.077069 0.330408 0.003467 0.422915 0.414912 0 
3 0.12766 0.077069 0.278935 0.003467 0.422915 0.414912 0 
3 0.148936 0.075507 0.243231 0.003467 0.422915 0.414912 0 
3 0.170213 0.076798 0.222404 0.003467 0.422915 0.414912 0 
3 0.191489 0.076798 0.221214 0.003467 0.422915 0.414912 0 
3 0.212766 0.076798 0.244124 0.003467 0.422915 0.414912 0 
3 0.234043 0.079891 0.29396 0.003467 0.422915 0.414912 0 
3 0.255319 0.086075 0.397352 0.003467 0.422915 0.414912 0 
3 0.276596 0.086075 0.513984 0.003467 0.422915 0.414912 0 
3 0.297872 0.089798 0.552068 0.003467 0.422915 0.414912 1 
3 0.319149 0.089798 0.639839 0.003467 0.422915 0.414912 1 
3 0.340426 0.089798 0.665129 0.003467 0.422915 0.414912 0 
3 0.361702 0.089798 0.653823 0.003467 0.422915 0.414912 0 
3 0.382979 0.152756 0.682535 0.003467 0.422915 0.414912 1 
3 0.404255 0.119731 0.679708 0.003467 0.422915 0.414912 1 
3 0.425532 0.152756 0.65903 0.003467 0.422915 0.414912 1 
3 0.446809 0.119731 0.630765 0.003467 0.422915 0.414912 1 
3 0.468085 0.119731 0.612467 0.003467 0.422915 0.414912 1 
3 0.489362 0.152756 0.616483 0.003467 0.422915 0.414912 1 
3 0.510638 0.152756 0.588069 0.003467 0.422915 0.414912 1 
3 0.531915 0.119731 0.580333 0.003467 0.422915 0.414912 1 
3 0.553191 0.119731 0.586879 0.003467 0.422915 0.414912 1 
3 0.574468 0.152756 0.580928 0.003467 0.422915 0.414912 1 
3 0.595745 0.120151 0.570068 0.003467 0.422915 0.414912 1 
3 0.617021 0.120151 0.562779 0.003467 0.422915 0.414912 1 
3 0.638298 0.140417 0.565308 0.003467 0.422915 0.414912 1 
3 0.659574 0.160532 0.600863 0.003467 0.422915 0.414912 1 
3 0.680851 0.179596 0.645344 0.003467 0.422915 0.414912 1 
3 0.702128 0.224931 0.704552 0.003467 0.422915 0.414912 1 
3 0.723404 0.224931 0.772538 0.003467 0.422915 0.414912 1 
3 0.744681 0.224931 0.838441 0.003467 0.422915 0.414912 1 
3 0.765957 0.224931 0.827135 0.003467 0.422915 0.414912 1 
3 0.787234 0.179596 0.797977 0.003467 0.422915 0.414912 1 
3 0.808511 0.160532 0.753794 0.003467 0.422915 0.414912 1 
3 0.829787 0.152756 0.723743 0.003467 0.422915 0.414912 1 
3 0.851064 0.224481 0.691015 0.003467 0.422915 0.414912 1 
3 0.87234 0.179596 0.660369 0.003467 0.422915 0.414912 1 
3 0.893617 0.152756 0.602946 0.003467 0.422915 0.414912 1 
3 0.914894 0.074817 0.537638 0.003467 0.422915 0.414912 0 
3 0.93617 0.179596 0.567242 0.003467 0.422915 0.414912 1 
3 0.957447 0.099135 0.564267 0.003467 0.422915 0.414912 0 
3 0.978723 0.152756 0.563672 0.003467 0.422915 0.414912 1 
3 1 0.099135 0.555043 0.003467 0.422915 0.414912 0 
