4 0 0.027111 0.37355 0.001807 0.264112 0.596491 0 
4 0.021277 0.027921 0.314936 0.001851 0.253496 0.615351 0 
4 0.042553 0.032365 0.262124 0.002154 0.31072 0.530263 1 
4 0.06383 0.028522 0.212288 0.001897 0.290782 0.511404 0 
4 0.085106 0.027351 0.175841 0.001822 0.247799 0.55 0 
4 0.106383 0.02693 0.144154 0.001789 0.209736 0.551754 0 
4 0.12766 0.02579 0.133591 0.001716 0.181253 0.541228 0 
4 0.148936 0.025459 0.135674 0.001693 0.170119 0.565351 0 
4 0.170213 0.027381 0.166022 0.00182 0.171155 0.581579 0 
4 0.191489 0.032725 0.208569 0.002183 0.200932 0.521053 1 
4 0.212766 0.038399 0.285481 0.002584 0.258415 0.447368 1 
4 0.234043 0.041912 0.37355 0.002842 0.330658 0.385088 1 
4 0.255319 0.037048 0.392443 0.002534 0.447954 0.239035 1 
4 0.276596 0.048637 0.453139 0.003342 0.525634 0.234649 1 
4 0.297872 0.044764 0.474412 0.003066 0.481357 0.308333 1 
4 0.319149 0.043323 0.480661 0.002968 0.466339 0.308333 1 
4 0.340426 0.054161 0.526927 0.003708 0.472812 0.34693 1 
4 0.361702 0.054762 0.542398 0.00372 0.460124 0.346491 1 
4 0.382979 0.054191 0.536001 0.003685 0.455981 0.347807 1 
4 0.404255 0.05233 0.524546 0.00356 0.459606 0.290351 1 
4 0.425532 0.050168 0.519935 0.003421 0.466339 0.286404 1 
4 0.446809 0.050348 0.518744 0.003438 0.470999 0.28114 1 
4 0.468085 0.049958 0.515323 0.003415 0.462714 0.294298 1 
4 0.489362 0.047406 0.506843 0.003243 0.463749 0.284211 1 
4 0.510638 0.047856 0.507438 0.003276 0.477473 0.254825 1 
4 0.531915 0.049297 0.493157 0.00338 0.486277 0.207456 1 
4 0.553191 0.048967 0.48676 0.003357 0.49508 0.201316 1 
4 0.574468 0.048307 0.480065 0.003315 0.491714 0.182895 1 
4 0.595745 0.046385 0.473966 0.003178 0.487571 0.204386 1 
4 0.617021 0.047976 0.480065 0.00329 0.484723 0.214035 1 
4 0.638298 0.047016 0.487652 0.003216 0.485759 0.224123 1 
4 0.659574 0.047826 0.489586 0.003278 0.490678 0.202632 1 
4 0.680851 0.042843 0.481404 0.002939 0.482651 0.208772 1 
4 0.702128 0.043113 0.472925 0.002964 0.472035 0.197368 1 
4 0.723404 0.032545 0.445254 0.002235 0.422579 0.268421 0 
4 0.744681 0.029572 0.437519 0.002025 0.386328 0.341228 0 
4 0.765957 0.029032 0.422642 0.00198 0.347229 0.4 0 
4 0.787234 0.029122 0.428741 0.001988 0.338685 0.390351 0 
4 0.808511 0.029182 0.43737 0.001996 0.362248 0.314912 0 
4 0.829787 0.029122 0.41684 0.001996 0.375453 0.299123 0 
4 0.851064 0.028882 0.383963 0.001969 0.35914 0.346491 0 
4 0.87234 0.027861 0.342904 0.001888 0.329622 0.396053 0 
4 0.893617 0.028792 0.385451 0.001948 0.287416 0.478947 0 
4 0.914894 0.028312 0.404195 0.001905 0.249612 0.545175 0 
4 0.93617 0.028342 0.423237 0.001892 0.227084 0.624123 0 
4 0.957447 0.028342 0.428295 0.00189 0.227084 0.602193 0 
4 0.978723 0.03882 0.434097 0.002621 0.32289 0.425877 1 
4 1 0.029783 0.407914 0.002017 0.333765 0.466228 0 
