5 0 0.072655 0.47471 0.004792 0.477214 0.660526 1 
5 0.021277 0.068512 0.45909 0.004132 0.453651 0.637719 1 
5 0.042553 0.077609 0.425617 0.004902 0.505179 0.578509 1 
5 0.06383 0.067131 0.37474 0.004414 0.483687 0.622368 1 
5 0.085106 0.047856 0.322523 0.003103 0.432418 0.617544 0 
5 0.106383 0.045515 0.270604 0.002973 0.384775 0.647368 0 
5 0.12766 0.044614 0.226718 0.00291 0.34231 0.672807 0 
5 0.148936 0.042482 0.19042 0.002771 0.31305 0.642982 0 
5 0.170213 0.036868 0.175394 0.002393 0.286898 0.732895 0 
5 0.191489 0.043953 0.178667 0.002838 0.273433 0.766228 0 
5 0.212766 0.03888 0.208866 0.002522 0.289228 0.732895 0 
5 0.234043 0.041311 0.254686 0.002707 0.312791 0.71886 0 
5 0.255319 0.058094 0.363434 0.003833 0.409632 0.624561 0 
5 0.276596 0.071574 0.464296 0.004711 0.486277 0.585965 1 
5 0.297872 0.040621 0.470693 0.002721 0.529259 0.514035 0 
5 0.319149 0.088537 0.530943 0.005887 0.60202 0.482456 1 
5 0.340426 0.085745 0.536894 0.005658 0.639824 0.495614 1 
5 0.361702 0.083614 0.52767 0.005525 0.645262 0.483333 1 
5 0.382979 0.087667 0.565308 0.005777 0.647333 0.516667 1 
5 0.404255 0.085385 0.567837 0.005623 0.638011 0.489035 1 
5 0.425532 0.083764 0.553704 0.005525 0.628949 0.510965 1 
5 0.446809 0.083493 0.534216 0.005494 0.615743 0.516228 1 
5 0.468085 0.087336 0.515323 0.005752 0.608752 0.512719 1 
5 0.489362 0.086346 0.50848 0.005712 0.598136 0.516228 1 
5 0.510638 0.089138 0.495537 0.005937 0.576903 0.417982 1 
5 0.531915 0.090789 0.486462 0.006074 0.560331 0.436842 1 
5 0.553191 0.097154 0.48438 0.006545 0.584412 0.400877 1 
5 0.574468 0.053801 0.474561 0.003629 0.571466 0.363158 0 
5 0.595745 0.056623 0.470544 0.003808 0.566287 0.357018 0 
5 0.617021 0.048997 0.46028 0.003297 0.560331 0.334649 0 
5 0.638298 0.048397 0.452841 0.003241 0.539099 0.370175 0 
5 0.659574 0.045845 0.461767 0.00307 0.535474 0.361404 0 
5 0.680851 0.043203 0.473817 0.002902 0.536769 0.407895 0 
5 0.702128 0.046235 0.494793 0.003099 0.547385 0.392105 0 
5 0.723404 0.072265 0.52053 0.004819 0.567582 0.490351 1 
5 0.744681 0.087186 0.583904 0.005789 0.605127 0.515351 1 
5 0.765957 0.088387 0.610979 0.00586 0.655878 0.456579 1 
5 0.787234 0.089138 0.616929 0.005852 0.661574 0.475439 1 
5 0.808511 0.085715 0.580184 0.005661 0.629726 0.502632 1 
5 0.829787 0.073406 0.552217 0.004846 0.591403 0.554386 1 
5 0.851064 0.075537 0.530646 0.005 0.571207 0.526316 1 
5 0.87234 0.043743 0.505356 0.002919 0.541429 0.452632 0 
5 0.893617 0.043233 0.463106 0.002898 0.508545 0.405702 0 
5 0.914894 0.042993 0.429337 0.002887 0.468669 0.442544 0 
5 0.93617 0.070283 0.463255 0.004626 0.452615 0.627193 1 
5 0.957447 0.046325 0.477388 0.003016 0.441999 0.551754 0 
5 0.978723 0.095893 0.48557 0.006288 0.535733 0.530263 1 
5 1 0.089048 0.481553 0.005773 0.522527 0.680263 1 
