1 0 0.048427 0.296043 0.003288 0.354738 0.430702 1 
1 0.021277 0.029422 0.263314 0.001998 0.312015 0.472807 0 
1 0.042553 0.030833 0.23252 0.002098 0.36639 0.380702 1 
1 0.06383 0.034826 0.1928 0.00237 0.341792 0.40614 1 
1 0.085106 0.029242 0.155162 0.001975 0.295443 0.510965 0 
1 0.106383 0.027471 0.124368 0.001849 0.258415 0.564035 0 
1 0.12766 0.025159 0.097292 0.001687 0.216468 0.598246 0 
1 0.148936 0.021436 0.082416 0.001437 0.185914 0.647368 0 
1 0.170213 0.020265 0.065605 0.001354 0.161056 0.663158 0 
1 0.191489 0.020416 0.065159 0.001365 0.136717 0.693421 0 
1 0.212766 0.019875 0.069325 0.001325 0.127654 0.717982 0 
1 0.234043 0.019605 0.071705 0.001305 0.115484 0.748246 0 
1 0.255319 0.020776 0.096549 0.001383 0.110823 0.742105 0 
1 0.276596 0.022247 0.124517 0.001481 0.115743 0.744298 0 
1 0.297872 0.023088 0.153526 0.001537 0.104868 0.755702 0 
1 0.319149 0.02672 0.204552 0.00178 0.127395 0.732456 0 
1 0.340426 0.02684 0.251116 0.001795 0.160021 0.696491 0 
1 0.361702 0.027111 0.290836 0.001809 0.181512 0.677193 0 
1 0.382979 0.027561 0.332342 0.001836 0.194977 0.683333 0 
1 0.404255 0.027651 0.347367 0.001784 0.197048 0.649561 0 
1 0.425532 0.027801 0.333829 0.001843 0.205075 0.654825 0 
1 0.446809 0.027711 0.325945 0.001834 0.201191 0.660088 0 
1 0.468085 0.027321 0.3133 0.001813 0.198602 0.654825 0 
1 0.489362 0.02696 0.300208 0.001795 0.198343 0.652193 0 
1 0.510638 0.02696 0.286968 0.001797 0.199637 0.648684 0 
1 0.531915 0.0269 0.267182 0.001795 0.194718 0.666228 0 
1 0.553191 0.02663 0.245016 0.001778 0.196012 0.651316 0 
1 0.574468 0.02678 0.229396 0.001793 0.198084 0.65307 0 
1 0.595745 0.02678 0.215858 0.001791 0.187985 0.672368 0 
1 0.617021 0.02678 0.208866 0.001789 0.186173 0.671053 0 
1 0.638298 0.02675 0.204255 0.001784 0.182548 0.69386 0 
1 0.659574 0.02678 0.20961 0.001784 0.186173 0.695614 0 
1 0.680851 0.02675 0.204255 0.001786 0.199379 0.664474 0 
1 0.702128 0.02678 0.212883 0.001795 0.226049 0.598246 0 
1 0.723404 0.027261 0.228801 0.001834 0.253496 0.560526 0 
1 0.744681 0.028882 0.273877 0.001951 0.289228 0.489474 1 
1 0.765957 0.030023 0.347516 0.00204 0.327809 0.458333 1 
1 0.787234 0.037529 0.393187 0.002565 0.378819 0.446491 1 
1 0.808511 0.033145 0.373401 0.002264 0.392284 0.468421 1 
1 0.829787 0.032064 0.344838 0.002177 0.382703 0.491228 1 
1 0.851064 0.030623 0.331895 0.002079 0.37131 0.475 1 
1 0.87234 0.033956 0.32163 0.002295 0.349301 0.538158 1 
1 0.893617 0.029723 0.294258 0.002 0.324184 0.57193 1 
1 0.914894 0.032184 0.269711 0.002167 0.303988 0.533772 1 
1 0.93617 0.029813 0.299464 0.002009 0.2913 0.547368 1 
1 0.957447 0.029633 0.3072 0.001994 0.283014 0.563596 1 
1 0.978723 0.047196 0.308242 0.003201 0.345417 0.435526 1 
1 1 0.035247 0.276406 0.002387 0.339979 0.482895 1 
