7 0 0.03903 0.517554 0.002555 0.470741 0.597807 0 
7 0.021277 0.038399 0.491967 0.002464 0.44174 0.621491 0 
7 0.042553 0.037168 0.452693 0.002374 0.48291 0.605263 0 
7 0.06383 0.027021 0.392145 0.001726 0.443035 0.628509 0 
7 0.085106 0.02576 0.329961 0.001676 0.396945 0.568421 0 
7 0.106383 0.021706 0.284439 0.0014 0.338944 0.581579 0 
7 0.12766 0.011499 0.240553 0.00074 0.295702 0.537719 0 
7 0.148936 0.001861 0.20247 0.000118 0.251424 0.515789 0 
7 0.170213 0.004804 0.177774 0.000314 0.227602 0.562719 0 
7 0.191489 0 0.167956 0 0.205075 0.57807 0 
7 0.212766 0 0.170336 0 0.189539 0.594737 0 
7 0.234043 0.007686 0.192949 0.000505 0.189021 0.560526 0 
7 0.255319 0.020235 0.230586 0.001298 0.217763 0.709649 0 
7 0.276596 0.042873 0.275513 0.001726 0.250906 0.765789 0 
7 0.297872 0.042542 0.329069 0.001641 0.24754 0.765789 0 
7 0.319149 0.044494 0.432163 0.002597 0.285603 0.765789 0 
7 0.340426 0.090549 0.516513 0.005831 0.347747 0.62807 1 
7 0.361702 0.09154 0.573193 0.006055 0.388141 0.586842 1 
7 0.382979 0.087366 0.610533 0.005841 0.422579 0.567105 1 
7 0.404255 0.082413 0.609342 0.005507 0.433713 0.577632 1 
7 0.425532 0.073916 0.580333 0.004979 0.427499 0.570614 1 
7 0.446809 0.063829 0.548646 0.004302 0.412998 0.568421 1 
7 0.468085 0.047916 0.51562 0.003245 0.396427 0.527193 0 
7 0.489362 0.045154 0.492264 0.003051 0.381409 0.569737 0 
7 0.510638 0.046535 0.470396 0.003139 0.36406 0.575 0 
7 0.531915 0.045274 0.451056 0.003047 0.354997 0.564035 0 
7 0.553191 0.045455 0.441535 0.003062 0.364837 0.564912 0 
7 0.574468 0.045394 0.422196 0.003047 0.359917 0.591228 0 
7 0.595745 0.044704 0.411485 0.00297 0.344381 0.635965 0 
7 0.617021 0.044224 0.403303 0.002931 0.343863 0.643421 0 
7 0.638298 0.044344 0.406575 0.002941 0.343345 0.653947 0 
7 0.659574 0.049027 0.423088 0.002931 0.346453 0.640789 0 
7 0.680851 0.044254 0.44823 0.002931 0.347488 0.65 0 
7 0.702128 0.055842 0.520678 0.003745 0.38581 0.580702 1 
7 0.723404 0.086436 0.610235 0.005764 0.457535 0.623246 1 
7 0.744681 0.114597 0.685957 0.007472 0.52175 0.579825 1 
7 0.765957 0.119821 0.696965 0.0079 0.521233 0.582456 1 
7 0.787234 0.112736 0.670336 0.007453 0.490937 0.577632 1 
7 0.808511 0.093791 0.630765 0.006277 0.452615 0.578947 1 
7 0.829787 0.071094 0.58435 0.004923 0.422061 0.599123 1 
7 0.851064 0.059956 0.556531 0.004036 0.39565 0.602193 1 
7 0.87234 0.061066 0.539572 0.00381 0.379078 0.674123 1 
7 0.893617 0.089348 0.509819 0.00582 0.354738 0.705702 1 
7 0.914894 0.07872 0.466379 0.005125 0.340497 0.730702 1 
7 0.93617 0.055062 0.485719 0.003565 0.340756 0.704825 1 
7 0.957447 0.043803 0.479619 0.002833 0.353185 0.684211 0 
7 0.978723 0.055692 0.486314 0.003612 0.433454 0.583772 1 
7 1 0.038459 0.446593 0.002486 0.42465 0.670175 0 
