5 0 0.071274 0.53496 0.004495 0.476696 0.6 1 
5 0.021277 0.055242 0.519935 0.002831 0.457276 0.594737 1 
5 0.042553 0.063708 0.488099 0.003756 0.512947 0.498684 1 
5 0.06383 0.061817 0.438857 0.003108 0.496116 0.492982 1 
5 0.085106 0.063738 0.377715 0.002214 0.454428 0.516228 1 
5 0.106383 0.074817 0.32535 0.002009 0.416882 0.52193 1 
5 0.12766 0.048937 0.274472 0.002009 0.375453 0.541228 1 
5 0.148936 0.029572 0.23981 0.001764 0.354997 0.590351 0 
5 0.170213 0.029723 0.220768 0.00194 0.339979 0.669737 0 
5 0.191489 0.029422 0.220619 0.001907 0.330917 0.713596 0 
5 0.212766 0.038729 0.247099 0.002511 0.336354 0.682456 0 
5 0.234043 0.033776 0.295745 0.002206 0.355256 0.627632 0 
5 0.255319 0.060646 0.395716 0.004009 0.426722 0.58114 1 
5 0.276596 0.059085 0.500893 0.004003 0.508286 0.454386 1 
5 0.297872 0.035547 0.554448 0.002468 0.558519 0.289035 0 
5 0.319149 0.040261 0.637459 0.002838 0.635163 0.245614 1 
5 0.340426 0.03954 0.645641 0.002773 0.663387 0.279386 0 
5 0.361702 0.040261 0.626897 0.002815 0.66986 0.242982 1 
5 0.382979 0.035697 0.628236 0.002493 0.670119 0.250439 0 
5 0.404255 0.032455 0.611574 0.002252 0.654324 0.264035 0 
5 0.425532 0.033535 0.598185 0.002322 0.635681 0.282895 0 
5 0.446809 0.034796 0.576614 0.002414 0.629208 0.253509 0 
5 0.468085 0.034676 0.563969 0.002432 0.627913 0.24386 0 
5 0.489362 0.031194 0.554002 0.002202 0.619368 0.208333 0 
5 0.510638 0.033956 0.545225 0.002395 0.596323 0.25 0 
5 0.531915 0.029933 0.530199 0.002117 0.592439 0.21886 0 
5 0.553191 0.032094 0.532728 0.002268 0.617815 0.192544 0 
5 0.574468 0.030113 0.529753 0.002131 0.611859 0.211842 0 
5 0.595745 0.029302 0.519786 0.002077 0.613931 0.184649 0 
5 0.617021 0.029032 0.512199 0.002021 0.56318 0.234211 0 
5 0.638298 0.029212 0.501934 0.002052 0.594511 0.234211 0 
5 0.659574 0.033986 0.523059 0.002403 0.605645 0.23114 0 
5 0.680851 0.038099 0.555192 0.002703 0.614448 0.262281 0 
5 0.702128 0.035547 0.606665 0.002522 0.643708 0.232895 0 
5 0.723404 0.05305 0.691163 0.003756 0.719575 0.235526 1 
5 0.744681 0.044374 0.749331 0.00311 0.761523 0.192544 1 
5 0.765957 0.033986 0.736388 0.002349 0.737183 0.245614 0 
5 0.787234 0.032275 0.713776 0.004792 0.680476 0.148684 0 
5 0.808511 0.035787 0.682089 0.002486 0.644744 0.257456 0 
5 0.829787 0.035637 0.651889 0.002482 0.613154 0.287719 0 
5 0.851064 0.035337 0.627641 0.002457 0.578457 0.313596 0 
5 0.87234 0.032845 0.607409 0.002287 0.545572 0.374561 0 
5 0.893617 0.029302 0.557126 0.002042 0.503884 0.427632 0 
5 0.914894 0.02675 0.50967 0.001861 0.466598 0.430702 0 
5 0.93617 0.029392 0.537935 0.002025 0.438892 0.502193 0 
5 0.957447 0.029182 0.540464 0.001984 0.399793 0.490351 0 
5 0.978723 0.036087 0.534662 0.002449 0.458312 0.514474 0 
5 1 0.037919 0.531241 0.002555 0.433972 0.523684 0 
