3 0 0.028432 0.372211 0.001809 0.324702 0.715789 0 
3 0.021277 0.028161 0.315085 0.001485 0.298809 0.767544 0 
3 0.042553 0.028642 0.268373 0.001359 0.354221 0.679825 0 
3 0.06383 0.028312 0.233264 0.001088 0.33014 0.701754 0 
3 0.085106 0.028312 0.20485 0.000868 0.291818 0.708333 0 
3 0.106383 0.028251 0.187444 0.000841 0.256603 0.708333 0 
3 0.12766 0.028251 0.188188 0.000841 0.241326 0.730263 0 
3 0.148936 0.028251 0.193692 0.001095 0.248576 0.796053 0 
3 0.170213 0.028612 0.220024 0.001059 0.270067 0.774123 0 
3 0.191489 0.029452 0.262868 0.001317 0.287675 0.750439 0 
3 0.212766 0.030353 0.345135 0.001606 0.346194 0.73114 0 
3 0.234043 0.031944 0.431866 0.00199 0.421802 0.619737 0 
3 0.255319 0.032665 0.466082 0.002115 0.530295 0.514912 0 
3 0.276596 0.032995 0.522761 0.002183 0.592439 0.474123 0 
3 0.297872 0.029903 0.55058 0.001963 0.549974 0.447368 0 
3 0.319149 0.028822 0.567986 0.001892 0.54376 0.445175 0 
3 0.340426 0.030533 0.616632 0.002011 0.547385 0.562281 0 
3 0.361702 0.032935 0.632104 0.002171 0.539358 0.5 0 
3 0.382979 0.032575 0.635674 0.002135 0.53884 0.588158 0 
3 0.404255 0.032485 0.633591 0.002131 0.549715 0.564035 0 
3 0.425532 0.033596 0.639542 0.002208 0.552563 0.558772 0 
3 0.446809 0.031524 0.640881 0.002079 0.552563 0.574561 0 
3 0.468085 0.030623 0.639839 0.002017 0.543242 0.572368 0 
3 0.489362 0.030443 0.641773 0.002002 0.530813 0.570614 0 
3 0.510638 0.030893 0.634484 0.002032 0.538581 0.517982 0 
3 0.531915 0.030113 0.623029 0.001986 0.542724 0.512719 0 
3 0.553191 0.029753 0.605326 0.001955 0.544278 0.470614 0 
3 0.574468 0.029452 0.593425 0.001944 0.534956 0.470175 0 
3 0.595745 0.028822 0.576763 0.001903 0.528224 0.491228 0 
3 0.617021 0.028732 0.567688 0.001886 0.522527 0.539474 0 
3 0.638298 0.028822 0.573639 0.001892 0.520974 0.486842 0 
3 0.659574 0.029062 0.578251 0.001909 0.52175 0.517982 0 
3 0.680851 0.028822 0.569771 0.001892 0.517607 0.492544 0 
3 0.702128 0.028822 0.559357 0.00189 0.499741 0.554386 0 
3 0.723404 0.028672 0.538084 0.001863 0.468151 0.600439 0 
3 0.744681 0.028612 0.518149 0.001668 0.427758 0.635965 0 
3 0.765957 0.028612 0.502231 0.001834 0.41015 0.612281 0 
3 0.787234 0.028612 0.492115 0.00188 0.439151 0.560965 0 
3 0.808511 0.028612 0.472925 0.001894 0.446142 0.576316 0 
3 0.829787 0.027801 0.446593 0.001845 0.434231 0.609211 0 
3 0.851064 0.02618 0.411038 0.001735 0.400829 0.638596 0 
3 0.87234 0.025249 0.376822 0.001558 0.372864 0.657895 0 
3 0.893617 0.028071 0.399286 0.001232 0.341533 0.642544 0 
3 0.914894 0.027261 0.408658 0.001381 0.30347 0.664474 0 
3 0.93617 0.028672 0.437221 0.000877 0.287157 0.664474 0 
3 0.957447 0.028612 0.436328 0.001446 0.280943 0.702193 0 
3 0.978723 0.028822 0.430229 0.001712 0.363024 0.55614 0 
3 1 0.028672 0.39884 0.001855 0.348265 0.628947 0 
