1 0 0.083614 0.441238 0.004518 0.457794 0.611404 1 
1 0.021277 0.058034 0.39393 0.003247 0.42465 0.640351 0 
1 0.042553 0.071334 0.3554 0.004614 0.490419 0.545175 0 
1 0.06383 0.051219 0.311217 0.003365 0.460383 0.547368 0 
1 0.085106 0.071154 0.272092 0.003054 0.424392 0.592544 0 
1 0.106383 0.057103 0.229098 0.003382 0.386846 0.664474 0 
1 0.12766 0.044704 0.201428 0.002898 0.344122 0.654386 0 
1 0.148936 0.038699 0.178965 0.00252 0.312273 0.655263 0 
1 0.170213 0.023778 0.164386 0.001554 0.28146 0.657895 0 
1 0.191489 0.023838 0.158286 0.001556 0.256085 0.681579 0 
1 0.212766 0.024739 0.162005 0.001618 0.231745 0.666228 0 
1 0.234043 0.022127 0.166022 0.001448 0.223718 0.649123 0 
1 0.255319 0.029422 0.193544 0.001928 0.218799 0.653947 0 
1 0.276596 0.027921 0.222404 0.00183 0.220093 0.67193 0 
1 0.297872 0.030263 0.251562 0.001973 0.189798 0.745614 0 
1 0.319149 0.044254 0.323416 0.002403 0.211548 0.816228 0 
1 0.340426 0.062748 0.389467 0.002835 0.257121 0.816228 0 
1 0.361702 0.082503 0.460131 0.002605 0.296479 0.794298 1 
1 0.382979 0.089528 0.518596 0.003176 0.328068 0.816228 1 
1 0.404255 0.087967 0.548795 0.003479 0.350854 0.816228 1 
1 0.425532 0.080491 0.543737 0.002725 0.350596 0.772368 1 
1 0.446809 0.056053 0.533026 0.002939 0.338426 0.877632 0 
1 0.468085 0.075868 0.518893 0.002929 0.339461 0.879825 1 
1 0.489362 0.076258 0.497025 0.002921 0.32755 0.879825 1 
1 0.510638 0.078119 0.482594 0.003027 0.327033 0.860965 1 
1 0.531915 0.078119 0.462957 0.002916 0.323925 0.860965 1 
1 0.553191 0.075778 0.43975 0.003099 0.322372 0.860965 1 
1 0.574468 0.075117 0.41446 0.002914 0.304247 0.860965 1 
1 0.595745 0.071634 0.394823 0.002914 0.281719 0.860965 1 
1 0.617021 0.06536 0.385302 0.002914 0.271362 0.860965 0 
1 0.638298 0.06548 0.390509 0.002914 0.261781 0.860965 0 
1 0.659574 0.068752 0.401071 0.002914 0.272916 0.860965 0 
1 0.680851 0.074246 0.420411 0.00291 0.274469 0.860965 1 
1 0.702128 0.069353 0.467867 0.002933 0.304247 0.873246 1 
1 0.723404 0.063438 0.520827 0.003986 0.357587 0.814035 0 
1 0.744681 0.077189 0.6385 0.004846 0.454687 0.740351 1 
1 0.765957 0.079651 0.693692 0.004998 0.52175 0.649123 1 
1 0.787234 0.082863 0.693841 0.005189 0.537804 0.665789 1 
1 0.808511 0.078119 0.671526 0.004896 0.514759 0.688158 1 
1 0.829787 0.078119 0.651294 0.004128 0.497152 0.712719 1 
1 0.851064 0.078119 0.635079 0.004684 0.490678 0.706579 1 
1 0.87234 0.078119 0.612615 0.003571 0.469705 0.717105 1 
1 0.893617 0.077429 0.576019 0.003398 0.434749 0.739035 1 
1 0.914894 0.080371 0.527075 0.003808 0.399534 0.688596 1 
1 0.93617 0.078119 0.531836 0.002914 0.381409 0.701754 1 
1 0.957447 0.078119 0.509372 0.002808 0.350854 0.688596 1 
1 0.978723 0.078119 0.48795 0.005008 0.426463 0.720175 1 
1 1 0.077009 0.458941 0.00354 0.434231 0.70614 1 
