2 0 0.085235 0.377864 0.005503 0.350854 0.775 0 
2 0.021277 0.03978 0.347664 0.002557 0.341792 0.735965 0 
2 0.042553 0.108052 0.32163 0.00704 0.396686 0.647807 0 
2 0.06383 0.069623 0.283993 0.004545 0.380891 0.687719 0 
2 0.085106 0.045545 0.250818 0.002973 0.359917 0.670614 0 
2 0.106383 0.040171 0.223892 0.002613 0.333765 0.682895 0 
2 0.12766 0.030293 0.194585 0.001959 0.307354 0.697368 0 
2 0.148936 0.031764 0.180155 0.002052 0.29363 0.705702 0 
2 0.170213 0.034826 0.17346 0.00225 0.279389 0.734649 0 
2 0.191489 0.032935 0.180155 0.002125 0.27188 0.727193 0 
2 0.212766 0.040411 0.215263 0.002615 0.2768 0.742544 0 
2 0.234043 0.083103 0.274621 0.005388 0.303729 0.687719 0 
2 0.255319 0.098955 0.380393 0.006493 0.365096 0.675439 0 
2 0.276596 0.172541 0.490181 0.011469 0.45624 0.599123 1 
2 0.297872 0.056233 0.535109 0.00383 0.510098 0.44693 0 
2 0.319149 0.108382 0.615739 0.007493 0.595805 0.423684 0 
2 0.340426 0.089978 0.623029 0.006238 0.628172 0.362719 0 
2 0.361702 0.074607 0.609491 0.005197 0.624806 0.3 0 
2 0.382979 0.053411 0.6144 0.003739 0.648887 0.269737 0 
2 0.404255 0.040261 0.61083 0.002796 0.639565 0.275877 0 
2 0.425532 0.040261 0.595359 0.002792 0.633868 0.301316 0 
2 0.446809 0.03903 0.583011 0.002705 0.62869 0.310965 0 
2 0.468085 0.030683 0.570366 0.002129 0.632833 0.323246 0 
2 0.489362 0.029362 0.557572 0.002042 0.622993 0.330263 0 
2 0.510638 0.030053 0.545671 0.002094 0.609788 0.328947 0 
2 0.531915 0.032094 0.538233 0.002241 0.613413 0.285965 0 
2 0.553191 0.035367 0.531836 0.002484 0.624288 0.263596 0 
2 0.574468 0.031104 0.526778 0.002189 0.629208 0.282456 0 
2 0.595745 0.032605 0.521422 0.002287 0.617038 0.29693 0 
2 0.617021 0.030053 0.513686 0.002108 0.613672 0.307895 0 
2 0.638298 0.028942 0.506397 0.002025 0.599689 0.311404 0 
2 0.659574 0.029302 0.519042 0.002046 0.598136 0.332456 0 
2 0.680851 0.029302 0.543737 0.00204 0.581823 0.352193 0 
2 0.702128 0.044494 0.596846 0.003105 0.627654 0.315789 0 
2 0.723404 0.136874 0.692949 0.009508 0.691093 0.378947 1 
2 0.744681 0.136994 0.767629 0.009393 0.750647 0.350877 1 
2 0.765957 0.267743 0.757959 0.018099 0.724236 0.448684 1 
2 0.787234 0.148763 0.732371 0.01006 0.674262 0.435526 1 
2 0.808511 0.090159 0.688634 0.00613 0.624029 0.413596 1 
2 0.829787 0.107121 0.658137 0.007374 0.596323 0.37807 1 
2 0.851064 0.150564 0.634186 0.010349 0.562662 0.468421 1 
2 0.87234 0.139996 0.60845 0.009593 0.539876 0.488596 1 
2 0.893617 0.05263 0.571854 0.003598 0.503625 0.496491 0 
2 0.914894 0.027861 0.517257 0.001917 0.46841 0.470614 0 
2 0.93617 0.046325 0.540762 0.003166 0.438633 0.574561 0 
2 0.957447 0.037168 0.550729 0.002507 0.411445 0.55307 0 
2 0.978723 0.10592 0.548795 0.007183 0.473071 0.54386 1 
2 1 0.067341 0.53615 0.004491 0.457017 0.609649 0 
