2 0 0.027651 0.267629 0.000841 0.336354 0.754825 0 
2 0.021277 0.027321 0.235942 0.000839 0.306577 0.754825 0 
2 0.042553 0.027231 0.200238 0.000841 0.366649 0.689035 0 
2 0.06383 0.026 0.178072 0.000841 0.335318 0.732895 0 
2 0.085106 0.023028 0.161708 0.000835 0.288452 0.732895 0 
2 0.106383 0.022007 0.156799 0.000837 0.260487 0.754825 0 
2 0.12766 0.019155 0.156352 0.000848 0.248317 0.820614 0 
2 0.148936 0.020055 0.166171 0.000841 0.252719 0.820614 0 
2 0.170213 0.033746 0.19399 0.001882 0.274987 0.767544 1 
2 0.191489 0.045875 0.234603 0.000848 0.299586 0.754825 1 
2 0.212766 0.034286 0.307944 0.001764 0.369498 0.773246 1 
2 0.234043 0.03939 0.391253 0.001653 0.436044 0.726316 1 
2 0.255319 0.025219 0.427403 0.001371 0.546867 0.629386 0 
2 0.276596 0.028071 0.499256 0.00182 0.64086 0.524123 0 
2 0.297872 0.027891 0.54939 0.001807 0.636458 0.585088 0 
2 0.319149 0.027981 0.583309 0.001801 0.672708 0.539474 0 
2 0.340426 0.035307 0.6446 0.002297 0.718281 0.455702 1 
2 0.361702 0.032275 0.664981 0.002125 0.72812 0.436842 0 
2 0.382979 0.028582 0.668849 0.00187 0.75738 0.430702 0 
2 0.404255 0.053501 0.677477 0.003527 0.778094 0.392982 1 
2 0.425532 0.046956 0.691461 0.003166 0.793889 0.340789 1 
2 0.446809 0.040711 0.70247 0.002744 0.788711 0.380263 1 
2 0.468085 0.042422 0.711693 0.002856 0.770844 0.432018 1 
2 0.489362 0.055182 0.724784 0.003702 0.775246 0.457018 1 
2 0.510638 0.058965 0.740256 0.003953 0.784827 0.445175 1 
2 0.531915 0.060646 0.746653 0.004049 0.822631 0.429825 1 
2 0.553191 0.10514 0.752157 0.007038 0.836354 0.370175 1 
2 0.574468 0.09244 0.75305 0.006192 0.83972 0.382456 1 
2 0.595745 0.051009 0.747397 0.003409 0.782496 0.384211 1 
2 0.617021 0.0529 0.753496 0.003542 0.785603 0.381579 1 
2 0.638298 0.090128 0.760637 0.006028 0.796737 0.45307 1 
2 0.659574 0.075868 0.767777 0.005062 0.780425 0.496491 1 
2 0.680851 0.063979 0.740405 0.004265 0.76463 0.444298 1 
2 0.702128 0.050318 0.719429 0.003353 0.735111 0.436404 1 
2 0.723404 0.029873 0.672419 0.001982 0.667271 0.529386 0 
2 0.744681 0.027381 0.636566 0.001789 0.595287 0.669737 0 
2 0.765957 0.027771 0.594168 0.001786 0.527447 0.776754 0 
2 0.787234 0.02642 0.566052 0.001672 0.484723 0.89386 0 
2 0.808511 0.027771 0.582862 0.001653 0.453392 0.87193 0 
2 0.829787 0.027771 0.589705 0.001653 0.466339 0.85 0 
2 0.851064 0.027651 0.548051 0.001653 0.468669 0.82807 0 
2 0.87234 0.02633 0.495388 0.001653 0.441222 0.764474 0 
2 0.893617 0.027501 0.511455 0.001653 0.391248 0.846491 0 
2 0.914894 0.02603 0.5 0.001653 0.352667 0.82807 0 
2 0.93617 0.02693 0.493603 0.001653 0.320818 0.862719 0 
2 0.957447 0.02573 0.475007 0.001383 0.307095 0.792105 0 
2 0.978723 0.035727 0.458346 0.001678 0.385293 0.826316 0 
2 1 0.028101 0.415799 0.001687 0.389694 0.826316 0 
