2 0 0.044614 0.365814 0.00302 0.331952 0.487719 0 
2 0.021277 0.044164 0.330408 0.002983 0.320818 0.507456 0 
2 0.042553 0.05308 0.302291 0.003589 0.367426 0.445614 1 
2 0.06383 0.056443 0.266439 0.003806 0.339979 0.482456 1 
2 0.085106 0.043743 0.233561 0.002991 0.292595 0.549561 0 
2 0.106383 0.041972 0.203362 0.002798 0.25971 0.623246 0 
2 0.12766 0.041071 0.173609 0.002734 0.215173 0.628947 0 
2 0.148936 0.040141 0.155608 0.002638 0.187727 0.622368 0 
2 0.170213 0.033626 0.151443 0.002192 0.168048 0.7 0 
2 0.191489 0.032004 0.163939 0.002092 0.165458 0.73114 0 
2 0.212766 0.036087 0.199494 0.002345 0.18203 0.717105 0 
2 0.234043 0.040681 0.253942 0.002644 0.209218 0.702193 0 
2 0.255319 0.043443 0.366855 0.002865 0.285085 0.595175 0 
2 0.276596 0.044374 0.478578 0.002991 0.365096 0.494737 0 
2 0.297872 0.050979 0.509521 0.003506 0.435267 0.410526 1 
2 0.319149 0.075748 0.583011 0.005201 0.515277 0.441228 1 
2 0.340426 0.090279 0.595359 0.006105 0.572501 0.413596 1 
2 0.361702 0.074577 0.590003 0.005073 0.578457 0.363596 1 
2 0.382979 0.074186 0.623029 0.005025 0.598654 0.359211 1 
2 0.404255 0.076738 0.63136 0.005264 0.602538 0.360965 1 
2 0.425532 0.085355 0.604582 0.005862 0.605127 0.384649 1 
2 0.446809 0.071454 0.567986 0.004921 0.605645 0.354825 1 
2 0.468085 0.071514 0.555341 0.004921 0.602279 0.407018 1 
2 0.489362 0.061307 0.545373 0.004204 0.589073 0.405263 1 
2 0.510638 0.062297 0.528712 0.004298 0.590886 0.402632 1 
2 0.531915 0.044644 0.515323 0.00306 0.571466 0.404825 0 
2 0.553191 0.046055 0.510562 0.003164 0.589073 0.370175 0 
2 0.574468 0.044494 0.502529 0.003056 0.582859 0.386404 0 
2 0.595745 0.044434 0.498661 0.003051 0.563439 0.376316 0 
2 0.617021 0.044404 0.494942 0.003049 0.544537 0.396491 0 
2 0.638298 0.044554 0.493752 0.003051 0.529001 0.420614 0 
2 0.659574 0.05317 0.514281 0.003531 0.529259 0.481579 0 
2 0.680851 0.067882 0.547159 0.004607 0.552305 0.504825 1 
2 0.702128 0.084304 0.594615 0.005654 0.595028 0.509649 1 
2 0.723404 0.084484 0.663642 0.005646 0.637752 0.466667 1 
2 0.744681 0.064909 0.708569 0.004339 0.678923 0.465789 1 
2 0.765957 0.070434 0.687891 0.00469 0.65303 0.460965 1 
2 0.787234 0.055902 0.65546 0.003756 0.599689 0.435965 0 
2 0.808511 0.060226 0.606665 0.004069 0.560849 0.439474 1 
2 0.829787 0.048787 0.56992 0.003317 0.529259 0.465789 0 
2 0.851064 0.044944 0.548944 0.003049 0.496634 0.494737 0 
2 0.87234 0.046025 0.519637 0.003103 0.476696 0.513596 0 
2 0.893617 0.043653 0.474264 0.002933 0.441481 0.589035 0 
2 0.914894 0.042662 0.428295 0.002835 0.4174 0.630702 0 
2 0.93617 0.043953 0.475454 0.002908 0.392543 0.662281 0 
2 0.957447 0.043863 0.484975 0.002898 0.375712 0.675877 0 
2 0.978723 0.044314 0.495835 0.002975 0.459089 0.507018 0 
2 1 0.044374 0.479024 0.002991 0.44666 0.57807 0 
