5 0 0.055242 0.180155 0.003467 0.422915 0.414912 0 
5 0.021277 0.040351 0.129426 0.003467 0.422915 0.414912 0 
5 0.042553 0.055242 0.087623 0.003467 0.422915 0.414912 0 
5 0.06383 0.055242 0.056382 0.003467 0.422915 0.414912 0 
5 0.085106 0.056233 0.041952 0.003467 0.422915 0.414912 0 
5 0.106383 0.040351 0.022166 0.003467 0.422915 0.414912 0 
5 0.12766 0.040351 0.018149 0.003467 0.422915 0.414912 0 
5 0.148936 0.040351 0.015323 0.003467 0.422915 0.414912 0 
5 0.170213 0.055242 0.029158 0.003467 0.422915 0.414912 0 
5 0.191489 0.055242 0.045968 0.003467 0.422915 0.414912 0 
5 0.212766 0.055242 0.074234 0.003467 0.422915 0.414912 0 
5 0.234043 0.055242 0.112169 0.003467 0.422915 0.414912 0 
5 0.255319 0.055242 0.115739 0.003467 0.422915 0.414912 0 
5 0.276596 0.056923 0.153526 0.003467 0.422915 0.414912 0 
5 0.297872 0.055242 0.185064 0.003467 0.422915 0.414912 0 
5 0.319149 0.056923 0.21809 0.003467 0.422915 0.414912 0 
5 0.340426 0.056923 0.275513 0.003467 0.422915 0.414912 0 
5 0.361702 0.064729 0.297977 0.003467 0.422915 0.414912 1 
5 0.382979 0.064729 0.298869 0.003467 0.422915 0.414912 1 
5 0.404255 0.064729 0.285778 0.003467 0.422915 0.414912 1 
5 0.425532 0.056923 0.276108 0.003467 0.422915 0.414912 0 
5 0.446809 0.056923 0.273133 0.003467 0.422915 0.414912 0 
5 0.468085 0.056923 0.266885 0.003467 0.422915 0.414912 1 
5 0.489362 0.056923 0.262719 0.003467 0.422915 0.414912 1 
5 0.510638 0.056923 0.259447 0.003467 0.422915 0.414912 1 
5 0.531915 0.056923 0.254091 0.003467 0.422915 0.414912 1 
5 0.553191 0.055242 0.247843 0.003467 0.422915 0.414912 0 
5 0.574468 0.055242 0.243975 0.003467 0.422915 0.414912 0 
5 0.595745 0.055242 0.243082 0.003467 0.422915 0.414912 0 
5 0.617021 0.055242 0.244719 0.003467 0.422915 0.414912 0 
5 0.638298 0.056923 0.247248 0.003467 0.422915 0.414912 1 
5 0.659574 0.055242 0.258405 0.003467 0.422915 0.414912 0 
5 0.680851 0.056923 0.259149 0.003467 0.422915 0.414912 1 
5 0.702128 0.056923 0.256323 0.003467 0.422915 0.414912 1 
5 0.723404 0.055242 0.239363 0.003467 0.422915 0.414912 0 
5 0.744681 0.056923 0.245165 0.003467 0.422915 0.414912 1 
5 0.765957 0.056923 0.237727 0.003467 0.422915 0.414912 1 
5 0.787234 0.056923 0.233115 0.003467 0.422915 0.414912 1 
5 0.808511 0.056923 0.241595 0.003467 0.422915 0.414912 1 
5 0.829787 0.056923 0.253347 0.003467 0.422915 0.414912 1 
5 0.851064 0.056923 0.23609 0.003467 0.422915 0.414912 1 
5 0.87234 0.055242 0.217792 0.003467 0.422915 0.414912 0 
5 0.893617 0.064729 0.262124 0.003467 0.422915 0.414912 1 
5 0.914894 0.067611 0.282803 0.003467 0.422915 0.414912 1 
5 0.93617 0.067611 0.320887 0.003467 0.422915 0.414912 1 
5 0.957447 0.083013 0.320589 0.003467 0.422915 0.414912 1 
5 0.978723 0.074817 0.315085 0.003467 0.422915 0.414912 1 
5 1 0.074817 0.298126 0.003467 0.422915 0.414912 1 
