3 0 0.066471 0.575722 0.003467 0.422915 0.414912 0 
3 0.021277 0.072895 0.558018 0.003467 0.422915 0.414912 0 
3 0.042553 0.064519 0.537786 0.003467 0.422915 0.414912 0 
3 0.06383 0.061967 0.478429 0.003467 0.422915 0.414912 0 
3 0.085106 0.061967 0.414758 0.003467 0.422915 0.414912 0 
3 0.106383 0.061517 0.367599 0.003467 0.422915 0.414912 0 
3 0.12766 0.061967 0.320887 0.003467 0.422915 0.414912 0 
3 0.148936 0.061967 0.279084 0.003467 0.422915 0.414912 0 
3 0.170213 0.059565 0.260934 0.003467 0.422915 0.414912 0 
3 0.191489 0.059565 0.253942 0.003467 0.422915 0.414912 0 
3 0.212766 0.061967 0.280274 0.003467 0.422915 0.414912 0 
3 0.234043 0.061967 0.33859 0.003467 0.422915 0.414912 0 
3 0.255319 0.074877 0.463404 0.003467 0.422915 0.414912 0 
3 0.276596 0.096373 0.597739 0.003467 0.422915 0.414912 1 
3 0.297872 0.074877 0.631955 0.003467 0.422915 0.414912 0 
3 0.319149 0.090669 0.70723 0.003467 0.422915 0.414912 1 
3 0.340426 0.085325 0.713627 0.003467 0.422915 0.414912 1 
3 0.361702 0.071304 0.691015 0.003467 0.422915 0.414912 0 
3 0.382979 0.088177 0.714519 0.003467 0.422915 0.414912 1 
3 0.404255 0.085325 0.710949 0.003467 0.422915 0.414912 1 
3 0.425532 0.083644 0.675692 0.003467 0.422915 0.414912 1 
3 0.446809 0.058544 0.639839 0.003467 0.422915 0.414912 0 
3 0.468085 0.058544 0.609938 0.003467 0.422915 0.414912 0 
3 0.489362 0.057043 0.581821 0.003467 0.422915 0.414912 0 
3 0.510638 0.043203 0.56873 0.003467 0.422915 0.414912 0 
3 0.531915 0.057043 0.549688 0.003467 0.422915 0.414912 0 
3 0.553191 0.043203 0.542249 0.003467 0.422915 0.414912 0 
3 0.574468 0.041431 0.528117 0.003467 0.422915 0.414912 0 
3 0.595745 0.043203 0.514579 0.003467 0.422915 0.414912 0 
3 0.617021 0.041131 0.499554 0.003467 0.422915 0.414912 0 
3 0.638298 0.041131 0.491818 0.003467 0.422915 0.414912 0 
3 0.659574 0.041431 0.496578 0.003467 0.422915 0.414912 0 
3 0.680851 0.043203 0.51681 0.003467 0.422915 0.414912 0 
3 0.702128 0.043203 0.550283 0.003467 0.422915 0.414912 0 
3 0.723404 0.058544 0.614252 0.003467 0.422915 0.414912 0 
3 0.744681 0.085325 0.736983 0.003467 0.422915 0.414912 1 
3 0.765957 0.085325 0.800952 0.003467 0.422915 0.414912 1 
3 0.787234 0.085325 0.800208 0.003467 0.422915 0.414912 1 
3 0.808511 0.074877 0.767777 0.003467 0.422915 0.414912 1 
3 0.829787 0.074877 0.743826 0.003467 0.422915 0.414912 1 
3 0.851064 0.096373 0.729694 0.003467 0.422915 0.414912 1 
3 0.87234 0.088177 0.699197 0.003467 0.422915 0.414912 1 
3 0.893617 0.074877 0.646236 0.003467 0.422915 0.414912 1 
3 0.914894 0.058544 0.58554 0.003467 0.422915 0.414912 0 
3 0.93617 0.088177 0.601755 0.003467 0.422915 0.414912 1 
3 0.957447 0.088177 0.592086 0.003467 0.422915 0.414912 1 
3 0.978723 0.085325 0.590449 0.003467 0.422915 0.414912 1 
3 1 0.061967 0.581226 0.003467 0.422915 0.414912 0 
