3 0 0.041161 0.560101 0.002665 0.447695 0.617105 0 
3 0.021277 0.040891 0.544183 0.002624 0.428534 0.671491 0 
3 0.042553 0.041221 0.518893 0.002653 0.482134 0.608333 0 
3 0.06383 0.040411 0.471288 0.002584 0.45624 0.717544 0 
3 0.085106 0.036658 0.416394 0.00168 0.41999 0.765789 0 
3 0.106383 0.032094 0.367153 0.000875 0.363024 0.765789 0 
3 0.12766 0.009847 0.317465 0.000557 0.310461 0.765789 0 
3 0.148936 0.006635 0.281464 0.000415 0.268514 0.701754 0 
3 0.170213 0.01324 0.260339 0.000833 0.239513 0.642105 0 
3 0.191489 0 0.251116 0 0.218022 0.614474 0 
3 0.212766 0.010688 0.276703 0.000677 0.229415 0.686404 0 
3 0.234043 0.032004 0.332639 0.001194 0.278353 0.765789 0 
3 0.255319 0.042272 0.451354 0.001961 0.369239 0.760526 0 
3 0.276596 0.042632 0.571854 0.002715 0.46349 0.661404 0 
3 0.297872 0.050348 0.611425 0.003299 0.52434 0.55307 1 
3 0.319149 0.073436 0.703362 0.004344 0.607457 0.389912 1 
3 0.340426 0.078089 0.729991 0.005417 0.649404 0.366667 1 
3 0.361702 0.082383 0.712734 0.005681 0.658726 0.366228 1 
3 0.382979 0.073976 0.735198 0.0051 0.661056 0.399123 1 
3 0.404255 0.073886 0.729842 0.005085 0.65769 0.395614 1 
3 0.425532 0.068902 0.700982 0.004769 0.64552 0.398684 1 
3 0.446809 0.064669 0.672121 0.004483 0.639306 0.403947 1 
3 0.468085 0.054792 0.638649 0.003783 0.639306 0.388596 1 
3 0.489362 0.060826 0.61202 0.004177 0.640083 0.364474 1 
3 0.510638 0.049297 0.585391 0.003398 0.625065 0.33114 1 
3 0.531915 0.064369 0.579143 0.004454 0.634904 0.257456 1 
3 0.553191 0.071604 0.565457 0.004952 0.661833 0.246491 1 
3 0.574468 0.05314 0.554299 0.003679 0.665458 0.215351 1 
3 0.595745 0.059565 0.543588 0.004119 0.654842 0.232018 1 
3 0.617021 0.044824 0.531389 0.003114 0.641378 0.222368 0 
3 0.638298 0.045635 0.527373 0.003149 0.630243 0.260088 0 
3 0.659574 0.046295 0.544332 0.003197 0.617297 0.29386 0 
3 0.680851 0.047076 0.576168 0.003263 0.613931 0.283333 0 
3 0.702128 0.051189 0.64579 0.003594 0.638011 0.29693 1 
3 0.723404 0.06578 0.752455 0.004848 0.697048 0.281579 1 
3 0.744681 0.076288 0.828474 0.005264 0.757639 0.317982 1 
3 0.765957 0.075748 0.828622 0.00517 0.73537 0.353947 1 
3 0.787234 0.072775 0.804969 0.004992 0.68928 0.370614 1 
3 0.808511 0.074427 0.771348 0.005133 0.639565 0.426754 1 
3 0.829787 0.067071 0.747694 0.004643 0.59477 0.447807 1 
3 0.851064 0.064759 0.721363 0.004472 0.568358 0.46886 1 
3 0.87234 0.077159 0.696073 0.005285 0.537286 0.46886 1 
3 0.893617 0.041702 0.639542 0.002777 0.508545 0.529825 0 
3 0.914894 0.040501 0.58792 0.002673 0.482393 0.612281 0 
3 0.93617 0.042032 0.614549 0.00273 0.457535 0.640789 0 
3 0.957447 0.03909 0.602053 0.002513 0.442776 0.720614 0 
3 0.978723 0.042332 0.588664 0.002709 0.522009 0.559211 0 
3 1 0.041462 0.576019 0.002678 0.512947 0.62193 0 
