4 0 0.043503 0.494793 0.002973 0.412481 0.356579 0 
4 0.021277 0.038639 0.477536 0.002655 0.381409 0.398246 0 
4 0.042553 0.040861 0.44823 0.002811 0.436561 0.282018 0 
4 0.06383 0.043383 0.397947 0.002979 0.415329 0.363158 0 
4 0.085106 0.042933 0.336805 0.002931 0.365614 0.397807 0 
4 0.106383 0.032545 0.282654 0.002221 0.319782 0.493421 0 
4 0.12766 0.034526 0.238173 0.002354 0.27913 0.489035 0 
4 0.148936 0.032785 0.209313 0.002227 0.244433 0.52807 0 
4 0.170213 0.029633 0.187593 0.002013 0.222683 0.553947 0 
4 0.191489 0.029873 0.185808 0.002029 0.209995 0.550877 0 
4 0.212766 0.030083 0.210652 0.002048 0.219316 0.526754 0 
4 0.234043 0.030743 0.261083 0.002098 0.246763 0.518421 0 
4 0.255319 0.034166 0.363285 0.002339 0.32289 0.461404 0 
4 0.276596 0.057944 0.465933 0.003911 0.400311 0.390351 0 
4 0.297872 0.036658 0.47233 0.002513 0.430347 0.322807 0 
4 0.319149 0.05296 0.519786 0.003614 0.503625 0.238158 0 
4 0.340426 0.049057 0.53853 0.003346 0.531072 0.265789 0 
4 0.361702 0.046265 0.527224 0.003168 0.532626 0.250439 0 
4 0.382979 0.062387 0.564862 0.00425 0.532108 0.307456 0 
4 0.404255 0.050288 0.570515 0.003427 0.523563 0.279386 0 
4 0.425532 0.048457 0.559952 0.003315 0.513465 0.285526 0 
4 0.446809 0.044854 0.535852 0.003083 0.511911 0.283333 0 
4 0.468085 0.050438 0.522612 0.003473 0.505438 0.269737 0 
4 0.489362 0.045394 0.511455 0.003141 0.501036 0.267105 0 
4 0.510638 0.030443 0.495537 0.002092 0.477991 0.328509 0 
4 0.531915 0.030353 0.482446 0.002079 0.47333 0.315351 0 
4 0.553191 0.030473 0.477388 0.002088 0.490678 0.257895 0 
4 0.574468 0.030353 0.473222 0.002083 0.494821 0.255263 0 
4 0.595745 0.030353 0.466379 0.002077 0.486794 0.300877 0 
4 0.617021 0.030353 0.459685 0.002071 0.477214 0.310526 0 
4 0.638298 0.030353 0.449122 0.002069 0.460383 0.331579 0 
4 0.659574 0.030353 0.454032 0.002069 0.445624 0.33114 0 
4 0.680851 0.030353 0.459685 0.002059 0.447954 0.341228 0 
4 0.702128 0.033415 0.480512 0.002297 0.460901 0.301316 0 
4 0.723404 0.032455 0.499702 0.002262 0.489125 0.243421 0 
4 0.744681 0.046655 0.562333 0.003243 0.528483 0.172368 1 
4 0.765957 0.077279 0.61083 0.005353 0.549456 0.14693 1 
4 0.787234 0.076618 0.600119 0.005309 0.534179 0.176316 1 
4 0.808511 0.042933 0.565605 0.002973 0.501813 0.201316 1 
4 0.829787 0.029032 0.538084 0.001986 0.472035 0.270175 0 
4 0.851064 0.030833 0.513686 0.002086 0.444588 0.314035 0 
4 0.87234 0.030773 0.492859 0.002073 0.421802 0.280263 0 
4 0.893617 0.030473 0.458643 0.002046 0.39332 0.246491 0 
4 0.914894 0.028221 0.416691 0.002042 0.365096 0.417544 0 
4 0.93617 0.030293 0.472181 0.00215 0.343863 0.455702 0 
4 0.957447 0.030353 0.493454 0.002015 0.329104 0.485088 0 
4 0.978723 0.031314 0.504314 0.002079 0.4174 0.339474 0 
4 1 0.030743 0.49643 0.002056 0.413775 0.366667 0 
