5 0 0.062928 0.579887 0.004136 0.505955 0.567982 0 
5 0.021277 0.060196 0.56501 0.003943 0.490419 0.542544 0 
5 0.042553 0.067431 0.537191 0.00447 0.552046 0.52193 1 
5 0.06383 0.062838 0.488843 0.004148 0.537027 0.502632 0 
5 0.085106 0.064609 0.427998 0.004244 0.49275 0.545175 1 
5 0.106383 0.064579 0.375335 0.003995 0.459606 0.575 1 
5 0.12766 0.062928 0.322226 0.003606 0.423097 0.62193 0 
5 0.148936 0.060826 0.291729 0.002811 0.400311 0.59693 0 
5 0.170213 0.060766 0.26391 0.002532 0.377007 0.59693 0 
5 0.191489 0.060136 0.261678 0.002027 0.368721 0.61886 0 
5 0.212766 0.060136 0.294258 0.002376 0.382444 0.61886 0 
5 0.234043 0.059115 0.339631 0.002794 0.397204 0.61886 0 
5 0.255319 0.062357 0.448825 0.004119 0.48291 0.49693 0 
5 0.276596 0.085895 0.5723 0.005818 0.565769 0.388596 1 
5 0.297872 0.068152 0.622731 0.004678 0.622475 0.410526 1 
5 0.319149 0.081932 0.709908 0.005609 0.700932 0.423684 1 
5 0.340426 0.087066 0.719429 0.005958 0.741067 0.392105 1 
5 0.361702 0.083854 0.702172 0.005758 0.739254 0.403509 1 
5 0.382979 0.077999 0.701428 0.005336 0.743397 0.457018 1 
5 0.404255 0.07878 0.717197 0.005363 0.73304 0.465351 1 
5 0.425532 0.068062 0.67956 0.004628 0.716986 0.407456 1 
5 0.446809 0.06602 0.644154 0.004487 0.693682 0.408772 0 
5 0.468085 0.06626 0.620649 0.004487 0.685655 0.413158 0 
5 0.489362 0.057073 0.602946 0.003864 0.674003 0.422807 0 
5 0.510638 0.058454 0.594912 0.003951 0.659503 0.410088 0 
5 0.531915 0.044043 0.58435 0.002983 0.660021 0.402193 0 
5 0.553191 0.067101 0.578846 0.00456 0.680476 0.385965 1 
5 0.574468 0.061367 0.570217 0.004159 0.668824 0.330702 0 
5 0.595745 0.060136 0.555787 0.004061 0.658726 0.366228 0 
5 0.617021 0.061307 0.557423 0.00414 0.64319 0.397807 0 
5 0.638298 0.060136 0.555936 0.004059 0.625842 0.449561 0 
5 0.659574 0.060136 0.574531 0.004057 0.611341 0.45307 0 
5 0.680851 0.061187 0.599078 0.004111 0.607198 0.492982 0 
5 0.702128 0.067491 0.64817 0.004555 0.619109 0.472807 1 
5 0.723404 0.072655 0.726718 0.004923 0.665976 0.450439 1 
5 0.744681 0.087006 0.834276 0.005897 0.75246 0.475 1 
5 0.765957 0.095352 0.856144 0.006537 0.785603 0.385088 1 
5 0.787234 0.088087 0.840672 0.006012 0.752978 0.455702 1 
5 0.808511 0.086135 0.80839 0.005816 0.719057 0.481579 1 
5 0.829787 0.076918 0.775513 0.005191 0.686691 0.530702 1 
5 0.851064 0.077249 0.761976 0.005172 0.663387 0.542544 1 
5 0.87234 0.070974 0.735495 0.004707 0.627136 0.567982 1 
5 0.893617 0.061126 0.681345 0.004061 0.593993 0.538596 0 
5 0.914894 0.056683 0.626748 0.00383 0.566805 0.466667 0 
5 0.93617 0.058695 0.642666 0.003826 0.52667 0.543421 0 
5 0.957447 0.056503 0.638947 0.003594 0.495339 0.55307 0 
5 0.978723 0.064549 0.627194 0.004325 0.576903 0.551316 0 
5 1 0.064819 0.605921 0.004285 0.55593 0.557456 0 
