7 0 0.050078 0.293514 0.003467 0.422915 0.414912 0 
7 0.021277 0.053441 0.250818 0.003467 0.422915 0.414912 0 
7 0.042553 0.053441 0.225082 0.003467 0.422915 0.414912 0 
7 0.06383 0.044434 0.189527 0.003467 0.422915 0.414912 0 
7 0.085106 0.046746 0.150848 0.003467 0.422915 0.414912 0 
7 0.106383 0.046836 0.124368 0.003467 0.422915 0.414912 0 
7 0.12766 0.046836 0.100863 0.003467 0.422915 0.414912 0 
7 0.148936 0.043023 0.088218 0.003467 0.422915 0.414912 0 
7 0.170213 0.043623 0.080928 0.003467 0.422915 0.414912 0 
7 0.191489 0.056803 0.078697 0.003467 0.422915 0.414912 1 
7 0.212766 0.044434 0.08197 0.003467 0.422915 0.414912 0 
7 0.234043 0.044554 0.097144 0.003467 0.422915 0.414912 0 
7 0.255319 0.056803 0.109789 0.003467 0.422915 0.414912 1 
7 0.276596 0.056803 0.127343 0.003467 0.422915 0.414912 1 
7 0.297872 0.066861 0.15055 0.003467 0.422915 0.414912 1 
7 0.319149 0.070163 0.201577 0.003467 0.422915 0.414912 1 
7 0.340426 0.063498 0.252752 0.003467 0.422915 0.414912 1 
7 0.361702 0.060136 0.299018 0.003467 0.422915 0.414912 1 
7 0.382979 0.050108 0.343499 0.003467 0.422915 0.414912 0 
7 0.404255 0.048337 0.363731 0.003467 0.422915 0.414912 0 
7 0.425532 0.050108 0.361648 0.003467 0.422915 0.414912 0 
7 0.446809 0.048667 0.348706 0.003467 0.422915 0.414912 0 
7 0.468085 0.055332 0.343053 0.003467 0.422915 0.414912 1 
7 0.489362 0.053471 0.336061 0.003467 0.422915 0.414912 0 
7 0.510638 0.060136 0.32535 0.003467 0.422915 0.414912 1 
7 0.531915 0.053471 0.310919 0.003467 0.422915 0.414912 0 
7 0.553191 0.056803 0.296935 0.003467 0.422915 0.414912 1 
7 0.574468 0.060136 0.282952 0.003467 0.422915 0.414912 1 
7 0.595745 0.056803 0.274472 0.003467 0.422915 0.414912 1 
7 0.617021 0.053471 0.270753 0.003467 0.422915 0.414912 0 
7 0.638298 0.060136 0.270604 0.003467 0.422915 0.414912 1 
7 0.659574 0.066861 0.275513 0.003467 0.422915 0.414912 1 
7 0.680851 0.063498 0.273579 0.003467 0.422915 0.414912 1 
7 0.702128 0.060136 0.29158 0.003467 0.422915 0.414912 1 
7 0.723404 0.056803 0.308242 0.003467 0.422915 0.414912 1 
7 0.744681 0.063498 0.384558 0.003467 0.422915 0.414912 1 
7 0.765957 0.060136 0.450015 0.003467 0.422915 0.414912 1 
7 0.787234 0.053471 0.445998 0.003467 0.422915 0.414912 0 
7 0.808511 0.050108 0.408212 0.003467 0.422915 0.414912 0 
7 0.829787 0.053471 0.376822 0.003467 0.422915 0.414912 0 
7 0.851064 0.056803 0.352722 0.003467 0.422915 0.414912 1 
7 0.87234 0.053471 0.34454 0.003467 0.422915 0.414912 0 
7 0.893617 0.053471 0.312705 0.003467 0.422915 0.414912 0 
7 0.914894 0.060136 0.283249 0.003467 0.422915 0.414912 1 
7 0.93617 0.056803 0.305266 0.003467 0.422915 0.414912 1 
7 0.957447 0.048337 0.318804 0.003467 0.422915 0.414912 0 
7 0.978723 0.048787 0.327284 0.003467 0.422915 0.414912 0 
7 1 0.050108 0.309432 0.003467 0.422915 0.414912 0 
