7 0 0.028672 0.35778 0.001826 0.328586 0.645175 0 
7 0.021277 0.028612 0.294258 0.00182 0.298032 0.653947 0 
7 0.042553 0.028612 0.236388 0.001836 0.349819 0.604386 0 
7 0.06383 0.02684 0.19399 0.001494 0.315898 0.701754 0 
7 0.085106 0.025219 0.163939 0.000868 0.273433 0.701754 0 
7 0.106383 0.021706 0.140137 0.001394 0.241326 0.832018 0 
7 0.12766 0.020896 0.134484 0.001329 0.23304 0.855263 0 
7 0.148936 0.020896 0.13136 0.001327 0.230968 0.867982 0 
7 0.170213 0.023088 0.142963 0.001467 0.226308 0.876316 0 
7 0.191489 0.025369 0.161708 0.001606 0.229156 0.875439 0 
7 0.212766 0.027651 0.188932 0.001618 0.241585 0.851316 0 
7 0.234043 0.028191 0.219429 0.001747 0.260746 0.828509 0 
7 0.255319 0.028281 0.249182 0.001585 0.286898 0.751316 0 
7 0.276596 0.028312 0.293216 0.000899 0.311756 0.679825 0 
7 0.297872 0.028792 0.363136 0.001585 0.310979 0.679825 0 
7 0.319149 0.028822 0.405534 0.001708 0.329104 0.657895 0 
7 0.340426 0.030233 0.456114 0.001876 0.353962 0.71886 0 
7 0.361702 0.030533 0.481702 0.001882 0.358364 0.623684 1 
7 0.382979 0.030623 0.489735 0.001942 0.373641 0.630263 1 
7 0.404255 0.030803 0.49152 0.001957 0.372605 0.686842 1 
7 0.425532 0.032064 0.497471 0.002023 0.383221 0.726316 1 
7 0.446809 0.036868 0.506843 0.002295 0.382185 0.730263 1 
7 0.468085 0.038609 0.516364 0.002381 0.379855 0.708333 1 
7 0.489362 0.037468 0.515025 0.002302 0.371569 0.699561 1 
7 0.510638 0.034436 0.51681 0.002152 0.371828 0.699561 1 
7 0.531915 0.033175 0.520976 0.002088 0.364319 0.7 1 
7 0.553191 0.031014 0.517852 0.001957 0.36406 0.717544 1 
7 0.574468 0.031164 0.513389 0.001957 0.358881 0.697807 1 
7 0.595745 0.031104 0.513389 0.001955 0.36406 0.69386 1 
7 0.617021 0.031104 0.507587 0.001957 0.364319 0.70614 1 
7 0.638298 0.031134 0.505951 0.001957 0.367167 0.717544 1 
7 0.659574 0.030863 0.504463 0.001957 0.379855 0.715789 1 
7 0.680851 0.030503 0.481851 0.001934 0.377525 0.649561 1 
7 0.702128 0.030503 0.480214 0.001932 0.380114 0.640789 1 
7 0.723404 0.029813 0.469652 0.00189 0.376748 0.65307 1 
7 0.744681 0.029482 0.465338 0.001865 0.358105 0.671053 1 
7 0.765957 0.029542 0.466974 0.00187 0.360176 0.652632 1 
7 0.787234 0.041732 0.483487 0.002657 0.35448 0.663596 1 
7 0.808511 0.029663 0.460577 0.001894 0.369757 0.654386 1 
7 0.829787 0.029272 0.443916 0.001653 0.362765 0.679825 0 
7 0.851064 0.028822 0.409997 0.00087 0.328327 0.679825 0 
7 0.87234 0.028492 0.374293 0.000823 0.305541 0.679825 0 
7 0.893617 0.028732 0.389616 0.001103 0.283532 0.679825 0 
7 0.914894 0.028582 0.379351 0.000841 0.265407 0.679825 0 
7 0.93617 0.028582 0.381434 0.000827 0.249353 0.679825 0 
7 0.957447 0.028281 0.355251 0.000839 0.245728 0.723684 0 
7 0.978723 0.028191 0.31568 0.00178 0.312273 0.676316 0 
7 1 0.028191 0.275811 0.001737 0.304764 0.723684 0 
