4 0 0.093821 0.612467 0.006267 0.493009 0.683772 1 
4 0.021277 0.081452 0.596697 0.005307 0.469964 0.742982 1 
4 0.042553 0.111445 0.56025 0.007308 0.533661 0.626316 1 
4 0.06383 0.086976 0.509372 0.005658 0.514241 0.723684 1 
4 0.085106 0.084604 0.450015 0.005469 0.486794 0.701754 1 
4 0.106383 0.085415 0.396311 0.00549 0.452356 0.74386 1 
4 0.12766 0.050558 0.342904 0.003241 0.427499 0.756579 0 
4 0.148936 0.035787 0.302291 0.002291 0.397721 0.733772 0 
4 0.170213 0.031434 0.279084 0.002011 0.380373 0.744737 0 
4 0.191489 0.037649 0.279084 0.002399 0.371569 0.759211 0 
4 0.212766 0.049478 0.314192 0.003153 0.379078 0.741667 0 
4 0.234043 0.071875 0.366409 0.003791 0.397721 0.702632 1 
4 0.255319 0.173982 0.479619 0.005253 0.457535 0.728509 1 
4 0.276596 0.335385 0.591193 0.016527 0.520456 0.654825 1 
4 0.297872 0.069623 0.650104 0.005131 0.551787 0.642544 0 
4 0.319149 0.113636 0.74457 0.008575 0.624029 0.591228 1 
4 0.340426 0.124715 0.772835 0.008168 0.684619 0.561404 1 
4 0.361702 0.112375 0.760488 0.007432 0.716727 0.514035 1 
4 0.382979 0.120452 0.76391 0.00817 0.738477 0.454825 1 
4 0.404255 0.113186 0.746802 0.007588 0.730968 0.470614 1 
4 0.425532 0.104599 0.732074 0.007011 0.734852 0.462719 1 
4 0.446809 0.090999 0.713627 0.006074 0.722165 0.455702 1 
4 0.468085 0.086135 0.702767 0.005725 0.714138 0.498246 1 
4 0.489362 0.081752 0.695626 0.00538 0.706111 0.482895 0 
4 0.510638 0.081512 0.693544 0.00538 0.693164 0.523684 0 
4 0.531915 0.080791 0.684618 0.005297 0.6797 0.51886 0 
4 0.553191 0.097664 0.680155 0.006481 0.707147 0.493421 1 
4 0.574468 0.109793 0.671824 0.007262 0.70637 0.484211 1 
4 0.595745 0.099255 0.659625 0.006602 0.699379 0.474561 1 
4 0.617021 0.084484 0.642368 0.005619 0.693941 0.441667 0 
4 0.638298 0.080221 0.635525 0.005318 0.681253 0.482456 0 
4 0.659574 0.095322 0.660071 0.006311 0.681512 0.544298 1 
4 0.680851 0.094332 0.691163 0.006244 0.664682 0.549561 1 
4 0.702128 0.138826 0.761381 0.009204 0.678664 0.545614 1 
4 0.723404 0.153597 0.848408 0.010266 0.735111 0.420614 1 
4 0.744681 0.17104 0.924576 0.011352 0.787675 0.423684 1 
4 0.765957 0.15789 0.924725 0.010575 0.771621 0.442982 1 
4 0.787234 0.172031 0.899137 0.011454 0.720611 0.490351 1 
4 0.808511 0.109103 0.854359 0.00725 0.671673 0.552193 1 
4 0.829787 0.09229 0.819845 0.006055 0.637752 0.546053 0 
4 0.851064 0.093431 0.802142 0.006172 0.607457 0.541667 0 
4 0.87234 0.087877 0.769711 0.005775 0.5826 0.568421 0 
4 0.893617 0.07869 0.728057 0.005158 0.550233 0.595614 0 
4 0.914894 0.058334 0.665873 0.003851 0.529001 0.538596 0 
4 0.93617 0.112856 0.682386 0.007495 0.499223 0.682018 1 
4 0.957447 0.048697 0.666766 0.003201 0.470482 0.627632 0 
4 0.978723 0.146151 0.650253 0.009778 0.530813 0.65 1 
4 1 0.138135 0.634781 0.009165 0.506214 0.760526 1 
