6 0 0.051849 0.348111 0.003467 0.422915 0.414912 0 
6 0.021277 0.049838 0.277298 0.003467 0.422915 0.414912 0 
6 0.042553 0.049838 0.222255 0.003467 0.422915 0.414912 0 
6 0.06383 0.049838 0.182832 0.003467 0.422915 0.414912 0 
6 0.085106 0.041431 0.155757 0.003467 0.422915 0.414912 0 
6 0.106383 0.041431 0.137608 0.003467 0.422915 0.414912 0 
6 0.12766 0.059475 0.127641 0.003467 0.422915 0.414912 0 
6 0.148936 0.059475 0.123326 0.003467 0.422915 0.414912 0 
6 0.170213 0.06614 0.132847 0.003467 0.422915 0.414912 0 
6 0.191489 0.041431 0.137013 0.003467 0.422915 0.414912 0 
6 0.212766 0.041431 0.164237 0.003467 0.422915 0.414912 0 
6 0.234043 0.072535 0.189973 0.003467 0.422915 0.414912 1 
6 0.255319 0.072685 0.222999 0.003467 0.422915 0.414912 1 
6 0.276596 0.074847 0.281613 0.003467 0.422915 0.414912 1 
6 0.297872 0.074847 0.336209 0.003467 0.422915 0.414912 1 
6 0.319149 0.072685 0.382624 0.003467 0.422915 0.414912 1 
6 0.340426 0.072685 0.431122 0.003467 0.422915 0.414912 1 
6 0.361702 0.072685 0.449271 0.003467 0.422915 0.414912 1 
6 0.382979 0.070494 0.455222 0.003467 0.422915 0.414912 1 
6 0.404255 0.06614 0.463106 0.003467 0.422915 0.414912 0 
6 0.425532 0.074847 0.469503 0.003467 0.422915 0.414912 1 
6 0.446809 0.072685 0.472776 0.003467 0.422915 0.414912 1 
6 0.468085 0.076258 0.4759 0.003467 0.422915 0.414912 1 
6 0.489362 0.07923 0.483785 0.003467 0.422915 0.414912 1 
6 0.510638 0.081392 0.471883 0.003467 0.422915 0.414912 1 
6 0.531915 0.07923 0.47947 0.003467 0.422915 0.414912 1 
6 0.553191 0.091209 0.487057 0.003467 0.422915 0.414912 1 
6 0.574468 0.09151 0.489735 0.003467 0.422915 0.414912 1 
6 0.595745 0.094152 0.492264 0.003467 0.422915 0.414912 1 
6 0.617021 0.109613 0.500298 0.003467 0.422915 0.414912 1 
6 0.638298 0.106911 0.50119 0.003467 0.422915 0.414912 1 
6 0.659574 0.106911 0.507736 0.003467 0.422915 0.414912 1 
6 0.680851 0.106911 0.496727 0.003467 0.422915 0.414912 1 
6 0.702128 0.10496 0.504463 0.003467 0.422915 0.414912 1 
6 0.723404 0.10508 0.506843 0.003467 0.422915 0.414912 1 
6 0.744681 0.101447 0.493008 0.003467 0.422915 0.414912 1 
6 0.765957 0.085985 0.474412 0.003467 0.422915 0.414912 1 
6 0.787234 0.094152 0.480512 0.003467 0.422915 0.414912 1 
6 0.808511 0.11811 0.498661 0.003467 0.422915 0.414912 1 
6 0.829787 0.106581 0.493901 0.003467 0.422915 0.414912 1 
6 0.851064 0.096403 0.463255 0.003467 0.422915 0.414912 1 
6 0.87234 0.091209 0.430824 0.003467 0.422915 0.414912 1 
6 0.893617 0.101447 0.434841 0.003467 0.422915 0.414912 1 
6 0.914894 0.091209 0.427254 0.003467 0.422915 0.414912 1 
6 0.93617 0.077039 0.414609 0.003467 0.422915 0.414912 0 
6 0.957447 0.072685 0.383666 0.003467 0.422915 0.414912 0 
6 0.978723 0.06614 0.347664 0.003467 0.422915 0.414912 0 
6 1 0.049838 0.303481 0.003467 0.422915 0.414912 0 
