2 0 0.121652 0.472032 0.003467 0.422915 0.414912 1 
2 0.021277 0.119731 0.456263 0.003467 0.422915 0.414912 1 
2 0.042553 0.094272 0.430675 0.003467 0.422915 0.414912 0 
2 0.06383 0.081122 0.371913 0.003467 0.422915 0.414912 0 
2 0.085106 0.045214 0.312109 0.003467 0.422915 0.414912 0 
2 0.106383 0.074877 0.261232 0.003467 0.422915 0.414912 0 
2 0.12766 0.074877 0.221065 0.003467 0.422915 0.414912 0 
2 0.148936 0.074877 0.185659 0.003467 0.422915 0.414912 0 
2 0.170213 0.081122 0.170485 0.003467 0.422915 0.414912 0 
2 0.191489 0.081122 0.165278 0.003467 0.422915 0.414912 0 
2 0.212766 0.087366 0.19637 0.003467 0.422915 0.414912 0 
2 0.234043 0.088387 0.246206 0.003467 0.422915 0.414912 0 
2 0.255319 0.129248 0.340524 0.003467 0.422915 0.414912 1 
2 0.276596 0.13105 0.448676 0.003467 0.422915 0.414912 1 
2 0.297872 0.044224 0.471586 0.003467 0.422915 0.414912 0 
2 0.319149 0.095773 0.541952 0.003467 0.422915 0.414912 0 
2 0.340426 0.095773 0.563523 0.003467 0.422915 0.414912 0 
2 0.361702 0.122703 0.555043 0.003467 0.422915 0.414912 1 
2 0.382979 0.128438 0.584499 0.003467 0.422915 0.414912 1 
2 0.404255 0.128438 0.59759 0.003467 0.422915 0.414912 1 
2 0.425532 0.122703 0.574978 0.003467 0.422915 0.414912 1 
2 0.446809 0.122703 0.546415 0.003467 0.422915 0.414912 1 
2 0.468085 0.122703 0.522612 0.003467 0.422915 0.414912 1 
2 0.489362 0.095773 0.521571 0.003467 0.422915 0.414912 0 
2 0.510638 0.122703 0.510265 0.003467 0.422915 0.414912 1 
2 0.531915 0.122703 0.500446 0.003467 0.422915 0.414912 1 
2 0.553191 0.128438 0.495983 0.003467 0.422915 0.414912 1 
2 0.574468 0.122703 0.490033 0.003467 0.422915 0.414912 1 
2 0.595745 0.098625 0.479768 0.003467 0.422915 0.414912 0 
2 0.617021 0.102558 0.467272 0.003467 0.422915 0.414912 0 
2 0.638298 0.122703 0.458792 0.003467 0.422915 0.414912 1 
2 0.659574 0.128438 0.476198 0.003467 0.422915 0.414912 1 
2 0.680851 0.13105 0.493306 0.003467 0.422915 0.414912 1 
2 0.702128 0.149634 0.523356 0.003467 0.422915 0.414912 1 
2 0.723404 0.149634 0.61202 0.003467 0.422915 0.414912 1 
2 0.744681 0.134652 0.6928 0.003467 0.422915 0.414912 1 
2 0.765957 0.128438 0.684023 0.003467 0.422915 0.414912 1 
2 0.787234 0.122703 0.651592 0.003467 0.422915 0.414912 1 
2 0.808511 0.10523 0.61202 0.003467 0.422915 0.414912 0 
2 0.829787 0.10523 0.583309 0.003467 0.422915 0.414912 0 
2 0.851064 0.122703 0.566498 0.003467 0.422915 0.414912 1 
2 0.87234 0.10523 0.541506 0.003467 0.422915 0.414912 0 
2 0.893617 0.095773 0.492413 0.003467 0.422915 0.414912 0 
2 0.914894 0.122703 0.440345 0.003467 0.422915 0.414912 1 
2 0.93617 0.13105 0.48319 0.003467 0.422915 0.414912 1 
2 0.957447 0.13105 0.489289 0.003467 0.422915 0.414912 1 
2 0.978723 0.13105 0.494942 0.003467 0.422915 0.414912 1 
2 1 0.122703 0.495091 0.003467 0.422915 0.414912 1 
