6 0 0.041552 0.57349 0.002763 0.4855 0.525877 0 
6 0.021277 0.040321 0.547902 0.002678 0.455463 0.567544 0 
6 0.042553 0.046085 0.516513 0.00307 0.503884 0.440351 1 
6 0.06383 0.041371 0.473817 0.002769 0.483169 0.488596 0 
6 0.085106 0.040231 0.419816 0.002686 0.433972 0.54693 0 
6 0.106383 0.03915 0.369087 0.002597 0.393061 0.603509 0 
6 0.12766 0.04011 0.31687 0.002648 0.348783 0.658772 0 
6 0.148936 0.03897 0.280422 0.002561 0.31797 0.709211 0 
6 0.170213 0.03993 0.260637 0.002611 0.297514 0.747368 0 
6 0.191489 0.03996 0.257364 0.002605 0.282237 0.772807 0 
6 0.212766 0.0399 0.278042 0.002601 0.2913 0.75307 0 
6 0.234043 0.03999 0.323713 0.002619 0.316934 0.699561 0 
6 0.255319 0.040531 0.421601 0.002678 0.384257 0.585965 0 
6 0.276596 0.040921 0.510265 0.002723 0.457276 0.473246 0 
6 0.297872 0.04002 0.528414 0.002648 0.484464 0.510526 0 
6 0.319149 0.041101 0.615739 0.002688 0.552822 0.45307 0 
6 0.340426 0.041522 0.668551 0.002696 0.609529 0.478509 0 
6 0.361702 0.041221 0.675245 0.002671 0.642672 0.461404 0 
6 0.382979 0.046505 0.718834 0.003006 0.656137 0.419737 1 
6 0.404255 0.044554 0.720024 0.002925 0.646556 0.441228 0 
6 0.425532 0.044284 0.692056 0.002921 0.63102 0.435088 0 
6 0.446809 0.044434 0.656799 0.002937 0.616002 0.45614 0 
6 0.468085 0.046926 0.635525 0.00312 0.603055 0.416228 1 
6 0.489362 0.044734 0.6205 0.002987 0.592698 0.406579 0 
6 0.510638 0.043623 0.611574 0.002916 0.569912 0.388596 0 
6 0.531915 0.042122 0.599821 0.002817 0.565769 0.362281 0 
6 0.553191 0.042843 0.593276 0.002858 0.576903 0.362281 0 
6 0.574468 0.041221 0.574234 0.002754 0.569394 0.361842 0 
6 0.595745 0.041071 0.564862 0.002734 0.561885 0.378509 0 
6 0.617021 0.042062 0.567242 0.0028 0.549715 0.394298 0 
6 0.638298 0.041401 0.566349 0.002752 0.524081 0.452632 0 
6 0.659574 0.041462 0.576465 0.002742 0.523563 0.459649 0 
6 0.680851 0.041612 0.599375 0.00275 0.510875 0.493421 0 
6 0.702128 0.042092 0.655906 0.002763 0.53651 0.510088 0 
6 0.723404 0.05266 0.741892 0.003419 0.589591 0.552193 1 
6 0.744681 0.073346 0.804522 0.004788 0.668307 0.414474 1 
6 0.765957 0.044254 0.798869 0.002904 0.654842 0.485526 0 
6 0.787234 0.043143 0.774621 0.002813 0.622216 0.507895 0 
6 0.808511 0.043233 0.743826 0.002823 0.582341 0.539912 0 
6 0.829787 0.050859 0.715561 0.003334 0.551528 0.533772 1 
6 0.851064 0.058755 0.690568 0.003901 0.520197 0.514035 1 
6 0.87234 0.042632 0.661559 0.002831 0.503625 0.513596 0 
6 0.893617 0.041341 0.628236 0.002736 0.462455 0.573246 0 
6 0.914894 0.040981 0.582118 0.002686 0.442258 0.585965 0 
6 0.93617 0.043593 0.627938 0.002848 0.432418 0.60307 0 
6 0.957447 0.041672 0.645046 0.002738 0.42465 0.602632 0 
6 0.978723 0.058484 0.639542 0.003847 0.516831 0.439035 1 
6 1 0.048097 0.616186 0.003193 0.508545 0.466667 1 
