6 0 0.028522 0.373996 0.001159 0.346453 0.749123 0 
6 0.021277 0.027891 0.320738 0.000841 0.31072 0.749123 0 
6 0.042553 0.027261 0.266439 0.001034 0.369757 0.727193 0 
6 0.06383 0.027021 0.235049 0.00085 0.341015 0.727193 0 
6 0.085106 0.02579 0.199643 0.001059 0.294407 0.814912 0 
6 0.106383 0.02639 0.188932 0.000839 0.251165 0.814912 0 
6 0.12766 0.02603 0.185957 0.000837 0.241326 0.814912 0 
6 0.148936 0.02669 0.193841 0.000839 0.238219 0.836842 0 
6 0.170213 0.027081 0.218685 0.000839 0.243915 0.825877 0 
6 0.191489 0.027471 0.256025 0.001014 0.261781 0.825877 0 
6 0.212766 0.028612 0.316275 0.001196 0.315898 0.850877 0 
6 0.234043 0.029903 0.380988 0.00188 0.361989 0.798684 1 
6 0.255319 0.028462 0.406129 0.001489 0.440963 0.678509 0 
6 0.276596 0.028702 0.46623 0.001843 0.504402 0.677632 0 
6 0.297872 0.028372 0.530943 0.001811 0.489643 0.702632 0 
6 0.319149 0.028372 0.572002 0.001793 0.502848 0.723246 0 
6 0.340426 0.030623 0.647278 0.001928 0.514241 0.74693 1 
6 0.361702 0.030323 0.675692 0.001913 0.528483 0.739912 1 
6 0.382979 0.030353 0.693841 0.001924 0.524599 0.735965 1 
6 0.404255 0.029122 0.699197 0.001836 0.541429 0.707018 0 
6 0.425532 0.030263 0.716751 0.001905 0.547126 0.758772 1 
6 0.446809 0.030413 0.731627 0.001913 0.549456 0.778947 1 
6 0.468085 0.030563 0.747694 0.001913 0.548679 0.747807 1 
6 0.489362 0.030593 0.756918 0.001911 0.547385 0.749123 1 
6 0.510638 0.032094 0.765695 0.002005 0.554894 0.773684 1 
6 0.531915 0.033085 0.768075 0.002063 0.55593 0.763596 1 
6 0.553191 0.033535 0.760934 0.00209 0.554376 0.74693 1 
6 0.574468 0.032605 0.762422 0.002034 0.544278 0.764474 1 
6 0.595745 0.034856 0.751413 0.002185 0.534438 0.763596 1 
6 0.617021 0.032515 0.748735 0.002046 0.534438 0.771053 1 
6 0.638298 0.030353 0.74457 0.001926 0.523045 0.755702 1 
6 0.659574 0.030233 0.738917 0.001921 0.525634 0.749561 1 
6 0.680851 0.028522 0.711544 0.001816 0.520197 0.75307 0 
6 0.702128 0.029122 0.680006 0.001861 0.513723 0.745614 0 
6 0.723404 0.030443 0.622731 0.001967 0.470482 0.751754 1 
6 0.744681 0.028792 0.602053 0.001807 0.431642 0.726754 0 
6 0.765957 0.028552 0.563076 0.001402 0.39332 0.726754 0 
6 0.787234 0.028552 0.538381 0.001109 0.363283 0.726754 0 
6 0.808511 0.028732 0.538828 0.001772 0.349301 0.783772 0 
6 0.829787 0.028792 0.54091 0.001836 0.35681 0.75614 0 
6 0.851064 0.028552 0.50967 0.001651 0.368721 0.748684 0 
6 0.87234 0.028552 0.466677 0.001381 0.343345 0.748684 0 
6 0.893617 0.029152 0.48676 0.001886 0.3203 0.839474 0 
6 0.914894 0.028732 0.488991 0.001153 0.285603 0.770614 0 
6 0.93617 0.031554 0.489586 0.001961 0.288711 0.817105 1 
6 0.957447 0.029182 0.476049 0.001365 0.277317 0.792544 0 
6 0.978723 0.029002 0.436626 0.00188 0.360953 0.740351 0 
6 1 0.029092 0.406724 0.001722 0.351113 0.748684 0 
