3 0 0.036928 0.421898 0.002422 0.360694 0.72807 0 
3 0.021277 0.035727 0.395567 0.002302 0.326515 0.742105 0 
3 0.042553 0.037889 0.361946 0.002491 0.380114 0.633772 1 
3 0.06383 0.034616 0.307944 0.002268 0.360953 0.695614 0 
3 0.085106 0.029122 0.250372 0.001857 0.330399 0.725877 0 
3 0.106383 0.029122 0.213329 0.001346 0.29622 0.725877 0 
3 0.12766 0.025639 0.172865 0.001651 0.271362 0.796053 0 
3 0.148936 0.027591 0.156947 0.001768 0.249353 0.835088 0 
3 0.170213 0.027741 0.147724 0.001778 0.239254 0.815351 0 
3 0.191489 0.02645 0.153228 0.001695 0.233299 0.811842 0 
3 0.212766 0.027741 0.180452 0.001778 0.239513 0.813596 0 
3 0.234043 0.028342 0.221511 0.001822 0.253496 0.781579 0 
3 0.255319 0.030233 0.303779 0.001926 0.308389 0.744737 0 
3 0.276596 0.029422 0.358673 0.001894 0.358364 0.657456 0 
3 0.297872 0.028912 0.362838 0.001892 0.394355 0.620614 0 
3 0.319149 0.029422 0.426659 0.001948 0.457276 0.519298 0 
3 0.340426 0.029422 0.468313 0.001969 0.498187 0.474123 0 
3 0.361702 0.031614 0.500446 0.002131 0.513982 0.469298 0 
3 0.382979 0.035427 0.531092 0.002399 0.535474 0.465351 0 
3 0.404255 0.035427 0.542101 0.002399 0.525117 0.490351 0 
3 0.425532 0.035427 0.546712 0.002397 0.533402 0.445175 0 
3 0.446809 0.035517 0.544332 0.002422 0.53884 0.391667 0 
3 0.468085 0.035427 0.541654 0.00242 0.546867 0.39386 0 
3 0.489362 0.035427 0.54091 0.002418 0.539358 0.402632 0 
3 0.510638 0.035427 0.537786 0.002416 0.529001 0.438596 0 
3 0.531915 0.035427 0.537638 0.002416 0.530036 0.419298 0 
3 0.553191 0.035427 0.532877 0.002422 0.540911 0.389035 0 
3 0.574468 0.035427 0.53377 0.002426 0.547903 0.384211 0 
3 0.595745 0.035937 0.527968 0.002443 0.545054 0.391667 0 
3 0.617021 0.035427 0.52053 0.002457 0.535474 0.414035 0 
3 0.638298 0.035427 0.509223 0.002449 0.523304 0.407456 0 
3 0.659574 0.034406 0.513835 0.002376 0.519161 0.436842 0 
3 0.680851 0.035427 0.516364 0.002447 0.51942 0.412281 0 
3 0.702128 0.036658 0.544927 0.002538 0.535733 0.401316 1 
3 0.723404 0.036538 0.568283 0.002528 0.566028 0.350439 1 
3 0.744681 0.040561 0.618417 0.002813 0.608493 0.328509 1 
3 0.765957 0.040231 0.606367 0.002788 0.604091 0.352632 1 
3 0.787234 0.037168 0.570663 0.002561 0.565769 0.404825 1 
3 0.808511 0.035337 0.519191 0.002418 0.532108 0.448246 1 
3 0.829787 0.032665 0.487652 0.002243 0.502848 0.434211 0 
3 0.851064 0.029512 0.460875 0.002015 0.474625 0.451754 0 
3 0.87234 0.029422 0.438114 0.001994 0.451579 0.498246 0 
3 0.893617 0.029242 0.407319 0.001967 0.41999 0.549561 0 
3 0.914894 0.027621 0.376971 0.001867 0.400311 0.54386 0 
3 0.93617 0.031374 0.42532 0.002098 0.380114 0.62807 0 
3 0.957447 0.032845 0.441982 0.002179 0.369757 0.640789 0 
3 0.978723 0.035427 0.449271 0.002354 0.420249 0.561842 1 
3 1 0.036268 0.44332 0.002385 0.410409 0.603509 1 
