4 0 0.031734 0.361648 0.002125 0.34231 0.749561 1 
4 0.021277 0.027441 0.302886 0.001826 0.310461 0.782895 0 
4 0.042553 0.027981 0.247099 0.00183 0.363024 0.695614 0 
4 0.06383 0.027351 0.205742 0.001826 0.338167 0.727632 0 
4 0.085106 0.02621 0.181047 0.001535 0.2913 0.728947 0 
4 0.106383 0.024709 0.165576 0.001629 0.259451 0.810526 0 
4 0.12766 0.024469 0.15665 0.001516 0.236665 0.816667 0 
4 0.148936 0.025489 0.16632 0.00145 0.22812 0.816667 0 
4 0.170213 0.027021 0.191758 0.001778 0.236924 0.781579 0 
4 0.191489 0.027981 0.220173 0.001849 0.257639 0.72807 0 
4 0.212766 0.032515 0.293514 0.00216 0.307095 0.723246 1 
4 0.234043 0.038219 0.370277 0.002435 0.362506 0.561842 1 
4 0.255319 0.035487 0.397203 0.002426 0.461937 0.475 1 
4 0.276596 0.042692 0.458197 0.00279 0.532108 0.463596 1 
4 0.297872 0.037619 0.48795 0.002582 0.510098 0.533333 1 
4 0.319149 0.027951 0.511009 0.001888 0.513206 0.577193 0 
4 0.340426 0.028402 0.569176 0.001878 0.517349 0.637719 0 
4 0.361702 0.028161 0.593425 0.001845 0.522009 0.642544 0 
4 0.382979 0.029302 0.601458 0.001928 0.525893 0.603509 0 
4 0.404255 0.029422 0.604582 0.00194 0.535992 0.578947 0 
4 0.425532 0.029422 0.610384 0.001948 0.533402 0.567105 0 
4 0.446809 0.033445 0.623178 0.002219 0.541688 0.50307 1 
4 0.468085 0.05299 0.624517 0.003527 0.533661 0.510526 1 
4 0.489362 0.067671 0.63493 0.004535 0.53651 0.514035 1 
4 0.510638 0.049418 0.653079 0.003328 0.548421 0.531579 1 
4 0.531915 0.051819 0.662898 0.00349 0.557483 0.540351 1 
4 0.553191 0.063648 0.675543 0.004281 0.569135 0.564035 1 
4 0.574468 0.058124 0.681345 0.003706 0.570171 0.576754 1 
4 0.595745 0.055032 0.680899 0.003698 0.569394 0.564474 1 
4 0.617021 0.035937 0.688188 0.002408 0.564992 0.558772 1 
4 0.638298 0.041191 0.694585 0.002738 0.56551 0.543421 1 
4 0.659574 0.041281 0.694436 0.00275 0.569912 0.542982 1 
4 0.680851 0.030924 0.674055 0.002065 0.554117 0.550439 0 
4 0.702128 0.029422 0.652336 0.001961 0.541688 0.584211 0 
4 0.723404 0.028642 0.607409 0.00189 0.495857 0.671491 0 
4 0.744681 0.028582 0.57587 0.001882 0.447954 0.723684 0 
4 0.765957 0.027501 0.535704 0.001807 0.411963 0.786404 0 
4 0.787234 0.027891 0.516662 0.001826 0.393061 0.767544 0 
4 0.808511 0.028041 0.524993 0.00183 0.381668 0.778509 0 
4 0.829787 0.027981 0.53258 0.001828 0.386846 0.746491 0 
4 0.851064 0.028071 0.506694 0.001836 0.39565 0.743421 0 
4 0.87234 0.031464 0.459833 0.002071 0.377525 0.74386 0 
4 0.893617 0.038129 0.476941 0.002518 0.349301 0.755263 1 
4 0.914894 0.028942 0.470396 0.001921 0.315898 0.810965 0 
4 0.93617 0.031014 0.478578 0.00205 0.301139 0.771053 0 
4 0.957447 0.028522 0.46742 0.001882 0.295961 0.788158 0 
4 0.978723 0.033596 0.443916 0.002229 0.375453 0.593421 0 
4 1 0.033626 0.408956 0.002264 0.371051 0.601316 0 
