3 0 0.040921 0.545373 0.002848 0.472035 0.485965 0 
3 0.021277 0.042062 0.529158 0.002916 0.450026 0.530263 0 
3 0.042553 0.040531 0.504165 0.002825 0.506732 0.409649 0 
3 0.06383 0.037438 0.454627 0.002601 0.47566 0.476754 0 
3 0.085106 0.034887 0.396013 0.002403 0.437338 0.563158 0 
3 0.106383 0.035817 0.345582 0.002339 0.393837 0.612281 0 
3 0.12766 0.033025 0.290985 0.002243 0.351113 0.666228 0 
3 0.148936 0.031974 0.257661 0.00216 0.313568 0.706579 0 
3 0.170213 0.028642 0.23133 0.001938 0.289228 0.691667 0 
3 0.191489 0.029993 0.232223 0.002036 0.279648 0.689035 0 
3 0.212766 0.030743 0.250669 0.002083 0.278353 0.757018 0 
3 0.234043 0.032845 0.306456 0.002221 0.319782 0.730263 0 
3 0.255319 0.034166 0.418774 0.002339 0.386846 0.598246 0 
3 0.276596 0.043983 0.527968 0.003033 0.481357 0.503509 0 
3 0.297872 0.036147 0.54091 0.002493 0.527188 0.514035 0 
3 0.319149 0.061397 0.609789 0.004279 0.607975 0.351754 1 
3 0.340426 0.03888 0.618566 0.002742 0.647333 0.315789 0 
3 0.361702 0.03891 0.604136 0.002692 0.650181 0.305263 0 
3 0.382979 0.036238 0.628236 0.002478 0.661833 0.423246 0 
3 0.404255 0.036147 0.638054 0.002449 0.641119 0.367982 0 
3 0.425532 0.035847 0.621095 0.002428 0.629208 0.390351 0 
3 0.446809 0.035847 0.581672 0.002441 0.617038 0.399123 0 
3 0.468085 0.045244 0.578399 0.003083 0.613154 0.379386 0 
3 0.489362 0.05308 0.56873 0.003644 0.601761 0.329825 1 
3 0.510638 0.041822 0.551919 0.002879 0.593993 0.346053 0 
3 0.531915 0.040951 0.542844 0.002815 0.584671 0.374123 0 
3 0.553191 0.043563 0.536299 0.002991 0.608752 0.304386 0 
3 0.574468 0.042032 0.528414 0.002889 0.6116 0.309649 0 
3 0.595745 0.041882 0.513835 0.002877 0.600207 0.312281 0 
3 0.617021 0.043983 0.508331 0.003024 0.592439 0.305702 0 
3 0.638298 0.035367 0.500298 0.00243 0.573278 0.363596 0 
3 0.659574 0.033265 0.509075 0.002277 0.570689 0.381579 0 
3 0.680851 0.034977 0.522761 0.002376 0.580528 0.367544 0 
3 0.702128 0.034016 0.554151 0.002293 0.598136 0.376316 0 
3 0.723404 0.045004 0.609491 0.00302 0.637235 0.321053 1 
3 0.744681 0.067011 0.727908 0.004508 0.685655 0.349123 1 
3 0.765957 0.0532 0.76986 0.003587 0.705075 0.337719 1 
3 0.787234 0.054672 0.758405 0.003698 0.671673 0.408772 1 
3 0.808511 0.041041 0.726421 0.002769 0.632056 0.449561 1 
3 0.829787 0.046385 0.699792 0.003137 0.60202 0.445175 1 
3 0.851064 0.05311 0.684469 0.003621 0.567064 0.503509 1 
3 0.87234 0.041281 0.655757 0.002802 0.538581 0.536842 1 
3 0.893617 0.03909 0.609045 0.002646 0.497152 0.582895 0 
3 0.914894 0.040951 0.563969 0.002786 0.467374 0.577193 1 
3 0.93617 0.035907 0.587176 0.002428 0.437597 0.640789 0 
3 0.957447 0.034316 0.581077 0.002324 0.413257 0.651316 0 
3 0.978723 0.05254 0.570812 0.003581 0.497411 0.472368 1 
3 1 0.042692 0.568581 0.002939 0.497411 0.507895 1 
