4 0 0.106131 0.565159 0.003467 0.422915 0.414912 1 
4 0.021277 0.092771 0.545373 0.003467 0.422915 0.414912 1 
4 0.042553 0.088357 0.520976 0.003467 0.422915 0.414912 1 
4 0.06383 0.042572 0.458494 0.003467 0.422915 0.414912 0 
4 0.085106 0.042422 0.399435 0.003467 0.422915 0.414912 0 
4 0.106383 0.077609 0.352127 0.003467 0.422915 0.414912 0 
4 0.12766 0.074877 0.305564 0.003467 0.422915 0.414912 0 
4 0.148936 0.042272 0.267629 0.003467 0.422915 0.414912 0 
4 0.170213 0.074817 0.247843 0.003467 0.422915 0.414912 0 
4 0.191489 0.075958 0.240405 0.003467 0.422915 0.414912 0 
4 0.212766 0.074817 0.269711 0.003467 0.422915 0.414912 0 
4 0.234043 0.080911 0.314787 0.003467 0.422915 0.414912 0 
4 0.255319 0.095052 0.413716 0.003467 0.422915 0.414912 1 
4 0.276596 0.116729 0.511157 0.003467 0.422915 0.414912 1 
4 0.297872 0.075417 0.538976 0.003467 0.422915 0.414912 0 
4 0.319149 0.10475 0.622583 0.003467 0.422915 0.414912 1 
4 0.340426 0.075417 0.674055 0.003467 0.422915 0.414912 0 
4 0.361702 0.075417 0.689676 0.003467 0.422915 0.414912 0 
4 0.382979 0.116729 0.723445 0.003467 0.422915 0.414912 1 
4 0.404255 0.116729 0.724784 0.003467 0.422915 0.414912 1 
4 0.425532 0.10475 0.684469 0.003467 0.422915 0.414912 1 
4 0.446809 0.075417 0.647873 0.003467 0.422915 0.414912 0 
4 0.468085 0.10475 0.617376 0.003467 0.422915 0.414912 1 
4 0.489362 0.075417 0.589408 0.003467 0.422915 0.414912 0 
4 0.510638 0.075417 0.564713 0.003467 0.422915 0.414912 0 
4 0.531915 0.075417 0.555043 0.003467 0.422915 0.414912 0 
4 0.553191 0.078209 0.542101 0.003467 0.422915 0.414912 0 
4 0.574468 0.075417 0.524249 0.003467 0.422915 0.414912 0 
4 0.595745 0.075417 0.503868 0.003467 0.422915 0.414912 0 
4 0.617021 0.075417 0.502975 0.003467 0.422915 0.414912 0 
4 0.638298 0.075417 0.491669 0.003467 0.422915 0.414912 0 
4 0.659574 0.075417 0.497322 0.003467 0.422915 0.414912 0 
4 0.680851 0.078209 0.52648 0.003467 0.422915 0.414912 0 
4 0.702128 0.116729 0.585838 0.003467 0.422915 0.414912 1 
4 0.723404 0.116729 0.687742 0.003467 0.422915 0.414912 1 
4 0.744681 0.116729 0.765843 0.003467 0.422915 0.414912 1 
4 0.765957 0.10475 0.769563 0.003467 0.422915 0.414912 1 
4 0.787234 0.075417 0.749182 0.003467 0.422915 0.414912 0 
4 0.808511 0.075417 0.714668 0.003467 0.422915 0.414912 0 
4 0.829787 0.075417 0.689676 0.003467 0.422915 0.414912 0 
4 0.851064 0.116729 0.676584 0.003467 0.422915 0.414912 1 
4 0.87234 0.10475 0.648468 0.003467 0.422915 0.414912 1 
4 0.893617 0.10475 0.598483 0.003467 0.422915 0.414912 1 
4 0.914894 0.116729 0.548051 0.003467 0.422915 0.414912 1 
4 0.93617 0.10475 0.58197 0.003467 0.422915 0.414912 1 
4 0.957447 0.095052 0.592681 0.003467 0.422915 0.414912 1 
4 0.978723 0.095052 0.593871 0.003467 0.422915 0.414912 1 
4 1 0.095052 0.574829 0.003467 0.422915 0.414912 1 
