1 0 0.041972 0.43008 0.002676 0.431124 0.716228 1 
1 0.021277 0.042482 0.381285 0.002738 0.408338 0.718421 1 
1 0.042553 0.054551 0.337995 0.003606 0.452615 0.565351 1 
1 0.06383 0.035817 0.299762 0.002351 0.424392 0.697368 0 
1 0.085106 0.028011 0.250967 0.001691 0.375712 0.763596 0 
1 0.106383 0.008707 0.22166 0.000559 0.321077 0.631579 0 
1 0.12766 0.01294 0.19399 0.000837 0.266183 0.562719 0 
1 0.148936 0.013901 0.170931 0.000881 0.230451 0.625 0 
1 0.170213 0.012459 0.150848 0.000818 0.19653 0.5 0 
1 0.191489 0.010898 0.149807 0.000715 0.169083 0.555263 0 
1 0.212766 0.008016 0.157691 0.000523 0.147074 0.602632 0 
1 0.234043 0.006725 0.170783 0.000378 0.142672 0.611404 0 
1 0.255319 0.01363 0.195031 0.000885 0.141119 0.717105 0 
1 0.276596 0.02684 0.220173 0.001172 0.145779 0.765789 0 
1 0.297872 0.037468 0.256323 0.000931 0.123511 0.765789 1 
1 0.319149 0.037529 0.335019 0.001142 0.143449 0.765789 1 
1 0.340426 0.041672 0.424576 0.001618 0.183325 0.765789 1 
1 0.361702 0.042182 0.501636 0.002268 0.241067 0.765789 1 
1 0.382979 0.042422 0.570068 0.002613 0.278353 0.765789 1 
1 0.404255 0.042752 0.609491 0.002503 0.295702 0.765789 1 
1 0.425532 0.042752 0.60607 0.002858 0.316416 0.764474 1 
1 0.446809 0.042752 0.588367 0.00286 0.316416 0.750877 1 
1 0.468085 0.042903 0.581821 0.002908 0.320818 0.742105 1 
1 0.489362 0.043023 0.572746 0.002914 0.322113 0.74386 1 
1 0.510638 0.044013 0.559506 0.002962 0.322631 0.748684 1 
1 0.531915 0.044404 0.548349 0.002985 0.327033 0.732018 1 
1 0.553191 0.046896 0.529456 0.003168 0.340497 0.721491 1 
1 0.574468 0.044224 0.521571 0.002983 0.32755 0.759649 1 
1 0.595745 0.044644 0.522315 0.002921 0.314086 0.757456 1 
1 0.617021 0.049958 0.525588 0.002686 0.306577 0.765789 1 
1 0.638298 0.046025 0.535555 0.003085 0.314345 0.764035 1 
1 0.659574 0.043023 0.554299 0.00286 0.317452 0.745614 1 
1 0.680851 0.042722 0.57587 0.002759 0.312791 0.765789 1 
1 0.702128 0.050438 0.648616 0.003403 0.345935 0.714474 1 
1 0.723404 0.059535 0.725231 0.004229 0.429052 0.634211 1 
1 0.744681 0.073946 0.798423 0.005168 0.500777 0.558772 1 
1 0.765957 0.080581 0.807498 0.00564 0.517607 0.556579 1 
1 0.787234 0.070914 0.78191 0.004958 0.490678 0.513158 1 
1 0.808511 0.064069 0.750521 0.004489 0.47333 0.540351 1 
1 0.829787 0.058334 0.719578 0.003889 0.451062 0.553947 1 
1 0.851064 0.060946 0.691758 0.004221 0.430088 0.567544 1 
1 0.87234 0.042752 0.663791 0.002927 0.412222 0.667982 1 
1 0.893617 0.03978 0.598334 0.002634 0.387882 0.708772 0 
1 0.914894 0.040171 0.547159 0.001863 0.360953 0.765789 0 
1 0.93617 0.039 0.552365 0.001514 0.346194 0.765789 0 
1 0.957447 0.038399 0.5241 0.001506 0.340756 0.765789 0 
1 0.978723 0.038579 0.489735 0.002397 0.407561 0.720614 0 
1 1 0.034286 0.447188 0.002067 0.409373 0.765789 0 
