4 0 0.031974 0.466677 0.00209 0.455722 0.725877 1 
4 0.021277 0.029813 0.449569 0.00194 0.424909 0.754386 1 
4 0.042553 0.032425 0.42294 0.0021 0.484982 0.636842 1 
4 0.06383 0.030563 0.369235 0.002007 0.455463 0.638158 1 
4 0.085106 0.027771 0.307944 0.001801 0.411186 0.680263 0 
4 0.106383 0.0263 0.262273 0.001724 0.362765 0.704825 0 
4 0.12766 0.025129 0.21928 0.001656 0.312015 0.689912 0 
4 0.148936 0.020776 0.187593 0.001371 0.276282 0.703947 0 
4 0.170213 0.023148 0.174204 0.001537 0.254013 0.725 0 
4 0.191489 0.021166 0.172865 0.00141 0.250388 0.720175 0 
4 0.212766 0.022037 0.199494 0.001473 0.257897 0.720175 0 
4 0.234043 0.02636 0.252306 0.001766 0.288969 0.67193 0 
4 0.255319 0.028492 0.347813 0.001909 0.366908 0.719737 1 
4 0.276596 0.031614 0.44213 0.002079 0.44666 0.57807 1 
4 0.297872 0.030323 0.436477 0.002038 0.481098 0.479825 1 
4 0.319149 0.033686 0.487504 0.002279 0.545313 0.397368 1 
4 0.340426 0.036718 0.517257 0.002499 0.585448 0.395614 1 
4 0.361702 0.036658 0.519339 0.002493 0.583894 0.39693 1 
4 0.382979 0.038669 0.545373 0.002603 0.574573 0.422807 1 
4 0.404255 0.038519 0.565159 0.002597 0.558001 0.442105 1 
4 0.425532 0.035367 0.548349 0.002389 0.539099 0.456579 1 
4 0.446809 0.033956 0.53258 0.0023 0.538063 0.441228 1 
4 0.468085 0.030623 0.522612 0.002081 0.525634 0.456579 1 
4 0.489362 0.030623 0.518298 0.002079 0.515018 0.473684 1 
4 0.510638 0.030623 0.509075 0.002077 0.494562 0.503509 1 
4 0.531915 0.030623 0.496876 0.002071 0.495857 0.491667 1 
4 0.553191 0.030623 0.491818 0.002077 0.507509 0.502632 1 
4 0.574468 0.030623 0.488099 0.002075 0.505955 0.493421 1 
4 0.595745 0.030623 0.484528 0.002071 0.492232 0.490789 1 
4 0.617021 0.030623 0.478727 0.002071 0.488866 0.510088 1 
4 0.638298 0.030623 0.477685 0.002069 0.477214 0.543421 1 
4 0.659574 0.030623 0.486909 0.002067 0.463231 0.578947 1 
4 0.680851 0.030623 0.499702 0.002065 0.45391 0.577632 1 
4 0.702128 0.030623 0.524844 0.002075 0.471517 0.546053 1 
4 0.723404 0.030623 0.551324 0.002079 0.488089 0.540351 1 
4 0.744681 0.037108 0.612913 0.002503 0.511134 0.55614 1 
4 0.765957 0.059505 0.653526 0.003976 0.545313 0.561842 1 
4 0.787234 0.071094 0.639691 0.004769 0.5826 0.487719 1 
4 0.808511 0.03984 0.603243 0.002688 0.564474 0.488596 1 
4 0.829787 0.032184 0.570663 0.002185 0.539358 0.504825 1 
4 0.851064 0.030623 0.548944 0.002081 0.513465 0.567105 0 
4 0.87234 0.030623 0.519786 0.002073 0.486535 0.584649 0 
4 0.893617 0.030563 0.477685 0.002059 0.455722 0.622368 0 
4 0.914894 0.028942 0.432014 0.001942 0.42957 0.607456 0 
4 0.93617 0.030233 0.482297 0.002017 0.408856 0.699123 0 
4 0.957447 0.030623 0.493454 0.00205 0.393837 0.703509 0 
4 0.978723 0.030623 0.501785 0.002067 0.462455 0.540351 0 
4 1 0.030623 0.499256 0.002079 0.460901 0.584649 0 
