4 0 0.042602 0.541506 0.002765 0.463749 0.582456 0 
4 0.021277 0.041401 0.52291 0.002678 0.435008 0.627193 0 
4 0.042553 0.062357 0.504165 0.004036 0.486535 0.564912 1 
4 0.06383 0.055722 0.45537 0.003606 0.464008 0.626754 0 
4 0.085106 0.035217 0.394823 0.002277 0.418436 0.707895 0 
4 0.106383 0.030143 0.350788 0.001911 0.376489 0.759211 0 
4 0.12766 0.016933 0.303481 0.001188 0.326256 0.764912 0 
4 0.148936 0.018794 0.267926 0.000976 0.281978 0.765789 0 
4 0.170213 0.02591 0.247992 0.000976 0.257121 0.765789 0 
4 0.191489 0.023388 0.242487 0.000885 0.241326 0.765789 0 
4 0.212766 0.02693 0.273728 0.000976 0.248317 0.765789 0 
4 0.234043 0.030413 0.33011 0.000976 0.275764 0.765789 0 
4 0.255319 0.037498 0.451205 0.002297 0.364837 0.690351 0 
4 0.276596 0.042242 0.573936 0.002763 0.443553 0.537281 0 
4 0.297872 0.043653 0.60607 0.002906 0.500777 0.414912 0 
4 0.319149 0.086346 0.69042 0.005866 0.589332 0.374123 1 
4 0.340426 0.124745 0.711693 0.008486 0.63594 0.419737 1 
4 0.361702 0.124685 0.707825 0.008519 0.643449 0.342544 1 
4 0.382979 0.103068 0.735347 0.007127 0.662351 0.328947 1 
4 0.404255 0.103759 0.736537 0.007125 0.660021 0.332456 1 
4 0.425532 0.099496 0.709461 0.006859 0.65303 0.396491 1 
4 0.446809 0.073976 0.675394 0.005127 0.641378 0.373246 1 
4 0.468085 0.063348 0.647278 0.004422 0.639306 0.342982 0 
4 0.489362 0.062838 0.635823 0.004427 0.63594 0.280263 0 
4 0.510638 0.043893 0.621244 0.003087 0.615225 0.326316 0 
4 0.531915 0.049297 0.60964 0.003463 0.602796 0.30614 0 
4 0.553191 0.065059 0.597441 0.004589 0.640083 0.254386 1 
4 0.574468 0.063889 0.579887 0.00446 0.625842 0.287281 1 
4 0.595745 0.061096 0.558762 0.004263 0.610564 0.337281 0 
4 0.617021 0.043653 0.530943 0.003033 0.592698 0.369298 0 
4 0.638298 0.043653 0.540315 0.003031 0.573537 0.401754 0 
4 0.659574 0.046595 0.554002 0.003153 0.573537 0.407456 0 
4 0.680851 0.059145 0.586433 0.004117 0.583635 0.371053 0 
4 0.702128 0.063408 0.655311 0.004454 0.606939 0.419298 0 
4 0.723404 0.086706 0.766439 0.006034 0.67245 0.422807 1 
4 0.744681 0.076498 0.836209 0.00526 0.726567 0.438596 1 
4 0.765957 0.07905 0.842458 0.005438 0.700673 0.431579 1 
4 0.787234 0.050138 0.810176 0.003461 0.647592 0.382018 0 
4 0.808511 0.064249 0.777298 0.004233 0.603314 0.439035 1 
4 0.829787 0.05299 0.747099 0.003691 0.566546 0.438596 0 
4 0.851064 0.046806 0.71809 0.003257 0.541429 0.481579 0 
4 0.87234 0.043653 0.688634 0.003076 0.512688 0.537719 0 
4 0.893617 0.048247 0.63731 0.003288 0.474107 0.600439 0 
4 0.914894 0.042873 0.583309 0.002883 0.45391 0.652632 0 
4 0.93617 0.041822 0.613657 0.002759 0.435526 0.715351 0 
4 0.957447 0.038699 0.604284 0.002511 0.413516 0.748246 0 
4 0.978723 0.041642 0.595061 0.002694 0.498187 0.662281 0 
4 1 0.038249 0.575275 0.002459 0.477991 0.715351 0 
