6 0 0.042722 0.56992 0.002773 0.488089 0.54693 1 
6 0.021277 0.041672 0.548795 0.002682 0.452356 0.607456 0 
6 0.042553 0.042422 0.517108 0.002754 0.496634 0.529825 0 
6 0.06383 0.042422 0.468759 0.002719 0.46841 0.557018 0 
6 0.085106 0.029272 0.402856 0.002073 0.419731 0.657895 0 
6 0.106383 0.021556 0.355846 0.001174 0.375453 0.645614 0 
6 0.12766 0.008977 0.307795 0.000407 0.323925 0.557895 0 
6 0.148936 0.008256 0.272538 0.000526 0.271362 0.472807 0 
6 0.170213 0 0.253496 0 0.249612 0.449123 0 
6 0.191489 0 0.249926 0 0.227084 0.416667 0 
6 0.212766 0.011949 0.271794 0.000769 0.230192 0.490351 0 
6 0.234043 0.025219 0.323564 0.001599 0.268773 0.725 0 
6 0.255319 0.041972 0.432461 0.002628 0.354221 0.701754 0 
6 0.276596 0.042092 0.529902 0.0027 0.43941 0.560088 0 
6 0.297872 0.042272 0.564118 0.002792 0.491714 0.415789 0 
6 0.319149 0.047526 0.654716 0.003218 0.569394 0.306579 1 
6 0.340426 0.06596 0.685064 0.004547 0.610306 0.279825 1 
6 0.361702 0.049388 0.683725 0.003616 0.61885 0.232895 1 
6 0.382979 0.067131 0.714817 0.004834 0.630243 0.234211 1 
6 0.404255 0.0653 0.720321 0.004813 0.621958 0.261404 1 
6 0.425532 0.05218 0.708569 0.00397 0.606939 0.273246 1 
6 0.446809 0.062027 0.681047 0.004341 0.602538 0.288158 1 
6 0.468085 0.060136 0.654121 0.004186 0.593475 0.295175 1 
6 0.489362 0.059295 0.640434 0.004098 0.581823 0.325 1 
6 0.510638 0.058124 0.622731 0.004022 0.564733 0.348246 1 
6 0.531915 0.046355 0.604731 0.003216 0.55334 0.317982 1 
6 0.553191 0.046295 0.592532 0.003216 0.571983 0.283333 1 
6 0.574468 0.044224 0.578251 0.003078 0.568358 0.264474 1 
6 0.595745 0.042452 0.573936 0.002943 0.548421 0.324123 0 
6 0.617021 0.041912 0.552663 0.002887 0.526929 0.362719 0 
6 0.638298 0.041822 0.53734 0.002871 0.515018 0.370614 0 
6 0.659574 0.041822 0.54939 0.002871 0.505438 0.389474 0 
6 0.680851 0.041702 0.564564 0.002869 0.503884 0.374561 0 
6 0.702128 0.043053 0.616781 0.002989 0.529518 0.328947 1 
6 0.723404 0.048217 0.698155 0.003365 0.578975 0.307018 1 
6 0.744681 0.044674 0.755727 0.003091 0.635422 0.233333 1 
6 0.765957 0.044614 0.743529 0.003072 0.626359 0.277193 1 
6 0.787234 0.046265 0.71571 0.003182 0.58726 0.326316 1 
6 0.808511 0.054041 0.683576 0.003733 0.55101 0.346053 1 
6 0.829787 0.043503 0.650848 0.003016 0.52434 0.38114 1 
6 0.851064 0.043623 0.63017 0.00301 0.487312 0.410526 1 
6 0.87234 0.043083 0.608747 0.002966 0.469446 0.458333 1 
6 0.893617 0.036538 0.567986 0.00247 0.433972 0.571491 0 
6 0.914894 0.03957 0.523356 0.002597 0.408597 0.629386 0 
6 0.93617 0.042212 0.575275 0.002732 0.403936 0.622807 1 
6 0.957447 0.03909 0.594466 0.002518 0.404454 0.674561 0 
6 0.978723 0.043203 0.593127 0.002784 0.493268 0.535526 1 
6 1 0.041702 0.571407 0.002705 0.476955 0.58114 1 
