6 0 0.046535 0.347664 0.003467 0.422915 0.414912 0 
6 0.021277 0.045034 0.282059 0.003467 0.422915 0.414912 0 
6 0.042553 0.041431 0.22166 0.003467 0.422915 0.414912 0 
6 0.06383 0.041251 0.176287 0.003467 0.422915 0.414912 0 
6 0.085106 0.041131 0.148468 0.003467 0.422915 0.414912 0 
6 0.106383 0.041251 0.12645 0.003467 0.422915 0.414912 0 
6 0.12766 0.041431 0.114103 0.003467 0.422915 0.414912 0 
6 0.148936 0.041431 0.114549 0.003467 0.422915 0.414912 0 
6 0.170213 0.041131 0.119458 0.003467 0.422915 0.414912 0 
6 0.191489 0.041131 0.133145 0.003467 0.422915 0.414912 0 
6 0.212766 0.040921 0.151443 0.003467 0.422915 0.414912 0 
6 0.234043 0.041131 0.17956 0.003467 0.422915 0.414912 0 
6 0.255319 0.068092 0.210057 0.003467 0.422915 0.414912 0 
6 0.276596 0.071544 0.272389 0.003467 0.422915 0.414912 1 
6 0.297872 0.048037 0.331151 0.003467 0.422915 0.414912 0 
6 0.319149 0.068092 0.372359 0.003467 0.422915 0.414912 1 
6 0.340426 0.070373 0.418923 0.003467 0.422915 0.414912 1 
6 0.361702 0.069263 0.440196 0.003467 0.422915 0.414912 1 
6 0.382979 0.068092 0.438709 0.003467 0.422915 0.414912 1 
6 0.404255 0.069263 0.4277 0.003467 0.422915 0.414912 1 
6 0.425532 0.069263 0.416989 0.003467 0.422915 0.414912 1 
6 0.446809 0.068092 0.409997 0.003467 0.422915 0.414912 1 
6 0.468085 0.069022 0.401964 0.003467 0.422915 0.414912 1 
6 0.489362 0.068092 0.398096 0.003467 0.422915 0.414912 1 
6 0.510638 0.068092 0.389914 0.003467 0.422915 0.414912 1 
6 0.531915 0.051039 0.381285 0.003467 0.422915 0.414912 0 
6 0.553191 0.068092 0.373996 0.003467 0.422915 0.414912 1 
6 0.574468 0.068092 0.364772 0.003467 0.422915 0.414912 1 
6 0.595745 0.069263 0.363136 0.003467 0.422915 0.414912 1 
6 0.617021 0.069263 0.370872 0.003467 0.422915 0.414912 1 
6 0.638298 0.070373 0.369682 0.003467 0.422915 0.414912 1 
6 0.659574 0.071544 0.372062 0.003467 0.422915 0.414912 1 
6 0.680851 0.069263 0.362095 0.003467 0.422915 0.414912 1 
6 0.702128 0.069263 0.369682 0.003467 0.422915 0.414912 1 
6 0.723404 0.068092 0.374591 0.003467 0.422915 0.414912 1 
6 0.744681 0.049568 0.365814 0.003467 0.422915 0.414912 0 
6 0.765957 0.051039 0.36269 0.003467 0.422915 0.414912 0 
6 0.787234 0.069263 0.376376 0.003467 0.422915 0.414912 1 
6 0.808511 0.068092 0.378161 0.003467 0.422915 0.414912 1 
6 0.829787 0.049538 0.366111 0.003467 0.422915 0.414912 0 
6 0.851064 0.042032 0.338441 0.003467 0.422915 0.414912 0 
6 0.87234 0.042032 0.308539 0.003467 0.422915 0.414912 0 
6 0.893617 0.068092 0.322523 0.003467 0.422915 0.414912 1 
6 0.914894 0.042032 0.322821 0.003467 0.422915 0.414912 0 
6 0.93617 0.068092 0.3313 0.003467 0.422915 0.414912 1 
6 0.957447 0.041431 0.316424 0.003467 0.422915 0.414912 0 
6 0.978723 0.042032 0.294406 0.003467 0.422915 0.414912 0 
6 1 0.041431 0.250521 0.003467 0.422915 0.414912 0 
