2 0 0.051849 0.358375 0.003467 0.422915 0.414912 0 
2 0.021277 0.049838 0.297084 0.003467 0.422915 0.414912 0 
2 0.042553 0.049838 0.237876 0.003467 0.422915 0.414912 0 
2 0.06383 0.049838 0.201428 0.003467 0.422915 0.414912 0 
2 0.085106 0.043053 0.175543 0.003467 0.422915 0.414912 0 
2 0.106383 0.043053 0.153377 0.003467 0.422915 0.414912 0 
2 0.12766 0.043053 0.149063 0.003467 0.422915 0.414912 0 
2 0.148936 0.043053 0.155162 0.003467 0.422915 0.414912 0 
2 0.170213 0.069953 0.181494 0.003467 0.422915 0.414912 0 
2 0.191489 0.074577 0.22166 0.003467 0.422915 0.414912 1 
2 0.212766 0.076828 0.299316 0.003467 0.422915 0.414912 1 
2 0.234043 0.076828 0.383517 0.003467 0.422915 0.414912 1 
2 0.255319 0.071664 0.415204 0.003467 0.422915 0.414912 0 
2 0.276596 0.069953 0.471883 0.003467 0.422915 0.414912 0 
2 0.297872 0.071664 0.490925 0.003467 0.422915 0.414912 0 
2 0.319149 0.075117 0.505653 0.003467 0.422915 0.414912 1 
2 0.340426 0.080251 0.562184 0.003467 0.422915 0.414912 1 
2 0.361702 0.076828 0.578994 0.003467 0.422915 0.414912 1 
2 0.382979 0.076828 0.560696 0.003467 0.422915 0.414912 1 
2 0.404255 0.075117 0.564118 0.003467 0.422915 0.414912 1 
2 0.425532 0.076828 0.574531 0.003467 0.422915 0.414912 1 
2 0.446809 0.07857 0.58197 0.003467 0.422915 0.414912 1 
2 0.468085 0.076828 0.58435 0.003467 0.422915 0.414912 1 
2 0.489362 0.076828 0.587176 0.003467 0.422915 0.414912 1 
2 0.510638 0.080251 0.594912 0.003467 0.422915 0.414912 1 
2 0.531915 0.089168 0.599375 0.003467 0.422915 0.414912 1 
2 0.553191 0.080251 0.59997 0.003467 0.422915 0.414912 1 
2 0.574468 0.080251 0.599375 0.003467 0.422915 0.414912 1 
2 0.595745 0.098055 0.59521 0.003467 0.422915 0.414912 1 
2 0.617021 0.093071 0.60116 0.003467 0.422915 0.414912 1 
2 0.638298 0.098055 0.606665 0.003467 0.422915 0.414912 1 
2 0.659574 0.080251 0.61083 0.003467 0.422915 0.414912 1 
2 0.680851 0.080251 0.597888 0.003467 0.422915 0.414912 1 
2 0.702128 0.087066 0.573788 0.003467 0.422915 0.414912 1 
2 0.723404 0.075117 0.534067 0.003467 0.422915 0.414912 1 
2 0.744681 0.080251 0.504314 0.003467 0.422915 0.414912 1 
2 0.765957 0.076828 0.468313 0.003467 0.422915 0.414912 1 
2 0.787234 0.080251 0.483636 0.003467 0.422915 0.414912 1 
2 0.808511 0.089168 0.493008 0.003467 0.422915 0.414912 1 
2 0.829787 0.071664 0.47947 0.003467 0.422915 0.414912 1 
2 0.851064 0.069953 0.444659 0.003467 0.422915 0.414912 0 
2 0.87234 0.068242 0.40241 0.003467 0.422915 0.414912 0 
2 0.893617 0.069953 0.427254 0.003467 0.422915 0.414912 0 
2 0.914894 0.053621 0.437519 0.003467 0.422915 0.414912 0 
2 0.93617 0.068242 0.44094 0.003467 0.422915 0.414912 0 
2 0.957447 0.051849 0.427998 0.003467 0.422915 0.414912 0 
2 0.978723 0.051849 0.411038 0.003467 0.422915 0.414912 0 
2 1 0.051849 0.38188 0.003467 0.422915 0.414912 0 
