5 0 0.06533 0.613657 0.004337 0.519938 0.604825 0 
5 0.021277 0.044134 0.59283 0.002638 0.498964 0.644737 0 
5 0.042553 0.075928 0.562481 0.005054 0.562403 0.509211 0 
5 0.06383 0.086556 0.515472 0.005719 0.541688 0.582018 1 
5 0.085106 0.082653 0.457156 0.005407 0.508804 0.605263 1 
5 0.106383 0.088417 0.40003 0.005735 0.475142 0.65307 1 
5 0.12766 0.072475 0.355103 0.004668 0.44899 0.670175 0 
5 0.148936 0.036748 0.313002 0.002362 0.426204 0.677632 0 
5 0.170213 0.036538 0.29039 0.002341 0.409114 0.721053 0 
5 0.191489 0.035247 0.287861 0.00225 0.39073 0.766228 0 
5 0.212766 0.05224 0.321333 0.003328 0.399793 0.764474 0 
5 0.234043 0.035187 0.364475 0.002273 0.416106 0.683772 0 
5 0.255319 0.07845 0.479917 0.004545 0.480062 0.614912 0 
5 0.276596 0.061337 0.606516 0.004146 0.561885 0.47193 0 
5 0.297872 0.043713 0.670931 0.003062 0.60668 0.379386 0 
5 0.319149 0.073406 0.764207 0.00516 0.718281 0.337719 0 
5 0.340426 0.073646 0.784439 0.005145 0.75738 0.324561 0 
5 0.361702 0.094662 0.766439 0.006614 0.767996 0.267105 1 
5 0.382979 0.078089 0.765992 0.005469 0.787157 0.285088 0 
5 0.404255 0.062628 0.75543 0.004373 0.788711 0.236842 0 
5 0.425532 0.059445 0.740702 0.004152 0.770585 0.252632 0 
5 0.446809 0.075627 0.724933 0.005301 0.768255 0.238596 0 
5 0.468085 0.056053 0.712288 0.003941 0.754013 0.263596 0 
5 0.489362 0.06533 0.703957 0.004618 0.750906 0.262719 0 
5 0.510638 0.061367 0.691015 0.004333 0.734852 0.255702 0 
5 0.531915 0.063588 0.680155 0.004485 0.722165 0.301754 0 
5 0.553191 0.077189 0.663791 0.005467 0.748835 0.270614 0 
5 0.574468 0.06584 0.653526 0.004661 0.756344 0.250877 0 
5 0.595745 0.059805 0.634781 0.004231 0.737183 0.247807 0 
5 0.617021 0.055242 0.627343 0.003899 0.727861 0.280263 0 
5 0.638298 0.036688 0.612169 0.002599 0.712066 0.232895 0 
5 0.659574 0.051249 0.63017 0.003646 0.720093 0.225877 0 
5 0.680851 0.073616 0.685659 0.005226 0.712325 0.335526 0 
5 0.702128 0.107812 0.756174 0.007584 0.737442 0.37193 1 
5 0.723404 0.100937 0.845135 0.006988 0.789487 0.397807 1 
5 0.744681 0.103429 0.916394 0.007009 0.837649 0.410526 1 
5 0.765957 0.099526 0.923535 0.006697 0.813827 0.420614 1 
5 0.787234 0.090279 0.903154 0.006076 0.76696 0.425439 1 
5 0.808511 0.061547 0.869087 0.004188 0.727861 0.392544 0 
5 0.829787 0.056443 0.839334 0.003868 0.682289 0.464474 0 
5 0.851064 0.076258 0.815977 0.005239 0.659762 0.425877 1 
5 0.87234 0.079711 0.786373 0.005463 0.631279 0.474561 1 
5 0.893617 0.056743 0.732669 0.003882 0.589591 0.508333 0 
5 0.914894 0.036658 0.670485 0.002511 0.55101 0.472368 0 
5 0.93617 0.05209 0.679113 0.003542 0.52434 0.567982 0 
5 0.957447 0.035937 0.657394 0.002424 0.495598 0.524561 0 
5 0.978723 0.045755 0.637608 0.003087 0.549456 0.524561 0 
5 1 0.055362 0.622731 0.00371 0.532108 0.599123 0 
