4 0 0.05215 0.356888 0.003467 0.422915 0.414912 0 
4 0.021277 0.051219 0.292324 0.003467 0.422915 0.414912 0 
4 0.042553 0.051219 0.240107 0.003467 0.422915 0.414912 0 
4 0.06383 0.049688 0.19756 0.003467 0.422915 0.414912 0 
4 0.085106 0.049688 0.159328 0.003467 0.422915 0.414912 0 
4 0.106383 0.049688 0.133294 0.003467 0.422915 0.414912 0 
4 0.12766 0.049688 0.121095 0.003467 0.422915 0.414912 0 
4 0.148936 0.049688 0.1205 0.003467 0.422915 0.414912 0 
4 0.170213 0.05215 0.149955 0.003467 0.422915 0.414912 0 
4 0.191489 0.05215 0.187444 0.003467 0.422915 0.414912 0 
4 0.212766 0.080161 0.26391 0.003467 0.422915 0.414912 1 
4 0.234043 0.074817 0.353764 0.003467 0.422915 0.414912 1 
4 0.255319 0.080161 0.369682 0.003467 0.422915 0.414912 1 
4 0.276596 0.080161 0.426659 0.003467 0.422915 0.414912 1 
4 0.297872 0.05215 0.439006 0.003467 0.422915 0.414912 0 
4 0.319149 0.074817 0.440643 0.003467 0.422915 0.414912 1 
4 0.340426 0.05215 0.48319 0.003467 0.422915 0.414912 0 
4 0.361702 0.074817 0.490628 0.003467 0.422915 0.414912 1 
4 0.382979 0.080161 0.493752 0.003467 0.422915 0.414912 1 
4 0.404255 0.080161 0.490479 0.003467 0.422915 0.414912 1 
4 0.425532 0.080161 0.483487 0.003467 0.422915 0.414912 1 
4 0.446809 0.080161 0.47471 0.003467 0.422915 0.414912 1 
4 0.468085 0.080161 0.468313 0.003467 0.422915 0.414912 1 
4 0.489362 0.080161 0.463255 0.003467 0.422915 0.414912 1 
4 0.510638 0.074817 0.462957 0.003467 0.422915 0.414912 1 
4 0.531915 0.074817 0.458197 0.003467 0.422915 0.414912 1 
4 0.553191 0.074817 0.449866 0.003467 0.422915 0.414912 1 
4 0.574468 0.074817 0.444511 0.003467 0.422915 0.414912 1 
4 0.595745 0.074817 0.43856 0.003467 0.422915 0.414912 1 
4 0.617021 0.074817 0.438114 0.003467 0.422915 0.414912 1 
4 0.638298 0.074817 0.427551 0.003467 0.422915 0.414912 1 
4 0.659574 0.074817 0.436328 0.003467 0.422915 0.414912 1 
4 0.680851 0.05215 0.435733 0.003467 0.422915 0.414912 0 
4 0.702128 0.080161 0.451651 0.003467 0.422915 0.414912 1 
4 0.723404 0.05215 0.447932 0.003467 0.422915 0.414912 0 
4 0.744681 0.074817 0.444808 0.003467 0.422915 0.414912 1 
4 0.765957 0.05215 0.426361 0.003467 0.422915 0.414912 0 
4 0.787234 0.074817 0.429783 0.003467 0.422915 0.414912 1 
4 0.808511 0.074817 0.431568 0.003467 0.422915 0.414912 1 
4 0.829787 0.05215 0.416245 0.003467 0.422915 0.414912 0 
4 0.851064 0.080161 0.384856 0.003467 0.422915 0.414912 1 
4 0.87234 0.05215 0.348855 0.003467 0.422915 0.414912 0 
4 0.893617 0.080161 0.370128 0.003467 0.422915 0.414912 1 
4 0.914894 0.080161 0.39036 0.003467 0.422915 0.414912 1 
4 0.93617 0.080161 0.412972 0.003467 0.422915 0.414912 1 
4 0.957447 0.080161 0.419667 0.003467 0.422915 0.414912 1 
4 0.978723 0.074817 0.413419 0.003467 0.422915 0.414912 1 
4 1 0.080161 0.395269 0.003467 0.422915 0.414912 1 
