6 0 0.074817 0.349598 0.003467 0.422915 0.414912 0 
6 0.021277 0.057254 0.271199 0.003467 0.422915 0.414912 0 
6 0.042553 0.054161 0.211544 0.003467 0.422915 0.414912 0 
6 0.06383 0.054161 0.171675 0.003467 0.422915 0.414912 0 
6 0.085106 0.051429 0.142517 0.003467 0.422915 0.414912 0 
6 0.106383 0.051429 0.119905 0.003467 0.422915 0.414912 0 
6 0.12766 0.051429 0.107706 0.003467 0.422915 0.414912 0 
6 0.148936 0.071694 0.102648 0.003467 0.422915 0.414912 0 
6 0.170213 0.070223 0.106813 0.003467 0.422915 0.414912 0 
6 0.191489 0.070223 0.122731 0.003467 0.422915 0.414912 0 
6 0.212766 0.070223 0.142815 0.003467 0.422915 0.414912 0 
6 0.234043 0.070223 0.18075 0.003467 0.422915 0.414912 0 
6 0.255319 0.077489 0.219429 0.003467 0.422915 0.414912 0 
6 0.276596 0.084394 0.279232 0.003467 0.422915 0.414912 1 
6 0.297872 0.087366 0.330556 0.003467 0.422915 0.414912 1 
6 0.319149 0.084394 0.376971 0.003467 0.422915 0.414912 1 
6 0.340426 0.089828 0.412675 0.003467 0.422915 0.414912 1 
6 0.361702 0.089828 0.437072 0.003467 0.422915 0.414912 1 
6 0.382979 0.084394 0.435138 0.003467 0.422915 0.414912 1 
6 0.404255 0.089828 0.42532 0.003467 0.422915 0.414912 1 
6 0.425532 0.083794 0.415353 0.003467 0.422915 0.414912 1 
6 0.446809 0.084394 0.409402 0.003467 0.422915 0.414912 1 
6 0.468085 0.077819 0.394377 0.003467 0.422915 0.414912 0 
6 0.489362 0.077489 0.384558 0.003467 0.422915 0.414912 0 
6 0.510638 0.084274 0.38679 0.003467 0.422915 0.414912 1 
6 0.531915 0.083794 0.370723 0.003467 0.422915 0.414912 1 
6 0.553191 0.077819 0.353169 0.003467 0.422915 0.414912 0 
6 0.574468 0.077819 0.342755 0.003467 0.422915 0.414912 0 
6 0.595745 0.083794 0.33249 0.003467 0.422915 0.414912 1 
6 0.617021 0.077489 0.331151 0.003467 0.422915 0.414912 0 
6 0.638298 0.077819 0.332044 0.003467 0.422915 0.414912 0 
6 0.659574 0.077819 0.335763 0.003467 0.422915 0.414912 1 
6 0.680851 0.077819 0.318953 0.003467 0.422915 0.414912 1 
6 0.702128 0.077819 0.333829 0.003467 0.422915 0.414912 1 
6 0.723404 0.077489 0.334871 0.003467 0.422915 0.414912 1 
6 0.744681 0.064399 0.324755 0.003467 0.422915 0.414912 0 
6 0.765957 0.059625 0.315382 0.003467 0.422915 0.414912 0 
6 0.787234 0.077489 0.299018 0.003467 0.422915 0.414912 1 
6 0.808511 0.077819 0.303927 0.003467 0.422915 0.414912 1 
6 0.829787 0.059595 0.304969 0.003467 0.422915 0.414912 0 
6 0.851064 0.059595 0.282059 0.003467 0.422915 0.414912 0 
6 0.87234 0.059265 0.263314 0.003467 0.422915 0.414912 0 
6 0.893617 0.059595 0.280274 0.003467 0.422915 0.414912 0 
6 0.914894 0.077489 0.285332 0.003467 0.422915 0.414912 1 
6 0.93617 0.059595 0.300208 0.003467 0.422915 0.414912 0 
6 0.957447 0.059595 0.282654 0.003467 0.422915 0.414912 0 
6 0.978723 0.059265 0.266587 0.003467 0.422915 0.414912 0 
6 1 0.054521 0.228057 0.003467 0.422915 0.414912 0 
