6 0 0.060556 0.613805 0.00398 0.534956 0.631579 0 
6 0.021277 0.054521 0.59402 0.00356 0.502848 0.635526 0 
6 0.042553 0.066621 0.557572 0.00426 0.576126 0.54693 0 
6 0.06383 0.050438 0.509075 0.003319 0.556706 0.551754 0 
6 0.085106 0.048937 0.451949 0.003197 0.522268 0.604386 0 
6 0.106383 0.048247 0.400476 0.003124 0.489125 0.645614 0 
6 0.12766 0.03921 0.341863 0.002522 0.452874 0.662281 0 
6 0.148936 0.034076 0.309878 0.002192 0.427758 0.616667 0 
6 0.170213 0.046325 0.294258 0.002964 0.411445 0.775439 0 
6 0.191489 0.051099 0.293068 0.00327 0.406784 0.765789 0 
6 0.212766 0.047586 0.32163 0.003056 0.409891 0.733772 0 
6 0.234043 0.05314 0.37474 0.003436 0.437597 0.704386 0 
6 0.255319 0.058845 0.470693 0.00387 0.503366 0.611404 0 
6 0.276596 0.069052 0.569325 0.004603 0.591144 0.538596 1 
6 0.297872 0.058094 0.605921 0.003895 0.644485 0.478509 0 
6 0.319149 0.076348 0.69875 0.005147 0.730709 0.419298 1 
6 0.340426 0.079621 0.748289 0.005384 0.772398 0.418421 1 
6 0.361702 0.084094 0.764058 0.005688 0.7913 0.430263 1 
6 0.382979 0.100306 0.803927 0.006807 0.799845 0.414474 1 
6 0.404255 0.100877 0.795894 0.006849 0.786639 0.398246 1 
6 0.425532 0.079681 0.761678 0.005378 0.781978 0.422368 1 
6 0.446809 0.07887 0.720768 0.005341 0.76696 0.411404 1 
6 0.468085 0.075177 0.681791 0.005102 0.755308 0.439912 1 
6 0.489362 0.073706 0.658881 0.005021 0.745987 0.445175 1 
6 0.510638 0.071965 0.626153 0.004879 0.722683 0.366228 1 
6 0.531915 0.072025 0.609938 0.004909 0.694718 0.347368 1 
6 0.553191 0.072475 0.592681 0.004977 0.723718 0.308333 1 
6 0.574468 0.064159 0.575126 0.004414 0.709995 0.301754 0 
6 0.595745 0.054221 0.557126 0.003579 0.698602 0.304386 0 
6 0.617021 0.043503 0.549093 0.002985 0.678405 0.357895 0 
6 0.638298 0.059715 0.548497 0.004073 0.661315 0.379825 0 
6 0.659574 0.059715 0.560994 0.004071 0.642413 0.406579 0 
6 0.680851 0.060196 0.593127 0.004086 0.631538 0.432018 0 
6 0.702128 0.071274 0.665427 0.004767 0.661056 0.432456 1 
6 0.723404 0.074036 0.746206 0.00505 0.704039 0.376316 1 
6 0.744681 0.083403 0.817168 0.00571 0.770585 0.355702 1 
6 0.765957 0.089738 0.819697 0.006165 0.768514 0.319737 1 
6 0.787234 0.078209 0.790687 0.005368 0.729415 0.386842 1 
6 0.808511 0.072985 0.755727 0.004998 0.685655 0.415789 1 
6 0.829787 0.060406 0.717644 0.004119 0.644744 0.380702 0 
6 0.851064 0.060226 0.689229 0.004092 0.61652 0.443421 0 
6 0.87234 0.061277 0.674502 0.004146 0.590368 0.466667 0 
6 0.893617 0.058274 0.63136 0.003941 0.559555 0.435088 0 
6 0.914894 0.049808 0.585838 0.003396 0.526152 0.470614 0 
6 0.93617 0.057284 0.624814 0.003887 0.507509 0.559649 0 
6 0.957447 0.058124 0.623326 0.003899 0.483687 0.524123 0 
6 0.978723 0.062778 0.614698 0.004236 0.55826 0.511404 0 
6 1 0.061757 0.594466 0.004167 0.550233 0.532895 0 
