1 0 0.043473 0.241148 0.002871 0.329622 0.595614 0 
1 0.021277 0.043083 0.20485 0.002819 0.305541 0.615351 0 
1 0.042553 0.043353 0.176287 0.002852 0.350337 0.55614 0 
1 0.06383 0.042632 0.137459 0.002792 0.32755 0.666228 0 
1 0.085106 0.034586 0.1144 0.002248 0.279389 0.679825 0 
1 0.106383 0.02579 0.093722 0.00167 0.23537 0.690351 0 
1 0.12766 0.018374 0.088813 0.001192 0.193423 0.718421 0 
1 0.148936 0.016002 0.080184 0.001037 0.170378 0.757018 0 
1 0.170213 0.022367 0.085391 0.001452 0.146815 0.726316 0 
1 0.191489 0.023688 0.085094 0.001548 0.143967 0.688596 0 
1 0.212766 0.027501 0.097888 0.001795 0.140083 0.669298 0 
1 0.234043 0.030954 0.123624 0.002017 0.144485 0.72807 0 
1 0.255319 0.038309 0.148616 0.002484 0.14811 0.753947 0 
1 0.276596 0.040471 0.195031 0.002603 0.182289 0.795175 0 
1 0.297872 0.040441 0.240702 0.00258 0.198343 0.802193 0 
1 0.319149 0.044013 0.295001 0.002819 0.205852 0.785088 1 
1 0.340426 0.044434 0.346474 0.002856 0.233817 0.780702 1 
1 0.361702 0.045394 0.370128 0.002925 0.252978 0.791228 1 
1 0.382979 0.048607 0.373103 0.003126 0.269291 0.762281 1 
1 0.404255 0.044944 0.369235 0.0029 0.282237 0.74693 1 
1 0.425532 0.044494 0.367004 0.002885 0.28405 0.724123 1 
1 0.446809 0.045304 0.363136 0.002933 0.292595 0.724561 1 
1 0.468085 0.044614 0.360904 0.002898 0.290523 0.691228 1 
1 0.489362 0.044974 0.357185 0.002914 0.283014 0.74386 1 
1 0.510638 0.044734 0.343053 0.002904 0.27913 0.720175 1 
1 0.531915 0.044073 0.331449 0.002867 0.262558 0.72193 1 
1 0.553191 0.043713 0.318506 0.002844 0.261005 0.719298 1 
1 0.574468 0.042542 0.314341 0.002746 0.251424 0.810965 1 
1 0.595745 0.041732 0.311217 0.002678 0.249871 0.812281 1 
1 0.617021 0.041672 0.313151 0.002684 0.25738 0.732456 1 
1 0.638298 0.043413 0.304374 0.002815 0.259451 0.723246 1 
1 0.659574 0.043953 0.312556 0.002856 0.266183 0.714035 1 
1 0.680851 0.043293 0.305713 0.002823 0.266442 0.691667 1 
1 0.702128 0.043563 0.318953 0.002848 0.285085 0.700439 1 
1 0.723404 0.043923 0.336507 0.002877 0.284827 0.684211 1 
1 0.744681 0.043683 0.339482 0.002852 0.27421 0.728947 1 
1 0.765957 0.043713 0.342309 0.002846 0.260487 0.733772 1 
1 0.787234 0.043833 0.36388 0.002848 0.261264 0.753947 1 
1 0.808511 0.044224 0.389616 0.002883 0.296996 0.716228 1 
1 0.829787 0.048997 0.387533 0.003203 0.332211 0.658772 1 
1 0.851064 0.044073 0.354061 0.002894 0.314086 0.636404 1 
1 0.87234 0.043293 0.322821 0.002842 0.291041 0.680263 1 
1 0.893617 0.043803 0.340077 0.00286 0.271103 0.725439 1 
1 0.914894 0.042722 0.335912 0.002765 0.241844 0.817982 1 
1 0.93617 0.042632 0.339631 0.00274 0.240808 0.80614 1 
1 0.957447 0.042873 0.32654 0.002769 0.240031 0.720175 1 
1 0.978723 0.044194 0.306308 0.002896 0.326774 0.58114 1 
1 1 0.043773 0.274174 0.002898 0.348524 0.585088 1 
