5 0 0.077789 0.513984 0.003467 0.422915 0.414912 1 
5 0.021277 0.045515 0.491669 0.003467 0.422915 0.414912 0 
5 0.042553 0.045394 0.461321 0.003467 0.422915 0.414912 0 
5 0.06383 0.045244 0.400476 0.003467 0.422915 0.414912 0 
5 0.085106 0.045244 0.338738 0.003467 0.422915 0.414912 0 
5 0.106383 0.045244 0.286373 0.003467 0.422915 0.414912 0 
5 0.12766 0.043533 0.243082 0.003467 0.422915 0.414912 0 
5 0.148936 0.043533 0.212734 0.003467 0.422915 0.414912 0 
5 0.170213 0.075507 0.191461 0.003467 0.422915 0.414912 1 
5 0.191489 0.075507 0.193692 0.003467 0.422915 0.414912 1 
5 0.212766 0.076798 0.220916 0.003467 0.422915 0.414912 1 
5 0.234043 0.077249 0.271348 0.003467 0.422915 0.414912 1 
5 0.255319 0.07902 0.377864 0.003467 0.422915 0.414912 1 
5 0.276596 0.07902 0.488843 0.003467 0.422915 0.414912 1 
5 0.297872 0.045394 0.508628 0.003467 0.422915 0.414912 0 
5 0.319149 0.050168 0.591342 0.003467 0.422915 0.414912 0 
5 0.340426 0.050198 0.617525 0.003467 0.422915 0.414912 0 
5 0.361702 0.045394 0.602053 0.003467 0.422915 0.414912 0 
5 0.382979 0.050949 0.637905 0.003467 0.422915 0.414912 0 
5 0.404255 0.050949 0.637162 0.003467 0.422915 0.414912 0 
5 0.425532 0.050468 0.597144 0.003467 0.422915 0.414912 0 
5 0.446809 0.050168 0.577358 0.003467 0.422915 0.414912 0 
5 0.468085 0.050468 0.555936 0.003467 0.422915 0.414912 0 
5 0.489362 0.049388 0.540464 0.003467 0.422915 0.414912 0 
5 0.510638 0.050168 0.528414 0.003467 0.422915 0.414912 0 
5 0.531915 0.047706 0.516215 0.003467 0.422915 0.414912 0 
5 0.553191 0.050168 0.503719 0.003467 0.422915 0.414912 0 
5 0.574468 0.050168 0.489438 0.003467 0.422915 0.414912 0 
5 0.595745 0.050168 0.478132 0.003467 0.422915 0.414912 0 
5 0.617021 0.050168 0.466677 0.003467 0.422915 0.414912 0 
5 0.638298 0.050168 0.452841 0.003467 0.422915 0.414912 0 
5 0.659574 0.050168 0.472925 0.003467 0.422915 0.414912 0 
5 0.680851 0.050168 0.496578 0.003467 0.422915 0.414912 0 
5 0.702128 0.050949 0.54091 0.003467 0.422915 0.414912 0 
5 0.723404 0.050468 0.622285 0.003467 0.422915 0.414912 0 
5 0.744681 0.050468 0.683576 0.003467 0.422915 0.414912 0 
5 0.765957 0.050468 0.675989 0.003467 0.422915 0.414912 0 
5 0.787234 0.050168 0.645641 0.003467 0.422915 0.414912 0 
5 0.808511 0.045394 0.613062 0.003467 0.422915 0.414912 0 
5 0.829787 0.045394 0.587771 0.003467 0.422915 0.414912 0 
5 0.851064 0.050949 0.570217 0.003467 0.422915 0.414912 0 
5 0.87234 0.050168 0.551324 0.003467 0.422915 0.414912 0 
5 0.893617 0.050168 0.507736 0.003467 0.422915 0.414912 0 
5 0.914894 0.050168 0.462809 0.003467 0.422915 0.414912 0 
5 0.93617 0.07902 0.516513 0.003467 0.422915 0.414912 1 
5 0.957447 0.07902 0.525885 0.003467 0.422915 0.414912 1 
5 0.978723 0.077249 0.535406 0.003467 0.422915 0.414912 1 
5 1 0.07902 0.523654 0.003467 0.422915 0.414912 1 
