3 0 0.029002 0.465338 0.001867 0.389694 0.663596 1 
3 0.021277 0.029002 0.445849 0.001853 0.360694 0.640351 1 
3 0.042553 0.044884 0.412675 0.002902 0.420249 0.641228 1 
3 0.06383 0.037498 0.357632 0.002117 0.404454 0.634211 1 
3 0.085106 0.030503 0.303779 0.001928 0.36406 0.612281 1 
3 0.106383 0.029572 0.253794 0.001809 0.326515 0.612281 1 
3 0.12766 0.047136 0.218982 0.002636 0.304247 0.634211 1 
3 0.148936 0.028942 0.190717 0.001818 0.286121 0.722807 0 
3 0.170213 0.028612 0.174204 0.001845 0.27913 0.769298 0 
3 0.191489 0.027741 0.18194 0.001784 0.274728 0.8 0 
3 0.212766 0.028672 0.203065 0.001824 0.28405 0.804825 0 
3 0.234043 0.030323 0.24695 0.001942 0.310461 0.787281 1 
3 0.255319 0.040681 0.33978 0.002636 0.374158 0.663596 1 
3 0.276596 0.043383 0.437816 0.00273 0.43941 0.611404 1 
3 0.297872 0.034676 0.470842 0.002308 0.485241 0.484649 1 
3 0.319149 0.037378 0.54582 0.002532 0.558519 0.436404 1 
3 0.340426 0.034526 0.568581 0.002385 0.589591 0.424561 1 
3 0.361702 0.033866 0.576465 0.002302 0.596323 0.436404 1 
3 0.382979 0.029572 0.592086 0.002009 0.596064 0.415789 0 
3 0.404255 0.029693 0.590598 0.002 0.597359 0.376316 0 
3 0.425532 0.029693 0.590152 0.002009 0.594252 0.395614 0 
3 0.446809 0.029512 0.585391 0.002009 0.589332 0.392105 0 
3 0.468085 0.034376 0.583755 0.002347 0.592698 0.424123 1 
3 0.489362 0.038069 0.585094 0.002607 0.587778 0.437281 1 
3 0.510638 0.036838 0.579887 0.00252 0.568099 0.439912 1 
3 0.531915 0.033175 0.566944 0.002223 0.56784 0.425 1 
3 0.553191 0.037438 0.565903 0.002574 0.577939 0.43114 1 
3 0.574468 0.035757 0.564713 0.002457 0.573796 0.416228 1 
3 0.595745 0.029212 0.554894 0.002015 0.564992 0.382456 0 
3 0.617021 0.029242 0.548944 0.002025 0.559296 0.399561 0 
3 0.638298 0.029122 0.545373 0.002007 0.541429 0.439035 0 
3 0.659574 0.030893 0.567242 0.002117 0.539358 0.426316 0 
3 0.680851 0.034947 0.58911 0.002393 0.549456 0.436404 1 
3 0.702128 0.036628 0.625409 0.002507 0.57276 0.426316 1 
3 0.723404 0.03954 0.670039 0.002709 0.621699 0.41886 1 
3 0.744681 0.03912 0.716602 0.00268 0.680994 0.369737 1 
3 0.765957 0.037799 0.696073 0.002584 0.685396 0.36886 1 
3 0.787234 0.036027 0.660666 0.002455 0.64552 0.385965 1 
3 0.808511 0.032965 0.609194 0.002243 0.603055 0.361842 1 
3 0.829787 0.030743 0.578846 0.002098 0.568099 0.410965 0 
3 0.851064 0.029182 0.546712 0.001992 0.542983 0.437281 0 
3 0.87234 0.029783 0.522017 0.002032 0.508027 0.466667 0 
3 0.893617 0.027291 0.479322 0.001859 0.472812 0.520614 0 
3 0.914894 0.027111 0.436626 0.00183 0.443294 0.559649 0 
3 0.93617 0.031584 0.475602 0.002044 0.408079 0.627193 0 
3 0.957447 0.029122 0.489289 0.001865 0.389694 0.615351 0 
3 0.978723 0.033175 0.488248 0.002181 0.445883 0.639474 0 
3 1 0.037168 0.478132 0.002401 0.436561 0.696053 1 
