7 0 0.049898 0.276852 0.003467 0.422915 0.414912 0 
7 0.021277 0.049898 0.230586 0.003467 0.422915 0.414912 0 
7 0.042553 0.048037 0.204701 0.003467 0.422915 0.414912 0 
7 0.06383 0.048037 0.166915 0.003467 0.422915 0.414912 0 
7 0.085106 0.047796 0.126599 0.003467 0.422915 0.414912 0 
7 0.106383 0.047046 0.101607 0.003467 0.422915 0.414912 0 
7 0.12766 0.045605 0.081077 0.003467 0.422915 0.414912 0 
7 0.148936 0.045605 0.066052 0.003467 0.422915 0.414912 0 
7 0.170213 0.045304 0.054597 0.003467 0.422915 0.414912 0 
7 0.191489 0.045304 0.050729 0.003467 0.422915 0.414912 0 
7 0.212766 0.045605 0.054746 0.003467 0.422915 0.414912 0 
7 0.234043 0.045605 0.06382 0.003467 0.422915 0.414912 0 
7 0.255319 0.045605 0.081821 0.003467 0.422915 0.414912 0 
7 0.276596 0.045605 0.100268 0.003467 0.422915 0.414912 0 
7 0.297872 0.047046 0.117078 0.003467 0.422915 0.414912 0 
7 0.319149 0.047046 0.176287 0.003467 0.422915 0.414912 0 
7 0.340426 0.047046 0.225826 0.003467 0.422915 0.414912 0 
7 0.361702 0.047046 0.268819 0.003467 0.422915 0.414912 0 
7 0.382979 0.048337 0.312705 0.003467 0.422915 0.414912 0 
7 0.404255 0.048337 0.328771 0.003467 0.422915 0.414912 0 
7 0.425532 0.048187 0.328622 0.003467 0.422915 0.414912 0 
7 0.446809 0.048337 0.319101 0.003467 0.422915 0.414912 0 
7 0.468085 0.048187 0.309729 0.003467 0.422915 0.414912 0 
7 0.489362 0.048337 0.307349 0.003467 0.422915 0.414912 0 
7 0.510638 0.048187 0.296935 0.003467 0.422915 0.414912 0 
7 0.531915 0.048187 0.281464 0.003467 0.422915 0.414912 0 
7 0.553191 0.048037 0.268819 0.003467 0.422915 0.414912 0 
7 0.574468 0.047046 0.257066 0.003467 0.422915 0.414912 0 
7 0.595745 0.048037 0.250223 0.003467 0.422915 0.414912 0 
7 0.617021 0.047046 0.237876 0.003467 0.422915 0.414912 0 
7 0.638298 0.048037 0.234752 0.003467 0.422915 0.414912 0 
7 0.659574 0.048187 0.236983 0.003467 0.422915 0.414912 0 
7 0.680851 0.048037 0.242636 0.003467 0.422915 0.414912 0 
7 0.702128 0.048337 0.267331 0.003467 0.422915 0.414912 0 
7 0.723404 0.051759 0.306903 0.003467 0.422915 0.414912 1 
7 0.744681 0.06614 0.406724 0.003467 0.422915 0.414912 1 
7 0.765957 0.053321 0.441386 0.003467 0.422915 0.414912 1 
7 0.787234 0.051759 0.421452 0.003467 0.422915 0.414912 1 
7 0.808511 0.051759 0.383071 0.003467 0.422915 0.414912 1 
7 0.829787 0.051759 0.360458 0.003467 0.422915 0.414912 1 
7 0.851064 0.051759 0.342904 0.003467 0.422915 0.414912 1 
7 0.87234 0.051759 0.329813 0.003467 0.422915 0.414912 1 
7 0.893617 0.051759 0.296787 0.003467 0.422915 0.414912 1 
7 0.914894 0.048337 0.270455 0.003467 0.422915 0.414912 0 
7 0.93617 0.049898 0.293514 0.003467 0.422915 0.414912 1 
7 0.957447 0.048337 0.300952 0.003467 0.422915 0.414912 0 
7 0.978723 0.049898 0.314341 0.003467 0.422915 0.414912 1 
7 1 0.048337 0.287712 0.003467 0.422915 0.414912 0 
