6 0 0.072895 0.302589 0.003467 0.422915 0.414912 1 
6 0.021277 0.056923 0.234008 0.003467 0.422915 0.414912 0 
6 0.042553 0.056923 0.182237 0.003467 0.422915 0.414912 0 
6 0.06383 0.055242 0.138947 0.003467 0.422915 0.414912 0 
6 0.085106 0.072895 0.105921 0.003467 0.422915 0.414912 1 
6 0.106383 0.055242 0.084796 0.003467 0.422915 0.414912 0 
6 0.12766 0.055242 0.069771 0.003467 0.422915 0.414912 0 
6 0.148936 0.072895 0.066498 0.003467 0.422915 0.414912 1 
6 0.170213 0.070854 0.070515 0.003467 0.422915 0.414912 1 
6 0.191489 0.070854 0.072002 0.003467 0.422915 0.414912 0 
6 0.212766 0.070854 0.087623 0.003467 0.422915 0.414912 0 
6 0.234043 0.070854 0.108004 0.003467 0.422915 0.414912 0 
6 0.255319 0.073286 0.138947 0.003467 0.422915 0.414912 1 
6 0.276596 0.077639 0.188337 0.003467 0.422915 0.414912 1 
6 0.297872 0.074817 0.239958 0.003467 0.422915 0.414912 1 
6 0.319149 0.07866 0.284737 0.003467 0.422915 0.414912 1 
6 0.340426 0.085235 0.33249 0.003467 0.422915 0.414912 1 
6 0.361702 0.085235 0.355103 0.003467 0.422915 0.414912 1 
6 0.382979 0.087787 0.355698 0.003467 0.422915 0.414912 1 
6 0.404255 0.085235 0.352871 0.003467 0.422915 0.414912 1 
6 0.425532 0.085235 0.341267 0.003467 0.422915 0.414912 1 
6 0.446809 0.074817 0.333234 0.003467 0.422915 0.414912 1 
6 0.468085 0.080611 0.328771 0.003467 0.422915 0.414912 1 
6 0.489362 0.080611 0.322969 0.003467 0.422915 0.414912 1 
6 0.510638 0.080611 0.314043 0.003467 0.422915 0.414912 1 
6 0.531915 0.085235 0.306754 0.003467 0.422915 0.414912 1 
6 0.553191 0.080611 0.303184 0.003467 0.422915 0.414912 1 
6 0.574468 0.074817 0.289943 0.003467 0.422915 0.414912 1 
6 0.595745 0.080611 0.290539 0.003467 0.422915 0.414912 1 
6 0.617021 0.073286 0.290241 0.003467 0.422915 0.414912 0 
6 0.638298 0.074817 0.289348 0.003467 0.422915 0.414912 1 
6 0.659574 0.074817 0.294109 0.003467 0.422915 0.414912 1 
6 0.680851 0.074817 0.286224 0.003467 0.422915 0.414912 1 
6 0.702128 0.073286 0.297828 0.003467 0.422915 0.414912 1 
6 0.723404 0.080611 0.298721 0.003467 0.422915 0.414912 1 
6 0.744681 0.074817 0.299018 0.003467 0.422915 0.414912 1 
6 0.765957 0.074817 0.286076 0.003467 0.422915 0.414912 1 
6 0.787234 0.080611 0.270158 0.003467 0.422915 0.414912 1 
6 0.808511 0.074817 0.275662 0.003467 0.422915 0.414912 1 
6 0.829787 0.080611 0.303184 0.003467 0.422915 0.414912 1 
6 0.851064 0.080611 0.295894 0.003467 0.422915 0.414912 1 
6 0.87234 0.074817 0.274323 0.003467 0.422915 0.414912 0 
6 0.893617 0.085235 0.285481 0.003467 0.422915 0.414912 1 
6 0.914894 0.080611 0.287414 0.003467 0.422915 0.414912 1 
6 0.93617 0.074817 0.29515 0.003467 0.422915 0.414912 0 
6 0.957447 0.073286 0.273431 0.003467 0.422915 0.414912 0 
6 0.978723 0.058394 0.253198 0.003467 0.422915 0.414912 0 
6 1 0.058394 0.208123 0.003467 0.422915 0.414912 0 
