1 0 0.059265 0.22047 0.003467 0.422915 0.414912 0 
1 0.021277 0.050829 0.183576 0.003467 0.422915 0.414912 0 
1 0.042553 0.050829 0.151889 0.003467 0.422915 0.414912 0 
1 0.06383 0.050829 0.123178 0.003467 0.422915 0.414912 0 
1 0.085106 0.050829 0.103392 0.003467 0.422915 0.414912 0 
1 0.106383 0.050829 0.09878 0.003467 0.422915 0.414912 0 
1 0.12766 0.050829 0.097441 0.003467 0.422915 0.414912 0 
1 0.148936 0.050829 0.105475 0.003467 0.422915 0.414912 0 
1 0.170213 0.051429 0.133145 0.003467 0.422915 0.414912 0 
1 0.191489 0.074787 0.169146 0.003467 0.422915 0.414912 1 
1 0.212766 0.083794 0.253942 0.003467 0.422915 0.414912 1 
1 0.234043 0.090098 0.340672 0.003467 0.422915 0.414912 1 
1 0.255319 0.103008 0.356293 0.003467 0.422915 0.414912 1 
1 0.276596 0.103008 0.409699 0.003467 0.422915 0.414912 1 
1 0.297872 0.071815 0.432461 0.003467 0.422915 0.414912 1 
1 0.319149 0.071815 0.443767 0.003467 0.422915 0.414912 1 
1 0.340426 0.071815 0.487652 0.003467 0.422915 0.414912 1 
1 0.361702 0.071815 0.510562 0.003467 0.422915 0.414912 1 
1 0.382979 0.074547 0.507587 0.003467 0.422915 0.414912 1 
1 0.404255 0.083794 0.497917 0.003467 0.422915 0.414912 1 
1 0.425532 0.074547 0.501785 0.003467 0.422915 0.414912 1 
1 0.446809 0.074547 0.503422 0.003467 0.422915 0.414912 1 
1 0.468085 0.074547 0.504017 0.003467 0.422915 0.414912 1 
1 0.489362 0.074547 0.501934 0.003467 0.422915 0.414912 1 
1 0.510638 0.074547 0.515918 0.003467 0.422915 0.414912 1 
1 0.531915 0.074547 0.509967 0.003467 0.422915 0.414912 1 
1 0.553191 0.083794 0.515769 0.003467 0.422915 0.414912 1 
1 0.574468 0.083794 0.515174 0.003467 0.422915 0.414912 1 
1 0.595745 0.101777 0.509819 0.003467 0.422915 0.414912 1 
1 0.617021 0.090098 0.517554 0.003467 0.422915 0.414912 1 
1 0.638298 0.090098 0.522612 0.003467 0.422915 0.414912 1 
1 0.659574 0.101777 0.52291 0.003467 0.422915 0.414912 1 
1 0.680851 0.083794 0.512199 0.003467 0.422915 0.414912 1 
1 0.702128 0.083794 0.492115 0.003467 0.422915 0.414912 1 
1 0.723404 0.062838 0.458792 0.003467 0.422915 0.414912 0 
1 0.744681 0.062838 0.429039 0.003467 0.422915 0.414912 0 
1 0.765957 0.062838 0.402856 0.003467 0.422915 0.414912 0 
1 0.787234 0.062838 0.382178 0.003467 0.422915 0.414912 0 
1 0.808511 0.062838 0.395418 0.003467 0.422915 0.414912 0 
1 0.829787 0.062838 0.410741 0.003467 0.422915 0.414912 0 
1 0.851064 0.071815 0.390806 0.003467 0.422915 0.414912 1 
1 0.87234 0.071815 0.353466 0.003467 0.422915 0.414912 0 
1 0.893617 0.084664 0.386195 0.003467 0.422915 0.414912 1 
1 0.914894 0.071815 0.387831 0.003467 0.422915 0.414912 0 
1 0.93617 0.074547 0.406278 0.003467 0.422915 0.414912 1 
1 0.957447 0.083794 0.418179 0.003467 0.422915 0.414912 1 
1 0.978723 0.083794 0.40717 0.003467 0.422915 0.414912 1 
1 1 0.061217 0.389467 0.003467 0.422915 0.414912 0 
