1 0 0.028191 0.242636 0.001799 0.271103 0.755263 0 
1 0.021277 0.028101 0.222404 0.001797 0.236406 0.774123 0 
1 0.042553 0.028191 0.182535 0.00183 0.290782 0.677193 0 
1 0.06383 0.025459 0.155311 0.001651 0.270326 0.757895 0 
1 0.085106 0.024919 0.124368 0.000858 0.237183 0.723684 0 
1 0.106383 0.023088 0.114847 0.000848 0.20145 0.745614 0 
1 0.12766 0.022697 0.102946 0.000814 0.179182 0.745614 0 
1 0.148936 0.018134 0.101904 0.000972 0.170637 0.826316 0 
1 0.170213 0.020596 0.104433 0.001018 0.168307 0.842544 0 
1 0.191489 0.020025 0.115144 0.001329 0.162869 0.866667 0 
1 0.212766 0.022727 0.13255 0.001442 0.166494 0.867982 0 
1 0.234043 0.023778 0.142815 0.001506 0.177628 0.838596 0 
1 0.255319 0.024979 0.157542 0.000935 0.18436 0.839912 0 
1 0.276596 0.027171 0.196816 0.000877 0.195236 0.796053 0 
1 0.297872 0.0257 0.24338 0.000885 0.192905 0.796053 0 
1 0.319149 0.028191 0.294406 0.000858 0.209477 0.686404 0 
1 0.340426 0.028191 0.340077 0.000889 0.242879 0.774123 0 
1 0.361702 0.028191 0.373103 0.001109 0.272916 0.752193 0 
1 0.382979 0.028312 0.388129 0.001074 0.302434 0.730263 0 
1 0.404255 0.028312 0.399732 0.001745 0.334801 0.697807 0 
1 0.425532 0.028822 0.418477 0.001811 0.360435 0.69386 1 
1 0.446809 0.029933 0.428593 0.001884 0.385034 0.647368 1 
1 0.468085 0.029482 0.438114 0.001853 0.403936 0.68114 1 
1 0.489362 0.029963 0.445254 0.001886 0.431383 0.624561 1 
1 0.510638 0.029723 0.450907 0.00188 0.441999 0.62807 1 
1 0.531915 0.030713 0.458792 0.001948 0.45624 0.65307 1 
1 0.553191 0.030623 0.469503 0.001957 0.467892 0.661404 1 
1 0.574468 0.033626 0.470396 0.002152 0.480062 0.671053 1 
1 0.595745 0.037408 0.483487 0.002391 0.487571 0.646491 1 
1 0.617021 0.03966 0.491669 0.002538 0.498705 0.627193 1 
1 0.638298 0.042482 0.495388 0.002725 0.517866 0.609649 1 
1 0.659574 0.042482 0.506099 0.00274 0.537545 0.577193 1 
1 0.680851 0.041822 0.504314 0.002705 0.54117 0.560965 1 
1 0.702128 0.042242 0.507438 0.002736 0.542724 0.554386 1 
1 0.723404 0.044644 0.525588 0.002879 0.534956 0.589035 1 
1 0.744681 0.041972 0.521571 0.002696 0.500518 0.666228 1 
1 0.765957 0.042272 0.542547 0.00269 0.472294 0.670614 1 
1 0.787234 0.043383 0.568283 0.00275 0.466339 0.686842 1 
1 0.808511 0.041642 0.553258 0.002651 0.461937 0.688158 1 
1 0.829787 0.038489 0.533323 0.002437 0.428534 0.757018 1 
1 0.851064 0.035037 0.482892 0.002202 0.39073 0.767544 1 
1 0.87234 0.030323 0.43975 0.001824 0.353703 0.767544 0 
1 0.893617 0.030863 0.433502 0.001489 0.320559 0.767544 0 
1 0.914894 0.029723 0.411187 0.001236 0.285344 0.767544 0 
1 0.93617 0.028732 0.395716 0.001282 0.263853 0.789474 0 
1 0.957447 0.028191 0.360309 0.00157 0.261781 0.792982 0 
1 0.978723 0.028522 0.340375 0.001774 0.315381 0.765351 0 
1 1 0.028101 0.294406 0.00177 0.314863 0.797368 0 
