4 0 0.051849 0.370425 0.003467 0.422915 0.414912 0 
4 0.021277 0.049838 0.307051 0.003467 0.422915 0.414912 0 
4 0.042553 0.049838 0.246802 0.003467 0.422915 0.414912 0 
4 0.06383 0.047436 0.20961 0.003467 0.422915 0.414912 0 
4 0.085106 0.047436 0.179113 0.003467 0.422915 0.414912 0 
4 0.106383 0.047436 0.16022 0.003467 0.422915 0.414912 0 
4 0.12766 0.047436 0.152336 0.003467 0.422915 0.414912 0 
4 0.148936 0.058364 0.157989 0.003467 0.422915 0.414912 0 
4 0.170213 0.070163 0.175692 0.003467 0.422915 0.414912 1 
4 0.191489 0.073556 0.21199 0.003467 0.422915 0.414912 1 
4 0.212766 0.074937 0.300803 0.003467 0.422915 0.414912 1 
4 0.234043 0.077369 0.394228 0.003467 0.422915 0.414912 1 
4 0.255319 0.07902 0.429783 0.003467 0.422915 0.414912 1 
4 0.276596 0.073556 0.49881 0.003467 0.422915 0.414912 1 
4 0.297872 0.080881 0.51681 0.003467 0.422915 0.414912 1 
4 0.319149 0.084544 0.533323 0.003467 0.422915 0.414912 1 
4 0.340426 0.095533 0.582713 0.003467 0.422915 0.414912 1 
4 0.361702 0.095533 0.603392 0.003467 0.422915 0.414912 1 
4 0.382979 0.090068 0.600863 0.003467 0.422915 0.414912 1 
4 0.404255 0.089888 0.591937 0.003467 0.422915 0.414912 1 
4 0.425532 0.092921 0.585094 0.003467 0.422915 0.414912 1 
4 0.446809 0.089888 0.591193 0.003467 0.422915 0.414912 1 
4 0.468085 0.088237 0.591788 0.003467 0.422915 0.414912 1 
4 0.489362 0.088237 0.590598 0.003467 0.422915 0.414912 1 
4 0.510638 0.090068 0.593276 0.003467 0.422915 0.414912 1 
4 0.531915 0.088237 0.590152 0.003467 0.422915 0.414912 1 
4 0.553191 0.089888 0.588664 0.003467 0.422915 0.414912 1 
4 0.574468 0.084544 0.578548 0.003467 0.422915 0.414912 1 
4 0.595745 0.084544 0.57111 0.003467 0.422915 0.414912 1 
4 0.617021 0.088237 0.569473 0.003467 0.422915 0.414912 1 
4 0.638298 0.088237 0.574234 0.003467 0.422915 0.414912 1 
4 0.659574 0.084544 0.573788 0.003467 0.422915 0.414912 1 
4 0.680851 0.077219 0.558316 0.003467 0.422915 0.414912 1 
4 0.702128 0.077219 0.550729 0.003467 0.422915 0.414912 1 
4 0.723404 0.073556 0.52529 0.003467 0.422915 0.414912 1 
4 0.744681 0.058364 0.499554 0.003467 0.422915 0.414912 0 
4 0.765957 0.058364 0.469949 0.003467 0.422915 0.414912 0 
4 0.787234 0.067041 0.463553 0.003467 0.422915 0.414912 0 
4 0.808511 0.067041 0.493306 0.003467 0.422915 0.414912 0 
4 0.829787 0.067041 0.488396 0.003467 0.422915 0.414912 0 
4 0.851064 0.058364 0.447635 0.003467 0.422915 0.414912 0 
4 0.87234 0.058364 0.409997 0.003467 0.422915 0.414912 0 
4 0.893617 0.067041 0.436924 0.003467 0.422915 0.414912 0 
4 0.914894 0.058364 0.449122 0.003467 0.422915 0.414912 0 
4 0.93617 0.070704 0.454924 0.003467 0.422915 0.414912 0 
4 0.957447 0.058364 0.443469 0.003467 0.422915 0.414912 0 
4 0.978723 0.058364 0.431419 0.003467 0.422915 0.414912 0 
4 1 0.058364 0.400774 0.003467 0.422915 0.414912 0 
