3 0 0.032305 0.365814 0.001689 0.360435 0.813158 0 
3 0.021277 0.031554 0.297977 0.001502 0.33247 0.795614 0 
3 0.042553 0.033085 0.256323 0.002034 0.376489 0.769298 0 
3 0.06383 0.032064 0.215858 0.001363 0.355774 0.747368 0 
3 0.085106 0.028882 0.182535 0.000995 0.312273 0.751754 0 
3 0.106383 0.02591 0.170783 0.000995 0.289228 0.791228 0 
3 0.12766 0.022127 0.167658 0.001404 0.272916 0.849123 0 
3 0.148936 0.02672 0.174055 0.001371 0.276282 0.857018 0 
3 0.170213 0.031284 0.200684 0.001581 0.281978 0.857018 0 
3 0.191489 0.030443 0.238619 0.001456 0.305023 0.900877 0 
3 0.212766 0.032004 0.32535 0.001978 0.363024 0.854825 0 
3 0.234043 0.034346 0.406873 0.002164 0.433195 0.797368 0 
3 0.255319 0.053711 0.438114 0.003442 0.535474 0.517982 1 
3 0.276596 0.033596 0.495091 0.002233 0.607975 0.513596 0 
3 0.297872 0.033025 0.517554 0.002156 0.579492 0.571053 0 
3 0.319149 0.033085 0.544332 0.002164 0.56551 0.578509 0 
3 0.340426 0.034586 0.61083 0.002256 0.589332 0.527632 0 
3 0.361702 0.034046 0.627641 0.002204 0.588296 0.51886 0 
3 0.382979 0.034286 0.632699 0.002219 0.606163 0.467105 0 
3 0.404255 0.034856 0.631508 0.002266 0.628431 0.483333 0 
3 0.425532 0.034856 0.639244 0.002256 0.64811 0.426754 0 
3 0.446809 0.035277 0.651443 0.002285 0.667789 0.436842 1 
3 0.468085 0.034947 0.65055 0.002273 0.671673 0.392105 1 
3 0.489362 0.034887 0.662749 0.002264 0.689539 0.382018 1 
3 0.510638 0.034856 0.676138 0.002285 0.718022 0.415789 1 
3 0.531915 0.034676 0.676138 0.002287 0.731486 0.412281 1 
3 0.553191 0.047736 0.683725 0.003139 0.74262 0.291667 1 
3 0.574468 0.047736 0.686254 0.003166 0.751683 0.290789 1 
3 0.595745 0.047736 0.688486 0.00318 0.749353 0.308333 1 
3 0.617021 0.047736 0.702618 0.00318 0.766183 0.289912 1 
3 0.638298 0.062868 0.703511 0.004209 0.783273 0.336842 1 
3 0.659574 0.063318 0.707974 0.004227 0.793889 0.294737 1 
3 0.680851 0.064309 0.680452 0.004314 0.788193 0.288596 1 
3 0.702128 0.063198 0.659179 0.004285 0.767737 0.354825 1 
3 0.723404 0.043713 0.60964 0.003 0.7087 0.432018 1 
3 0.744681 0.033085 0.572746 0.002229 0.657431 0.492105 0 
3 0.765957 0.033085 0.538828 0.0022 0.600207 0.550877 0 
3 0.787234 0.034526 0.539423 0.002291 0.564733 0.60307 0 
3 0.808511 0.034496 0.556233 0.002295 0.575091 0.549123 0 
3 0.829787 0.033505 0.536745 0.002231 0.569135 0.577632 0 
3 0.851064 0.032275 0.487801 0.002127 0.532367 0.654825 0 
3 0.87234 0.030203 0.443172 0.00193 0.493786 0.703509 0 
3 0.893617 0.032965 0.460875 0.001386 0.441481 0.725439 0 
3 0.914894 0.031464 0.455668 0.000995 0.379596 0.725439 0 
3 0.93617 0.033055 0.464445 0.001429 0.352408 0.769298 0 
3 0.957447 0.032064 0.450312 0.00119 0.331434 0.769298 0 
3 0.978723 0.033235 0.434692 0.002158 0.403418 0.69386 0 
3 1 0.030833 0.423535 0.001716 0.398498 0.769298 0 
