5 0 0.062207 0.394228 0.003467 0.422915 0.414912 1 
5 0.021277 0.067131 0.363136 0.003467 0.422915 0.414912 1 
5 0.042553 0.062207 0.326986 0.003467 0.422915 0.414912 1 
5 0.06383 0.057314 0.270902 0.003467 0.422915 0.414912 0 
5 0.085106 0.05239 0.212586 0.003467 0.422915 0.414912 0 
5 0.106383 0.05239 0.175394 0.003467 0.422915 0.414912 0 
5 0.12766 0.048337 0.145195 0.003467 0.422915 0.414912 0 
5 0.148936 0.048337 0.117673 0.003467 0.422915 0.414912 0 
5 0.170213 0.047046 0.107409 0.003467 0.422915 0.414912 0 
5 0.191489 0.047046 0.105623 0.003467 0.422915 0.414912 0 
5 0.212766 0.047046 0.105921 0.003467 0.422915 0.414912 0 
5 0.234043 0.047886 0.113508 0.003467 0.422915 0.414912 0 
5 0.255319 0.06596 0.139839 0.003467 0.422915 0.414912 1 
5 0.276596 0.056443 0.155311 0.003467 0.422915 0.414912 0 
5 0.297872 0.053891 0.160071 0.003467 0.422915 0.414912 0 
5 0.319149 0.048337 0.205296 0.003467 0.422915 0.414912 0 
5 0.340426 0.048037 0.252901 0.003467 0.422915 0.414912 0 
5 0.361702 0.048037 0.286671 0.003467 0.422915 0.414912 0 
5 0.382979 0.049898 0.33859 0.003467 0.422915 0.414912 0 
5 0.404255 0.049898 0.357632 0.003467 0.422915 0.414912 0 
5 0.425532 0.049898 0.355103 0.003467 0.422915 0.414912 0 
5 0.446809 0.049898 0.345284 0.003467 0.422915 0.414912 0 
5 0.468085 0.049898 0.342755 0.003467 0.422915 0.414912 0 
5 0.489362 0.051759 0.336656 0.003467 0.422915 0.414912 0 
5 0.510638 0.051759 0.329366 0.003467 0.422915 0.414912 0 
5 0.531915 0.053891 0.321333 0.003467 0.422915 0.414912 0 
5 0.553191 0.053891 0.301696 0.003467 0.422915 0.414912 0 
5 0.574468 0.057944 0.290092 0.003467 0.422915 0.414912 1 
5 0.595745 0.057944 0.275216 0.003467 0.422915 0.414912 1 
5 0.617021 0.049898 0.264356 0.003467 0.422915 0.414912 0 
5 0.638298 0.049898 0.263612 0.003467 0.422915 0.414912 0 
5 0.659574 0.053891 0.272984 0.003467 0.422915 0.414912 0 
5 0.680851 0.053891 0.283844 0.003467 0.422915 0.414912 0 
5 0.702128 0.049898 0.313597 0.003467 0.422915 0.414912 0 
5 0.723404 0.051759 0.352127 0.003467 0.422915 0.414912 0 
5 0.744681 0.059956 0.421749 0.003467 0.422915 0.414912 1 
5 0.765957 0.053321 0.43737 0.003467 0.422915 0.414912 0 
5 0.787234 0.051759 0.416543 0.003467 0.422915 0.414912 0 
5 0.808511 0.049898 0.370128 0.003467 0.422915 0.414912 0 
5 0.829787 0.049898 0.350193 0.003467 0.422915 0.414912 0 
5 0.851064 0.049898 0.326986 0.003467 0.422915 0.414912 0 
5 0.87234 0.048337 0.309134 0.003467 0.422915 0.414912 0 
5 0.893617 0.048337 0.28801 0.003467 0.422915 0.414912 0 
5 0.914894 0.048337 0.269414 0.003467 0.422915 0.414912 0 
5 0.93617 0.051759 0.313895 0.003467 0.422915 0.414912 0 
5 0.957447 0.049898 0.33249 0.003467 0.422915 0.414912 0 
5 0.978723 0.051759 0.349598 0.003467 0.422915 0.414912 0 
5 1 0.049898 0.342458 0.003467 0.422915 0.414912 0 
