4 0 0.043803 0.387831 0.003467 0.422915 0.414912 0 
4 0.021277 0.044134 0.354359 0.003467 0.422915 0.414912 0 
4 0.042553 0.043383 0.324308 0.003467 0.422915 0.414912 0 
4 0.06383 0.053951 0.26867 0.003467 0.422915 0.414912 0 
4 0.085106 0.043383 0.2169 0.003467 0.422915 0.414912 0 
4 0.106383 0.043383 0.182237 0.003467 0.422915 0.414912 0 
4 0.12766 0.042843 0.147873 0.003467 0.422915 0.414912 0 
4 0.148936 0.042843 0.133889 0.003467 0.422915 0.414912 0 
4 0.170213 0.045935 0.123773 0.003467 0.422915 0.414912 0 
4 0.191489 0.045935 0.125409 0.003467 0.422915 0.414912 0 
4 0.212766 0.050859 0.147724 0.003467 0.422915 0.414912 0 
4 0.234043 0.045935 0.187444 0.003467 0.422915 0.414912 0 
4 0.255319 0.043383 0.259744 0.003467 0.422915 0.414912 0 
4 0.276596 0.051399 0.326986 0.003467 0.422915 0.414912 0 
4 0.297872 0.045935 0.329664 0.003467 0.422915 0.414912 0 
4 0.319149 0.045334 0.383963 0.003467 0.422915 0.414912 0 
4 0.340426 0.0656 0.422345 0.003467 0.422915 0.414912 1 
4 0.361702 0.050859 0.44942 0.003467 0.422915 0.414912 0 
4 0.382979 0.049448 0.497917 0.003467 0.422915 0.414912 0 
4 0.404255 0.0656 0.516215 0.003467 0.422915 0.414912 1 
4 0.425532 0.060676 0.504017 0.003467 0.422915 0.414912 1 
4 0.446809 0.055782 0.501488 0.003467 0.422915 0.414912 1 
4 0.468085 0.054041 0.500595 0.003467 0.422915 0.414912 1 
4 0.489362 0.060676 0.501934 0.003467 0.422915 0.414912 1 
4 0.510638 0.060676 0.498364 0.003467 0.422915 0.414912 1 
4 0.531915 0.05254 0.49643 0.003467 0.422915 0.414912 0 
4 0.553191 0.060676 0.502678 0.003467 0.422915 0.414912 1 
4 0.574468 0.050859 0.500149 0.003467 0.422915 0.414912 0 
4 0.595745 0.055782 0.492859 0.003467 0.422915 0.414912 1 
4 0.617021 0.055782 0.485421 0.003467 0.422915 0.414912 1 
4 0.638298 0.060676 0.481553 0.003467 0.422915 0.414912 1 
4 0.659574 0.050859 0.480809 0.003467 0.422915 0.414912 0 
4 0.680851 0.050859 0.475602 0.003467 0.422915 0.414912 0 
4 0.702128 0.045334 0.470842 0.003467 0.422915 0.414912 0 
4 0.723404 0.045935 0.465189 0.003467 0.422915 0.414912 0 
4 0.744681 0.055782 0.488248 0.003467 0.422915 0.414912 1 
4 0.765957 0.083914 0.519786 0.003467 0.422915 0.414912 1 
4 0.787234 0.070524 0.51681 0.003467 0.422915 0.414912 1 
4 0.808511 0.0656 0.478875 0.003467 0.422915 0.414912 1 
4 0.829787 0.045935 0.452098 0.003467 0.422915 0.414912 0 
4 0.851064 0.055782 0.424874 0.003467 0.422915 0.414912 1 
4 0.87234 0.048817 0.402856 0.003467 0.422915 0.414912 0 
4 0.893617 0.077429 0.3615 0.003467 0.422915 0.414912 1 
4 0.914894 0.050859 0.336061 0.003467 0.422915 0.414912 0 
4 0.93617 0.048817 0.394079 0.003467 0.422915 0.414912 0 
4 0.957447 0.045935 0.417287 0.003467 0.422915 0.414912 0 
4 0.978723 0.045935 0.425915 0.003467 0.422915 0.414912 0 
4 1 0.048817 0.413567 0.003467 0.422915 0.414912 0 
