6 0 0.068062 0.403898 0.004728 0.396686 0.37193 0 
6 0.021277 0.061367 0.343945 0.004215 0.363283 0.364912 0 
6 0.042553 0.068602 0.290836 0.004479 0.411445 0.345614 0 
6 0.06383 0.05269 0.246802 0.003587 0.382962 0.413158 0 
6 0.085106 0.044974 0.206337 0.00291 0.329622 0.459649 0 
6 0.106383 0.042963 0.18551 0.002898 0.287675 0.549123 0 
6 0.12766 0.043323 0.176584 0.002892 0.243915 0.597368 0 
6 0.148936 0.047886 0.183428 0.003182 0.234076 0.635526 0 
6 0.170213 0.044254 0.205891 0.002933 0.246763 0.587281 0 
6 0.191489 0.043593 0.240405 0.002919 0.266442 0.548684 0 
6 0.212766 0.070103 0.329664 0.004717 0.337908 0.478509 0 
6 0.234043 0.069833 0.419072 0.004788 0.417141 0.335088 0 
6 0.255319 0.068992 0.441386 0.004653 0.515018 0.312719 0 
6 0.276596 0.101147 0.498661 0.006984 0.599689 0.218421 1 
6 0.297872 0.09256 0.523505 0.00635 0.562144 0.294298 1 
6 0.319149 0.099466 0.538233 0.006714 0.575867 0.371053 1 
6 0.340426 0.108382 0.596102 0.007268 0.56551 0.446053 1 
6 0.361702 0.102888 0.618417 0.006894 0.576126 0.394298 1 
6 0.382979 0.100667 0.611723 0.006755 0.571983 0.429825 1 
6 0.404255 0.090309 0.598334 0.006053 0.576903 0.410088 1 
6 0.425532 0.100877 0.604433 0.00677 0.574573 0.407018 1 
6 0.446809 0.099165 0.605475 0.006639 0.562403 0.409649 1 
6 0.468085 0.096043 0.597739 0.006415 0.56059 0.460965 1 
6 0.489362 0.096613 0.589705 0.00646 0.562921 0.403509 1 
6 0.510638 0.102348 0.589259 0.006853 0.554376 0.411404 1 
6 0.531915 0.100396 0.587623 0.006714 0.550233 0.39386 1 
6 0.553191 0.094752 0.582862 0.006315 0.54376 0.454386 1 
6 0.574468 0.058004 0.571705 0.003857 0.534179 0.439912 0 
6 0.595745 0.062838 0.560994 0.004196 0.516054 0.431579 0 
6 0.617021 0.067161 0.566944 0.004485 0.513723 0.453947 0 
6 0.638298 0.0792 0.565457 0.005293 0.508286 0.42193 1 
6 0.659574 0.081782 0.555341 0.005505 0.511134 0.366228 1 
6 0.680851 0.086556 0.532431 0.005827 0.503884 0.365351 1 
6 0.702128 0.074937 0.515323 0.005046 0.494821 0.4 0 
6 0.723404 0.07893 0.482594 0.005347 0.460383 0.362281 1 
6 0.744681 0.063048 0.458941 0.004292 0.428276 0.371053 0 
6 0.765957 0.053501 0.436626 0.003648 0.395391 0.390789 0 
6 0.787234 0.053441 0.42413 0.003629 0.373382 0.416667 0 
6 0.808511 0.05212 0.432014 0.003538 0.373641 0.364912 0 
6 0.829787 0.054461 0.436477 0.003731 0.402641 0.278509 0 
6 0.851064 0.053681 0.407914 0.003702 0.402641 0.301316 0 
6 0.87234 0.054101 0.376971 0.003729 0.370016 0.240789 0 
6 0.893617 0.084875 0.407468 0.005843 0.345158 0.353947 1 
6 0.914894 0.082533 0.429783 0.005609 0.317711 0.460088 1 
6 0.93617 0.075267 0.460726 0.005139 0.301398 0.455263 1 
6 0.957447 0.074997 0.444957 0.005152 0.2913 0.334211 1 
6 0.978723 0.075057 0.418179 0.005293 0.415847 0.174561 1 
6 1 0.075387 0.430378 0.005349 0.422061 0.201754 1 
