1 0 0.028011 0.385153 0.00187 0.358364 0.503509 0 
1 0.021277 0.025249 0.334127 0.001678 0.32289 0.55307 0 
1 0.042553 0.028312 0.289348 0.00188 0.364578 0.462281 0 
1 0.06383 0.02645 0.24457 0.001759 0.328068 0.515351 0 
1 0.085106 0.024589 0.199643 0.001635 0.28405 0.554825 0 
1 0.106383 0.022877 0.163344 0.001521 0.236147 0.625 0 
1 0.12766 0.02591 0.131806 0.00173 0.199896 0.636842 0 
1 0.148936 0.021166 0.114698 0.001417 0.168307 0.682895 0 
1 0.170213 0.021166 0.099524 0.001415 0.136458 0.723684 0 
1 0.191489 0.021136 0.095805 0.00141 0.109788 0.742982 0 
1 0.212766 0.021166 0.100119 0.001408 0.101243 0.762719 0 
1 0.234043 0.021166 0.110533 0.001406 0.096323 0.765351 0 
1 0.255319 0.021166 0.132104 0.001408 0.105386 0.730263 0 
1 0.276596 0.021827 0.162154 0.001452 0.113672 0.741228 0 
1 0.297872 0.022697 0.199048 0.001504 0.101761 0.799123 0 
1 0.319149 0.024529 0.267331 0.00161 0.124288 0.78114 0 
1 0.340426 0.02687 0.336358 0.001757 0.161315 0.797807 0 
1 0.361702 0.028582 0.398393 0.001857 0.18928 0.78114 1 
1 0.382979 0.028221 0.447783 0.001834 0.216727 0.731579 1 
1 0.404255 0.028582 0.475305 0.001857 0.237701 0.701316 1 
1 0.425532 0.027531 0.471437 0.001795 0.24754 0.691228 1 
1 0.446809 0.027531 0.458494 0.001797 0.248317 0.688158 1 
1 0.468085 0.027261 0.43856 0.001778 0.252719 0.684211 1 
1 0.489362 0.02693 0.417435 0.001759 0.261005 0.654386 0 
1 0.510638 0.031914 0.401369 0.002096 0.264371 0.625439 1 
1 0.531915 0.030203 0.367599 0.002005 0.252978 0.610965 1 
1 0.553191 0.027501 0.340077 0.001828 0.250647 0.6 1 
1 0.574468 0.02639 0.3133 0.001753 0.246763 0.629386 0 
1 0.595745 0.025639 0.293663 0.001703 0.235888 0.644737 0 
1 0.617021 0.02627 0.278786 0.001745 0.227084 0.664035 0 
1 0.638298 0.027681 0.275067 0.001845 0.22087 0.663596 1 
1 0.659574 0.02693 0.278637 0.001795 0.218281 0.648246 0 
1 0.680851 0.02687 0.286522 0.001795 0.218022 0.658772 0 
1 0.702128 0.028312 0.30125 0.001888 0.230709 0.607018 1 
1 0.723404 0.02615 0.324159 0.001737 0.262558 0.6 0 
1 0.744681 0.02642 0.408658 0.001735 0.312015 0.585088 0 
1 0.765957 0.030263 0.487355 0.00199 0.360953 0.52193 1 
1 0.787234 0.031254 0.510265 0.002065 0.386846 0.537281 1 
1 0.808511 0.028912 0.498066 0.001911 0.382962 0.548246 1 
1 0.829787 0.027381 0.476644 0.001805 0.359399 0.582018 1 
1 0.851064 0.037889 0.461321 0.002516 0.353185 0.529386 1 
1 0.87234 0.031674 0.452098 0.002127 0.351113 0.525439 1 
1 0.893617 0.029092 0.429634 0.001957 0.329363 0.538158 1 
1 0.914894 0.027801 0.386938 0.001863 0.305541 0.570614 1 
1 0.93617 0.029302 0.398245 0.001946 0.295184 0.586842 1 
1 0.957447 0.027141 0.388724 0.001816 0.295702 0.564912 1 
1 0.978723 0.027231 0.383814 0.001816 0.363801 0.481579 1 
1 1 0.027261 0.355995 0.001816 0.360694 0.512719 1 
