3 0 0.0783 0.403303 0.005353 0.415847 0.423246 1 
3 0.021277 0.066981 0.346028 0.004317 0.385293 0.386404 1 
3 0.042553 0.07842 0.297828 0.005339 0.436302 0.360088 1 
3 0.06383 0.06584 0.245463 0.004495 0.404195 0.409649 0 
3 0.085106 0.045755 0.203065 0.003105 0.350854 0.455263 0 
3 0.106383 0.038039 0.17956 0.002563 0.30088 0.517544 0 
3 0.12766 0.040381 0.167361 0.002707 0.259969 0.492544 0 
3 0.148936 0.048277 0.171824 0.003247 0.243397 0.527632 0 
3 0.170213 0.042482 0.197263 0.002848 0.243397 0.535526 0 
3 0.191489 0.055212 0.238173 0.003687 0.269032 0.619298 0 
3 0.212766 0.084604 0.323118 0.005586 0.338944 0.552193 1 
3 0.234043 0.085055 0.402856 0.005866 0.415847 0.493421 1 
3 0.255319 0.073736 0.416245 0.005062 0.535215 0.338158 1 
3 0.276596 0.091119 0.468015 0.006307 0.60927 0.354825 1 
3 0.297872 0.066861 0.474115 0.004553 0.559555 0.335526 0 
3 0.319149 0.080761 0.477239 0.005492 0.545572 0.319737 1 
3 0.340426 0.081092 0.527075 0.005507 0.55593 0.346491 1 
3 0.361702 0.080791 0.545225 0.005459 0.561367 0.328947 1 
3 0.382979 0.080071 0.538828 0.005403 0.54609 0.329386 1 
3 0.404255 0.080881 0.532431 0.005474 0.557224 0.303947 1 
3 0.425532 0.067521 0.526034 0.004875 0.561367 0.262281 1 
3 0.446809 0.059385 0.522315 0.003903 0.523304 0.337719 0 
3 0.468085 0.074877 0.517257 0.005098 0.561108 0.296491 1 
3 0.489362 0.080071 0.519935 0.005447 0.559555 0.294737 1 
3 0.510638 0.054972 0.52053 0.003739 0.574055 0.301754 0 
3 0.531915 0.054852 0.519191 0.003739 0.573537 0.296491 0 
3 0.553191 0.062658 0.518149 0.004003 0.584153 0.325877 0 
3 0.574468 0.06638 0.507438 0.00453 0.587778 0.265351 1 
3 0.595745 0.05275 0.503422 0.00361 0.591921 0.278947 0 
3 0.617021 0.054762 0.507438 0.003739 0.585966 0.297807 0 
3 0.638298 0.102168 0.512496 0.007025 0.58985 0.194737 1 
3 0.659574 0.081482 0.513686 0.005613 0.595287 0.210965 1 
3 0.680851 0.099015 0.502529 0.006774 0.599171 0.292105 1 
3 0.702128 0.043773 0.495388 0.002964 0.587519 0.378509 0 
3 0.723404 0.074637 0.471586 0.005083 0.528483 0.243421 1 
3 0.744681 0.058244 0.45061 0.004001 0.484982 0.274123 0 
3 0.765957 0.047286 0.429188 0.003243 0.440186 0.317982 0 
3 0.787234 0.043893 0.420857 0.002991 0.423874 0.41886 0 
3 0.808511 0.047046 0.441833 0.003172 0.416624 0.480263 0 
3 0.829787 0.059565 0.44704 0.004038 0.447695 0.314912 0 
3 0.851064 0.07902 0.413121 0.005359 0.450285 0.348246 1 
3 0.87234 0.05323 0.383368 0.003623 0.424909 0.319737 0 
3 0.893617 0.062898 0.408658 0.00425 0.379078 0.501754 0 
3 0.914894 0.057254 0.415353 0.003849 0.339979 0.44386 0 
3 0.93617 0.063438 0.435138 0.004287 0.313568 0.455702 0 
3 0.957447 0.071905 0.457899 0.004859 0.304764 0.470614 1 
3 0.978723 0.081302 0.457453 0.005586 0.431383 0.286842 1 
3 1 0.076588 0.43618 0.005291 0.431901 0.322368 1 
