6 0 0.028762 0.45299 0.001816 0.42465 0.653947 1 
6 0.021277 0.028732 0.430973 0.001811 0.402641 0.648246 1 
6 0.042553 0.029002 0.401815 0.001838 0.455463 0.553509 1 
6 0.06383 0.028852 0.346623 0.001826 0.440704 0.576316 1 
6 0.085106 0.028101 0.292175 0.001774 0.397721 0.572807 1 
6 0.106383 0.027321 0.247099 0.001741 0.355256 0.613158 0 
6 0.12766 0.027261 0.20366 0.00161 0.328586 0.646491 0 
6 0.148936 0.027231 0.184766 0.001741 0.317193 0.659649 0 
6 0.170213 0.032154 0.169741 0.002061 0.315122 0.767105 1 
6 0.191489 0.027681 0.166766 0.001784 0.309943 0.762281 0 
6 0.212766 0.028882 0.200982 0.001838 0.31072 0.782456 1 
6 0.234043 0.029242 0.239958 0.001807 0.335318 0.739912 1 
6 0.255319 0.032635 0.326688 0.002117 0.40057 0.652193 1 
6 0.276596 0.029002 0.411782 0.001917 0.475401 0.482456 1 
6 0.297872 0.029212 0.436031 0.001973 0.512947 0.42193 1 
6 0.319149 0.029633 0.501636 0.002044 0.581823 0.325877 1 
6 0.340426 0.029362 0.521422 0.002044 0.615225 0.316667 1 
6 0.361702 0.029182 0.517257 0.002034 0.613672 0.314035 1 
6 0.382979 0.037408 0.535704 0.002624 0.619368 0.299561 1 
6 0.404255 0.034436 0.544778 0.002428 0.606163 0.306579 1 
6 0.425532 0.029272 0.548646 0.002061 0.596064 0.321491 1 
6 0.446809 0.028942 0.541059 0.002027 0.576903 0.399123 1 
6 0.468085 0.028852 0.524844 0.002015 0.561108 0.384649 1 
6 0.489362 0.028762 0.522612 0.002005 0.560331 0.380263 1 
6 0.510638 0.028101 0.519339 0.001953 0.553081 0.410526 0 
6 0.531915 0.028011 0.512496 0.001944 0.543501 0.432456 0 
6 0.553191 0.028101 0.506099 0.001951 0.559814 0.400877 0 
6 0.574468 0.027531 0.497025 0.001909 0.547903 0.408772 0 
6 0.595745 0.0269 0.488991 0.001861 0.542465 0.421053 0 
6 0.617021 0.027291 0.48438 0.001876 0.51709 0.425439 0 
6 0.638298 0.027291 0.479619 0.001878 0.513206 0.442105 0 
6 0.659574 0.027291 0.491223 0.001878 0.502589 0.442982 0 
6 0.680851 0.027321 0.504314 0.001882 0.505955 0.471491 0 
6 0.702128 0.033175 0.538828 0.002306 0.511652 0.399123 1 
6 0.723404 0.032425 0.562481 0.002306 0.537804 0.257895 1 
6 0.744681 0.03942 0.606218 0.002798 0.602279 0.19386 1 
6 0.765957 0.03897 0.590152 0.002773 0.641378 0.16886 1 
6 0.787234 0.034406 0.561143 0.002443 0.616002 0.192105 1 
6 0.808511 0.032305 0.519935 0.002308 0.57768 0.211404 1 
6 0.829787 0.029933 0.483487 0.002146 0.544795 0.2 1 
6 0.851064 0.028522 0.462362 0.002027 0.522527 0.276316 0 
6 0.87234 0.028672 0.443767 0.002023 0.497929 0.314474 0 
6 0.893617 0.027651 0.411038 0.00194 0.460901 0.344737 0 
6 0.914894 0.02651 0.372954 0.001838 0.42957 0.397368 0 
6 0.93617 0.028912 0.435585 0.00198 0.418436 0.512281 0 
6 0.957447 0.028011 0.457602 0.001882 0.391766 0.600439 0 
6 0.978723 0.029693 0.469949 0.00199 0.460124 0.507895 1 
6 1 0.030533 0.46028 0.002025 0.444588 0.592544 1 
