4 0 0.074817 0.356144 0.003467 0.422915 0.414912 0 
4 0.021277 0.058094 0.295745 0.003467 0.422915 0.414912 0 
4 0.042553 0.056923 0.236388 0.003467 0.422915 0.414912 0 
4 0.06383 0.056923 0.199197 0.003467 0.422915 0.414912 0 
4 0.085106 0.056923 0.169592 0.003467 0.422915 0.414912 0 
4 0.106383 0.066951 0.150104 0.003467 0.422915 0.414912 0 
4 0.12766 0.069683 0.140881 0.003467 0.422915 0.414912 0 
4 0.148936 0.073946 0.144302 0.003467 0.422915 0.414912 0 
4 0.170213 0.074817 0.166171 0.003467 0.422915 0.414912 0 
4 0.191489 0.076979 0.193395 0.003467 0.422915 0.414912 0 
4 0.212766 0.076918 0.268373 0.003467 0.422915 0.414912 0 
4 0.234043 0.076258 0.338738 0.003467 0.422915 0.414912 0 
4 0.255319 0.084634 0.373401 0.003467 0.422915 0.414912 1 
4 0.276596 0.084965 0.430527 0.003467 0.422915 0.414912 1 
4 0.297872 0.098445 0.462809 0.003467 0.422915 0.414912 1 
4 0.319149 0.096073 0.49881 0.003467 0.422915 0.414912 1 
4 0.340426 0.10514 0.555936 0.003467 0.422915 0.414912 1 
4 0.361702 0.102078 0.576168 0.003467 0.422915 0.414912 1 
4 0.382979 0.101777 0.57587 0.003467 0.422915 0.414912 1 
4 0.404255 0.095052 0.570366 0.003467 0.422915 0.414912 1 
4 0.425532 0.098445 0.565903 0.003467 0.422915 0.414912 1 
4 0.446809 0.096073 0.559804 0.003467 0.422915 0.414912 1 
4 0.468085 0.09169 0.558762 0.003467 0.422915 0.414912 1 
4 0.489362 0.095052 0.553258 0.003467 0.422915 0.414912 1 
4 0.510638 0.090068 0.547754 0.003467 0.422915 0.414912 1 
4 0.531915 0.090068 0.543142 0.003467 0.422915 0.414912 1 
4 0.553191 0.088327 0.533621 0.003467 0.422915 0.414912 1 
4 0.574468 0.084965 0.523505 0.003467 0.422915 0.414912 1 
4 0.595745 0.084965 0.515769 0.003467 0.422915 0.414912 1 
4 0.617021 0.084965 0.512943 0.003467 0.422915 0.414912 1 
4 0.638298 0.084965 0.517108 0.003467 0.422915 0.414912 1 
4 0.659574 0.090068 0.513686 0.003467 0.422915 0.414912 1 
4 0.680851 0.088327 0.508331 0.003467 0.422915 0.414912 1 
4 0.702128 0.095052 0.512199 0.003467 0.422915 0.414912 1 
4 0.723404 0.102078 0.492711 0.003467 0.422915 0.414912 1 
4 0.744681 0.101988 0.475007 0.003467 0.422915 0.414912 1 
4 0.765957 0.101988 0.453139 0.003467 0.422915 0.414912 1 
4 0.787234 0.09169 0.438262 0.003467 0.422915 0.414912 1 
4 0.808511 0.096073 0.442279 0.003467 0.422915 0.414912 1 
4 0.829787 0.096073 0.436477 0.003467 0.422915 0.414912 1 
4 0.851064 0.090068 0.404046 0.003467 0.422915 0.414912 1 
4 0.87234 0.084634 0.369682 0.003467 0.422915 0.414912 0 
4 0.893617 0.09169 0.397501 0.003467 0.422915 0.414912 1 
4 0.914894 0.084965 0.415501 0.003467 0.422915 0.414912 1 
4 0.93617 0.082983 0.439006 0.003467 0.422915 0.414912 0 
4 0.957447 0.084965 0.433651 0.003467 0.422915 0.414912 0 
4 0.978723 0.084965 0.411782 0.003467 0.422915 0.414912 0 
4 1 0.084634 0.384261 0.003467 0.422915 0.414912 0 
