7 0 0.080371 0.577507 0.005278 0.534438 0.621053 1 
7 0.021277 0.074216 0.560845 0.004317 0.498705 0.623684 1 
7 0.042553 0.069833 0.513686 0.004595 0.545831 0.554825 0 
7 0.06383 0.060556 0.457453 0.003965 0.521233 0.609211 0 
7 0.085106 0.056023 0.39765 0.003571 0.488348 0.61886 0 
7 0.106383 0.050168 0.342011 0.003257 0.451321 0.689035 0 
7 0.12766 0.045154 0.287414 0.002904 0.410668 0.752193 0 
7 0.148936 0.042873 0.246058 0.002734 0.387882 0.744737 0 
7 0.170213 0.02579 0.220173 0.001647 0.357069 0.791228 0 
7 0.191489 0.025459 0.212883 0.001631 0.336354 0.770614 0 
7 0.212766 0.024829 0.214371 0.001593 0.315122 0.796491 0 
7 0.234043 0.029122 0.227313 0.001608 0.315381 0.80307 0 
7 0.255319 0.038129 0.261976 0.002202 0.33972 0.794737 0 
7 0.276596 0.049538 0.297977 0.002678 0.35914 0.816228 0 
7 0.297872 0.053771 0.356293 0.002073 0.347488 0.80307 0 
7 0.319149 0.061727 0.445552 0.003224 0.394614 0.814035 0 
7 0.340426 0.068212 0.527819 0.004323 0.435785 0.795175 1 
7 0.361702 0.079771 0.589705 0.005089 0.475401 0.797807 1 
7 0.382979 0.087216 0.645641 0.005573 0.515018 0.72807 1 
7 0.404255 0.087577 0.657394 0.005548 0.522009 0.774123 1 
7 0.425532 0.086496 0.631955 0.005492 0.53392 0.800439 1 
7 0.446809 0.07896 0.604433 0.005008 0.518384 0.828509 1 
7 0.468085 0.07836 0.57468 0.004958 0.509581 0.822368 1 
7 0.489362 0.07866 0.554894 0.004954 0.491973 0.823246 1 
7 0.510638 0.074246 0.531389 0.004672 0.481616 0.862281 1 
7 0.531915 0.076678 0.511157 0.004803 0.468928 0.876754 1 
7 0.553191 0.076918 0.494347 0.00483 0.485241 0.82193 1 
7 0.574468 0.074246 0.488099 0.004672 0.469446 0.840351 1 
7 0.595745 0.06524 0.471883 0.00408 0.458312 0.821053 1 
7 0.617021 0.066471 0.475305 0.004167 0.440445 0.820175 1 
7 0.638298 0.066561 0.474412 0.004173 0.451062 0.825 1 
7 0.659574 0.066471 0.481999 0.004182 0.46349 0.824561 1 
7 0.680851 0.06581 0.505356 0.00413 0.429052 0.824123 1 
7 0.702128 0.070313 0.563374 0.004429 0.453651 0.830702 1 
7 0.723404 0.074727 0.621541 0.00478 0.497929 0.789474 1 
7 0.744681 0.093401 0.707676 0.006022 0.582082 0.707018 1 
7 0.765957 0.096493 0.718982 0.006248 0.607457 0.646491 1 
7 0.787234 0.09193 0.695478 0.005943 0.586743 0.676316 1 
7 0.808511 0.0789 0.646831 0.00511 0.549715 0.672807 1 
7 0.829787 0.069203 0.605623 0.004483 0.508545 0.699561 1 
7 0.851064 0.071875 0.584052 0.004618 0.494045 0.760088 1 
7 0.87234 0.071424 0.56382 0.004557 0.4855 0.764912 1 
7 0.893617 0.069173 0.537935 0.004341 0.465821 0.746053 1 
7 0.914894 0.068812 0.501488 0.004159 0.425168 0.675877 1 
7 0.93617 0.081602 0.515769 0.004173 0.404972 0.657456 1 
7 0.957447 0.062958 0.511604 0.003469 0.394614 0.605702 0 
7 0.978723 0.083373 0.504612 0.004979 0.464785 0.629386 1 
7 1 0.06566 0.466974 0.00388 0.45624 0.61886 0 
