7 0 0.112015 0.612169 0.005156 0.506214 0.551316 1 
7 0.021277 0.113066 0.605326 0.005189 0.462455 0.595175 1 
7 0.042553 0.084995 0.568581 0.005667 0.52667 0.600439 1 
7 0.06383 0.060526 0.506694 0.003982 0.497152 0.641667 0 
7 0.085106 0.046325 0.448974 0.003039 0.459347 0.626754 0 
7 0.106383 0.035937 0.393335 0.002345 0.417141 0.616667 0 
7 0.12766 0.028852 0.337102 0.001892 0.373382 0.630702 0 
7 0.148936 0.030173 0.294555 0.001978 0.338426 0.627632 0 
7 0.170213 0.027381 0.262422 0.001797 0.318747 0.668421 0 
7 0.191489 0.025339 0.247397 0.001658 0.3058 0.680702 0 
7 0.212766 0.02633 0.252603 0.001718 0.27913 0.72193 0 
7 0.234043 0.02681 0.268075 0.001747 0.274987 0.69693 0 
7 0.255319 0.031674 0.313002 0.002056 0.291041 0.685088 0 
7 0.276596 0.03921 0.366111 0.002555 0.308648 0.722368 0 
7 0.297872 0.059085 0.438411 0.003413 0.306836 0.830702 0 
7 0.319149 0.07953 0.545671 0.004398 0.355256 0.832456 1 
7 0.340426 0.086286 0.639244 0.005145 0.394355 0.840789 1 
7 0.361702 0.090459 0.697411 0.005642 0.440186 0.835088 1 
7 0.382979 0.09208 0.734454 0.005814 0.459347 0.831579 1 
7 0.404255 0.09202 0.730437 0.005835 0.467633 0.794737 1 
7 0.425532 0.089348 0.689527 0.00565 0.465562 0.803947 1 
7 0.446809 0.087486 0.634335 0.00527 0.452874 0.835526 1 
7 0.468085 0.084154 0.593276 0.004902 0.443035 0.835088 1 
7 0.489362 0.082923 0.558316 0.005089 0.437079 0.825439 1 
7 0.510638 0.082263 0.531687 0.004869 0.426722 0.834649 1 
7 0.531915 0.073646 0.49643 0.004636 0.414552 0.770614 1 
7 0.553191 0.068152 0.469801 0.004285 0.426722 0.750439 0 
7 0.574468 0.057344 0.440643 0.003066 0.410668 0.711842 0 
7 0.595745 0.035967 0.414906 0.001888 0.401346 0.636842 0 
7 0.617021 0.044404 0.40003 0.002916 0.391766 0.635526 0 
7 0.638298 0.044584 0.392889 0.002925 0.389694 0.657895 0 
7 0.659574 0.047826 0.402856 0.002935 0.38581 0.662719 0 
7 0.680851 0.063468 0.430229 0.002927 0.38581 0.662719 0 
7 0.702128 0.064639 0.49881 0.003334 0.420508 0.637719 0 
7 0.723404 0.080371 0.590449 0.004946 0.467115 0.616228 1 
7 0.744681 0.103819 0.733413 0.006832 0.550492 0.607018 1 
7 0.765957 0.093161 0.774918 0.006165 0.574314 0.624561 1 
7 0.787234 0.089528 0.770158 0.00587 0.548162 0.655702 1 
7 0.808511 0.088958 0.731627 0.005669 0.519938 0.675439 1 
7 0.829787 0.088147 0.694734 0.005555 0.47333 0.675439 1 
7 0.851064 0.087517 0.669146 0.005604 0.469187 0.74693 1 
7 0.87234 0.087006 0.644005 0.005444 0.453392 0.747807 1 
7 0.893617 0.085115 0.605921 0.005029 0.419213 0.745614 1 
7 0.914894 0.083133 0.573936 0.004726 0.406007 0.789035 1 
7 0.93617 0.088267 0.58554 0.005343 0.391507 0.804825 1 
7 0.957447 0.127687 0.573788 0.005374 0.394614 0.792105 1 
7 0.978723 0.107121 0.553555 0.006909 0.463231 0.751316 1 
7 1 0.080671 0.511455 0.005185 0.46608 0.719737 1 
