5 0 0.053801 0.4277 0.002405 0.376489 0.766667 1 
5 0.021277 0.048157 0.40598 0.00182 0.344381 0.788596 1 
5 0.042553 0.047886 0.367004 0.002707 0.40057 0.733772 1 
5 0.06383 0.044013 0.318804 0.002007 0.388659 0.744737 1 
5 0.085106 0.047526 0.260934 0.001768 0.346194 0.744737 1 
5 0.106383 0.034016 0.215561 0.001994 0.313568 0.753509 1 
5 0.12766 0.029122 0.176584 0.001828 0.286898 0.809649 0 
5 0.148936 0.028011 0.158137 0.001778 0.271621 0.839474 0 
5 0.170213 0.019665 0.147724 0.001246 0.260228 0.876754 0 
5 0.191489 0.025309 0.152484 0.001606 0.251165 0.886842 0 
5 0.212766 0.02696 0.178816 0.001577 0.255567 0.874123 0 
5 0.234043 0.027801 0.213478 0.001481 0.276282 0.835088 0 
5 0.255319 0.029422 0.294704 0.001523 0.330658 0.742544 0 
5 0.276596 0.029332 0.347218 0.001853 0.383998 0.724123 0 
5 0.297872 0.028402 0.35659 0.001824 0.403677 0.686404 0 
5 0.319149 0.028972 0.416691 0.001872 0.455205 0.612281 0 
5 0.340426 0.028942 0.456114 0.001894 0.496893 0.582018 0 
5 0.361702 0.028942 0.475602 0.001915 0.514759 0.569737 0 
5 0.382979 0.029392 0.498215 0.001944 0.520974 0.565789 0 
5 0.404255 0.029032 0.505356 0.001911 0.518384 0.591667 0 
5 0.425532 0.028942 0.505653 0.001899 0.510357 0.59693 0 
5 0.446809 0.028942 0.496281 0.001894 0.504661 0.607018 0 
5 0.468085 0.028942 0.489586 0.001899 0.501554 0.618421 0 
5 0.489362 0.028942 0.487355 0.001907 0.49767 0.644298 0 
5 0.510638 0.028942 0.48319 0.001911 0.48291 0.662719 0 
5 0.531915 0.028942 0.479619 0.001915 0.483169 0.65 0 
5 0.553191 0.028942 0.476198 0.001926 0.495339 0.632456 0 
5 0.574468 0.028612 0.473222 0.001903 0.489643 0.647368 0 
5 0.595745 0.027441 0.455668 0.001824 0.469187 0.635526 0 
5 0.617021 0.027771 0.459387 0.001853 0.473071 0.621491 0 
5 0.638298 0.027051 0.456263 0.001795 0.467892 0.673684 0 
5 0.659574 0.027381 0.457602 0.001818 0.456499 0.663596 0 
5 0.680851 0.027621 0.461321 0.00183 0.454169 0.677193 0 
5 0.702128 0.028762 0.469801 0.001905 0.464267 0.664035 0 
5 0.723404 0.028402 0.479173 0.001884 0.479285 0.639912 0 
5 0.744681 0.029182 0.534662 0.001905 0.508545 0.596491 0 
5 0.765957 0.029542 0.558911 0.001926 0.555671 0.541667 0 
5 0.787234 0.029332 0.537935 0.001919 0.560073 0.55614 0 
5 0.808511 0.028942 0.500893 0.001892 0.529259 0.592105 0 
5 0.829787 0.028942 0.469354 0.001905 0.501295 0.617105 0 
5 0.851064 0.028942 0.449569 0.001897 0.476955 0.657895 0 
5 0.87234 0.028672 0.426064 0.001874 0.457276 0.653947 0 
5 0.893617 0.027141 0.388277 0.001786 0.423874 0.629825 0 
5 0.914894 0.0266 0.352871 0.001764 0.386328 0.594298 0 
5 0.93617 0.028191 0.407319 0.001807 0.368721 0.739474 0 
5 0.957447 0.028942 0.429188 0.001859 0.353444 0.759211 0 
5 0.978723 0.029092 0.440345 0.001834 0.411963 0.721053 0 
5 1 0.029422 0.436775 0.001809 0.398498 0.765789 0 
