1 0 0.043983 0.333829 0.003467 0.422915 0.414912 0 
1 0.021277 0.043983 0.296638 0.003467 0.422915 0.414912 0 
1 0.042553 0.043923 0.282356 0.003467 0.422915 0.414912 0 
1 0.06383 0.043983 0.236537 0.003467 0.422915 0.414912 0 
1 0.085106 0.043983 0.205296 0.003467 0.422915 0.414912 0 
1 0.106383 0.043833 0.172865 0.003467 0.422915 0.414912 0 
1 0.12766 0.043683 0.151145 0.003467 0.422915 0.414912 0 
1 0.148936 0.043683 0.136269 0.003467 0.422915 0.414912 0 
1 0.170213 0.043353 0.129872 0.003467 0.422915 0.414912 0 
1 0.191489 0.043533 0.138203 0.003467 0.422915 0.414912 0 
1 0.212766 0.043533 0.17465 0.003467 0.422915 0.414912 0 
1 0.234043 0.076108 0.226569 0.003467 0.422915 0.414912 1 
1 0.255319 0.082473 0.331449 0.003467 0.422915 0.414912 1 
1 0.276596 0.085145 0.436031 0.003467 0.422915 0.414912 1 
1 0.297872 0.048367 0.460726 0.003467 0.422915 0.414912 0 
1 0.319149 0.048517 0.532728 0.003467 0.422915 0.414912 0 
1 0.340426 0.048367 0.551324 0.003467 0.422915 0.414912 0 
1 0.361702 0.048367 0.546266 0.003467 0.422915 0.414912 0 
1 0.382979 0.048517 0.580036 0.003467 0.422915 0.414912 0 
1 0.404255 0.048607 0.581672 0.003467 0.422915 0.414912 0 
1 0.425532 0.048607 0.565605 0.003467 0.422915 0.414912 0 
1 0.446809 0.048517 0.542844 0.003467 0.422915 0.414912 0 
1 0.468085 0.048517 0.514579 0.003467 0.422915 0.414912 0 
1 0.489362 0.048517 0.517406 0.003467 0.422915 0.414912 0 
1 0.510638 0.089798 0.516215 0.003467 0.422915 0.414912 1 
1 0.531915 0.089798 0.5 0.003467 0.422915 0.414912 1 
1 0.553191 0.081302 0.491074 0.003467 0.422915 0.414912 1 
1 0.574468 0.048517 0.485421 0.003467 0.422915 0.414912 0 
1 0.595745 0.089798 0.479173 0.003467 0.422915 0.414912 1 
1 0.617021 0.048517 0.466082 0.003467 0.422915 0.414912 0 
1 0.638298 0.048517 0.466528 0.003467 0.422915 0.414912 0 
1 0.659574 0.093191 0.472181 0.003467 0.422915 0.414912 1 
1 0.680851 0.048517 0.479768 0.003467 0.422915 0.414912 0 
1 0.702128 0.107302 0.539423 0.003467 0.422915 0.414912 1 
1 0.723404 0.048517 0.615739 0.003467 0.422915 0.414912 0 
1 0.744681 0.05221 0.673312 0.003467 0.422915 0.414912 0 
1 0.765957 0.048517 0.647426 0.003467 0.422915 0.414912 0 
1 0.787234 0.048367 0.612615 0.003467 0.422915 0.414912 0 
1 0.808511 0.048367 0.572597 0.003467 0.422915 0.414912 0 
1 0.829787 0.043353 0.540762 0.003467 0.422915 0.414912 0 
1 0.851064 0.048517 0.504909 0.003467 0.422915 0.414912 0 
1 0.87234 0.048367 0.488694 0.003467 0.422915 0.414912 0 
1 0.893617 0.047556 0.446593 0.003467 0.422915 0.414912 0 
1 0.914894 0.043353 0.398691 0.003467 0.422915 0.414912 0 
1 0.93617 0.048517 0.445849 0.003467 0.422915 0.414912 0 
1 0.957447 0.048517 0.447783 0.003467 0.422915 0.414912 0 
1 0.978723 0.076108 0.474561 0.003467 0.422915 0.414912 1 
1 1 0.076108 0.475156 0.003467 0.422915 0.414912 1 
