7 0 0.040831 0.233413 0.003467 0.422915 0.414912 0 
7 0.021277 0.040801 0.182535 0.003467 0.422915 0.414912 0 
7 0.042553 0.040801 0.149807 0.003467 0.422915 0.414912 0 
7 0.06383 0.040801 0.121541 0.003467 0.422915 0.414912 0 
7 0.085106 0.040351 0.102499 0.003467 0.422915 0.414912 0 
7 0.106383 0.040351 0.088962 0.003467 0.422915 0.414912 0 
7 0.12766 0.040351 0.082862 0.003467 0.422915 0.414912 0 
7 0.148936 0.040351 0.077804 0.003467 0.422915 0.414912 0 
7 0.170213 0.040801 0.083011 0.003467 0.422915 0.414912 0 
7 0.191489 0.040231 0.088218 0.003467 0.422915 0.414912 0 
7 0.212766 0.040801 0.102797 0.003467 0.422915 0.414912 0 
7 0.234043 0.040231 0.112764 0.003467 0.422915 0.414912 0 
7 0.255319 0.041431 0.124963 0.003467 0.422915 0.414912 0 
7 0.276596 0.041431 0.168105 0.003467 0.422915 0.414912 0 
7 0.297872 0.045034 0.214668 0.003467 0.422915 0.414912 0 
7 0.319149 0.068212 0.259595 0.003467 0.422915 0.414912 1 
7 0.340426 0.068212 0.308093 0.003467 0.422915 0.414912 1 
7 0.361702 0.069323 0.335168 0.003467 0.422915 0.414912 1 
7 0.382979 0.069323 0.344689 0.003467 0.422915 0.414912 1 
7 0.404255 0.069323 0.346921 0.003467 0.422915 0.414912 1 
7 0.425532 0.068212 0.346028 0.003467 0.422915 0.414912 1 
7 0.446809 0.047436 0.339036 0.003467 0.422915 0.414912 0 
7 0.468085 0.048037 0.333978 0.003467 0.422915 0.414912 0 
7 0.489362 0.046535 0.328771 0.003467 0.422915 0.414912 0 
7 0.510638 0.046535 0.317316 0.003467 0.422915 0.414912 0 
7 0.531915 0.046535 0.297382 0.003467 0.422915 0.414912 0 
7 0.553191 0.046535 0.285629 0.003467 0.422915 0.414912 0 
7 0.574468 0.045034 0.274323 0.003467 0.422915 0.414912 0 
7 0.595745 0.046535 0.27224 0.003467 0.422915 0.414912 0 
7 0.617021 0.046535 0.274026 0.003467 0.422915 0.414912 0 
7 0.638298 0.046535 0.278489 0.003467 0.422915 0.414912 0 
7 0.659574 0.046535 0.293068 0.003467 0.422915 0.414912 0 
7 0.680851 0.069323 0.289348 0.003467 0.422915 0.414912 1 
7 0.702128 0.046535 0.307647 0.003467 0.422915 0.414912 0 
7 0.723404 0.046535 0.32044 0.003467 0.422915 0.414912 0 
7 0.744681 0.047436 0.3313 0.003467 0.422915 0.414912 0 
7 0.765957 0.047436 0.3313 0.003467 0.422915 0.414912 0 
7 0.787234 0.068212 0.343201 0.003467 0.422915 0.414912 1 
7 0.808511 0.048637 0.342011 0.003467 0.422915 0.414912 0 
7 0.829787 0.047436 0.335168 0.003467 0.422915 0.414912 0 
7 0.851064 0.046535 0.302291 0.003467 0.422915 0.414912 0 
7 0.87234 0.046535 0.272389 0.003467 0.422915 0.414912 0 
7 0.893617 0.069323 0.277298 0.003467 0.422915 0.414912 1 
7 0.914894 0.045034 0.281166 0.003467 0.422915 0.414912 0 
7 0.93617 0.046535 0.29515 0.003467 0.422915 0.414912 0 
7 0.957447 0.046535 0.278191 0.003467 0.422915 0.414912 0 
7 0.978723 0.045034 0.263761 0.003467 0.422915 0.414912 0 
7 1 0.045034 0.237281 0.003467 0.422915 0.414912 0 
