1 0 0.049988 0.241595 0.003467 0.422915 0.414912 0 
1 0.021277 0.057314 0.202321 0.003467 0.422915 0.414912 0 
1 0.042553 0.045755 0.166915 0.003467 0.422915 0.414912 0 
1 0.06383 0.046866 0.140732 0.003467 0.422915 0.414912 0 
1 0.085106 0.046866 0.11321 0.003467 0.422915 0.414912 0 
1 0.106383 0.046866 0.098334 0.003467 0.422915 0.414912 0 
1 0.12766 0.046866 0.090152 0.003467 0.422915 0.414912 0 
1 0.148936 0.064399 0.09521 0.003467 0.422915 0.414912 0 
1 0.170213 0.046085 0.122583 0.003467 0.422915 0.414912 0 
1 0.191489 0.067761 0.159476 0.003467 0.422915 0.414912 0 
1 0.212766 0.072055 0.237132 0.003467 0.422915 0.414912 0 
1 0.234043 0.088958 0.326986 0.003467 0.422915 0.414912 1 
1 0.255319 0.113276 0.352425 0.003467 0.422915 0.414912 1 
1 0.276596 0.109853 0.420857 0.003467 0.422915 0.414912 1 
1 0.297872 0.090128 0.438411 0.003467 0.422915 0.414912 1 
1 0.319149 0.088958 0.441833 0.003467 0.422915 0.414912 1 
1 0.340426 0.086286 0.486909 0.003467 0.422915 0.414912 1 
1 0.361702 0.090128 0.510414 0.003467 0.422915 0.414912 1 
1 0.382979 0.113276 0.498661 0.003467 0.422915 0.414912 1 
1 0.404255 0.103158 0.501488 0.003467 0.422915 0.414912 1 
1 0.425532 0.101327 0.504463 0.003467 0.422915 0.414912 1 
1 0.446809 0.101327 0.503124 0.003467 0.422915 0.414912 1 
1 0.468085 0.09217 0.493454 0.003467 0.422915 0.414912 1 
1 0.489362 0.09217 0.492711 0.003467 0.422915 0.414912 1 
1 0.510638 0.09217 0.494347 0.003467 0.422915 0.414912 1 
1 0.531915 0.101327 0.494496 0.003467 0.422915 0.414912 1 
1 0.553191 0.101327 0.494198 0.003467 0.422915 0.414912 1 
1 0.574468 0.09217 0.481851 0.003467 0.422915 0.414912 1 
1 0.595745 0.090128 0.473222 0.003467 0.422915 0.414912 1 
1 0.617021 0.090128 0.482743 0.003467 0.422915 0.414912 1 
1 0.638298 0.103158 0.480363 0.003467 0.422915 0.414912 1 
1 0.659574 0.103158 0.475305 0.003467 0.422915 0.414912 1 
1 0.680851 0.103158 0.463701 0.003467 0.422915 0.414912 1 
1 0.702128 0.09217 0.453139 0.003467 0.422915 0.414912 1 
1 0.723404 0.088958 0.431419 0.003467 0.422915 0.414912 1 
1 0.744681 0.075417 0.414311 0.003467 0.422915 0.414912 0 
1 0.765957 0.074216 0.413567 0.003467 0.422915 0.414912 0 
1 0.787234 0.060736 0.429485 0.003467 0.422915 0.414912 0 
1 0.808511 0.074216 0.421006 0.003467 0.422915 0.414912 0 
1 0.829787 0.074216 0.407022 0.003467 0.422915 0.414912 0 
1 0.851064 0.076378 0.376227 0.003467 0.422915 0.414912 0 
1 0.87234 0.076378 0.335317 0.003467 0.422915 0.414912 0 
1 0.893617 0.049117 0.360161 0.003467 0.422915 0.414912 0 
1 0.914894 0.076378 0.377566 0.003467 0.422915 0.414912 0 
1 0.93617 0.103158 0.402559 0.003467 0.422915 0.414912 1 
1 0.957447 0.086286 0.407468 0.003467 0.422915 0.414912 1 
1 0.978723 0.086286 0.404046 0.003467 0.422915 0.414912 1 
1 1 0.076378 0.388129 0.003467 0.422915 0.414912 0 
