2 0 0.045815 0.368492 0.003024 0.31564 0.589912 0 
2 0.021277 0.038009 0.328176 0.002489 0.291818 0.619737 0 
2 0.042553 0.040921 0.306605 0.002709 0.357069 0.518421 0 
2 0.06383 0.037739 0.274621 0.002489 0.33972 0.613158 0 
2 0.085106 0.034856 0.237578 0.002277 0.316157 0.614912 0 
2 0.106383 0.033145 0.211247 0.00215 0.280166 0.671491 0 
2 0.12766 0.031224 0.184766 0.002002 0.245728 0.661404 0 
2 0.148936 0.029843 0.1687 0.001919 0.257639 0.663158 0 
2 0.170213 0.034676 0.173907 0.002239 0.252201 0.684211 0 
2 0.191489 0.029392 0.176436 0.001899 0.23796 0.717982 0 
2 0.212766 0.032755 0.212437 0.002115 0.249871 0.725 0 
2 0.234043 0.037468 0.267777 0.00242 0.26696 0.701754 0 
2 0.255319 0.06521 0.37831 0.004038 0.337649 0.649123 1 
2 0.276596 0.068602 0.48319 0.004292 0.408079 0.509211 1 
2 0.297872 0.041371 0.529158 0.002833 0.477991 0.361842 0 
2 0.319149 0.051459 0.613954 0.003612 0.555153 0.274561 1 
2 0.340426 0.059835 0.636418 0.004231 0.606163 0.204386 1 
2 0.361702 0.051129 0.628682 0.003637 0.624547 0.183772 1 
2 0.382979 0.040261 0.629872 0.002862 0.640601 0.157018 0 
2 0.404255 0.040261 0.630021 0.002858 0.647851 0.180702 0 
2 0.425532 0.040261 0.619756 0.002865 0.64552 0.148246 0 
2 0.446809 0.040261 0.596995 0.002879 0.638788 0.157895 0 
2 0.468085 0.040261 0.577209 0.002883 0.644485 0.118421 0 
2 0.489362 0.040261 0.566498 0.0029 0.65536 0.088158 0 
2 0.510638 0.040261 0.555638 0.0029 0.64552 0.103947 0 
2 0.531915 0.040261 0.544035 0.002908 0.64811 0.065351 0 
2 0.553191 0.037468 0.536001 0.002763 0.682548 0.058772 0 
2 0.574468 0.038399 0.536001 0.004439 0.682289 0.035965 0 
2 0.595745 0.029813 0.52886 0.004516 0.674262 0.091228 0 
2 0.617021 0.027861 0.511009 0.004059 0.660798 0.099123 0 
2 0.638298 0.035097 0.506248 0.002605 0.641378 0.132895 0 
2 0.659574 0.029242 0.515025 0.002092 0.648628 0.124123 0 
2 0.680851 0.062357 0.526778 0.004393 0.659762 0.23114 1 
2 0.702128 0.128858 0.572449 0.008959 0.675816 0.255263 1 
2 0.723404 0.249249 0.650253 0.016984 0.704816 0.35307 1 
2 0.744681 0.963612 0.72895 0.065099 0.744692 0.374123 1 
2 0.765957 0.388795 0.726867 0.026119 0.711289 0.419298 1 
2 0.787234 0.048487 0.700238 0.003297 0.669342 0.245175 0 
2 0.808511 0.032275 0.661559 0.002241 0.623252 0.24386 0 
2 0.829787 0.040891 0.627641 0.002865 0.582859 0.253947 0 
2 0.851064 0.036418 0.602053 0.002559 0.553081 0.261842 0 
2 0.87234 0.037979 0.580333 0.002671 0.52175 0.3 0 
2 0.893617 0.034226 0.534216 0.002403 0.48291 0.342982 0 
2 0.914894 0.030653 0.466528 0.002142 0.443294 0.393421 0 
2 0.93617 0.03918 0.50848 0.002698 0.409632 0.489474 0 
2 0.957447 0.029993 0.513835 0.002009 0.376748 0.508772 0 
2 0.978723 0.03981 0.513538 0.002661 0.433972 0.490789 0 
2 1 0.044494 0.511157 0.00296 0.410927 0.554825 0 
