3 0 0.07929 0.361648 0.003467 0.422915 0.414912 0 
3 0.021277 0.068842 0.29753 0.003467 0.422915 0.414912 0 
3 0.042553 0.068842 0.23981 0.003467 0.422915 0.414912 0 
3 0.06383 0.072085 0.205891 0.003467 0.422915 0.414912 0 
3 0.085106 0.068842 0.174502 0.003467 0.422915 0.414912 0 
3 0.106383 0.068842 0.157245 0.003467 0.422915 0.414912 0 
3 0.12766 0.073136 0.144302 0.003467 0.422915 0.414912 0 
3 0.148936 0.073136 0.147129 0.003467 0.422915 0.414912 0 
3 0.170213 0.074186 0.172568 0.003467 0.422915 0.414912 0 
3 0.191489 0.075958 0.202321 0.003467 0.422915 0.414912 0 
3 0.212766 0.07929 0.256918 0.003467 0.422915 0.414912 0 
3 0.234043 0.077459 0.328771 0.003467 0.422915 0.414912 0 
3 0.255319 0.081812 0.348706 0.003467 0.422915 0.414912 0 
3 0.276596 0.091239 0.414609 0.003467 0.422915 0.414912 0 
3 0.297872 0.091239 0.45909 0.003467 0.422915 0.414912 0 
3 0.319149 0.094542 0.498661 0.003467 0.422915 0.414912 0 
3 0.340426 0.107722 0.553853 0.003467 0.422915 0.414912 1 
3 0.361702 0.097844 0.581821 0.003467 0.422915 0.414912 1 
3 0.382979 0.104419 0.593127 0.003467 0.422915 0.414912 1 
3 0.404255 0.104419 0.591788 0.003467 0.422915 0.414912 1 
3 0.425532 0.110994 0.60235 0.003467 0.422915 0.414912 1 
3 0.446809 0.110994 0.61931 0.003467 0.422915 0.414912 1 
3 0.468085 0.117599 0.629426 0.003467 0.422915 0.414912 1 
3 0.489362 0.122703 0.636864 0.003467 0.422915 0.414912 1 
3 0.510638 0.168698 0.64936 0.003467 0.422915 0.414912 1 
3 0.531915 0.168698 0.65903 0.003467 0.422915 0.414912 1 
3 0.553191 0.168698 0.663493 0.003467 0.422915 0.414912 1 
3 0.574468 0.152546 0.663642 0.003467 0.422915 0.414912 1 
3 0.595745 0.150054 0.656204 0.003467 0.422915 0.414912 1 
3 0.617021 0.235379 0.665724 0.003467 0.422915 0.414912 1 
3 0.638298 0.32926 0.670336 0.003467 0.422915 0.414912 1 
3 0.659574 0.254413 0.670634 0.003467 0.422915 0.414912 1 
3 0.680851 0.228804 0.645939 0.003467 0.422915 0.414912 1 
3 0.702128 0.194548 0.615739 0.003467 0.422915 0.414912 1 
3 0.723404 0.149664 0.570961 0.003467 0.422915 0.414912 1 
3 0.744681 0.126096 0.540613 0.003467 0.422915 0.414912 1 
3 0.765957 0.114297 0.501636 0.003467 0.422915 0.414912 0 
3 0.787234 0.117599 0.476793 0.003467 0.422915 0.414912 1 
3 0.808511 0.117599 0.471437 0.003467 0.422915 0.414912 1 
3 0.829787 0.122703 0.489586 0.003467 0.422915 0.414912 1 
3 0.851064 0.110994 0.466379 0.003467 0.422915 0.414912 0 
3 0.87234 0.101117 0.428295 0.003467 0.422915 0.414912 0 
3 0.893617 0.114297 0.448378 0.003467 0.422915 0.414912 0 
3 0.914894 0.104419 0.448825 0.003467 0.422915 0.414912 0 
3 0.93617 0.114297 0.458643 0.003467 0.422915 0.414912 0 
3 0.957447 0.103729 0.444213 0.003467 0.422915 0.414912 0 
3 0.978723 0.101117 0.420113 0.003467 0.422915 0.414912 0 
3 1 0.094542 0.386195 0.003467 0.422915 0.414912 0 
