4 0 0.040891 0.591639 0.002833 0.449508 0.491667 0 
4 0.021277 0.042272 0.573341 0.00291 0.425686 0.559649 0 
4 0.042553 0.042272 0.550134 0.002916 0.481875 0.460526 0 
4 0.06383 0.042452 0.507438 0.002941 0.454946 0.495614 0 
4 0.085106 0.041582 0.4518 0.002871 0.415588 0.562281 0 
4 0.106383 0.040891 0.397501 0.0028 0.379078 0.652632 0 
4 0.12766 0.035157 0.342011 0.002381 0.340497 0.738596 0 
4 0.148936 0.033566 0.308093 0.002248 0.306318 0.765789 0 
4 0.170213 0.033025 0.283398 0.002204 0.285603 0.800877 0 
4 0.191489 0.031344 0.274918 0.0021 0.273692 0.784211 0 
4 0.212766 0.032335 0.301845 0.002171 0.281719 0.789474 0 
4 0.234043 0.033205 0.358673 0.002231 0.306318 0.710526 0 
4 0.255319 0.035697 0.47352 0.002451 0.378042 0.564474 0 
4 0.276596 0.058785 0.599078 0.004098 0.462455 0.496491 1 
4 0.297872 0.058725 0.638352 0.004117 0.506991 0.41886 1 
4 0.319149 0.087577 0.72166 0.006134 0.590886 0.349561 1 
4 0.340426 0.102048 0.741446 0.007146 0.636717 0.290789 1 
4 0.361702 0.073796 0.725677 0.005156 0.639565 0.282018 1 
4 0.382979 0.049448 0.74338 0.003405 0.651735 0.25 0 
4 0.404255 0.042843 0.73981 0.002916 0.657431 0.328509 0 
4 0.425532 0.040771 0.721214 0.002759 0.646815 0.327193 0 
4 0.446809 0.036177 0.68432 0.002393 0.641636 0.321053 0 
4 0.468085 0.03975 0.655757 0.002717 0.610306 0.445175 0 
4 0.489362 0.035817 0.64222 0.002437 0.558519 0.376754 0 
4 0.510638 0.038069 0.627194 0.002605 0.602279 0.314912 0 
4 0.531915 0.035157 0.613805 0.002414 0.604091 0.316228 0 
4 0.553191 0.060616 0.603243 0.004157 0.63827 0.267105 1 
4 0.574468 0.037258 0.595061 0.002549 0.630243 0.264474 0 
4 0.595745 0.037709 0.570663 0.002576 0.624547 0.289474 0 
4 0.617021 0.035157 0.572002 0.002397 0.611082 0.295614 0 
4 0.638298 0.034556 0.576019 0.002354 0.598395 0.328947 0 
4 0.659574 0.036748 0.594317 0.002499 0.59477 0.332895 0 
4 0.680851 0.03972 0.62288 0.002703 0.593216 0.332895 0 
4 0.702128 0.041672 0.673014 0.002838 0.608752 0.378947 0 
4 0.723404 0.047916 0.76019 0.003236 0.639306 0.345614 0 
4 0.744681 0.070464 0.857185 0.004744 0.713361 0.262281 1 
4 0.765957 0.115888 0.869384 0.007848 0.716727 0.291667 1 
4 0.787234 0.122163 0.849598 0.008334 0.677887 0.330702 1 
4 0.808511 0.097934 0.811961 0.006734 0.627913 0.35 1 
4 0.829787 0.049928 0.78072 0.003446 0.600984 0.395614 0 
4 0.851064 0.041462 0.750074 0.002865 0.57043 0.395175 0 
4 0.87234 0.037318 0.716007 0.00257 0.549715 0.417982 0 
4 0.893617 0.033776 0.661708 0.002308 0.509839 0.505702 0 
4 0.914894 0.033626 0.609194 0.002291 0.475401 0.549123 0 
4 0.93617 0.035127 0.641625 0.002381 0.456758 0.579825 0 
4 0.957447 0.034406 0.634633 0.002337 0.432418 0.598246 0 
4 0.978723 0.036718 0.610979 0.002497 0.508286 0.449123 0 
4 1 0.041251 0.594317 0.002833 0.503625 0.466228 0 
