4 0 0.073316 0.336953 0.003467 0.422915 0.414912 0 
4 0.021277 0.058394 0.272389 0.003467 0.422915 0.414912 0 
4 0.042553 0.058394 0.223297 0.003467 0.422915 0.414912 0 
4 0.06383 0.058394 0.17956 0.003467 0.422915 0.414912 0 
4 0.085106 0.056923 0.146683 0.003467 0.422915 0.414912 0 
4 0.106383 0.055242 0.131211 0.003467 0.422915 0.414912 0 
4 0.12766 0.055242 0.117227 0.003467 0.422915 0.414912 0 
4 0.148936 0.055242 0.121392 0.003467 0.422915 0.414912 0 
4 0.170213 0.056923 0.138203 0.003467 0.422915 0.414912 0 
4 0.191489 0.056923 0.168997 0.003467 0.422915 0.414912 0 
4 0.212766 0.058394 0.229247 0.003467 0.422915 0.414912 0 
4 0.234043 0.058394 0.292175 0.003467 0.422915 0.414912 0 
4 0.255319 0.058394 0.305118 0.003467 0.422915 0.414912 0 
4 0.276596 0.058394 0.371913 0.003467 0.422915 0.414912 0 
4 0.297872 0.062748 0.412526 0.003467 0.422915 0.414912 0 
4 0.319149 0.062838 0.457007 0.003467 0.422915 0.414912 0 
4 0.340426 0.062838 0.526183 0.003467 0.422915 0.414912 0 
4 0.361702 0.062838 0.553407 0.003467 0.422915 0.414912 0 
4 0.382979 0.062838 0.559357 0.003467 0.422915 0.414912 0 
4 0.404255 0.062748 0.553407 0.003467 0.422915 0.414912 0 
4 0.425532 0.062838 0.548795 0.003467 0.422915 0.414912 0 
4 0.446809 0.062838 0.558465 0.003467 0.422915 0.414912 0 
4 0.468085 0.062838 0.564267 0.003467 0.422915 0.414912 0 
4 0.489362 0.062838 0.559952 0.003467 0.422915 0.414912 0 
4 0.510638 0.062838 0.551324 0.003467 0.422915 0.414912 0 
4 0.531915 0.062748 0.53853 0.003467 0.422915 0.414912 0 
4 0.553191 0.062838 0.529604 0.003467 0.422915 0.414912 0 
4 0.574468 0.062838 0.522761 0.003467 0.422915 0.414912 0 
4 0.595745 0.060796 0.50967 0.003467 0.422915 0.414912 0 
4 0.617021 0.060796 0.50119 0.003467 0.422915 0.414912 0 
4 0.638298 0.060796 0.489586 0.003467 0.422915 0.414912 0 
4 0.659574 0.058394 0.484231 0.003467 0.422915 0.414912 0 
4 0.680851 0.058394 0.477239 0.003467 0.422915 0.414912 0 
4 0.702128 0.058394 0.472478 0.003467 0.422915 0.414912 0 
4 0.723404 0.058394 0.445701 0.003467 0.422915 0.414912 0 
4 0.744681 0.058394 0.42889 0.003467 0.422915 0.414912 0 
4 0.765957 0.060796 0.41327 0.003467 0.422915 0.414912 0 
4 0.787234 0.058394 0.397203 0.003467 0.422915 0.414912 0 
4 0.808511 0.060796 0.38917 0.003467 0.422915 0.414912 0 
4 0.829787 0.058394 0.388872 0.003467 0.422915 0.414912 0 
4 0.851064 0.058394 0.363434 0.003467 0.422915 0.414912 0 
4 0.87234 0.058394 0.334127 0.003467 0.422915 0.414912 0 
4 0.893617 0.060796 0.372954 0.003467 0.422915 0.414912 0 
4 0.914894 0.060796 0.389467 0.003467 0.422915 0.414912 0 
4 0.93617 0.060796 0.403898 0.003467 0.422915 0.414912 0 
4 0.957447 0.058394 0.404046 0.003467 0.422915 0.414912 0 
4 0.978723 0.058394 0.389467 0.003467 0.422915 0.414912 0 
4 1 0.062838 0.36269 0.003467 0.422915 0.414912 1 
