6 0 0.088958 0.391996 0.003467 0.422915 0.414912 1 
6 0.021277 0.060736 0.367301 0.003467 0.422915 0.414912 0 
6 0.042553 0.050648 0.341119 0.003467 0.422915 0.414912 0 
6 0.06383 0.049117 0.274026 0.003467 0.422915 0.414912 0 
6 0.085106 0.047076 0.217495 0.003467 0.422915 0.414912 0 
6 0.106383 0.046085 0.174502 0.003467 0.422915 0.414912 0 
6 0.12766 0.046085 0.138947 0.003467 0.422915 0.414912 0 
6 0.148936 0.046085 0.115442 0.003467 0.422915 0.414912 0 
6 0.170213 0.063468 0.100119 0.003467 0.422915 0.414912 0 
6 0.191489 0.063468 0.091937 0.003467 0.422915 0.414912 0 
6 0.212766 0.063468 0.093871 0.003467 0.422915 0.414912 0 
6 0.234043 0.067221 0.108301 0.003467 0.422915 0.414912 0 
6 0.255319 0.069443 0.145492 0.003467 0.422915 0.414912 0 
6 0.276596 0.069443 0.182981 0.003467 0.422915 0.414912 0 
6 0.297872 0.073526 0.222404 0.003467 0.422915 0.414912 1 
6 0.319149 0.077819 0.283695 0.003467 0.422915 0.414912 1 
6 0.340426 0.086736 0.337102 0.003467 0.422915 0.414912 1 
6 0.361702 0.087426 0.373401 0.003467 0.422915 0.414912 1 
6 0.382979 0.086736 0.405683 0.003467 0.422915 0.414912 1 
6 0.404255 0.084664 0.414906 0.003467 0.422915 0.414912 1 
6 0.425532 0.084664 0.40598 0.003467 0.422915 0.414912 1 
6 0.446809 0.084664 0.387682 0.003467 0.422915 0.414912 1 
6 0.468085 0.084664 0.36745 0.003467 0.422915 0.414912 1 
6 0.489362 0.081812 0.360458 0.003467 0.422915 0.414912 1 
6 0.510638 0.077819 0.347664 0.003467 0.422915 0.414912 1 
6 0.531915 0.076318 0.334276 0.003467 0.422915 0.414912 1 
6 0.553191 0.076558 0.311663 0.003467 0.422915 0.414912 1 
6 0.574468 0.070644 0.307795 0.003467 0.422915 0.414912 0 
6 0.595745 0.076318 0.298274 0.003467 0.422915 0.414912 1 
6 0.617021 0.076318 0.286373 0.003467 0.422915 0.414912 1 
6 0.638298 0.076318 0.286224 0.003467 0.422915 0.414912 1 
6 0.659574 0.073526 0.282356 0.003467 0.422915 0.414912 1 
6 0.680851 0.077819 0.284885 0.003467 0.422915 0.414912 1 
6 0.702128 0.073526 0.312407 0.003467 0.422915 0.414912 1 
6 0.723404 0.086045 0.31925 0.003467 0.422915 0.414912 1 
6 0.744681 0.087426 0.357632 0.003467 0.422915 0.414912 1 
6 0.765957 0.098955 0.393038 0.003467 0.422915 0.414912 1 
6 0.787234 0.098955 0.412377 0.003467 0.422915 0.414912 1 
6 0.808511 0.086736 0.390658 0.003467 0.422915 0.414912 1 
6 0.829787 0.076318 0.351384 0.003467 0.422915 0.414912 1 
6 0.851064 0.077819 0.328771 0.003467 0.422915 0.414912 1 
6 0.87234 0.076318 0.321184 0.003467 0.422915 0.414912 1 
6 0.893617 0.072595 0.296935 0.003467 0.422915 0.414912 0 
6 0.914894 0.089738 0.265695 0.003467 0.422915 0.414912 1 
6 0.93617 0.089288 0.299018 0.003467 0.422915 0.414912 1 
6 0.957447 0.089738 0.310324 0.003467 0.422915 0.414912 1 
6 0.978723 0.087426 0.313746 0.003467 0.422915 0.414912 1 
6 1 0.076318 0.285629 0.003467 0.422915 0.414912 1 
