4 0 0.06551 0.423237 0.00473 0.383998 0.500526 0 
4 0.021277 0.058154 0.404641 0.004013 0.354738 0.500526 0 
4 0.042553 0.057314 0.37355 0.003976 0.400829 0.500526 0 
4 0.06383 0.054011 0.309878 0.003745 0.372605 0.500526 0 
4 0.085106 0.047196 0.250818 0.003226 0.321595 0.500526 0 
4 0.106383 0.045605 0.209164 0.003087 0.268255 0.500526 0 
4 0.12766 0.043773 0.177626 0.002946 0.2232 0.500526 0 
4 0.148936 0.040771 0.152038 0.002734 0.196789 0.500526 0 
4 0.170213 0.043473 0.144302 0.002919 0.176334 0.500526 0 
4 0.191489 0.042692 0.138947 0.002831 0.165199 0.500526 0 
4 0.212766 0.044704 0.16632 0.003006 0.181771 0.500526 0 
4 0.234043 0.045304 0.206189 0.003043 0.212843 0.500526 0 
4 0.255319 0.047346 0.302291 0.003182 0.285603 0.500526 0 
4 0.276596 0.050408 0.387682 0.003425 0.368721 0.500526 0 
4 0.297872 0.049598 0.38798 0.003417 0.409632 0.500526 0 
4 0.319149 0.055542 0.444511 0.00388 0.477732 0.500526 0 
4 0.340426 0.059115 0.464445 0.00415 0.512688 0.500526 0 
4 0.361702 0.05269 0.466528 0.003691 0.508027 0.500526 0 
4 0.382979 0.058124 0.510711 0.004036 0.509322 0.500526 0 
4 0.404255 0.058605 0.531985 0.004096 0.503107 0.500526 0 
4 0.425532 0.058725 0.524398 0.004103 0.511393 0.500526 0 
4 0.446809 0.057254 0.517703 0.004011 0.507509 0.500526 0 
4 0.468085 0.077579 0.513835 0.005461 0.508027 0.500526 1 
4 0.489362 0.058785 0.517852 0.004173 0.511134 0.500526 0 
4 0.510638 0.06533 0.516364 0.004707 0.509063 0.500526 0 
4 0.531915 0.06581 0.510711 0.004663 0.511652 0.500526 0 
4 0.553191 0.064759 0.507438 0.004591 0.541429 0.500526 0 
4 0.574468 0.072295 0.502529 0.005106 0.548162 0.500526 1 
4 0.595745 0.070163 0.500298 0.004946 0.543501 0.500526 1 
4 0.617021 0.075207 0.484677 0.005388 0.533661 0.500526 1 
4 0.638298 0.068032 0.477983 0.004796 0.511393 0.500526 1 
4 0.659574 0.070043 0.49033 0.004938 0.508286 0.500526 1 
4 0.680851 0.075838 0.509521 0.00532 0.505438 0.500526 1 
4 0.702128 0.069233 0.539869 0.004842 0.515277 0.500526 1 
4 0.723404 0.079681 0.570812 0.00555 0.560849 0.500526 1 
4 0.744681 0.1442 0.604731 0.009823 0.641378 0.500526 1 
4 0.765957 0.142578 0.581672 0.009709 0.648628 0.500526 1 
4 0.787234 0.124475 0.545076 0.008496 0.618074 0.500526 1 
4 0.808511 0.082323 0.500744 0.005665 0.571466 0.500526 1 
4 0.829787 0.078209 0.467123 0.005434 0.542983 0.500526 1 
4 0.851064 0.071304 0.448378 0.004987 0.508545 0.500526 1 
4 0.87234 0.067731 0.427254 0.004753 0.477473 0.500526 1 
4 0.893617 0.062417 0.387533 0.004385 0.436044 0.500526 0 
4 0.914894 0.055422 0.35064 0.003889 0.403418 0.500526 0 
4 0.93617 0.053351 0.411782 0.003756 0.390989 0.500526 0 
4 0.957447 0.05326 0.430973 0.003749 0.373382 0.500526 0 
4 0.978723 0.064909 0.452246 0.004599 0.458312 0.500526 1 
4 1 0.064759 0.450164 0.004607 0.457535 0.500526 0 
