3 0 0.032875 0.481553 0.002177 0.415847 0.6 1 
3 0.021277 0.030143 0.466825 0.001984 0.385293 0.573246 1 
3 0.042553 0.035067 0.434395 0.002277 0.451838 0.498684 1 
3 0.06383 0.028642 0.383814 0.001905 0.42957 0.611404 0 
3 0.085106 0.028432 0.323118 0.00189 0.397721 0.588158 0 
3 0.106383 0.027261 0.275662 0.001811 0.365355 0.574561 0 
3 0.12766 0.027141 0.232074 0.001791 0.340497 0.65614 0 
3 0.148936 0.02639 0.202916 0.001732 0.312791 0.629825 0 
3 0.170213 0.022577 0.185957 0.001477 0.309166 0.697368 0 
3 0.191489 0.022607 0.18313 0.001473 0.293889 0.695614 0 
3 0.212766 0.02603 0.216602 0.001697 0.301657 0.707018 0 
3 0.234043 0.02609 0.256918 0.001712 0.321854 0.607018 0 
3 0.255319 0.028402 0.349301 0.001894 0.392025 0.528947 0 
3 0.276596 0.029152 0.448378 0.001971 0.467374 0.390789 1 
3 0.297872 0.029392 0.490479 0.002027 0.526152 0.35307 1 
3 0.319149 0.029092 0.559952 0.002025 0.598395 0.309649 1 
3 0.340426 0.028972 0.575722 0.002011 0.624288 0.270175 1 
3 0.361702 0.029152 0.569473 0.002017 0.627654 0.295175 1 
3 0.382979 0.029032 0.580184 0.002013 0.624288 0.241667 1 
3 0.404255 0.029242 0.580482 0.001988 0.61652 0.219298 1 
3 0.425532 0.029302 0.576019 0.001998 0.613672 0.259649 1 
3 0.446809 0.029272 0.564713 0.002009 0.610564 0.290351 1 
3 0.468085 0.031194 0.562333 0.002162 0.59477 0.325877 1 
3 0.489362 0.029212 0.559209 0.002038 0.591403 0.300439 1 
3 0.510638 0.030924 0.549836 0.002162 0.568358 0.344737 1 
3 0.531915 0.029092 0.543588 0.002036 0.568358 0.314035 1 
3 0.553191 0.029092 0.54463 0.002038 0.591921 0.339035 1 
3 0.574468 0.031704 0.541506 0.002227 0.59477 0.30614 1 
3 0.595745 0.029092 0.530943 0.002044 0.581564 0.306579 1 
3 0.617021 0.028942 0.537935 0.002027 0.571724 0.326316 0 
3 0.638298 0.028942 0.536001 0.002029 0.554635 0.333333 0 
3 0.659574 0.035577 0.56025 0.002482 0.565769 0.355263 1 
3 0.680851 0.03882 0.588218 0.0027 0.566805 0.387719 1 
3 0.702128 0.03951 0.634484 0.002752 0.610306 0.310965 1 
3 0.723404 0.049718 0.695924 0.00345 0.684102 0.242105 1 
3 0.744681 0.044884 0.741297 0.003108 0.753496 0.272368 1 
3 0.765957 0.040171 0.719131 0.002734 0.729674 0.348684 1 
3 0.787234 0.033175 0.680006 0.002246 0.677369 0.307456 1 
3 0.808511 0.030443 0.640434 0.002065 0.635681 0.288596 1 
3 0.829787 0.029482 0.60607 0.002009 0.60927 0.277193 0 
3 0.851064 0.029272 0.583606 0.002009 0.583376 0.358333 0 
3 0.87234 0.029212 0.554597 0.002002 0.546867 0.335526 0 
3 0.893617 0.028792 0.513984 0.001984 0.5145 0.390789 0 
3 0.914894 0.027171 0.469354 0.001882 0.481875 0.406579 0 
3 0.93617 0.028702 0.497322 0.00198 0.446401 0.519737 0 
3 0.957447 0.028672 0.504017 0.001955 0.412222 0.502193 0 
3 0.978723 0.029512 0.501339 0.002007 0.476955 0.492105 0 
3 1 0.033656 0.492413 0.002256 0.465044 0.530263 1 
