5 0 0.077339 0.437816 0.005343 0.389436 0.287281 1 
5 0.021277 0.056293 0.417882 0.003882 0.35448 0.36886 0 
5 0.042553 0.096253 0.387682 0.006633 0.412222 0.260088 1 
5 0.06383 0.062147 0.326093 0.004285 0.380891 0.271053 1 
5 0.085106 0.046776 0.2651 0.003226 0.336872 0.263158 0 
5 0.106383 0.036418 0.222107 0.002509 0.285862 0.334649 0 
5 0.12766 0.029032 0.18432 0.00199 0.245728 0.398246 0 
5 0.148936 0.027021 0.155162 0.001847 0.219575 0.43114 0 
5 0.170213 0.02693 0.149658 0.001836 0.202227 0.436842 0 
5 0.191489 0.02678 0.149955 0.001824 0.187468 0.46886 0 
5 0.212766 0.02681 0.17346 0.00182 0.198602 0.598246 0 
5 0.234043 0.028251 0.218387 0.001919 0.214915 0.49693 0 
5 0.255319 0.028972 0.314043 0.001984 0.263594 0.512719 0 
5 0.276596 0.033806 0.395269 0.002331 0.334801 0.378947 0 
5 0.297872 0.030443 0.384856 0.002106 0.396427 0.311404 0 
5 0.319149 0.033085 0.436477 0.00259 0.450285 0.283333 0 
5 0.340426 0.036208 0.462065 0.002754 0.482651 0.221491 0 
5 0.361702 0.044524 0.463106 0.003103 0.485241 0.240351 0 
5 0.382979 0.050709 0.498959 0.003506 0.495339 0.289912 0 
5 0.404255 0.055963 0.515769 0.003866 0.491714 0.29386 1 
5 0.425532 0.056263 0.508331 0.003891 0.486794 0.282456 1 
5 0.446809 0.053621 0.492711 0.003716 0.490678 0.271491 0 
5 0.468085 0.048727 0.484082 0.003378 0.483428 0.284211 0 
5 0.489362 0.046836 0.484231 0.003251 0.48058 0.273246 0 
5 0.510638 0.037829 0.4759 0.00263 0.46841 0.299561 0 
5 0.531915 0.041311 0.473371 0.002875 0.46116 0.274561 0 
5 0.553191 0.044013 0.476495 0.003066 0.474366 0.253947 0 
5 0.574468 0.045935 0.477685 0.003197 0.473848 0.251316 0 
5 0.595745 0.056083 0.47233 0.003893 0.473589 0.221491 1 
5 0.617021 0.068572 0.470247 0.004744 0.471517 0.257456 1 
5 0.638298 0.060676 0.465486 0.004198 0.459865 0.257895 1 
5 0.659574 0.064909 0.468759 0.004489 0.478767 0.228947 1 
5 0.680851 0.071935 0.466974 0.004973 0.488866 0.212281 1 
5 0.702128 0.061066 0.465784 0.004233 0.496375 0.202193 1 
5 0.723404 0.054642 0.46028 0.003801 0.502848 0.173684 1 
5 0.744681 0.0526 0.47471 0.003666 0.509839 0.158772 1 
5 0.765957 0.064339 0.492711 0.004481 0.51217 0.191667 1 
5 0.787234 0.076168 0.521571 0.005272 0.519938 0.227193 1 
5 0.808511 0.06518 0.502083 0.004526 0.514759 0.18114 1 
5 0.829787 0.060346 0.474115 0.004202 0.501036 0.125877 1 
5 0.851064 0.051069 0.451503 0.003558 0.474625 0.185526 1 
5 0.87234 0.03972 0.426212 0.002771 0.446142 0.183333 0 
5 0.893617 0.037949 0.388724 0.002648 0.414811 0.205702 0 
5 0.914894 0.029452 0.350491 0.002054 0.384516 0.264474 0 
5 0.93617 0.032245 0.402112 0.002246 0.355774 0.306579 0 
5 0.957447 0.031344 0.423981 0.002181 0.340756 0.31886 0 
5 0.978723 0.047856 0.439899 0.003328 0.430088 0.222368 0 
5 1 0.046926 0.435138 0.003265 0.426463 0.255263 0 
