7 0 0.042572 0.336209 0.000841 0.317711 0.775877 1 
7 0.021277 0.033085 0.273431 0.000841 0.289746 0.797807 1 
7 0.042553 0.033085 0.221214 0.000841 0.343086 0.775877 1 
7 0.06383 0.029602 0.177477 0.000839 0.311238 0.775877 0 
7 0.085106 0.029332 0.150402 0.000837 0.269291 0.797807 0 
7 0.106383 0.030083 0.13136 0.000839 0.222683 0.797807 0 
7 0.12766 0.022007 0.122434 0.000839 0.204039 0.832895 0 
7 0.148936 0.023628 0.123029 0.000839 0.189539 0.841667 0 
7 0.170213 0.02648 0.133591 0.000831 0.18695 0.841667 0 
7 0.191489 0.027891 0.144154 0.00081 0.187209 0.863596 0 
7 0.212766 0.029572 0.178221 0.001205 0.214656 0.879825 0 
7 0.234043 0.031194 0.19994 0.001967 0.226567 0.867105 1 
7 0.255319 0.034616 0.235942 0.002048 0.247799 0.873246 1 
7 0.276596 0.038009 0.283993 0.002075 0.271103 0.785526 1 
7 0.297872 0.032485 0.34097 0.001425 0.287157 0.895175 1 
7 0.319149 0.059986 0.380839 0.002422 0.299845 0.895175 1 
7 0.340426 0.040741 0.429485 0.002075 0.333506 0.873246 1 
7 0.361702 0.039 0.44213 0.002075 0.332729 0.851316 1 
7 0.382979 0.037619 0.443767 0.002075 0.342051 0.851316 1 
7 0.404255 0.034977 0.439006 0.002075 0.344381 0.851316 1 
7 0.425532 0.031794 0.437667 0.001994 0.343604 0.851316 0 
7 0.446809 0.034376 0.437221 0.002075 0.348524 0.828509 1 
7 0.468085 0.033355 0.425766 0.002048 0.340238 0.847368 1 
7 0.489362 0.033055 0.421303 0.002048 0.339461 0.840351 1 
7 0.510638 0.032545 0.412972 0.002048 0.329622 0.850877 1 
7 0.531915 0.034376 0.408212 0.002075 0.319006 0.841228 1 
7 0.553191 0.034196 0.395864 0.002075 0.316157 0.851316 1 
7 0.574468 0.032545 0.39036 0.002048 0.306059 0.84386 1 
7 0.595745 0.029422 0.382624 0.00173 0.300104 0.835088 0 
7 0.617021 0.029272 0.384558 0.001545 0.297514 0.842544 0 
7 0.638298 0.028822 0.384112 0.00081 0.300363 0.835088 0 
7 0.659574 0.029903 0.387236 0.001577 0.310461 0.860526 0 
7 0.680851 0.028942 0.370872 0.000995 0.314604 0.835088 0 
7 0.702128 0.028822 0.373996 0.000814 0.320818 0.835088 0 
7 0.723404 0.030683 0.369682 0.001967 0.31564 0.860526 0 
7 0.744681 0.030653 0.36507 0.001967 0.299586 0.860526 0 
7 0.765957 0.029723 0.349598 0.001572 0.2768 0.835088 0 
7 0.787234 0.028312 0.351681 0.00081 0.266442 0.835088 0 
7 0.808511 0.029392 0.370723 0.001371 0.283791 0.835088 0 
7 0.829787 0.030323 0.370277 0.001232 0.319782 0.813158 0 
7 0.851064 0.032575 0.347813 0.002021 0.305282 0.836842 1 
7 0.87234 0.033175 0.320887 0.002021 0.287675 0.858772 1 
7 0.893617 0.036358 0.341267 0.002075 0.261781 0.873246 1 
7 0.914894 0.032935 0.338441 0.001838 0.24262 0.835088 1 
7 0.93617 0.034887 0.339482 0.002075 0.229415 0.865789 1 
7 0.957447 0.036087 0.313448 0.001865 0.236147 0.835088 1 
7 0.978723 0.029783 0.292919 0.000968 0.307613 0.791228 0 
7 1 0.029152 0.249479 0.000945 0.299845 0.710088 0 
