6 0 0.087607 0.466677 0.005586 0.484982 0.666228 1 
6 0.021277 0.071514 0.449866 0.004674 0.443811 0.658333 1 
6 0.042553 0.085115 0.417733 0.005447 0.49767 0.596053 1 
6 0.06383 0.058815 0.360756 0.003862 0.464008 0.617544 0 
6 0.085106 0.048277 0.309878 0.003182 0.411704 0.589912 0 
6 0.106383 0.043203 0.265248 0.002844 0.364319 0.635088 0 
6 0.12766 0.042692 0.221065 0.002786 0.320041 0.692105 0 
6 0.148936 0.036868 0.188337 0.002391 0.294407 0.720614 0 
6 0.170213 0.032064 0.177477 0.002077 0.275246 0.764912 0 
6 0.191489 0.032214 0.172865 0.002077 0.263853 0.767544 0 
6 0.212766 0.033686 0.198899 0.002125 0.283791 0.750439 0 
6 0.234043 0.040321 0.258405 0.002624 0.305023 0.680263 0 
6 0.255319 0.058244 0.352722 0.003789 0.391248 0.632895 0 
6 0.276596 0.067521 0.448676 0.004487 0.465821 0.564912 1 
6 0.297872 0.034646 0.461321 0.002329 0.502071 0.466228 0 
6 0.319149 0.081992 0.524993 0.005474 0.56318 0.441228 1 
6 0.340426 0.085325 0.5482 0.005625 0.596323 0.566228 1 
6 0.361702 0.085445 0.537489 0.005617 0.583894 0.570175 1 
6 0.382979 0.087426 0.576614 0.005706 0.592439 0.557895 1 
6 0.404255 0.086736 0.580333 0.005656 0.572242 0.572368 1 
6 0.425532 0.086796 0.570068 0.005656 0.571466 0.577632 1 
6 0.446809 0.087727 0.554151 0.005704 0.562144 0.542544 1 
6 0.468085 0.089768 0.542696 0.005814 0.565769 0.558772 1 
6 0.489362 0.087877 0.533918 0.0057 0.562144 0.602193 1 
6 0.510638 0.087697 0.530794 0.005683 0.557224 0.585526 1 
6 0.531915 0.087607 0.523505 0.00569 0.547126 0.603947 1 
6 0.553191 0.089768 0.518001 0.005852 0.556965 0.544298 1 
6 0.574468 0.089018 0.511604 0.005808 0.55101 0.542105 1 
6 0.595745 0.089918 0.504612 0.00586 0.54117 0.527193 1 
6 0.617021 0.088447 0.493157 0.005781 0.527447 0.531579 1 
6 0.638298 0.087997 0.497025 0.005766 0.515795 0.586404 1 
6 0.659574 0.088057 0.509967 0.005754 0.506473 0.592105 1 
6 0.680851 0.089618 0.524249 0.005837 0.50492 0.577632 1 
6 0.702128 0.088567 0.544035 0.005798 0.520456 0.544298 1 
6 0.723404 0.088297 0.563225 0.005829 0.540653 0.427193 1 
6 0.744681 0.089318 0.611128 0.005856 0.568358 0.467544 1 
6 0.765957 0.089138 0.622583 0.00586 0.58985 0.410526 1 
6 0.787234 0.088177 0.616483 0.005829 0.577939 0.557895 1 
6 0.808511 0.05245 0.556084 0.003492 0.548679 0.526754 0 
6 0.829787 0.043503 0.534067 0.002904 0.501813 0.533772 0 
6 0.851064 0.053861 0.510711 0.003596 0.479026 0.52807 0 
6 0.87234 0.044614 0.489586 0.002989 0.456758 0.537281 0 
6 0.893617 0.035187 0.459685 0.002358 0.420766 0.482456 0 
6 0.914894 0.038609 0.425617 0.002605 0.388918 0.422807 0 
6 0.93617 0.071815 0.466825 0.004784 0.379337 0.612719 1 
6 0.957447 0.058214 0.485867 0.00383 0.377007 0.603509 0 
6 0.978723 0.089708 0.503124 0.005922 0.494303 0.511404 1 
6 1 0.088687 0.494347 0.005847 0.496116 0.589912 1 
