4 0 0.044884 0.359119 0.003467 0.422915 0.414912 0 
4 0.021277 0.043533 0.295299 0.003467 0.422915 0.414912 0 
4 0.042553 0.043533 0.236537 0.003467 0.422915 0.414912 0 
4 0.06383 0.041431 0.199792 0.003467 0.422915 0.414912 0 
4 0.085106 0.041431 0.170187 0.003467 0.422915 0.414912 0 
4 0.106383 0.041431 0.151741 0.003467 0.422915 0.414912 0 
4 0.12766 0.041431 0.147426 0.003467 0.422915 0.414912 0 
4 0.148936 0.044374 0.143112 0.003467 0.422915 0.414912 0 
4 0.170213 0.043473 0.171229 0.003467 0.422915 0.414912 0 
4 0.191489 0.044884 0.210057 0.003467 0.422915 0.414912 0 
4 0.212766 0.045334 0.291282 0.003467 0.422915 0.414912 0 
4 0.234043 0.046505 0.376971 0.003467 0.422915 0.414912 0 
4 0.255319 0.047136 0.40479 0.003467 0.422915 0.414912 0 
4 0.276596 0.047136 0.465784 0.003467 0.422915 0.414912 0 
4 0.297872 0.047136 0.483636 0.003467 0.422915 0.414912 0 
4 0.319149 0.047136 0.496727 0.003467 0.422915 0.414912 0 
4 0.340426 0.057043 0.543291 0.003467 0.422915 0.414912 1 
4 0.361702 0.057043 0.559357 0.003467 0.422915 0.414912 1 
4 0.382979 0.061337 0.550729 0.003467 0.422915 0.414912 1 
4 0.404255 0.061337 0.543439 0.003467 0.422915 0.414912 1 
4 0.425532 0.057043 0.542696 0.003467 0.422915 0.414912 1 
4 0.446809 0.055062 0.536299 0.003467 0.422915 0.414912 1 
4 0.468085 0.055062 0.530497 0.003467 0.422915 0.414912 1 
4 0.489362 0.054041 0.526331 0.003467 0.422915 0.414912 1 
4 0.510638 0.054041 0.523802 0.003467 0.422915 0.414912 1 
4 0.531915 0.054041 0.523654 0.003467 0.422915 0.414912 1 
4 0.553191 0.048787 0.514133 0.003467 0.422915 0.414912 0 
4 0.574468 0.048787 0.50238 0.003467 0.422915 0.414912 0 
4 0.595745 0.047136 0.494793 0.003467 0.422915 0.414912 0 
4 0.617021 0.048787 0.496578 0.003467 0.422915 0.414912 0 
4 0.638298 0.048787 0.493008 0.003467 0.422915 0.414912 1 
4 0.659574 0.047136 0.496281 0.003467 0.422915 0.414912 0 
4 0.680851 0.047136 0.488248 0.003467 0.422915 0.414912 0 
4 0.702128 0.046535 0.491074 0.003467 0.422915 0.414912 0 
4 0.723404 0.048787 0.473222 0.003467 0.422915 0.414912 1 
4 0.744681 0.048787 0.463255 0.003467 0.422915 0.414912 1 
4 0.765957 0.046535 0.453734 0.003467 0.422915 0.414912 0 
4 0.787234 0.048787 0.464296 0.003467 0.422915 0.414912 1 
4 0.808511 0.055062 0.456561 0.003467 0.422915 0.414912 1 
4 0.829787 0.045334 0.434692 0.003467 0.422915 0.414912 0 
4 0.851064 0.045334 0.389319 0.003467 0.422915 0.414912 0 
4 0.87234 0.044884 0.349301 0.003467 0.422915 0.414912 0 
4 0.893617 0.044884 0.372359 0.003467 0.422915 0.414912 0 
4 0.914894 0.045334 0.390955 0.003467 0.422915 0.414912 0 
4 0.93617 0.045785 0.411931 0.003467 0.422915 0.414912 0 
4 0.957447 0.045785 0.410443 0.003467 0.422915 0.414912 0 
4 0.978723 0.046505 0.40003 0.003467 0.422915 0.414912 0 
4 1 0.045334 0.373698 0.003467 0.422915 0.414912 0 
