1 0 0.058394 0.237876 0.003467 0.422915 0.414912 0 
1 0.021277 0.058394 0.191163 0.003467 0.422915 0.414912 0 
1 0.042553 0.058394 0.16022 0.003467 0.422915 0.414912 0 
1 0.06383 0.067131 0.134186 0.003467 0.422915 0.414912 0 
1 0.085106 0.071394 0.1205 0.003467 0.422915 0.414912 0 
1 0.106383 0.071394 0.105028 0.003467 0.422915 0.414912 0 
1 0.12766 0.067131 0.108599 0.003467 0.422915 0.414912 0 
1 0.148936 0.073826 0.114549 0.003467 0.422915 0.414912 0 
1 0.170213 0.072715 0.13612 0.003467 0.422915 0.414912 0 
1 0.191489 0.071454 0.170634 0.003467 0.422915 0.414912 0 
1 0.212766 0.076888 0.231181 0.003467 0.422915 0.414912 1 
1 0.234043 0.072715 0.295299 0.003467 0.422915 0.414912 0 
1 0.255319 0.062297 0.319101 0.003467 0.422915 0.414912 0 
1 0.276596 0.062297 0.377417 0.003467 0.422915 0.414912 0 
1 0.297872 0.093821 0.415353 0.003467 0.422915 0.414912 1 
1 0.319149 0.093821 0.459685 0.003467 0.422915 0.414912 1 
1 0.340426 0.087667 0.525588 0.003467 0.422915 0.414912 1 
1 0.361702 0.106461 0.552812 0.003467 0.422915 0.414912 1 
1 0.382979 0.093821 0.564118 0.003467 0.422915 0.414912 1 
1 0.404255 0.084935 0.562481 0.003467 0.422915 0.414912 1 
1 0.425532 0.084935 0.563374 0.003467 0.422915 0.414912 1 
1 0.446809 0.093821 0.573639 0.003467 0.422915 0.414912 1 
1 0.468085 0.093821 0.572597 0.003467 0.422915 0.414912 1 
1 0.489362 0.093821 0.576763 0.003467 0.422915 0.414912 1 
1 0.510638 0.087667 0.584201 0.003467 0.422915 0.414912 1 
1 0.531915 0.093821 0.583457 0.003467 0.422915 0.414912 1 
1 0.553191 0.084935 0.586879 0.003467 0.422915 0.414912 1 
1 0.574468 0.093821 0.590003 0.003467 0.422915 0.414912 1 
1 0.595745 0.093821 0.589705 0.003467 0.422915 0.414912 1 
1 0.617021 0.093821 0.593127 0.003467 0.422915 0.414912 1 
1 0.638298 0.102738 0.599821 0.003467 0.422915 0.414912 1 
1 0.659574 0.108082 0.601904 0.003467 0.422915 0.414912 1 
1 0.680851 0.102738 0.584201 0.003467 0.422915 0.414912 1 
1 0.702128 0.102738 0.567986 0.003467 0.422915 0.414912 1 
1 0.723404 0.100276 0.529604 0.003467 0.422915 0.414912 1 
1 0.744681 0.087667 0.502083 0.003467 0.422915 0.414912 1 
1 0.765957 0.093821 0.466528 0.003467 0.422915 0.414912 1 
1 0.787234 0.093821 0.439453 0.003467 0.422915 0.414912 1 
1 0.808511 0.099075 0.440791 0.003467 0.422915 0.414912 1 
1 0.829787 0.099075 0.457602 0.003467 0.422915 0.414912 1 
1 0.851064 0.084935 0.442279 0.003467 0.422915 0.414912 1 
1 0.87234 0.100276 0.407914 0.003467 0.422915 0.414912 1 
1 0.893617 0.100276 0.433948 0.003467 0.422915 0.414912 1 
1 0.914894 0.093821 0.443023 0.003467 0.422915 0.414912 1 
1 0.93617 0.085115 0.455222 0.003467 0.422915 0.414912 0 
1 0.957447 0.085115 0.447486 0.003467 0.422915 0.414912 0 
1 0.978723 0.084935 0.430675 0.003467 0.422915 0.414912 0 
1 1 0.076018 0.399286 0.003467 0.422915 0.414912 0 
