3 0 0.087396 0.461024 0.005814 0.44666 0.592982 1 
3 0.021277 0.078059 0.441238 0.005208 0.417141 0.586842 1 
3 0.042553 0.086196 0.41208 0.005796 0.469446 0.524123 1 
3 0.06383 0.069233 0.354359 0.004767 0.44174 0.545614 0 
3 0.085106 0.055902 0.300952 0.003716 0.384516 0.561404 0 
3 0.106383 0.058334 0.249926 0.003851 0.341274 0.624561 0 
3 0.12766 0.049448 0.199643 0.003224 0.294148 0.676316 0 
3 0.148936 0.033596 0.178072 0.002196 0.254531 0.651754 0 
3 0.170213 0.02573 0.164683 0.001685 0.228897 0.675877 0 
3 0.191489 0.027321 0.163344 0.001793 0.214397 0.670175 0 
3 0.212766 0.029753 0.195478 0.001961 0.23304 0.684649 0 
3 0.234043 0.035997 0.241446 0.002376 0.254531 0.65614 0 
3 0.255319 0.055482 0.336805 0.003637 0.331952 0.636842 0 
3 0.276596 0.062357 0.428146 0.004152 0.390212 0.552193 0 
3 0.297872 0.049748 0.426659 0.003367 0.423097 0.405263 0 
3 0.319149 0.074577 0.481851 0.00505 0.486277 0.422807 1 
3 0.340426 0.081542 0.499256 0.00538 0.536251 0.435965 1 
3 0.361702 0.075027 0.503868 0.005093 0.556447 0.378947 1 
3 0.382979 0.087667 0.549093 0.005914 0.575608 0.326754 1 
3 0.404255 0.087426 0.559357 0.00585 0.557742 0.428509 1 
3 0.425532 0.087426 0.546712 0.005845 0.552305 0.433772 1 
3 0.446809 0.087426 0.537786 0.005847 0.555412 0.424123 1 
3 0.468085 0.088057 0.529902 0.005877 0.559037 0.384211 1 
3 0.489362 0.088117 0.523207 0.005858 0.556706 0.406579 1 
3 0.510638 0.087426 0.522464 0.005816 0.548421 0.425439 1 
3 0.531915 0.087426 0.51681 0.00581 0.540394 0.429386 1 
3 0.553191 0.087426 0.513538 0.005808 0.554894 0.417982 1 
3 0.574468 0.088717 0.511752 0.005887 0.548162 0.427632 1 
3 0.595745 0.089618 0.509223 0.005947 0.543242 0.437281 1 
3 0.617021 0.087426 0.495537 0.005837 0.533661 0.484649 1 
3 0.638298 0.087426 0.491669 0.005837 0.524081 0.486842 1 
3 0.659574 0.087426 0.495983 0.005847 0.523563 0.467105 1 
3 0.680851 0.087306 0.494644 0.005847 0.529259 0.480702 1 
3 0.702128 0.085535 0.502827 0.005737 0.541429 0.471053 1 
3 0.723404 0.080972 0.50476 0.00548 0.561108 0.42807 1 
3 0.744681 0.080911 0.548944 0.005513 0.594252 0.384211 1 
3 0.765957 0.087426 0.58792 0.005933 0.600725 0.389474 1 
3 0.787234 0.07893 0.581226 0.005366 0.5826 0.395614 1 
3 0.808511 0.042512 0.540464 0.00291 0.544019 0.358333 0 
3 0.829787 0.040381 0.500446 0.002759 0.501036 0.375439 0 
3 0.851064 0.038459 0.478875 0.002619 0.471517 0.345614 0 
3 0.87234 0.041582 0.460131 0.002835 0.44407 0.342544 0 
3 0.893617 0.030383 0.41803 0.002069 0.415847 0.403947 0 
3 0.914894 0.027081 0.38069 0.001816 0.379337 0.478509 0 
3 0.93617 0.081932 0.429337 0.005372 0.371828 0.604825 1 
3 0.957447 0.042752 0.444808 0.002817 0.359917 0.544298 0 
3 0.978723 0.087997 0.459982 0.00587 0.469446 0.469298 1 
3 1 0.047256 0.45909 0.003178 0.468151 0.534649 0 
