2 0 0.068032 0.428741 0.003467 0.422915 0.414912 0 
2 0.021277 0.068032 0.404493 0.003467 0.422915 0.414912 0 
2 0.042553 0.068032 0.37712 0.003467 0.422915 0.414912 0 
2 0.06383 0.06518 0.325796 0.003467 0.422915 0.414912 0 
2 0.085106 0.068032 0.267331 0.003467 0.422915 0.414912 0 
2 0.106383 0.066561 0.220619 0.003467 0.422915 0.414912 0 
2 0.12766 0.062898 0.187444 0.003467 0.422915 0.414912 0 
2 0.148936 0.057764 0.158881 0.003467 0.422915 0.414912 0 
2 0.170213 0.060586 0.145641 0.003467 0.422915 0.414912 0 
2 0.191489 0.058184 0.151741 0.003467 0.422915 0.414912 0 
2 0.212766 0.05281 0.181047 0.003467 0.422915 0.414912 0 
2 0.234043 0.05281 0.229098 0.003467 0.422915 0.414912 0 
2 0.255319 0.05281 0.320143 0.003467 0.422915 0.414912 0 
2 0.276596 0.049898 0.416394 0.003467 0.422915 0.414912 0 
2 0.297872 0.068362 0.41922 0.003467 0.422915 0.414912 0 
2 0.319149 0.056713 0.464445 0.003467 0.422915 0.414912 0 
2 0.340426 0.086105 0.481256 0.003467 0.422915 0.414912 1 
2 0.361702 0.068362 0.477983 0.003467 0.422915 0.414912 0 
2 0.382979 0.072235 0.51205 0.003467 0.422915 0.414912 0 
2 0.404255 0.072235 0.526331 0.003467 0.422915 0.414912 0 
2 0.425532 0.068362 0.516215 0.003467 0.422915 0.414912 0 
2 0.446809 0.064489 0.502083 0.003467 0.422915 0.414912 0 
2 0.468085 0.060586 0.500298 0.003467 0.422915 0.414912 0 
2 0.489362 0.060586 0.481256 0.003467 0.422915 0.414912 0 
2 0.510638 0.056713 0.467718 0.003467 0.422915 0.414912 0 
2 0.531915 0.064489 0.473073 0.003467 0.422915 0.414912 0 
2 0.553191 0.064489 0.47114 0.003467 0.422915 0.414912 0 
2 0.574468 0.064489 0.474115 0.003467 0.422915 0.414912 0 
2 0.595745 0.060586 0.468759 0.003467 0.422915 0.414912 0 
2 0.617021 0.060586 0.458494 0.003467 0.422915 0.414912 0 
2 0.638298 0.051489 0.451205 0.003467 0.422915 0.414912 0 
2 0.659574 0.051609 0.45909 0.003467 0.422915 0.414912 0 
2 0.680851 0.051939 0.459238 0.003467 0.422915 0.414912 0 
2 0.702128 0.051609 0.470098 0.003467 0.422915 0.414912 0 
2 0.723404 0.056713 0.489289 0.003467 0.422915 0.414912 0 
2 0.744681 0.111385 0.533918 0.003467 0.422915 0.414912 1 
2 0.765957 0.111385 0.576465 0.003467 0.422915 0.414912 1 
2 0.787234 0.102948 0.55668 0.003467 0.422915 0.414912 1 
2 0.808511 0.086105 0.505653 0.003467 0.422915 0.414912 1 
2 0.829787 0.068362 0.47352 0.003467 0.422915 0.414912 1 
2 0.851064 0.064489 0.45299 0.003467 0.422915 0.414912 0 
2 0.87234 0.064489 0.425766 0.003467 0.422915 0.414912 0 
2 0.893617 0.064489 0.394525 0.003467 0.422915 0.414912 0 
2 0.914894 0.060586 0.371764 0.003467 0.422915 0.414912 0 
2 0.93617 0.060586 0.420113 0.003467 0.422915 0.414912 0 
2 0.957447 0.05281 0.438262 0.003467 0.422915 0.414912 0 
2 0.978723 0.05215 0.455222 0.003467 0.422915 0.414912 0 
2 1 0.048967 0.448676 0.003467 0.422915 0.414912 0 
