7 0 0.073526 0.270455 0.003467 0.422915 0.414912 0 
7 0.021277 0.069443 0.234454 0.003467 0.422915 0.414912 0 
7 0.042553 0.060616 0.217941 0.003467 0.422915 0.414912 0 
7 0.06383 0.063468 0.170039 0.003467 0.422915 0.414912 0 
7 0.085106 0.063468 0.128979 0.003467 0.422915 0.414912 0 
7 0.106383 0.063468 0.098631 0.003467 0.422915 0.414912 0 
7 0.12766 0.063468 0.078102 0.003467 0.422915 0.414912 0 
7 0.148936 0.063468 0.062481 0.003467 0.422915 0.414912 0 
7 0.170213 0.06563 0.055341 0.003467 0.422915 0.414912 0 
7 0.191489 0.063468 0.050729 0.003467 0.422915 0.414912 0 
7 0.212766 0.063468 0.060399 0.003467 0.422915 0.414912 0 
7 0.234043 0.06563 0.063672 0.003467 0.422915 0.414912 0 
7 0.255319 0.06563 0.077358 0.003467 0.422915 0.414912 0 
7 0.276596 0.06563 0.104284 0.003467 0.422915 0.414912 0 
7 0.297872 0.068242 0.127492 0.003467 0.422915 0.414912 0 
7 0.319149 0.069443 0.176584 0.003467 0.422915 0.414912 0 
7 0.340426 0.07833 0.231776 0.003467 0.422915 0.414912 0 
7 0.361702 0.089558 0.271497 0.003467 0.422915 0.414912 1 
7 0.382979 0.086736 0.317763 0.003467 0.422915 0.414912 1 
7 0.404255 0.086736 0.342755 0.003467 0.422915 0.414912 1 
7 0.425532 0.089108 0.348706 0.003467 0.422915 0.414912 1 
7 0.446809 0.086736 0.337251 0.003467 0.422915 0.414912 1 
7 0.468085 0.089108 0.334573 0.003467 0.422915 0.414912 1 
7 0.489362 0.089108 0.32535 0.003467 0.422915 0.414912 1 
7 0.510638 0.081812 0.309432 0.003467 0.422915 0.414912 1 
7 0.531915 0.081812 0.296638 0.003467 0.422915 0.414912 1 
7 0.553191 0.07833 0.277447 0.003467 0.422915 0.414912 1 
7 0.574468 0.075718 0.258852 0.003467 0.422915 0.414912 0 
7 0.595745 0.075718 0.243826 0.003467 0.422915 0.414912 0 
7 0.617021 0.075718 0.23371 0.003467 0.422915 0.414912 1 
7 0.638298 0.075718 0.234157 0.003467 0.422915 0.414912 1 
7 0.659574 0.073526 0.236239 0.003467 0.422915 0.414912 0 
7 0.680851 0.075718 0.235644 0.003467 0.422915 0.414912 1 
7 0.702128 0.075718 0.251413 0.003467 0.422915 0.414912 1 
7 0.723404 0.081812 0.264058 0.003467 0.422915 0.414912 1 
7 0.744681 0.081812 0.314043 0.003467 0.422915 0.414912 1 
7 0.765957 0.10481 0.378608 0.003467 0.422915 0.414912 1 
7 0.787234 0.10565 0.440494 0.003467 0.422915 0.414912 1 
7 0.808511 0.10565 0.429932 0.003467 0.422915 0.414912 1 
7 0.829787 0.089108 0.411485 0.003467 0.422915 0.414912 1 
7 0.851064 0.089828 0.388724 0.003467 0.422915 0.414912 1 
7 0.87234 0.089108 0.380542 0.003467 0.422915 0.414912 1 
7 0.893617 0.089108 0.341416 0.003467 0.422915 0.414912 1 
7 0.914894 0.086736 0.302886 0.003467 0.422915 0.414912 1 
7 0.93617 0.086736 0.32163 0.003467 0.422915 0.414912 1 
7 0.957447 0.089108 0.325647 0.003467 0.422915 0.414912 1 
7 0.978723 0.086736 0.332342 0.003467 0.422915 0.414912 1 
7 1 0.075718 0.308093 0.003467 0.422915 0.414912 0 
