2 0 0.081632 0.589705 0.003467 0.422915 0.414912 1 
2 0.021277 0.081632 0.567688 0.003467 0.422915 0.414912 1 
2 0.042553 0.041642 0.544927 0.003467 0.422915 0.414912 0 
2 0.06383 0.041882 0.485272 0.003467 0.422915 0.414912 0 
2 0.085106 0.057794 0.423981 0.003467 0.422915 0.414912 0 
2 0.106383 0.056443 0.380095 0.003467 0.422915 0.414912 0 
2 0.12766 0.056443 0.330556 0.003467 0.422915 0.414912 0 
2 0.148936 0.056443 0.288158 0.003467 0.422915 0.414912 0 
2 0.170213 0.062357 0.264653 0.003467 0.422915 0.414912 0 
2 0.191489 0.062357 0.262124 0.003467 0.422915 0.414912 0 
2 0.212766 0.074457 0.290687 0.003467 0.422915 0.414912 1 
2 0.234043 0.07869 0.34216 0.003467 0.422915 0.414912 1 
2 0.255319 0.081632 0.458643 0.003467 0.422915 0.414912 1 
2 0.276596 0.103759 0.598185 0.003467 0.422915 0.414912 1 
2 0.297872 0.082082 0.645046 0.003467 0.422915 0.414912 1 
2 0.319149 0.103759 0.741148 0.003467 0.422915 0.414912 1 
2 0.340426 0.139816 0.766141 0.003467 0.422915 0.414912 1 
2 0.361702 0.1312 0.753347 0.003467 0.422915 0.414912 1 
2 0.382979 0.179236 0.766141 0.003467 0.422915 0.414912 1 
2 0.404255 0.179236 0.771348 0.003467 0.422915 0.414912 1 
2 0.425532 0.114387 0.741297 0.003467 0.422915 0.414912 1 
2 0.446809 0.103759 0.704701 0.003467 0.422915 0.414912 1 
2 0.468085 0.103759 0.681642 0.003467 0.422915 0.414912 1 
2 0.489362 0.097184 0.662303 0.003467 0.422915 0.414912 1 
2 0.510638 0.100456 0.64579 0.003467 0.422915 0.414912 1 
2 0.531915 0.113486 0.627492 0.003467 0.422915 0.414912 1 
2 0.553191 0.103759 0.615293 0.003467 0.422915 0.414912 1 
2 0.574468 0.161643 0.606813 0.003467 0.422915 0.414912 1 
2 0.595745 0.103759 0.599226 0.003467 0.422915 0.414912 1 
2 0.617021 0.103759 0.594615 0.003467 0.422915 0.414912 1 
2 0.638298 0.103759 0.594317 0.003467 0.422915 0.414912 1 
2 0.659574 0.103759 0.613954 0.003467 0.422915 0.414912 1 
2 0.680851 0.119461 0.651592 0.003467 0.422915 0.414912 1 
2 0.702128 0.151765 0.701428 0.003467 0.422915 0.414912 1 
2 0.723404 0.151765 0.795745 0.003467 0.422915 0.414912 1 
2 0.744681 0.151765 0.909997 0.003467 0.422915 0.414912 1 
2 0.765957 0.151765 0.922642 0.003467 0.422915 0.414912 1 
2 0.787234 0.151765 0.900922 0.003467 0.422915 0.414912 1 
2 0.808511 0.1312 0.857929 0.003467 0.422915 0.414912 1 
2 0.829787 0.119881 0.832193 0.003467 0.422915 0.414912 1 
2 0.851064 0.151765 0.798126 0.003467 0.422915 0.414912 1 
2 0.87234 0.1312 0.770158 0.003467 0.422915 0.414912 1 
2 0.893617 0.103759 0.708866 0.003467 0.422915 0.414912 1 
2 0.914894 0.103759 0.63017 0.003467 0.422915 0.414912 0 
2 0.93617 0.1312 0.639691 0.003467 0.422915 0.414912 1 
2 0.957447 0.103759 0.61812 0.003467 0.422915 0.414912 0 
2 0.978723 0.097184 0.614847 0.003467 0.422915 0.414912 0 
2 1 0.097184 0.611574 0.003467 0.422915 0.414912 0 
