3 0 0.05281 0.441833 0.003467 0.422915 0.414912 0 
3 0.021277 0.056713 0.418625 0.003467 0.422915 0.414912 0 
3 0.042553 0.060586 0.383666 0.003467 0.422915 0.414912 0 
3 0.06383 0.048967 0.336061 0.003467 0.422915 0.414912 0 
3 0.085106 0.046836 0.276406 0.003467 0.422915 0.414912 0 
3 0.106383 0.045304 0.234008 0.003467 0.422915 0.414912 0 
3 0.12766 0.044884 0.197858 0.003467 0.422915 0.414912 0 
3 0.148936 0.048967 0.167063 0.003467 0.422915 0.414912 0 
3 0.170213 0.050558 0.149807 0.003467 0.422915 0.414912 0 
3 0.191489 0.062748 0.155013 0.003467 0.422915 0.414912 1 
3 0.212766 0.062748 0.178072 0.003467 0.422915 0.414912 1 
3 0.234043 0.066561 0.228057 0.003467 0.422915 0.414912 1 
3 0.255319 0.073076 0.311217 0.003467 0.422915 0.414912 1 
3 0.276596 0.070494 0.410592 0.003467 0.422915 0.414912 1 
3 0.297872 0.073076 0.408509 0.003467 0.422915 0.414912 1 
3 0.319149 0.078269 0.458792 0.003467 0.422915 0.414912 1 
3 0.340426 0.081182 0.478578 0.003467 0.422915 0.414912 1 
3 0.361702 0.078269 0.47114 0.003467 0.422915 0.414912 1 
3 0.382979 0.073076 0.500298 0.003467 0.422915 0.414912 1 
3 0.404255 0.081122 0.515025 0.003467 0.422915 0.414912 1 
3 0.425532 0.078269 0.505951 0.003467 0.422915 0.414912 1 
3 0.446809 0.073076 0.489735 0.003467 0.422915 0.414912 1 
3 0.468085 0.062748 0.476049 0.003467 0.422915 0.414912 0 
3 0.489362 0.067942 0.469949 0.003467 0.422915 0.414912 1 
3 0.510638 0.062748 0.45909 0.003467 0.422915 0.414912 0 
3 0.531915 0.067942 0.454032 0.003467 0.422915 0.414912 1 
3 0.553191 0.057614 0.454924 0.003467 0.422915 0.414912 0 
3 0.574468 0.057614 0.455222 0.003467 0.422915 0.414912 0 
3 0.595745 0.057614 0.451949 0.003467 0.422915 0.414912 0 
3 0.617021 0.067942 0.442279 0.003467 0.422915 0.414912 1 
3 0.638298 0.06602 0.434841 0.003467 0.422915 0.414912 1 
3 0.659574 0.067942 0.441535 0.003467 0.422915 0.414912 1 
3 0.680851 0.078029 0.44094 0.003467 0.422915 0.414912 1 
3 0.702128 0.078269 0.448676 0.003467 0.422915 0.414912 1 
3 0.723404 0.067942 0.452098 0.003467 0.422915 0.414912 1 
3 0.744681 0.083403 0.497025 0.003467 0.422915 0.414912 1 
3 0.765957 0.126276 0.532282 0.003467 0.422915 0.414912 1 
3 0.787234 0.078269 0.519042 0.003467 0.422915 0.414912 1 
3 0.808511 0.078269 0.477834 0.003467 0.422915 0.414912 1 
3 0.829787 0.067942 0.445254 0.003467 0.422915 0.414912 1 
3 0.851064 0.078269 0.429039 0.003467 0.422915 0.414912 1 
3 0.87234 0.073076 0.416989 0.003467 0.422915 0.414912 1 
3 0.893617 0.073076 0.383517 0.003467 0.422915 0.414912 1 
3 0.914894 0.062748 0.353764 0.003467 0.422915 0.414912 0 
3 0.93617 0.073076 0.399435 0.003467 0.422915 0.414912 1 
3 0.957447 0.057614 0.426659 0.003467 0.422915 0.414912 0 
3 0.978723 0.067942 0.437519 0.003467 0.422915 0.414912 1 
3 1 0.067942 0.430973 0.003467 0.422915 0.414912 1 
