7 0 0.047676 0.395716 0.003147 0.393061 0.637719 1 
7 0.021277 0.043983 0.327581 0.002873 0.349819 0.672368 0 
7 0.042553 0.046445 0.26748 0.003049 0.407302 0.603947 1 
7 0.06383 0.043233 0.218536 0.002823 0.375712 0.713596 0 
7 0.085106 0.038639 0.170187 0.002501 0.315381 0.697807 0 
7 0.106383 0.036177 0.14936 0.002331 0.267478 0.724561 0 
7 0.12766 0.030533 0.131211 0.001971 0.232004 0.732456 0 
7 0.148936 0.023058 0.121541 0.001491 0.206629 0.744737 0 
7 0.170213 0.02609 0.128831 0.001683 0.200932 0.769298 0 
7 0.191489 0.02636 0.13731 0.001695 0.182807 0.794298 0 
7 0.212766 0.038129 0.170039 0.002437 0.196271 0.846053 0 
7 0.234043 0.041912 0.208718 0.002655 0.238995 0.817982 0 
7 0.255319 0.043383 0.246355 0.002788 0.297514 0.724123 0 
7 0.276596 0.05275 0.318209 0.003425 0.347229 0.730263 1 
7 0.297872 0.049838 0.369682 0.003199 0.353703 0.736842 1 
7 0.319149 0.047796 0.413865 0.003091 0.369498 0.747368 1 
7 0.340426 0.05326 0.453883 0.003423 0.394873 0.775877 1 
7 0.361702 0.058454 0.467718 0.003766 0.412222 0.75 1 
7 0.382979 0.082533 0.459536 0.004165 0.425945 0.72193 1 
7 0.404255 0.059805 0.451651 0.00388 0.437856 0.717105 1 
7 0.425532 0.063408 0.440494 0.004117 0.425427 0.700439 1 
7 0.446809 0.062748 0.431717 0.004088 0.443553 0.678509 1 
7 0.468085 0.050378 0.421154 0.003278 0.434231 0.652193 1 
7 0.489362 0.055512 0.406873 0.003614 0.431124 0.670175 1 
7 0.510638 0.063648 0.393187 0.004094 0.422061 0.707456 1 
7 0.531915 0.063198 0.3856 0.004046 0.404454 0.748684 1 
7 0.553191 0.044764 0.370723 0.00286 0.364319 0.75307 0 
7 0.574468 0.045575 0.36745 0.002921 0.372605 0.737281 0 
7 0.595745 0.047166 0.361202 0.003027 0.368462 0.72807 1 
7 0.617021 0.045154 0.359566 0.0029 0.358364 0.741667 0 
7 0.638298 0.046746 0.358822 0.00301 0.365355 0.737281 1 
7 0.659574 0.049267 0.360904 0.003151 0.376748 0.735965 1 
7 0.680851 0.044674 0.351235 0.002869 0.383739 0.708772 0 
7 0.702128 0.049177 0.359268 0.003182 0.38115 0.672807 1 
7 0.723404 0.044734 0.363136 0.00291 0.381409 0.665351 0 
7 0.744681 0.044794 0.369384 0.002906 0.363283 0.662719 0 
7 0.765957 0.044073 0.371764 0.002854 0.345158 0.740351 0 
7 0.787234 0.045184 0.39036 0.002908 0.336354 0.734211 0 
7 0.808511 0.045094 0.390806 0.002908 0.344122 0.710965 0 
7 0.829787 0.050709 0.378608 0.00327 0.35189 0.687719 1 
7 0.851064 0.045515 0.349152 0.002906 0.330399 0.713158 0 
7 0.87234 0.042903 0.325052 0.002661 0.31072 0.74386 0 
7 0.893617 0.043143 0.335317 0.002732 0.294666 0.753509 0 
7 0.914894 0.042542 0.336953 0.002709 0.267219 0.802632 0 
7 0.93617 0.042632 0.349152 0.002657 0.258415 0.818421 0 
7 0.957447 0.042632 0.327135 0.002705 0.268773 0.776754 0 
7 0.978723 0.044284 0.310622 0.002873 0.350337 0.582018 0 
7 1 0.043173 0.276852 0.002819 0.374417 0.656579 0 
