3 0 0.044134 0.49524 0.003467 0.422915 0.414912 0 
3 0.021277 0.044134 0.470247 0.003467 0.422915 0.414912 0 
3 0.042553 0.043983 0.448378 0.003467 0.422915 0.414912 0 
3 0.06383 0.043983 0.384409 0.003467 0.422915 0.414912 0 
3 0.085106 0.043983 0.331895 0.003467 0.422915 0.414912 0 
3 0.106383 0.043833 0.290241 0.003467 0.422915 0.414912 0 
3 0.12766 0.043833 0.245463 0.003467 0.422915 0.414912 0 
3 0.148936 0.043833 0.206932 0.003467 0.422915 0.414912 0 
3 0.170213 0.077999 0.190568 0.003467 0.422915 0.414912 1 
3 0.191489 0.082383 0.19042 0.003467 0.422915 0.414912 1 
3 0.212766 0.082383 0.217346 0.003467 0.422915 0.414912 1 
3 0.234043 0.082383 0.270306 0.003467 0.422915 0.414912 1 
3 0.255319 0.09199 0.379203 0.003467 0.422915 0.414912 1 
3 0.276596 0.099135 0.497025 0.003467 0.422915 0.414912 1 
3 0.297872 0.044134 0.52648 0.003467 0.422915 0.414912 0 
3 0.319149 0.089798 0.595805 0.003467 0.422915 0.414912 1 
3 0.340426 0.044134 0.608152 0.003467 0.422915 0.414912 0 
3 0.361702 0.043983 0.585986 0.003467 0.422915 0.414912 0 
3 0.382979 0.044134 0.605326 0.003467 0.422915 0.414912 0 
3 0.404255 0.044254 0.604582 0.003467 0.422915 0.414912 0 
3 0.425532 0.044134 0.575424 0.003467 0.422915 0.414912 0 
3 0.446809 0.043983 0.550431 0.003467 0.422915 0.414912 0 
3 0.468085 0.043983 0.524844 0.003467 0.422915 0.414912 0 
3 0.489362 0.043983 0.508926 0.003467 0.422915 0.414912 0 
3 0.510638 0.043983 0.494793 0.003467 0.422915 0.414912 0 
3 0.531915 0.043983 0.479173 0.003467 0.422915 0.414912 0 
3 0.553191 0.043983 0.473073 0.003467 0.422915 0.414912 0 
3 0.574468 0.043983 0.464445 0.003467 0.422915 0.414912 0 
3 0.595745 0.043833 0.451354 0.003467 0.422915 0.414912 0 
3 0.617021 0.043833 0.438709 0.003467 0.422915 0.414912 0 
3 0.638298 0.043833 0.435436 0.003467 0.422915 0.414912 0 
3 0.659574 0.043833 0.44704 0.003467 0.422915 0.414912 0 
3 0.680851 0.043983 0.467272 0.003467 0.422915 0.414912 0 
3 0.702128 0.044134 0.521422 0.003467 0.422915 0.414912 0 
3 0.723404 0.067852 0.612615 0.003467 0.422915 0.414912 1 
3 0.744681 0.044254 0.6928 0.003467 0.422915 0.414912 0 
3 0.765957 0.044254 0.687295 0.003467 0.422915 0.414912 0 
3 0.787234 0.044134 0.656352 0.003467 0.422915 0.414912 0 
3 0.808511 0.043983 0.62645 0.003467 0.422915 0.414912 0 
3 0.829787 0.043983 0.597888 0.003467 0.422915 0.414912 0 
3 0.851064 0.044134 0.580184 0.003467 0.422915 0.414912 0 
3 0.87234 0.044134 0.556233 0.003467 0.422915 0.414912 0 
3 0.893617 0.043983 0.502231 0.003467 0.422915 0.414912 0 
3 0.914894 0.043833 0.45537 0.003467 0.422915 0.414912 0 
3 0.93617 0.102648 0.491372 0.003467 0.422915 0.414912 1 
3 0.957447 0.044134 0.510116 0.003467 0.422915 0.414912 0 
3 0.978723 0.044134 0.505207 0.003467 0.422915 0.414912 0 
3 1 0.044134 0.508182 0.003467 0.422915 0.414912 0 
