2 0 0.045334 0.359863 0.003467 0.422915 0.414912 0 
2 0.021277 0.044884 0.296043 0.003467 0.422915 0.414912 0 
2 0.042553 0.044134 0.23609 0.003467 0.422915 0.414912 0 
2 0.06383 0.044134 0.202321 0.003467 0.422915 0.414912 0 
2 0.085106 0.043383 0.171824 0.003467 0.422915 0.414912 0 
2 0.106383 0.044884 0.150997 0.003467 0.422915 0.414912 0 
2 0.12766 0.044884 0.144451 0.003467 0.422915 0.414912 0 
2 0.148936 0.044884 0.152782 0.003467 0.422915 0.414912 0 
2 0.170213 0.045755 0.175245 0.003467 0.422915 0.414912 0 
2 0.191489 0.055242 0.218834 0.003467 0.422915 0.414912 1 
2 0.212766 0.060796 0.295299 0.003467 0.422915 0.414912 1 
2 0.234043 0.060796 0.387831 0.003467 0.422915 0.414912 1 
2 0.255319 0.060796 0.403898 0.003467 0.422915 0.414912 1 
2 0.276596 0.051039 0.46504 0.003467 0.422915 0.414912 0 
2 0.297872 0.055242 0.493157 0.003467 0.422915 0.414912 1 
2 0.319149 0.055242 0.508331 0.003467 0.422915 0.414912 1 
2 0.340426 0.071965 0.563225 0.003467 0.422915 0.414912 1 
2 0.361702 0.074336 0.587474 0.003467 0.422915 0.414912 1 
2 0.382979 0.074336 0.576317 0.003467 0.422915 0.414912 1 
2 0.404255 0.074336 0.569473 0.003467 0.422915 0.414912 1 
2 0.425532 0.073136 0.565903 0.003467 0.422915 0.414912 1 
2 0.446809 0.073136 0.557721 0.003467 0.422915 0.414912 1 
2 0.468085 0.073136 0.568134 0.003467 0.422915 0.414912 1 
2 0.489362 0.071965 0.570366 0.003467 0.422915 0.414912 1 
2 0.510638 0.074336 0.569176 0.003467 0.422915 0.414912 1 
2 0.531915 0.071965 0.563672 0.003467 0.422915 0.414912 1 
2 0.553191 0.06641 0.561589 0.003467 0.422915 0.414912 1 
2 0.574468 0.06641 0.561291 0.003467 0.422915 0.414912 1 
2 0.595745 0.06641 0.555787 0.003467 0.422915 0.414912 1 
2 0.617021 0.071965 0.559357 0.003467 0.422915 0.414912 1 
2 0.638298 0.071965 0.563374 0.003467 0.422915 0.414912 1 
2 0.659574 0.06641 0.56873 0.003467 0.422915 0.414912 1 
2 0.680851 0.06641 0.554597 0.003467 0.422915 0.414912 1 
2 0.702128 0.057043 0.5241 0.003467 0.422915 0.414912 1 
2 0.723404 0.060796 0.487206 0.003467 0.422915 0.414912 1 
2 0.744681 0.051039 0.468611 0.003467 0.422915 0.414912 0 
2 0.765957 0.055242 0.46504 0.003467 0.422915 0.414912 0 
2 0.787234 0.071965 0.490925 0.003467 0.422915 0.414912 1 
2 0.808511 0.071965 0.489884 0.003467 0.422915 0.414912 1 
2 0.829787 0.051039 0.470544 0.003467 0.422915 0.414912 0 
2 0.851064 0.049538 0.42889 0.003467 0.422915 0.414912 0 
2 0.87234 0.048037 0.391104 0.003467 0.422915 0.414912 0 
2 0.893617 0.049658 0.409699 0.003467 0.422915 0.414912 0 
2 0.914894 0.048817 0.417733 0.003467 0.422915 0.414912 0 
2 0.93617 0.051039 0.433502 0.003467 0.422915 0.414912 0 
2 0.957447 0.049538 0.428593 0.003467 0.422915 0.414912 0 
2 0.978723 0.049658 0.420411 0.003467 0.422915 0.414912 0 
2 1 0.049658 0.394823 0.003467 0.422915 0.414912 0 
