6 0 0.03972 0.486611 0.002678 0.372346 0.561842 0 
6 0.021277 0.032815 0.464891 0.002169 0.340238 0.558772 0 
6 0.042553 0.038669 0.425022 0.002534 0.385552 0.497807 0 
6 0.06383 0.037619 0.367301 0.002513 0.36898 0.527193 0 
6 0.085106 0.031194 0.306605 0.002065 0.330917 0.575 0 
6 0.106383 0.030413 0.259893 0.001984 0.29855 0.634211 0 
6 0.12766 0.027831 0.217644 0.001822 0.274469 0.693421 0 
6 0.148936 0.027381 0.19042 0.001789 0.268255 0.713158 0 
6 0.170213 0.02672 0.175692 0.001743 0.244951 0.673684 0 
6 0.191489 0.027321 0.177031 0.001784 0.234593 0.706579 0 
6 0.212766 0.027921 0.206932 0.001824 0.238477 0.71886 0 
6 0.234043 0.027171 0.255579 0.00178 0.259451 0.683333 0 
6 0.255319 0.027771 0.344838 0.001843 0.320041 0.590351 0 
6 0.276596 0.028972 0.441535 0.001961 0.396686 0.465789 0 
6 0.297872 0.028281 0.468908 0.001942 0.452615 0.395614 0 
6 0.319149 0.032935 0.534067 0.002285 0.513982 0.322807 0 
6 0.340426 0.034376 0.561738 0.002383 0.554635 0.310088 0 
6 0.361702 0.034376 0.557275 0.002376 0.545054 0.341228 0 
6 0.382979 0.029693 0.56873 0.002038 0.552305 0.332895 0 
6 0.404255 0.029392 0.575573 0.002009 0.564992 0.29693 0 
6 0.425532 0.029633 0.570217 0.002044 0.564733 0.264035 0 
6 0.446809 0.034616 0.557423 0.002408 0.556965 0.294298 0 
6 0.468085 0.029993 0.52767 0.002083 0.556965 0.288158 0 
6 0.489362 0.038009 0.543291 0.002648 0.556447 0.160526 1 
6 0.510638 0.040201 0.537191 0.002829 0.551787 0.261842 1 
6 0.531915 0.03969 0.528712 0.002777 0.540135 0.253509 1 
6 0.553191 0.0399 0.519786 0.002806 0.551528 0.208333 1 
6 0.574468 0.03981 0.51681 0.002798 0.547385 0.275439 1 
6 0.595745 0.036388 0.508182 0.002551 0.534438 0.272368 1 
6 0.617021 0.030113 0.490479 0.002108 0.51709 0.278509 0 
6 0.638298 0.032845 0.489735 0.0023 0.503884 0.290789 0 
6 0.659574 0.035667 0.501041 0.002493 0.494562 0.307895 0 
6 0.680851 0.034616 0.516364 0.00243 0.495598 0.347368 0 
6 0.702128 0.036418 0.551026 0.002518 0.503625 0.384649 1 
6 0.723404 0.036388 0.59402 0.002497 0.541947 0.330263 0 
6 0.744681 0.036177 0.625409 0.002476 0.596582 0.332018 1 
6 0.765957 0.031014 0.606367 0.0021 0.592698 0.290351 0 
6 0.787234 0.031404 0.577358 0.002115 0.559555 0.289474 0 
6 0.808511 0.029482 0.536745 0.001982 0.518902 0.342544 0 
6 0.829787 0.029152 0.50476 0.001969 0.491714 0.390789 0 
6 0.851064 0.029092 0.481553 0.001973 0.462455 0.437281 0 
6 0.87234 0.029092 0.464891 0.001978 0.42957 0.488158 0 
6 0.893617 0.027831 0.431568 0.001894 0.403159 0.504386 0 
6 0.914894 0.027171 0.396757 0.001847 0.37131 0.507456 0 
6 0.93617 0.029032 0.451205 0.001975 0.367426 0.527632 0 
6 0.957447 0.029182 0.474264 0.001965 0.353962 0.532895 0 
6 0.978723 0.115708 0.481404 0.007848 0.429052 0.547368 1 
6 1 0.066651 0.476198 0.004464 0.409891 0.605702 1 
