5 0 0.044884 0.353913 0.003467 0.422915 0.414912 0 
5 0.021277 0.044884 0.283844 0.003467 0.422915 0.414912 0 
5 0.042553 0.043473 0.232966 0.003467 0.422915 0.414912 0 
5 0.06383 0.043533 0.193544 0.003467 0.422915 0.414912 0 
5 0.085106 0.043473 0.155906 0.003467 0.422915 0.414912 0 
5 0.106383 0.044404 0.139393 0.003467 0.422915 0.414912 0 
5 0.12766 0.044884 0.129128 0.003467 0.422915 0.414912 0 
5 0.148936 0.043473 0.133145 0.003467 0.422915 0.414912 0 
5 0.170213 0.044884 0.1626 0.003467 0.422915 0.414912 0 
5 0.191489 0.044884 0.199197 0.003467 0.422915 0.414912 0 
5 0.212766 0.046505 0.277745 0.003467 0.422915 0.414912 0 
5 0.234043 0.054672 0.36507 0.003467 0.422915 0.414912 1 
5 0.255319 0.067071 0.391848 0.003467 0.422915 0.414912 1 
5 0.276596 0.067071 0.45061 0.003467 0.422915 0.414912 1 
5 0.297872 0.060856 0.473817 0.003467 0.422915 0.414912 1 
5 0.319149 0.047136 0.490479 0.003467 0.422915 0.414912 0 
5 0.340426 0.057043 0.535109 0.003467 0.422915 0.414912 1 
5 0.361702 0.057043 0.555936 0.003467 0.422915 0.414912 1 
5 0.382979 0.060856 0.553109 0.003467 0.422915 0.414912 1 
5 0.404255 0.067071 0.540613 0.003467 0.422915 0.414912 1 
5 0.425532 0.067071 0.541506 0.003467 0.422915 0.414912 1 
5 0.446809 0.060856 0.540018 0.003467 0.422915 0.414912 1 
5 0.468085 0.057043 0.535109 0.003467 0.422915 0.414912 1 
5 0.489362 0.060856 0.53734 0.003467 0.422915 0.414912 1 
5 0.510638 0.060856 0.536894 0.003467 0.422915 0.414912 1 
5 0.531915 0.057043 0.533323 0.003467 0.422915 0.414912 1 
5 0.553191 0.057043 0.519637 0.003467 0.422915 0.414912 1 
5 0.574468 0.054041 0.518001 0.003467 0.422915 0.414912 1 
5 0.595745 0.060046 0.520381 0.003467 0.422915 0.414912 1 
5 0.617021 0.060046 0.526778 0.003467 0.422915 0.414912 1 
5 0.638298 0.057043 0.522166 0.003467 0.422915 0.414912 1 
5 0.659574 0.054672 0.526629 0.003467 0.422915 0.414912 1 
5 0.680851 0.060046 0.50967 0.003467 0.422915 0.414912 1 
5 0.702128 0.054672 0.482594 0.003467 0.422915 0.414912 1 
5 0.723404 0.047136 0.443469 0.003467 0.422915 0.414912 0 
5 0.744681 0.046535 0.417435 0.003467 0.422915 0.414912 0 
5 0.765957 0.046535 0.406873 0.003467 0.422915 0.414912 0 
5 0.787234 0.054672 0.43008 0.003467 0.422915 0.414912 1 
5 0.808511 0.047136 0.420857 0.003467 0.422915 0.414912 0 
5 0.829787 0.045785 0.404641 0.003467 0.422915 0.414912 0 
5 0.851064 0.045334 0.375335 0.003467 0.422915 0.414912 0 
5 0.87234 0.045334 0.344243 0.003467 0.422915 0.414912 0 
5 0.893617 0.046535 0.371318 0.003467 0.422915 0.414912 0 
5 0.914894 0.045334 0.39274 0.003467 0.422915 0.414912 0 
5 0.93617 0.046505 0.419369 0.003467 0.422915 0.414912 0 
5 0.957447 0.046505 0.416691 0.003467 0.422915 0.414912 0 
5 0.978723 0.046505 0.404344 0.003467 0.422915 0.414912 0 
5 1 0.046505 0.376079 0.003467 0.422915 0.414912 0 
