7 0 0.088898 0.493008 0.005893 0.495598 0.469298 1 
7 0.021277 0.090038 0.481404 0.005874 0.468669 0.517105 1 
7 0.042553 0.089918 0.448974 0.005904 0.517349 0.480702 1 
7 0.06383 0.086796 0.394228 0.005737 0.494821 0.475439 1 
7 0.085106 0.077909 0.330854 0.005143 0.452356 0.488158 1 
7 0.106383 0.061277 0.277596 0.004055 0.413257 0.530263 0 
7 0.12766 0.043983 0.228057 0.002904 0.37131 0.574123 0 
7 0.148936 0.036838 0.195329 0.002437 0.33739 0.554386 0 
7 0.170213 0.034196 0.171526 0.002258 0.310461 0.614912 0 
7 0.191489 0.033896 0.162303 0.002229 0.289228 0.630263 0 
7 0.212766 0.035037 0.172865 0.002304 0.280684 0.642982 0 
7 0.234043 0.042062 0.194139 0.002752 0.28405 0.685526 0 
7 0.255319 0.044794 0.223445 0.002921 0.302952 0.69386 0 
7 0.276596 0.049898 0.268819 0.003261 0.323149 0.674123 0 
7 0.297872 0.055572 0.321928 0.003621 0.313309 0.689474 0 
7 0.319149 0.077669 0.40717 0.005079 0.348265 0.699123 1 
7 0.340426 0.087847 0.476644 0.005623 0.389177 0.669298 1 
7 0.361702 0.089168 0.519488 0.005638 0.415847 0.661842 1 
7 0.382979 0.090068 0.560399 0.005642 0.429829 0.636842 1 
7 0.404255 0.090068 0.571705 0.005617 0.426981 0.652632 1 
7 0.425532 0.09226 0.555043 0.005754 0.416106 0.651754 1 
7 0.446809 0.09229 0.542249 0.005733 0.401864 0.672807 1 
7 0.468085 0.094212 0.515323 0.00585 0.39073 0.70307 1 
7 0.489362 0.09256 0.505504 0.005715 0.380373 0.733772 1 
7 0.510638 0.09184 0.491074 0.005663 0.363542 0.729825 1 
7 0.531915 0.090068 0.476941 0.005544 0.35448 0.716228 1 
7 0.553191 0.090849 0.461321 0.005602 0.366649 0.763596 1 
7 0.574468 0.090038 0.447932 0.005357 0.353703 0.825877 1 
7 0.595745 0.090038 0.442874 0.005353 0.352149 0.832456 1 
7 0.617021 0.087426 0.432312 0.005212 0.345158 0.832456 1 
7 0.638298 0.087426 0.442577 0.005206 0.352926 0.858333 1 
7 0.659574 0.089618 0.459685 0.005206 0.346453 0.858333 1 
7 0.680851 0.089168 0.480958 0.005206 0.341533 0.858333 1 
7 0.702128 0.090459 0.535555 0.005465 0.359917 0.796053 1 
7 0.723404 0.091089 0.579143 0.005557 0.399534 0.760526 1 
7 0.744681 0.097514 0.664088 0.00602 0.467374 0.648246 1 
7 0.765957 0.099225 0.692205 0.006282 0.539876 0.498246 1 
7 0.787234 0.099195 0.670931 0.006427 0.534438 0.521491 1 
7 0.808511 0.097484 0.631508 0.006234 0.501813 0.508333 1 
7 0.829787 0.096703 0.593573 0.006134 0.474366 0.575439 1 
7 0.851064 0.095352 0.569325 0.006005 0.453651 0.590789 1 
7 0.87234 0.093191 0.546564 0.005831 0.425686 0.628947 1 
7 0.893617 0.090068 0.515025 0.005625 0.40782 0.659649 1 
7 0.914894 0.090038 0.487801 0.005627 0.386328 0.690351 1 
7 0.93617 0.090038 0.504612 0.005629 0.375194 0.698684 1 
7 0.957447 0.091269 0.499405 0.005756 0.371051 0.675 1 
7 0.978723 0.094332 0.491818 0.006032 0.451579 0.557895 1 
7 1 0.090849 0.451205 0.00585 0.460901 0.57807 1 
