7 0 0.085565 0.47114 0.005677 0.457794 0.605702 1 
7 0.021277 0.064339 0.45299 0.004279 0.419472 0.626754 0 
7 0.042553 0.076498 0.417138 0.0051 0.454687 0.540789 1 
7 0.06383 0.070434 0.358673 0.004697 0.424909 0.589474 1 
7 0.085106 0.060226 0.290687 0.00397 0.3739 0.642544 0 
7 0.106383 0.046475 0.241 0.003024 0.329881 0.691667 0 
7 0.12766 0.043623 0.191312 0.002827 0.2768 0.682895 0 
7 0.148936 0.036808 0.158137 0.002405 0.240549 0.651754 0 
7 0.170213 0.031014 0.13612 0.002027 0.207405 0.687719 0 
7 0.191489 0.031884 0.127194 0.002077 0.191093 0.710088 0 
7 0.212766 0.031644 0.13493 0.002061 0.189539 0.731579 0 
7 0.234043 0.032275 0.153377 0.0021 0.189798 0.755702 0 
7 0.255319 0.045334 0.191312 0.002946 0.229674 0.727193 0 
7 0.276596 0.036688 0.235198 0.002389 0.240808 0.710965 0 
7 0.297872 0.05299 0.28429 0.003384 0.252978 0.760965 0 
7 0.319149 0.085685 0.353169 0.004449 0.290523 0.785088 1 
7 0.340426 0.080701 0.408658 0.00435 0.319524 0.730263 1 
7 0.361702 0.086826 0.454924 0.005498 0.36173 0.735526 1 
7 0.382979 0.087907 0.494496 0.005374 0.380891 0.775439 1 
7 0.404255 0.089528 0.507885 0.005503 0.374676 0.777632 1 
7 0.425532 0.087366 0.483338 0.005474 0.374676 0.764912 1 
7 0.446809 0.086826 0.464594 0.005459 0.374158 0.775877 1 
7 0.468085 0.086826 0.447337 0.005476 0.363024 0.787281 1 
7 0.489362 0.086826 0.429783 0.005511 0.366132 0.748684 1 
7 0.510638 0.086826 0.414758 0.005301 0.350854 0.765351 1 
7 0.531915 0.086826 0.400922 0.005368 0.33972 0.76886 1 
7 0.553191 0.086826 0.386938 0.005521 0.347229 0.770614 1 
7 0.574468 0.086826 0.366706 0.005021 0.339461 0.787281 1 
7 0.595745 0.086826 0.353169 0.005424 0.327809 0.757895 1 
7 0.617021 0.068212 0.335168 0.004383 0.305541 0.785088 0 
7 0.638298 0.071995 0.329813 0.004632 0.308907 0.78114 1 
7 0.659574 0.054732 0.330705 0.003515 0.308389 0.782895 0 
7 0.680851 0.059986 0.337846 0.003768 0.307872 0.766228 0 
7 0.702128 0.054491 0.355698 0.003523 0.317193 0.714035 0 
7 0.723404 0.058184 0.375781 0.003774 0.329881 0.730702 0 
7 0.744681 0.072895 0.433353 0.004447 0.363024 0.699561 1 
7 0.765957 0.086826 0.476941 0.005638 0.413516 0.671053 1 
7 0.787234 0.086826 0.486314 0.005642 0.450026 0.613158 1 
7 0.808511 0.073826 0.453734 0.004836 0.438633 0.616667 1 
7 0.829787 0.068542 0.408956 0.004501 0.411704 0.625439 1 
7 0.851064 0.05257 0.383814 0.003427 0.378819 0.652632 0 
7 0.87234 0.051099 0.36507 0.003326 0.366908 0.635088 0 
7 0.893617 0.048997 0.345433 0.003195 0.343604 0.670175 0 
7 0.914894 0.043203 0.326837 0.002829 0.328068 0.630702 0 
7 0.93617 0.075657 0.360756 0.004933 0.322631 0.689035 1 
7 0.957447 0.044344 0.366111 0.002916 0.325997 0.612719 0 
7 0.978723 0.074457 0.372657 0.004956 0.411704 0.544298 1 
7 1 0.048427 0.348706 0.003232 0.404713 0.535526 0 
