5 0 0.036448 0.506099 0.002142 0.424909 0.62193 1 
5 0.021277 0.031494 0.478429 0.001963 0.39332 0.575877 0 
5 0.042553 0.032815 0.447635 0.002137 0.44899 0.51886 1 
5 0.06383 0.030263 0.390658 0.001948 0.436561 0.546491 0 
5 0.085106 0.028522 0.328474 0.001884 0.394614 0.538596 0 
5 0.106383 0.029122 0.284885 0.001834 0.362765 0.568421 0 
5 0.12766 0.027981 0.237578 0.001832 0.334801 0.657018 0 
5 0.148936 0.027771 0.208866 0.001813 0.323149 0.685965 0 
5 0.170213 0.025609 0.193246 0.00167 0.306577 0.7 0 
5 0.191489 0.025519 0.194734 0.001664 0.299845 0.710965 0 
5 0.212766 0.02618 0.219726 0.00171 0.300104 0.696053 0 
5 0.234043 0.02576 0.268373 0.001691 0.31797 0.642544 0 
5 0.255319 0.028462 0.36388 0.001892 0.393061 0.515351 0 
5 0.276596 0.029933 0.460875 0.002029 0.474366 0.385088 0 
5 0.297872 0.032545 0.515472 0.002243 0.521491 0.375439 1 
5 0.319149 0.029633 0.589259 0.002061 0.58985 0.30307 0 
5 0.340426 0.029002 0.603987 0.002027 0.615743 0.366667 0 
5 0.361702 0.028942 0.592532 0.002017 0.61652 0.325877 0 
5 0.382979 0.028942 0.595359 0.002029 0.606422 0.360088 0 
5 0.404255 0.028942 0.586433 0.002044 0.595028 0.413596 0 
5 0.425532 0.028942 0.583755 0.002044 0.577162 0.417544 0 
5 0.446809 0.028942 0.568581 0.00204 0.568876 0.420175 0 
5 0.468085 0.028972 0.561886 0.002015 0.561108 0.366667 0 
5 0.489362 0.029032 0.558167 0.002005 0.552563 0.348246 0 
5 0.510638 0.029062 0.546861 0.002005 0.534179 0.408333 0 
5 0.531915 0.028942 0.540464 0.002002 0.530295 0.383772 0 
5 0.553191 0.028942 0.536447 0.002015 0.542206 0.399123 0 
5 0.574468 0.028582 0.528712 0.001994 0.540394 0.359649 0 
5 0.595745 0.027231 0.520827 0.001903 0.531072 0.37807 0 
5 0.617021 0.027141 0.50967 0.001886 0.530554 0.404825 0 
5 0.638298 0.027141 0.498512 0.001884 0.515277 0.416228 0 
5 0.659574 0.027141 0.507885 0.001878 0.511911 0.428947 0 
5 0.680851 0.027741 0.523654 0.00193 0.508545 0.391667 0 
5 0.702128 0.028702 0.559952 0.002013 0.526929 0.429825 0 
5 0.723404 0.031824 0.640881 0.002223 0.584671 0.377193 1 
5 0.744681 0.030473 0.70723 0.002088 0.663128 0.325439 1 
5 0.765957 0.029753 0.705742 0.002013 0.646556 0.345175 1 
5 0.787234 0.029873 0.681345 0.002011 0.604609 0.324123 1 
5 0.808511 0.029843 0.648468 0.002002 0.564733 0.321491 1 
5 0.829787 0.029482 0.623178 0.001992 0.542724 0.338596 1 
5 0.851064 0.029422 0.605475 0.001996 0.520715 0.382018 1 
5 0.87234 0.029212 0.582416 0.00199 0.49767 0.439474 1 
5 0.893617 0.028432 0.541952 0.001944 0.459347 0.489474 0 
5 0.914894 0.027141 0.494347 0.001853 0.435008 0.526754 0 
5 0.93617 0.027471 0.523207 0.001872 0.40523 0.578509 0 
5 0.957447 0.027561 0.531389 0.001863 0.383739 0.560526 0 
5 0.978723 0.029092 0.529902 0.001971 0.446142 0.501316 1 
5 1 0.030683 0.519042 0.00205 0.428017 0.57193 1 
