6 0 0.030623 0.41565 0.002094 0.377525 0.404386 1 
6 0.021277 0.030023 0.399435 0.002042 0.345935 0.47807 1 
6 0.042553 0.030323 0.361648 0.002059 0.394873 0.40307 1 
6 0.06383 0.030413 0.309283 0.002065 0.363801 0.392105 1 
6 0.085106 0.029032 0.246206 0.001959 0.32755 0.45614 0 
6 0.106383 0.027891 0.207974 0.00187 0.282237 0.495614 0 
6 0.12766 0.02678 0.170783 0.001791 0.241326 0.555702 0 
6 0.148936 0.024739 0.149212 0.001649 0.214656 0.602632 0 
6 0.170213 0.027561 0.1385 0.001843 0.200414 0.598684 0 
6 0.191489 0.025309 0.138352 0.001695 0.183843 0.624561 0 
6 0.212766 0.02666 0.159625 0.001784 0.188762 0.600439 0 
6 0.234043 0.028552 0.198155 0.001924 0.214656 0.532018 0 
6 0.255319 0.029512 0.279976 0.002002 0.279907 0.430263 0 
6 0.276596 0.037979 0.346772 0.002599 0.348265 0.334211 1 
6 0.297872 0.029633 0.336358 0.002025 0.365614 0.369298 0 
6 0.319149 0.037769 0.396906 0.002607 0.431901 0.248246 1 
6 0.340426 0.035217 0.435287 0.002424 0.473589 0.315789 1 
6 0.361702 0.063798 0.458494 0.004356 0.50492 0.330702 1 
6 0.382979 0.124294 0.515174 0.008434 0.514759 0.392544 1 
6 0.404255 0.147022 0.533323 0.00994 0.504143 0.452632 1 
6 0.425532 0.11793 0.528414 0.007972 0.504661 0.467544 1 
6 0.446809 0.107722 0.518149 0.007285 0.509581 0.465789 1 
6 0.468085 0.100667 0.515025 0.006824 0.506991 0.446491 1 
6 0.489362 0.069623 0.510414 0.00472 0.481616 0.411842 1 
6 0.510638 0.073346 0.503719 0.004973 0.504143 0.445614 1 
6 0.531915 0.072295 0.498215 0.0049 0.491714 0.432456 1 
6 0.553191 0.071484 0.487057 0.004863 0.505955 0.399561 1 
6 0.574468 0.059265 0.477388 0.004042 0.494821 0.364474 1 
6 0.595745 0.071214 0.470842 0.004867 0.479026 0.392982 1 
6 0.617021 0.057884 0.461916 0.003974 0.460124 0.359649 1 
6 0.638298 0.06515 0.448527 0.004481 0.447954 0.331579 1 
6 0.659574 0.060676 0.445849 0.004177 0.443035 0.303509 1 
6 0.680851 0.048847 0.432609 0.003367 0.428793 0.314474 1 
6 0.702128 0.048877 0.429634 0.003367 0.42724 0.310088 1 
6 0.723404 0.034856 0.421749 0.00241 0.438633 0.247807 0 
6 0.744681 0.037108 0.436626 0.00257 0.456758 0.296491 0 
6 0.765957 0.074997 0.462214 0.005174 0.474366 0.323684 1 
6 0.787234 0.115588 0.480809 0.007939 0.516831 0.333333 1 
6 0.808511 0.049898 0.442577 0.003434 0.510616 0.280263 0 
6 0.829787 0.030413 0.415055 0.002092 0.490678 0.260965 0 
6 0.851064 0.029633 0.393187 0.002027 0.46116 0.326754 0 
6 0.87234 0.028101 0.360309 0.001913 0.43216 0.35 0 
6 0.893617 0.027501 0.336656 0.001867 0.398498 0.416228 0 
6 0.914894 0.02678 0.306456 0.001811 0.371569 0.432018 0 
6 0.93617 0.029242 0.372657 0.00198 0.365355 0.423246 0 
6 0.957447 0.029723 0.412526 0.002021 0.36406 0.414912 0 
6 0.978723 0.032275 0.43008 0.002204 0.455463 0.29693 0 
6 1 0.030924 0.430824 0.002119 0.448472 0.361842 0 
