4 0 0.077639 0.515472 0.00533 0.390989 0.365351 0 
4 0.021277 0.047496 0.492859 0.003253 0.359917 0.365351 0 
4 0.042553 0.06542 0.467867 0.004489 0.418436 0.28114 0 
4 0.06383 0.054341 0.408063 0.003716 0.39565 0.351316 0 
4 0.085106 0.040291 0.347218 0.002744 0.350854 0.342544 0 
4 0.106383 0.034526 0.297382 0.002354 0.300363 0.399561 0 
4 0.12766 0.031854 0.245016 0.002164 0.269032 0.457456 0 
4 0.148936 0.030023 0.214966 0.002034 0.242879 0.527632 0 
4 0.170213 0.027831 0.192353 0.001884 0.219316 0.55614 0 
4 0.191489 0.027261 0.189081 0.001845 0.213361 0.592105 0 
4 0.212766 0.028402 0.218536 0.001917 0.218799 0.541667 0 
4 0.234043 0.029843 0.271348 0.002009 0.247281 0.498246 0 
4 0.255319 0.032575 0.373103 0.002208 0.305541 0.418421 0 
4 0.276596 0.040411 0.487206 0.002748 0.370016 0.45 0 
4 0.297872 0.034977 0.506099 0.002387 0.391766 0.421053 0 
4 0.319149 0.054672 0.585689 0.003741 0.448731 0.389912 0 
4 0.340426 0.063168 0.616929 0.004346 0.491455 0.297368 0 
4 0.361702 0.089258 0.626302 0.00614 0.506732 0.277193 0 
4 0.382979 0.244025 0.668105 0.016651 0.496116 0.417105 1 
4 0.404255 0.245887 0.684469 0.016672 0.483169 0.455263 1 
4 0.425532 0.192626 0.67346 0.013132 0.47333 0.454386 1 
4 0.446809 0.2101 0.661559 0.014283 0.465562 0.484211 1 
4 0.468085 0.214543 0.649955 0.014559 0.466598 0.461404 1 
4 0.489362 0.196439 0.642071 0.013317 0.458571 0.482895 1 
4 0.510638 0.174373 0.637905 0.011849 0.445883 0.46886 1 
4 0.531915 0.133001 0.623624 0.009055 0.436561 0.475 1 
4 0.553191 0.121112 0.611276 0.008251 0.446919 0.460526 1 
4 0.574468 0.085715 0.601607 0.005841 0.447437 0.482895 0 
4 0.595745 0.090068 0.605921 0.006124 0.447178 0.526316 0 
4 0.617021 0.069443 0.593127 0.004717 0.437856 0.514035 0 
4 0.638298 0.068122 0.598185 0.004622 0.433972 0.528947 0 
4 0.659574 0.072715 0.625409 0.004923 0.431642 0.608333 0 
4 0.680851 0.07845 0.651145 0.005285 0.426722 0.652632 0 
4 0.702128 0.120031 0.685213 0.007773 0.423615 0.670614 1 
4 0.723404 0.163624 0.718536 0.010991 0.43449 0.683333 1 
4 0.744681 0.186652 0.767331 0.012507 0.442776 0.673246 1 
4 0.765957 0.159601 0.801845 0.010687 0.452356 0.660088 1 
4 0.787234 0.178005 0.790836 0.011955 0.490161 0.561404 1 
4 0.808511 0.145911 0.746504 0.009879 0.479544 0.517982 1 
4 0.829787 0.102468 0.709313 0.006988 0.456758 0.502193 1 
4 0.851064 0.069233 0.672865 0.004747 0.438115 0.489912 0 
4 0.87234 0.081212 0.642517 0.005517 0.423097 0.583772 0 
4 0.893617 0.046866 0.589705 0.003191 0.400052 0.527193 0 
4 0.914894 0.033145 0.527968 0.002277 0.37623 0.523246 0 
4 0.93617 0.038009 0.558316 0.002594 0.348783 0.569298 0 
4 0.957447 0.034556 0.558614 0.002366 0.337908 0.539035 0 
4 0.978723 0.0393 0.54582 0.002696 0.421543 0.408333 0 
4 1 0.038609 0.530794 0.002657 0.419731 0.431579 0 
