6 0 0.040201 0.521422 0.001273 0.415329 0.736404 0 
6 0.021277 0.032965 0.501488 0.001633 0.372605 0.765789 0 
6 0.042553 0.037048 0.472181 0.002275 0.418954 0.765789 0 
6 0.06383 0.030924 0.411633 0.001768 0.396168 0.765789 0 
6 0.085106 0.02606 0.356739 0.001595 0.34697 0.750877 0 
6 0.106383 0.020235 0.312853 0.000976 0.294148 0.762281 0 
6 0.12766 0.01291 0.264058 0.000825 0.241326 0.617544 0 
6 0.148936 0.006725 0.228801 0.000436 0.19912 0.565351 0 
6 0.170213 0.004503 0.214371 0.000295 0.174262 0.575439 0 
6 0.191489 0 0.213032 0 0.154842 0.561404 0 
6 0.212766 0.008707 0.241297 0.000567 0.17245 0.595175 0 
6 0.234043 0.014351 0.288307 0.000929 0.203004 0.623246 0 
6 0.255319 0.029422 0.391848 0.001643 0.286639 0.765789 0 
6 0.276596 0.036658 0.498661 0.002356 0.376748 0.714035 0 
6 0.297872 0.02681 0.522166 0.001791 0.426204 0.56886 0 
6 0.319149 0.042092 0.587623 0.002833 0.497411 0.527632 0 
6 0.340426 0.043983 0.611425 0.002991 0.524081 0.496491 0 
6 0.361702 0.044224 0.603838 0.003054 0.523304 0.460088 1 
6 0.382979 0.043653 0.632401 0.003041 0.531331 0.474561 1 
6 0.404255 0.043653 0.63493 0.003024 0.527447 0.567982 1 
6 0.425532 0.043653 0.608599 0.003 0.522527 0.582895 1 
6 0.446809 0.043653 0.583755 0.002989 0.519161 0.596053 1 
6 0.468085 0.043653 0.570663 0.002993 0.518125 0.548246 1 
6 0.489362 0.043653 0.56025 0.002993 0.510616 0.538596 1 
6 0.510638 0.043653 0.551622 0.003012 0.497929 0.492544 1 
6 0.531915 0.043653 0.539572 0.003008 0.494562 0.487719 1 
6 0.553191 0.043653 0.534662 0.003006 0.508286 0.45614 1 
6 0.574468 0.043653 0.520678 0.003008 0.505697 0.471491 1 
6 0.595745 0.043473 0.511455 0.003012 0.498446 0.452193 1 
6 0.617021 0.043653 0.504017 0.003006 0.502589 0.480263 1 
6 0.638298 0.043233 0.499554 0.002989 0.476178 0.524123 1 
6 0.659574 0.043653 0.51443 0.002987 0.467374 0.537719 1 
6 0.680851 0.043653 0.542993 0.003 0.473071 0.505263 1 
6 0.702128 0.043623 0.585094 0.003018 0.500259 0.45 1 
6 0.723404 0.043623 0.628979 0.003049 0.56318 0.326316 1 
6 0.744681 0.045124 0.663047 0.003195 0.612895 0.305702 1 
6 0.765957 0.043953 0.633145 0.003101 0.596323 0.325439 1 
6 0.787234 0.043653 0.598036 0.003043 0.556965 0.425 1 
6 0.808511 0.043653 0.558316 0.003016 0.523822 0.462719 1 
6 0.829787 0.043653 0.526629 0.002995 0.495339 0.515351 1 
6 0.851064 0.043653 0.501785 0.00297 0.464267 0.549561 1 
6 0.87234 0.043623 0.481851 0.002956 0.451579 0.568421 1 
6 0.893617 0.043443 0.469801 0.002927 0.415329 0.642982 1 
6 0.914894 0.038789 0.442874 0.002597 0.387623 0.658333 1 
6 0.93617 0.040501 0.494793 0.002655 0.379596 0.682895 1 
6 0.957447 0.0396 0.522017 0.002586 0.383221 0.727193 1 
6 0.978723 0.042542 0.533323 0.002765 0.483946 0.574123 1 
6 1 0.03927 0.519339 0.002538 0.470741 0.653947 1 
