1 0 0.033115 0.393335 0.002291 0.351631 0.408772 0 
1 0.021277 0.033265 0.353317 0.002289 0.323925 0.410965 0 
1 0.042553 0.040741 0.31687 0.002821 0.370016 0.305702 1 
1 0.06383 0.033145 0.278489 0.0023 0.340756 0.368421 0 
1 0.085106 0.033115 0.239512 0.002287 0.290782 0.45614 0 
1 0.106383 0.033025 0.201428 0.00227 0.249871 0.504386 0 
1 0.12766 0.033025 0.173758 0.00226 0.218799 0.588596 0 
1 0.148936 0.030083 0.148914 0.002048 0.183066 0.62807 0 
1 0.170213 0.028552 0.137905 0.001944 0.157949 0.639035 0 
1 0.191489 0.028552 0.129723 0.001944 0.13361 0.65614 0 
1 0.212766 0.028552 0.127046 0.00194 0.120663 0.663596 0 
1 0.234043 0.028552 0.135376 0.001942 0.113931 0.669298 0 
1 0.255319 0.028552 0.157542 0.001944 0.110306 0.671491 0 
1 0.276596 0.030083 0.18075 0.002052 0.117297 0.661404 0 
1 0.297872 0.031074 0.217644 0.002113 0.093216 0.72193 0 
1 0.319149 0.032455 0.27953 0.001749 0.106422 0.703509 0 
1 0.340426 0.033025 0.354359 0.001973 0.14552 0.669298 0 
1 0.361702 0.033115 0.428295 0.002223 0.178923 0.642105 0 
1 0.382979 0.032575 0.491669 0.002167 0.211031 0.665351 0 
1 0.404255 0.033145 0.536894 0.002196 0.218281 0.668421 0 
1 0.425532 0.03897 0.539423 0.002611 0.229415 0.628509 1 
1 0.446809 0.033325 0.525885 0.002258 0.220352 0.613596 0 
1 0.468085 0.033265 0.50238 0.002264 0.227602 0.612281 0 
1 0.489362 0.033295 0.487504 0.00226 0.227343 0.602632 0 
1 0.510638 0.033295 0.46147 0.00226 0.236924 0.569298 0 
1 0.531915 0.033205 0.432163 0.002252 0.228897 0.610088 0 
1 0.553191 0.033085 0.392889 0.002239 0.237701 0.621491 0 
1 0.574468 0.033025 0.362392 0.002237 0.236924 0.60614 0 
1 0.595745 0.033025 0.340524 0.002233 0.231745 0.659211 0 
1 0.617021 0.033025 0.320292 0.002235 0.222165 0.655702 0 
1 0.638298 0.033025 0.31449 0.002231 0.222424 0.651754 0 
1 0.659574 0.033025 0.321333 0.002231 0.221129 0.660526 0 
1 0.680851 0.032755 0.332639 0.002206 0.231745 0.65 0 
1 0.702128 0.033025 0.377864 0.002223 0.254013 0.594298 0 
1 0.723404 0.032154 0.45418 0.002154 0.31564 0.536842 0 
1 0.744681 0.035937 0.582416 0.002378 0.394873 0.483333 1 
1 0.765957 0.034766 0.635971 0.002316 0.438115 0.450877 0 
1 0.787234 0.047466 0.632847 0.003203 0.415588 0.425439 1 
1 0.808511 0.043773 0.607111 0.003014 0.401864 0.420175 1 
1 0.829787 0.034346 0.582416 0.002374 0.389436 0.435088 1 
1 0.851064 0.033656 0.571854 0.002318 0.374417 0.450877 0 
1 0.87234 0.033596 0.555043 0.002308 0.35914 0.491228 0 
1 0.893617 0.033325 0.518744 0.002281 0.334024 0.523246 0 
1 0.914894 0.033235 0.47471 0.002264 0.310461 0.557895 0 
1 0.93617 0.033265 0.481553 0.002252 0.306059 0.578947 0 
1 0.957447 0.033205 0.466379 0.002252 0.29622 0.551754 0 
1 0.978723 0.043563 0.444808 0.002958 0.365096 0.439912 1 
1 1 0.035517 0.41089 0.002422 0.370274 0.475 1 
