5 0 0.028312 0.375632 0.001905 0.310461 0.49386 0 
5 0.021277 0.027801 0.320292 0.001861 0.287416 0.535526 0 
5 0.042553 0.033445 0.260339 0.002243 0.334024 0.395175 0 
5 0.06383 0.028221 0.212734 0.001892 0.304505 0.444298 0 
5 0.085106 0.027951 0.173014 0.001865 0.261264 0.530263 0 
5 0.106383 0.02657 0.146385 0.001764 0.22087 0.550877 0 
5 0.12766 0.02648 0.131657 0.001764 0.192905 0.536404 0 
5 0.148936 0.025549 0.133591 0.001699 0.179182 0.564912 0 
5 0.170213 0.027621 0.161708 0.001834 0.18928 0.551316 0 
5 0.191489 0.030353 0.203808 0.002023 0.212066 0.526754 0 
5 0.212766 0.035367 0.278935 0.002372 0.261005 0.464474 0 
5 0.234043 0.037889 0.370128 0.002557 0.347229 0.423684 0 
5 0.255319 0.031884 0.377864 0.002181 0.45624 0.264912 0 
5 0.276596 0.044104 0.437072 0.003037 0.52667 0.234211 1 
5 0.297872 0.036388 0.451949 0.002507 0.493009 0.282018 0 
5 0.319149 0.042662 0.461024 0.002939 0.491196 0.263596 1 
5 0.340426 0.050318 0.511901 0.003454 0.51217 0.279825 1 
5 0.361702 0.054161 0.530497 0.003693 0.522527 0.299561 1 
5 0.382979 0.05299 0.526927 0.003598 0.529259 0.283772 1 
5 0.404255 0.051459 0.518447 0.003506 0.545831 0.248246 1 
5 0.425532 0.055902 0.514728 0.003806 0.557483 0.214912 1 
5 0.446809 0.054221 0.514728 0.003698 0.560849 0.269298 1 
5 0.468085 0.054221 0.514877 0.003698 0.552822 0.253509 1 
5 0.489362 0.056023 0.513091 0.003818 0.574055 0.210965 1 
5 0.510638 0.056413 0.509372 0.003843 0.590627 0.191667 1 
5 0.531915 0.056713 0.50476 0.003866 0.590886 0.195175 1 
5 0.553191 0.056113 0.508926 0.00382 0.596841 0.177632 1 
5 0.574468 0.055542 0.503124 0.003787 0.591921 0.157895 1 
5 0.595745 0.054371 0.498512 0.003714 0.593993 0.154825 1 
5 0.617021 0.053381 0.499405 0.003652 0.58493 0.182456 1 
5 0.638298 0.054401 0.502529 0.003714 0.579234 0.215789 1 
5 0.659574 0.053381 0.495388 0.003641 0.562921 0.198246 1 
5 0.680851 0.050618 0.482594 0.003463 0.553081 0.195614 1 
5 0.702128 0.056083 0.483933 0.003828 0.549715 0.176754 1 
5 0.723404 0.046325 0.462362 0.003174 0.505438 0.17193 1 
5 0.744681 0.030443 0.447337 0.00209 0.44666 0.304825 0 
5 0.765957 0.029092 0.427551 0.00199 0.401346 0.360965 0 
5 0.787234 0.029182 0.447337 0.001992 0.387623 0.357895 0 
5 0.808511 0.029903 0.46266 0.00205 0.406007 0.313596 0 
5 0.829787 0.029302 0.445998 0.002007 0.411963 0.338158 0 
5 0.851064 0.028732 0.40003 0.001953 0.384257 0.392544 0 
5 0.87234 0.028041 0.362392 0.001899 0.351113 0.381579 0 
5 0.893617 0.028882 0.397352 0.001953 0.3058 0.466228 0 
5 0.914894 0.028762 0.413419 0.001936 0.27421 0.509649 0 
5 0.93617 0.028492 0.430378 0.001899 0.251165 0.650439 0 
5 0.957447 0.028402 0.435287 0.001772 0.249353 0.635088 0 
5 0.978723 0.035517 0.431568 0.002364 0.348783 0.47193 0 
5 1 0.029963 0.413865 0.002019 0.34231 0.501754 0 
