4 0 0.085385 0.370425 0.003467 0.422915 0.414912 1 
4 0.021277 0.060796 0.308242 0.003467 0.422915 0.414912 0 
4 0.042553 0.047076 0.252603 0.003467 0.422915 0.414912 0 
4 0.06383 0.046085 0.207676 0.003467 0.422915 0.414912 0 
4 0.085106 0.046085 0.172419 0.003467 0.422915 0.414912 0 
4 0.106383 0.046085 0.145344 0.003467 0.422915 0.414912 0 
4 0.12766 0.046085 0.127194 0.003467 0.422915 0.414912 0 
4 0.148936 0.067761 0.128979 0.003467 0.422915 0.414912 0 
4 0.170213 0.068422 0.151294 0.003467 0.422915 0.414912 0 
4 0.191489 0.070764 0.185361 0.003467 0.422915 0.414912 0 
4 0.212766 0.074697 0.266736 0.003467 0.422915 0.414912 0 
4 0.234043 0.090729 0.354508 0.003467 0.422915 0.414912 1 
4 0.255319 0.114417 0.371616 0.003467 0.422915 0.414912 1 
4 0.276596 0.107572 0.432312 0.003467 0.422915 0.414912 1 
4 0.297872 0.056413 0.443767 0.003467 0.422915 0.414912 0 
4 0.319149 0.07959 0.44823 0.003467 0.422915 0.414912 0 
4 0.340426 0.056413 0.491372 0.003467 0.422915 0.414912 0 
4 0.361702 0.07959 0.509075 0.003467 0.422915 0.414912 0 
4 0.382979 0.109433 0.501785 0.003467 0.422915 0.414912 1 
4 0.404255 0.103248 0.48676 0.003467 0.422915 0.414912 1 
4 0.425532 0.07959 0.484677 0.003467 0.422915 0.414912 1 
4 0.446809 0.096133 0.480958 0.003467 0.422915 0.414912 1 
4 0.468085 0.07959 0.469354 0.003467 0.422915 0.414912 1 
4 0.489362 0.07959 0.469206 0.003467 0.422915 0.414912 1 
4 0.510638 0.07959 0.457899 0.003467 0.422915 0.414912 1 
4 0.531915 0.07959 0.446742 0.003467 0.422915 0.414912 1 
4 0.553191 0.060676 0.451056 0.003467 0.422915 0.414912 0 
4 0.574468 0.060676 0.439453 0.003467 0.422915 0.414912 0 
4 0.595745 0.060676 0.432907 0.003467 0.422915 0.414912 0 
4 0.617021 0.075177 0.437965 0.003467 0.422915 0.414912 1 
4 0.638298 0.07959 0.435287 0.003467 0.422915 0.414912 1 
4 0.659574 0.060676 0.444213 0.003467 0.422915 0.414912 0 
4 0.680851 0.07959 0.440196 0.003467 0.422915 0.414912 1 
4 0.702128 0.056413 0.44823 0.003467 0.422915 0.414912 0 
4 0.723404 0.056413 0.443023 0.003467 0.422915 0.414912 0 
4 0.744681 0.056413 0.448527 0.003467 0.422915 0.414912 0 
4 0.765957 0.075177 0.445106 0.003467 0.422915 0.414912 1 
4 0.787234 0.056413 0.454924 0.003467 0.422915 0.414912 0 
4 0.808511 0.056413 0.455668 0.003467 0.422915 0.414912 0 
4 0.829787 0.047766 0.437519 0.003467 0.422915 0.414912 0 
4 0.851064 0.056413 0.399732 0.003467 0.422915 0.414912 0 
4 0.87234 0.049778 0.368789 0.003467 0.422915 0.414912 0 
4 0.893617 0.049778 0.390509 0.003467 0.422915 0.414912 0 
4 0.914894 0.075177 0.402559 0.003467 0.422915 0.414912 1 
4 0.93617 0.109433 0.431122 0.003467 0.422915 0.414912 1 
4 0.957447 0.103248 0.439006 0.003467 0.422915 0.414912 1 
4 0.978723 0.090729 0.425915 0.003467 0.422915 0.414912 1 
4 1 0.07959 0.411336 0.003467 0.422915 0.414912 1 
