2 0 0.032034 0.364326 0.002108 0.398239 0.720614 1 
2 0.021277 0.030773 0.333532 0.002036 0.383221 0.717105 1 
2 0.042553 0.030743 0.3072 0.00205 0.437338 0.629386 1 
2 0.06383 0.033085 0.274323 0.002183 0.422838 0.68114 1 
2 0.085106 0.033626 0.23133 0.002192 0.3884 0.70307 1 
2 0.106383 0.033596 0.204999 0.00216 0.34956 0.69693 1 
2 0.12766 0.030984 0.178667 0.002027 0.317193 0.82807 1 
2 0.148936 0.02681 0.164832 0.001753 0.291818 0.858333 0 
2 0.170213 0.020986 0.158881 0.001176 0.267996 0.875439 0 
2 0.191489 0.024859 0.171526 0.000976 0.261264 0.875439 0 
2 0.212766 0.031344 0.205594 0.00123 0.271362 0.875439 1 
2 0.234043 0.032305 0.263166 0.002104 0.304764 0.832456 1 
2 0.255319 0.029302 0.37831 0.001934 0.377007 0.71886 0 
2 0.276596 0.032725 0.481999 0.002202 0.45883 0.612281 1 
2 0.297872 0.033475 0.494644 0.002264 0.5 0.525 1 
2 0.319149 0.036388 0.558762 0.002493 0.576644 0.446491 1 
2 0.340426 0.03906 0.569027 0.002671 0.614707 0.465351 1 
2 0.361702 0.036838 0.560399 0.002518 0.632056 0.434211 1 
2 0.382979 0.040741 0.595656 0.002792 0.642672 0.441667 1 
2 0.404255 0.040921 0.605475 0.002796 0.629984 0.492544 1 
2 0.425532 0.037829 0.590003 0.002576 0.612895 0.475439 1 
2 0.446809 0.036208 0.568432 0.002484 0.603832 0.445614 1 
2 0.468085 0.036448 0.552514 0.002491 0.603314 0.457018 1 
2 0.489362 0.035817 0.543142 0.002451 0.601761 0.450439 1 
2 0.510638 0.034016 0.528563 0.002318 0.579234 0.498246 1 
2 0.531915 0.033445 0.518298 0.002275 0.57276 0.494298 1 
2 0.553191 0.035577 0.511901 0.002426 0.59477 0.451316 1 
2 0.574468 0.035847 0.502827 0.002449 0.595546 0.419298 1 
2 0.595745 0.033175 0.493306 0.002268 0.589591 0.447807 1 
2 0.617021 0.033235 0.477685 0.002266 0.577162 0.461842 1 
2 0.638298 0.033355 0.468015 0.002266 0.57043 0.472368 1 
2 0.659574 0.033415 0.47233 0.00227 0.568617 0.45307 1 
2 0.680851 0.032695 0.488099 0.002225 0.569653 0.505702 1 
2 0.702128 0.032995 0.512943 0.00225 0.578457 0.470175 1 
2 0.723404 0.033626 0.561291 0.002316 0.615743 0.403509 1 
2 0.744681 0.045244 0.66141 0.003139 0.664682 0.389474 1 
2 0.765957 0.071064 0.710354 0.004857 0.688762 0.406579 1 
2 0.787234 0.063288 0.698602 0.004329 0.659503 0.448246 1 
2 0.808511 0.05263 0.669444 0.003608 0.622216 0.490789 1 
2 0.829787 0.041341 0.641029 0.002833 0.577162 0.525439 1 
2 0.851064 0.041522 0.628236 0.002825 0.544795 0.554386 1 
2 0.87234 0.03981 0.605177 0.002692 0.525117 0.580263 1 
2 0.893617 0.036718 0.568432 0.002489 0.491973 0.604825 1 
2 0.914894 0.032785 0.50967 0.002208 0.461419 0.614035 0 
2 0.93617 0.034376 0.547902 0.00231 0.439927 0.678509 0 
2 0.957447 0.033205 0.554299 0.002229 0.416106 0.690789 0 
2 0.978723 0.037979 0.55668 0.002561 0.497411 0.577632 1 
2 1 0.037859 0.550283 0.002549 0.489384 0.644737 1 
