2 0 0.051129 0.333829 0.003448 0.338426 0.556579 0 
2 0.021277 0.047616 0.295894 0.003193 0.316416 0.588596 0 
2 0.042553 0.051849 0.274323 0.003488 0.35914 0.537281 0 
2 0.06383 0.050258 0.242041 0.003361 0.33972 0.614912 0 
2 0.085106 0.046535 0.206337 0.003066 0.307095 0.701754 0 
2 0.106383 0.044854 0.177477 0.0029 0.272139 0.765789 0 
2 0.12766 0.044073 0.156501 0.002534 0.238995 0.765789 0 
2 0.148936 0.043983 0.139393 0.002846 0.209736 0.765789 0 
2 0.170213 0.046145 0.140881 0.003012 0.181771 0.721053 0 
2 0.191489 0.047316 0.145939 0.003108 0.166235 0.708772 0 
2 0.212766 0.044164 0.182386 0.002908 0.175298 0.673684 0 
2 0.234043 0.044944 0.231479 0.002993 0.206629 0.597807 0 
2 0.255319 0.046806 0.337548 0.003155 0.2768 0.495614 0 
2 0.276596 0.048427 0.448676 0.003353 0.360953 0.366228 0 
2 0.297872 0.049057 0.468462 0.003438 0.409114 0.304825 0 
2 0.319149 0.053831 0.533323 0.003812 0.500518 0.336404 0 
2 0.340426 0.0783 0.552514 0.005393 0.539876 0.433333 1 
2 0.361702 0.080521 0.557275 0.005486 0.559555 0.362281 1 
2 0.382979 0.080611 0.595954 0.005496 0.56784 0.405702 1 
2 0.404255 0.081722 0.599226 0.00553 0.565769 0.386842 1 
2 0.425532 0.082983 0.5723 0.005642 0.556447 0.365351 1 
2 0.446809 0.081332 0.56025 0.005538 0.550751 0.376754 1 
2 0.468085 0.089138 0.561291 0.006047 0.546349 0.403947 1 
2 0.489362 0.087276 0.546712 0.005931 0.550751 0.394298 1 
2 0.510638 0.0792 0.543886 0.005401 0.540911 0.344298 1 
2 0.531915 0.072865 0.532282 0.005 0.537027 0.303509 1 
2 0.553191 0.074036 0.52172 0.005104 0.560849 0.275877 1 
2 0.574468 0.080461 0.519488 0.005555 0.566805 0.279825 1 
2 0.595745 0.077099 0.51205 0.005312 0.554376 0.287281 1 
2 0.617021 0.071694 0.502975 0.004946 0.553081 0.290351 1 
2 0.638298 0.062387 0.496578 0.004302 0.538063 0.311842 0 
2 0.659574 0.067551 0.509521 0.004643 0.533402 0.350439 1 
2 0.680851 0.095202 0.535852 0.006554 0.524081 0.263158 1 
2 0.702128 0.093701 0.573341 0.006439 0.539358 0.291667 1 
2 0.723404 0.132401 0.642368 0.008997 0.585966 0.368421 1 
2 0.744681 0.193347 0.7169 0.01285 0.656914 0.348684 1 
2 0.765957 0.212682 0.716453 0.014161 0.648887 0.394298 1 
2 0.787234 0.156239 0.687295 0.010476 0.603314 0.38114 1 
2 0.808511 0.14534 0.645344 0.009796 0.551528 0.416667 1 
2 0.829787 0.138255 0.610533 0.009323 0.516572 0.417544 1 
2 0.851064 0.11832 0.576763 0.008004 0.491714 0.382018 1 
2 0.87234 0.106971 0.558018 0.00726 0.465303 0.409649 1 
2 0.893617 0.10463 0.519637 0.007108 0.433195 0.455702 1 
2 0.914894 0.090128 0.476198 0.006082 0.391248 0.512281 1 
2 0.93617 0.085715 0.513389 0.00576 0.37131 0.584211 1 
2 0.957447 0.075928 0.51562 0.005106 0.358105 0.524123 0 
2 0.978723 0.083704 0.521273 0.005877 0.448731 0.427632 1 
2 1 0.081692 0.507141 0.005613 0.447178 0.445614 1 
