1 0 0.084604 0.346474 0.00582 0.414811 0.365789 1 
1 0.021277 0.060766 0.308688 0.004165 0.388141 0.367544 0 
1 0.042553 0.086826 0.268075 0.005999 0.441222 0.309649 1 
1 0.06383 0.077699 0.229545 0.005334 0.409373 0.350877 1 
1 0.085106 0.062838 0.193395 0.00429 0.369239 0.402193 0 
1 0.106383 0.048097 0.153377 0.003245 0.322631 0.489912 0 
1 0.12766 0.046836 0.131211 0.003132 0.279907 0.557018 0 
1 0.148936 0.044073 0.107111 0.002927 0.250129 0.548246 0 
1 0.170213 0.028612 0.093573 0.001907 0.219575 0.544737 0 
1 0.191489 0.030743 0.090598 0.002052 0.192905 0.558333 0 
1 0.212766 0.031374 0.094168 0.002092 0.17711 0.573684 0 
1 0.234043 0.031464 0.105475 0.002092 0.170378 0.582018 0 
1 0.255319 0.030023 0.122285 0.002011 0.169083 0.520175 0 
1 0.276596 0.030593 0.152782 0.002054 0.171414 0.578947 0 
1 0.297872 0.040711 0.194585 0.002707 0.149404 0.641667 0 
1 0.319149 0.048907 0.263761 0.003257 0.180735 0.644737 0 
1 0.340426 0.050168 0.319697 0.003338 0.220352 0.598684 0 
1 0.361702 0.062958 0.370574 0.004177 0.255308 0.647368 0 
1 0.382979 0.087306 0.409551 0.005744 0.274987 0.61886 1 
1 0.404255 0.07926 0.429485 0.005212 0.292077 0.67807 1 
1 0.425532 0.071514 0.422047 0.004717 0.293889 0.625439 0 
1 0.446809 0.06539 0.399583 0.004331 0.297255 0.605263 0 
1 0.468085 0.064819 0.378012 0.004292 0.288193 0.602193 0 
1 0.489362 0.089048 0.354656 0.005868 0.290005 0.601316 1 
1 0.510638 0.075117 0.335614 0.004971 0.282755 0.620175 1 
1 0.531915 0.070524 0.307349 0.004678 0.284827 0.572807 0 
1 0.553191 0.061277 0.284737 0.004078 0.289487 0.539912 0 
1 0.574468 0.055542 0.262273 0.003702 0.282237 0.558772 0 
1 0.595745 0.05206 0.245463 0.003457 0.271103 0.573246 0 
1 0.617021 0.051129 0.234157 0.003396 0.261005 0.582895 0 
1 0.638298 0.05305 0.235347 0.003529 0.258933 0.576316 0 
1 0.659574 0.057374 0.232669 0.003799 0.25971 0.583772 0 
1 0.680851 0.050228 0.247545 0.003338 0.263076 0.573246 0 
1 0.702128 0.049838 0.268521 0.00333 0.280166 0.549561 0 
1 0.723404 0.051729 0.289497 0.003486 0.309166 0.545614 0 
1 0.744681 0.057944 0.371318 0.003901 0.356551 0.463596 0 
1 0.765957 0.089138 0.477834 0.005968 0.424909 0.405702 1 
1 0.787234 0.089138 0.498364 0.005935 0.444847 0.441667 1 
1 0.808511 0.089138 0.486462 0.005958 0.435267 0.471491 1 
1 0.829787 0.088657 0.464891 0.005935 0.413516 0.532018 1 
1 0.851064 0.089138 0.452395 0.00597 0.407043 0.503947 1 
1 0.87234 0.086226 0.443618 0.005754 0.385552 0.560088 1 
1 0.893617 0.06545 0.41565 0.004375 0.359399 0.550877 1 
1 0.914894 0.062748 0.382178 0.004215 0.33506 0.512281 1 
1 0.93617 0.080191 0.397947 0.005386 0.316675 0.572368 1 
1 0.957447 0.053501 0.382773 0.003589 0.306059 0.500877 0 
1 0.978723 0.085145 0.381583 0.005796 0.393061 0.380702 1 
1 1 0.070103 0.355698 0.004786 0.386069 0.41886 1 
