2 0 0.07839 0.579143 0.003467 0.422915 0.414912 0 
2 0.021277 0.07839 0.554746 0.003467 0.422915 0.414912 0 
2 0.042553 0.06602 0.52886 0.003467 0.422915 0.414912 0 
2 0.06383 0.045334 0.47233 0.003467 0.422915 0.414912 0 
2 0.085106 0.045755 0.411187 0.003467 0.422915 0.414912 0 
2 0.106383 0.045755 0.359119 0.003467 0.422915 0.414912 0 
2 0.12766 0.045274 0.315085 0.003467 0.422915 0.414912 0 
2 0.148936 0.045755 0.27715 0.003467 0.422915 0.414912 0 
2 0.170213 0.061517 0.253198 0.003467 0.422915 0.414912 0 
2 0.191489 0.061967 0.248289 0.003467 0.422915 0.414912 0 
2 0.212766 0.064519 0.28072 0.003467 0.422915 0.414912 0 
2 0.234043 0.064519 0.32535 0.003467 0.422915 0.414912 0 
2 0.255319 0.072895 0.452693 0.003467 0.422915 0.414912 0 
2 0.276596 0.096523 0.59878 0.003467 0.422915 0.414912 0 
2 0.297872 0.075027 0.638947 0.003467 0.422915 0.414912 0 
2 0.319149 0.083884 0.709908 0.003467 0.422915 0.414912 0 
2 0.340426 0.075027 0.728801 0.003467 0.422915 0.414912 0 
2 0.361702 0.072625 0.713329 0.003467 0.422915 0.414912 0 
2 0.382979 0.087727 0.731032 0.003467 0.422915 0.414912 0 
2 0.404255 0.085565 0.729545 0.003467 0.422915 0.414912 0 
2 0.425532 0.120512 0.698007 0.003467 0.422915 0.414912 1 
2 0.446809 0.11787 0.65546 0.003467 0.422915 0.414912 1 
2 0.468085 0.11787 0.62526 0.003467 0.422915 0.414912 1 
2 0.489362 0.107722 0.602946 0.003467 0.422915 0.414912 1 
2 0.510638 0.096523 0.582416 0.003467 0.422915 0.414912 0 
2 0.531915 0.087426 0.553109 0.003467 0.422915 0.414912 0 
2 0.553191 0.087426 0.53972 0.003467 0.422915 0.414912 0 
2 0.574468 0.087426 0.511306 0.003467 0.422915 0.414912 0 
2 0.595745 0.067071 0.508331 0.003467 0.422915 0.414912 0 
2 0.617021 0.087426 0.496132 0.003467 0.422915 0.414912 0 
2 0.638298 0.083884 0.482594 0.003467 0.422915 0.414912 0 
2 0.659574 0.090068 0.496578 0.003467 0.422915 0.414912 0 
2 0.680851 0.096523 0.511455 0.003467 0.422915 0.414912 1 
2 0.702128 0.087727 0.545522 0.003467 0.422915 0.414912 0 
2 0.723404 0.090068 0.60488 0.003467 0.422915 0.414912 1 
2 0.744681 0.119491 0.730884 0.003467 0.422915 0.414912 1 
2 0.765957 0.120542 0.797679 0.003467 0.422915 0.414912 1 
2 0.787234 0.11838 0.803332 0.003467 0.422915 0.414912 1 
2 0.808511 0.090068 0.772687 0.003467 0.422915 0.414912 1 
2 0.829787 0.083884 0.730437 0.003467 0.422915 0.414912 0 
2 0.851064 0.101897 0.722107 0.003467 0.422915 0.414912 1 
2 0.87234 0.087426 0.692949 0.003467 0.422915 0.414912 1 
2 0.893617 0.072895 0.640137 0.003467 0.422915 0.414912 0 
2 0.914894 0.072625 0.572895 0.003467 0.422915 0.414912 0 
2 0.93617 0.083884 0.584647 0.003467 0.422915 0.414912 1 
2 0.957447 0.066471 0.577358 0.003467 0.422915 0.414912 0 
2 0.978723 0.066471 0.581821 0.003467 0.422915 0.414912 0 
2 1 0.066471 0.573044 0.003467 0.422915 0.414912 0 
