7 0 0.058394 0.170931 0.003467 0.422915 0.414912 0 
7 0.021277 0.058394 0.121392 0.003467 0.422915 0.414912 0 
7 0.042553 0.056923 0.088367 0.003467 0.422915 0.414912 0 
7 0.06383 0.055242 0.061291 0.003467 0.422915 0.414912 0 
7 0.085106 0.055242 0.042398 0.003467 0.422915 0.414912 0 
7 0.106383 0.055242 0.025736 0.003467 0.422915 0.414912 0 
7 0.12766 0.055242 0.016662 0.003467 0.422915 0.414912 0 
7 0.148936 0.055242 0.014281 0.003467 0.422915 0.414912 0 
7 0.170213 0.058394 0.022166 0.003467 0.422915 0.414912 0 
7 0.191489 0.057073 0.027373 0.003467 0.422915 0.414912 0 
7 0.212766 0.055242 0.031985 0.003467 0.422915 0.414912 0 
7 0.234043 0.055242 0.048795 0.003467 0.422915 0.414912 0 
7 0.255319 0.058394 0.067391 0.003467 0.422915 0.414912 0 
7 0.276596 0.074817 0.102797 0.003467 0.422915 0.414912 1 
7 0.297872 0.077489 0.151145 0.003467 0.422915 0.414912 1 
7 0.319149 0.077489 0.191163 0.003467 0.422915 0.414912 1 
7 0.340426 0.083644 0.239958 0.003467 0.422915 0.414912 1 
7 0.361702 0.074817 0.262422 0.003467 0.422915 0.414912 1 
7 0.382979 0.074817 0.268075 0.003467 0.422915 0.414912 1 
7 0.404255 0.074817 0.265248 0.003467 0.422915 0.414912 1 
7 0.425532 0.082863 0.261678 0.003467 0.422915 0.414912 1 
7 0.446809 0.074817 0.25424 0.003467 0.422915 0.414912 1 
7 0.468085 0.067641 0.251116 0.003467 0.422915 0.414912 1 
7 0.489362 0.058394 0.247545 0.003467 0.422915 0.414912 0 
7 0.510638 0.058394 0.238768 0.003467 0.422915 0.414912 0 
7 0.531915 0.058394 0.227611 0.003467 0.422915 0.414912 0 
7 0.553191 0.058394 0.221511 0.003467 0.422915 0.414912 0 
7 0.574468 0.058394 0.216007 0.003467 0.422915 0.414912 0 
7 0.595745 0.058394 0.212437 0.003467 0.422915 0.414912 0 
7 0.617021 0.058394 0.214817 0.003467 0.422915 0.414912 0 
7 0.638298 0.058394 0.203065 0.003467 0.422915 0.414912 0 
7 0.659574 0.058394 0.205296 0.003467 0.422915 0.414912 0 
7 0.680851 0.087426 0.200982 0.003467 0.422915 0.414912 1 
7 0.702128 0.097934 0.216156 0.003467 0.422915 0.414912 1 
7 0.723404 0.113306 0.22404 0.003467 0.422915 0.414912 1 
7 0.744681 0.074817 0.227462 0.003467 0.422915 0.414912 1 
7 0.765957 0.058394 0.222553 0.003467 0.422915 0.414912 0 
7 0.787234 0.058394 0.219429 0.003467 0.422915 0.414912 0 
7 0.808511 0.058394 0.234008 0.003467 0.422915 0.414912 0 
7 0.829787 0.058394 0.261976 0.003467 0.422915 0.414912 0 
7 0.851064 0.058394 0.246653 0.003467 0.422915 0.414912 0 
7 0.87234 0.057944 0.214519 0.003467 0.422915 0.414912 0 
7 0.893617 0.058394 0.232074 0.003467 0.422915 0.414912 0 
7 0.914894 0.057554 0.233413 0.003467 0.422915 0.414912 0 
7 0.93617 0.058394 0.235942 0.003467 0.422915 0.414912 0 
7 0.957447 0.056923 0.218834 0.003467 0.422915 0.414912 0 
7 0.978723 0.056923 0.205445 0.003467 0.422915 0.414912 0 
7 1 0.056923 0.172865 0.003467 0.422915 0.414912 0 
