5 0 0.074817 0.363731 0.003467 0.422915 0.414912 0 
5 0.021277 0.054461 0.299167 0.003467 0.422915 0.414912 0 
5 0.042553 0.054281 0.244273 0.003467 0.422915 0.414912 0 
5 0.06383 0.054161 0.20485 0.003467 0.422915 0.414912 0 
5 0.085106 0.054161 0.166915 0.003467 0.422915 0.414912 0 
5 0.106383 0.050769 0.152038 0.003467 0.422915 0.414912 0 
5 0.12766 0.050769 0.146236 0.003467 0.422915 0.414912 0 
5 0.148936 0.071694 0.146087 0.003467 0.422915 0.414912 0 
5 0.170213 0.071694 0.178518 0.003467 0.422915 0.414912 0 
5 0.191489 0.074817 0.210354 0.003467 0.422915 0.414912 0 
5 0.212766 0.104449 0.287117 0.003467 0.422915 0.414912 1 
5 0.234043 0.098775 0.375186 0.003467 0.422915 0.414912 1 
5 0.255319 0.114957 0.39274 0.003467 0.422915 0.414912 1 
5 0.276596 0.074817 0.452693 0.003467 0.422915 0.414912 0 
5 0.297872 0.059865 0.477983 0.003467 0.422915 0.414912 0 
5 0.319149 0.06584 0.501636 0.003467 0.422915 0.414912 0 
5 0.340426 0.06584 0.55668 0.003467 0.422915 0.414912 0 
5 0.361702 0.074817 0.581523 0.003467 0.422915 0.414912 0 
5 0.382979 0.077549 0.585838 0.003467 0.422915 0.414912 0 
5 0.404255 0.098775 0.584201 0.003467 0.422915 0.414912 1 
5 0.425532 0.102258 0.585242 0.003467 0.422915 0.414912 1 
5 0.446809 0.098775 0.591342 0.003467 0.422915 0.414912 1 
5 0.468085 0.098775 0.590152 0.003467 0.422915 0.414912 1 
5 0.489362 0.113726 0.585094 0.003467 0.422915 0.414912 1 
5 0.510638 0.102258 0.59402 0.003467 0.422915 0.414912 1 
5 0.531915 0.113726 0.593127 0.003467 0.422915 0.414912 1 
5 0.553191 0.113726 0.590896 0.003467 0.422915 0.414912 1 
5 0.574468 0.113726 0.590747 0.003467 0.422915 0.414912 1 
5 0.595745 0.113726 0.585986 0.003467 0.422915 0.414912 1 
5 0.617021 0.113726 0.586581 0.003467 0.422915 0.414912 1 
5 0.638298 0.102258 0.588813 0.003467 0.422915 0.414912 1 
5 0.659574 0.102258 0.583457 0.003467 0.422915 0.414912 1 
5 0.680851 0.098775 0.56144 0.003467 0.422915 0.414912 1 
5 0.702128 0.074817 0.538679 0.003467 0.422915 0.414912 0 
5 0.723404 0.06584 0.487504 0.003467 0.422915 0.414912 0 
5 0.744681 0.059865 0.462511 0.003467 0.422915 0.414912 0 
5 0.765957 0.059865 0.441089 0.003467 0.422915 0.414912 0 
5 0.787234 0.06584 0.437816 0.003467 0.422915 0.414912 0 
5 0.808511 0.06584 0.435733 0.003467 0.422915 0.414912 0 
5 0.829787 0.059865 0.425171 0.003467 0.422915 0.414912 0 
5 0.851064 0.06584 0.403005 0.003467 0.422915 0.414912 0 
5 0.87234 0.074817 0.373996 0.003467 0.422915 0.414912 0 
5 0.893617 0.104449 0.405237 0.003467 0.422915 0.414912 1 
5 0.914894 0.098775 0.420411 0.003467 0.422915 0.414912 1 
5 0.93617 0.102258 0.444064 0.003467 0.422915 0.414912 1 
5 0.957447 0.098775 0.437519 0.003467 0.422915 0.414912 1 
5 0.978723 0.098775 0.41565 0.003467 0.422915 0.414912 1 
5 1 0.098775 0.386343 0.003467 0.422915 0.414912 1 
