4 0 0.038789 0.562035 0.002574 0.479026 0.685965 1 
4 0.021277 0.03981 0.548349 0.002545 0.455722 0.70307 1 
4 0.042553 0.041702 0.5241 0.002744 0.509322 0.586404 1 
4 0.06383 0.040681 0.47828 0.002663 0.488089 0.627632 1 
4 0.085106 0.036718 0.416543 0.002397 0.438115 0.677193 0 
4 0.106383 0.031524 0.362095 0.002011 0.4029 0.724123 0 
4 0.12766 0.030353 0.314192 0.001753 0.358881 0.724123 0 
4 0.148936 0.027981 0.278042 0.00171 0.312532 0.767982 0 
4 0.170213 0.025369 0.251413 0.00168 0.292077 0.808333 0 
4 0.191489 0.021526 0.249628 0.001425 0.280943 0.825877 0 
4 0.212766 0.025489 0.27834 0.001568 0.293112 0.855702 0 
4 0.234043 0.028672 0.331747 0.001826 0.317193 0.811842 0 
4 0.255319 0.030203 0.449122 0.001728 0.384775 0.717105 0 
4 0.276596 0.033175 0.578102 0.001946 0.47566 0.611842 0 
4 0.297872 0.032365 0.603689 0.002198 0.515018 0.562281 0 
4 0.319149 0.037408 0.662749 0.002528 0.594511 0.556579 0 
4 0.340426 0.038729 0.667807 0.002617 0.638788 0.51886 1 
4 0.361702 0.037228 0.642071 0.002518 0.631538 0.501316 0 
4 0.382979 0.038699 0.658137 0.002619 0.633092 0.500439 1 
4 0.404255 0.037318 0.652187 0.00254 0.625583 0.517544 0 
4 0.425532 0.037048 0.625707 0.002513 0.619886 0.515351 0 
4 0.446809 0.037198 0.588962 0.002513 0.612895 0.490351 0 
4 0.468085 0.036087 0.567242 0.002441 0.611859 0.461842 0 
4 0.489362 0.033806 0.552068 0.0023 0.604609 0.471491 0 
4 0.510638 0.032695 0.535257 0.002227 0.588814 0.465351 0 
4 0.531915 0.032245 0.521125 0.002194 0.589332 0.449561 0 
4 0.553191 0.032785 0.510711 0.002241 0.613672 0.421491 0 
4 0.574468 0.032605 0.5 0.002225 0.612377 0.396053 0 
4 0.595745 0.032335 0.492413 0.002206 0.602279 0.448246 0 
4 0.617021 0.032154 0.479619 0.002183 0.592957 0.455702 0 
4 0.638298 0.030863 0.466825 0.002098 0.576903 0.49693 0 
4 0.659574 0.031374 0.476049 0.00214 0.573537 0.497807 0 
4 0.680851 0.030353 0.489884 0.002073 0.574314 0.460526 0 
4 0.702128 0.030353 0.516959 0.002083 0.586743 0.432018 0 
4 0.723404 0.030984 0.559804 0.002148 0.615743 0.396491 0 
4 0.744681 0.035397 0.658733 0.002426 0.65303 0.401754 0 
4 0.765957 0.040351 0.72404 0.002736 0.677369 0.468421 1 
4 0.787234 0.04011 0.717941 0.002723 0.647851 0.518421 1 
4 0.808511 0.03963 0.697858 0.002673 0.613931 0.570175 1 
4 0.829787 0.038519 0.672568 0.002584 0.576644 0.613596 1 
4 0.851064 0.037799 0.653972 0.00252 0.552822 0.611404 1 
4 0.87234 0.037949 0.632996 0.002532 0.523304 0.65614 1 
4 0.893617 0.035517 0.590301 0.00236 0.491973 0.655702 1 
4 0.914894 0.032184 0.53853 0.002154 0.463231 0.661404 0 
4 0.93617 0.034076 0.575126 0.002221 0.436561 0.734649 0 
4 0.957447 0.034166 0.577804 0.002181 0.417659 0.702632 0 
4 0.978723 0.035757 0.568581 0.002368 0.497152 0.606579 1 
4 1 0.035937 0.554597 0.002374 0.491714 0.65614 1 
