5 0 0.07872 0.501785 0.005187 0.444847 0.633772 1 
5 0.021277 0.067431 0.47947 0.004452 0.420508 0.625439 1 
5 0.042553 0.121442 0.443767 0.007948 0.477473 0.55614 1 
5 0.06383 0.114417 0.392889 0.007553 0.45883 0.586404 1 
5 0.085106 0.064219 0.334276 0.004215 0.420249 0.605702 1 
5 0.106383 0.043473 0.289646 0.002831 0.391507 0.683333 0 
5 0.12766 0.035907 0.244719 0.002318 0.360435 0.748684 0 
5 0.148936 0.031224 0.21571 0.002 0.34464 0.792982 0 
5 0.170213 0.030143 0.200238 0.001919 0.333765 0.801316 0 
5 0.191489 0.031944 0.20366 0.002032 0.324184 0.813596 0 
5 0.212766 0.033115 0.229098 0.002059 0.324961 0.822368 0 
5 0.234043 0.045785 0.281761 0.002948 0.336613 0.682895 0 
5 0.255319 0.077189 0.374591 0.005073 0.405489 0.602193 1 
5 0.276596 0.06635 0.466825 0.004456 0.475919 0.45 1 
5 0.297872 0.034826 0.498066 0.002393 0.531331 0.373246 0 
5 0.319149 0.060046 0.572746 0.004196 0.603832 0.286842 1 
5 0.340426 0.05263 0.585094 0.003706 0.643708 0.237719 1 
5 0.361702 0.05203 0.572746 0.003662 0.644485 0.197368 0 
5 0.382979 0.040831 0.578697 0.002896 0.664682 0.163158 0 
5 0.404255 0.03936 0.567688 0.002765 0.649404 0.217544 0 
5 0.425532 0.031284 0.554746 0.002179 0.649404 0.290789 0 
5 0.446809 0.029152 0.535109 0.002025 0.641895 0.292544 0 
5 0.468085 0.029002 0.525588 0.002011 0.641636 0.307456 0 
5 0.489362 0.028942 0.520827 0.002015 0.629467 0.324561 0 
5 0.510638 0.028942 0.512199 0.002023 0.625583 0.337281 0 
5 0.531915 0.028852 0.505802 0.002029 0.6261 0.342544 0 
5 0.553191 0.028942 0.502975 0.002036 0.646297 0.297807 0 
5 0.574468 0.028942 0.495388 0.002036 0.635422 0.288596 0 
5 0.595745 0.028882 0.487206 0.002036 0.632574 0.3 0 
5 0.617021 0.028281 0.477239 0.001992 0.619368 0.293421 0 
5 0.638298 0.027921 0.47114 0.001961 0.596323 0.320175 0 
5 0.659574 0.027981 0.475602 0.001961 0.580787 0.319298 0 
5 0.680851 0.027771 0.482743 0.001942 0.578198 0.382456 0 
5 0.702128 0.028762 0.52529 0.002007 0.59218 0.455263 0 
5 0.723404 0.032275 0.600565 0.002235 0.654065 0.322807 0 
5 0.744681 0.035877 0.679411 0.002474 0.736924 0.309211 0 
5 0.765957 0.034376 0.684618 0.002347 0.73537 0.307018 0 
5 0.787234 0.03936 0.671675 0.002678 0.689539 0.387719 0 
5 0.808511 0.038009 0.641178 0.002599 0.654065 0.397368 0 
5 0.829787 0.035757 0.618268 0.002443 0.623511 0.401316 0 
5 0.851064 0.040261 0.606962 0.002759 0.593993 0.458333 0 
5 0.87234 0.034226 0.584201 0.002333 0.557224 0.497368 0 
5 0.893617 0.029062 0.534811 0.001963 0.52434 0.523246 0 
5 0.914894 0.027501 0.494644 0.001861 0.488866 0.58114 0 
5 0.93617 0.071875 0.53615 0.004834 0.465303 0.626316 1 
5 0.957447 0.069923 0.545671 0.004414 0.439669 0.524561 1 
5 0.978723 0.283505 0.546266 0.019107 0.499741 0.61886 1 
5 1 0.242344 0.528712 0.015901 0.490678 0.715789 1 
