6 0 0.088417 0.543439 0.00582 0.5145 0.553509 1 
6 0.021277 0.086946 0.522166 0.005706 0.47566 0.563596 1 
6 0.042553 0.090489 0.489438 0.006026 0.537286 0.481579 1 
6 0.06383 0.086226 0.435287 0.005692 0.50233 0.560088 1 
6 0.085106 0.086045 0.380839 0.005702 0.472035 0.55614 1 
6 0.106383 0.077849 0.334871 0.005137 0.427758 0.596491 1 
6 0.12766 0.059025 0.281315 0.004003 0.391766 0.607895 0 
6 0.148936 0.043713 0.252603 0.002881 0.354221 0.617105 0 
6 0.170213 0.045515 0.231776 0.002987 0.33972 0.652632 0 
6 0.191489 0.045965 0.231925 0.003016 0.328586 0.654825 0 
6 0.212766 0.071004 0.261678 0.004674 0.33972 0.63114 0 
6 0.234043 0.080972 0.312853 0.005361 0.366908 0.582018 1 
6 0.255319 0.090549 0.422196 0.005976 0.452097 0.490789 1 
6 0.276596 0.099225 0.525885 0.006685 0.542465 0.483333 1 
6 0.297872 0.086105 0.543737 0.005791 0.570171 0.455263 1 
6 0.319149 0.09172 0.600417 0.00624 0.636976 0.375877 1 
6 0.340426 0.096523 0.605326 0.006558 0.663387 0.323246 1 
6 0.361702 0.0916 0.592978 0.006211 0.662351 0.386842 1 
6 0.382979 0.091119 0.621244 0.00618 0.659503 0.385965 1 
6 0.404255 0.09169 0.628831 0.006182 0.634386 0.458333 1 
6 0.425532 0.085775 0.60235 0.005758 0.613154 0.462719 1 
6 0.446809 0.063378 0.578548 0.004258 0.592698 0.436404 0 
6 0.468085 0.082263 0.564118 0.005474 0.584671 0.50307 1 
6 0.489362 0.07881 0.548795 0.00522 0.562921 0.532895 0 
6 0.510638 0.061217 0.529307 0.004051 0.557483 0.524561 0 
6 0.531915 0.080911 0.516067 0.005353 0.542206 0.523246 1 
6 0.553191 0.061487 0.494198 0.004198 0.544278 0.448684 0 
6 0.574468 0.058454 0.480958 0.003903 0.542206 0.425439 0 
6 0.595745 0.075657 0.469949 0.005033 0.530036 0.464912 0 
6 0.617021 0.071544 0.455668 0.00478 0.516572 0.477632 0 
6 0.638298 0.054281 0.453436 0.003635 0.50492 0.47807 0 
6 0.659574 0.061757 0.459536 0.00413 0.487571 0.537719 0 
6 0.680851 0.074246 0.470991 0.004944 0.486794 0.546053 0 
6 0.702128 0.083674 0.489586 0.00554 0.483428 0.563596 1 
6 0.723404 0.075057 0.522464 0.005019 0.49767 0.525 0 
6 0.744681 0.076979 0.60235 0.005183 0.52175 0.563158 0 
6 0.765957 0.084844 0.652038 0.005764 0.584671 0.424123 1 
6 0.787234 0.085805 0.648468 0.005806 0.597877 0.382018 1 
6 0.808511 0.085085 0.622285 0.005762 0.569135 0.388158 1 
6 0.829787 0.084724 0.591491 0.005733 0.55101 0.383333 1 
6 0.851064 0.084064 0.573788 0.005708 0.51942 0.418421 1 
6 0.87234 0.084724 0.558167 0.005771 0.502848 0.39386 1 
6 0.893617 0.081752 0.524844 0.005555 0.459606 0.476754 1 
6 0.914894 0.074637 0.485123 0.00506 0.426204 0.483333 0 
6 0.93617 0.087396 0.536447 0.005879 0.406266 0.591228 1 
6 0.957447 0.085415 0.549093 0.00571 0.409632 0.495614 1 
6 0.978723 0.094061 0.550431 0.006373 0.527188 0.410965 1 
6 1 0.094152 0.541506 0.00634 0.517349 0.469298 1 
