3 0 0.055782 0.432758 0.003467 0.422915 0.414912 0 
3 0.021277 0.050588 0.408212 0.003467 0.422915 0.414912 0 
3 0.042553 0.055782 0.374293 0.003467 0.422915 0.414912 0 
3 0.06383 0.058394 0.319101 0.003467 0.422915 0.414912 1 
3 0.085106 0.048037 0.261232 0.003467 0.422915 0.414912 0 
3 0.106383 0.048037 0.220619 0.003467 0.422915 0.414912 0 
3 0.12766 0.046836 0.182832 0.003467 0.422915 0.414912 0 
3 0.148936 0.046836 0.164386 0.003467 0.422915 0.414912 0 
3 0.170213 0.05248 0.157542 0.003467 0.422915 0.414912 0 
3 0.191489 0.054191 0.155162 0.003467 0.422915 0.414912 0 
3 0.212766 0.048817 0.180006 0.003467 0.422915 0.414912 0 
3 0.234043 0.048817 0.224338 0.003467 0.422915 0.414912 0 
3 0.255319 0.050198 0.311068 0.003467 0.422915 0.414912 0 
3 0.276596 0.051759 0.39274 0.003467 0.422915 0.414912 0 
3 0.297872 0.05248 0.396013 0.003467 0.422915 0.414912 0 
3 0.319149 0.05305 0.440196 0.003467 0.422915 0.414912 0 
3 0.340426 0.055512 0.457899 0.003467 0.422915 0.414912 0 
3 0.361702 0.057974 0.482297 0.003467 0.422915 0.414912 1 
3 0.382979 0.067611 0.527968 0.003467 0.422915 0.414912 1 
3 0.404255 0.061547 0.540464 0.003467 0.422915 0.414912 1 
3 0.425532 0.055512 0.534662 0.003467 0.422915 0.414912 0 
3 0.446809 0.055512 0.527075 0.003467 0.422915 0.414912 0 
3 0.468085 0.055512 0.520976 0.003467 0.422915 0.414912 0 
3 0.489362 0.058544 0.523951 0.003467 0.422915 0.414912 1 
3 0.510638 0.058544 0.521273 0.003467 0.422915 0.414912 1 
3 0.531915 0.058544 0.519786 0.003467 0.422915 0.414912 1 
3 0.553191 0.060496 0.521273 0.003467 0.422915 0.414912 1 
3 0.574468 0.058544 0.519935 0.003467 0.422915 0.414912 1 
3 0.595745 0.064579 0.516959 0.003467 0.422915 0.414912 1 
3 0.617021 0.057614 0.509372 0.003467 0.422915 0.414912 1 
3 0.638298 0.061547 0.500595 0.003467 0.422915 0.414912 1 
3 0.659574 0.061547 0.505653 0.003467 0.422915 0.414912 1 
3 0.680851 0.064579 0.50848 0.003467 0.422915 0.414912 1 
3 0.702128 0.064579 0.514133 0.003467 0.422915 0.414912 1 
3 0.723404 0.064579 0.529902 0.003467 0.422915 0.414912 1 
3 0.744681 0.11874 0.576614 0.003467 0.422915 0.414912 1 
3 0.765957 0.096073 0.580631 0.003467 0.422915 0.414912 1 
3 0.787234 0.074847 0.549688 0.003467 0.422915 0.414912 1 
3 0.808511 0.058544 0.499702 0.003467 0.422915 0.414912 1 
3 0.829787 0.057614 0.466082 0.003467 0.422915 0.414912 0 
3 0.851064 0.055512 0.444064 0.003467 0.422915 0.414912 0 
3 0.87234 0.058544 0.419518 0.003467 0.422915 0.414912 1 
3 0.893617 0.055512 0.383368 0.003467 0.422915 0.414912 0 
3 0.914894 0.05248 0.350491 0.003467 0.422915 0.414912 0 
3 0.93617 0.05248 0.401815 0.003467 0.422915 0.414912 0 
3 0.957447 0.050198 0.430824 0.003467 0.422915 0.414912 0 
3 0.978723 0.051759 0.436775 0.003467 0.422915 0.414912 0 
3 1 0.055512 0.430973 0.003467 0.422915 0.414912 0 
