6 0 0.04008 0.514877 0.002727 0.398498 0.536842 0 
6 0.021277 0.034136 0.495835 0.002322 0.365096 0.583333 0 
6 0.042553 0.036177 0.461619 0.002468 0.416106 0.475439 0 
6 0.06383 0.036388 0.406129 0.002474 0.379078 0.547368 0 
6 0.085106 0.032755 0.344838 0.002212 0.340497 0.576754 0 
6 0.106383 0.032184 0.300506 0.002164 0.287416 0.567105 0 
6 0.12766 0.030353 0.247545 0.002038 0.252719 0.63114 0 
6 0.148936 0.028762 0.218387 0.001919 0.226567 0.656579 0 
6 0.170213 0.027021 0.199792 0.001797 0.203521 0.710965 0 
6 0.191489 0.027021 0.197709 0.001799 0.202486 0.696491 0 
6 0.212766 0.027021 0.223743 0.001801 0.20637 0.675439 0 
6 0.234043 0.028942 0.273133 0.001936 0.239513 0.635526 0 
6 0.255319 0.030473 0.381285 0.002046 0.285862 0.555702 0 
6 0.276596 0.032965 0.482892 0.002219 0.344381 0.50307 0 
6 0.297872 0.032214 0.471288 0.002177 0.375194 0.459211 0 
6 0.319149 0.033025 0.517703 0.002241 0.438115 0.449123 0 
6 0.340426 0.033025 0.54091 0.002262 0.483428 0.388158 0 
6 0.361702 0.033025 0.530794 0.002268 0.498187 0.369737 0 
6 0.382979 0.035247 0.564564 0.00242 0.502589 0.344737 0 
6 0.404255 0.034166 0.57111 0.002347 0.494562 0.365789 0 
6 0.425532 0.033025 0.555192 0.002262 0.488348 0.394298 0 
6 0.446809 0.033025 0.529456 0.002254 0.487312 0.407018 0 
6 0.468085 0.033025 0.516959 0.002252 0.483946 0.391667 0 
6 0.489362 0.033025 0.497322 0.002252 0.4855 0.396491 0 
6 0.510638 0.033025 0.485272 0.002252 0.467633 0.412719 0 
6 0.531915 0.033025 0.476644 0.002246 0.453133 0.405702 0 
6 0.553191 0.033025 0.473073 0.002252 0.458312 0.324561 0 
6 0.574468 0.033025 0.461024 0.002258 0.451579 0.344298 0 
6 0.595745 0.032905 0.451949 0.002246 0.437079 0.341667 0 
6 0.617021 0.031734 0.440048 0.002164 0.421802 0.326316 0 
6 0.638298 0.030053 0.429485 0.002054 0.407561 0.353947 0 
6 0.659574 0.030023 0.429337 0.002059 0.397462 0.373684 0 
6 0.680851 0.030023 0.434246 0.002063 0.391248 0.389035 0 
6 0.702128 0.030023 0.43856 0.002065 0.396686 0.36886 0 
6 0.723404 0.030023 0.450907 0.002071 0.413516 0.326316 0 
6 0.744681 0.030083 0.478578 0.002077 0.438115 0.334649 0 
6 0.765957 0.031494 0.51681 0.002167 0.453392 0.355702 0 
6 0.787234 0.033025 0.53496 0.002277 0.472812 0.372368 0 
6 0.808511 0.031164 0.499405 0.002144 0.456499 0.402632 0 
6 0.829787 0.030023 0.467123 0.002067 0.436044 0.438596 0 
6 0.851064 0.030053 0.458941 0.002077 0.404454 0.350439 0 
6 0.87234 0.030053 0.436626 0.002086 0.381409 0.339474 0 
6 0.893617 0.030023 0.402708 0.002077 0.34231 0.362281 0 
6 0.914894 0.029242 0.364326 0.002013 0.312273 0.381579 0 
6 0.93617 0.029843 0.430675 0.002046 0.306836 0.416667 0 
6 0.957447 0.030053 0.459387 0.002061 0.307095 0.414035 0 
6 0.978723 0.032545 0.479917 0.002237 0.404195 0.315351 0 
6 1 0.033776 0.476793 0.002322 0.401605 0.376754 1 
