5 0 0.029002 0.369533 0.001897 0.33014 0.715351 0 
5 0.021277 0.028402 0.309134 0.001853 0.303988 0.739035 0 
5 0.042553 0.029723 0.254389 0.001874 0.356551 0.644737 0 
5 0.06383 0.028281 0.218387 0.001716 0.332988 0.687281 0 
5 0.085106 0.027951 0.185064 0.000974 0.287416 0.682895 0 
5 0.106383 0.025069 0.171973 0.001261 0.256344 0.79693 0 
5 0.12766 0.024589 0.166617 0.001496 0.241844 0.875877 0 
5 0.148936 0.024739 0.170039 0.0015 0.243138 0.875877 0 
5 0.170213 0.02573 0.193841 0.001674 0.252978 0.857456 0 
5 0.191489 0.027711 0.228652 0.001795 0.269032 0.819298 0 
5 0.212766 0.028852 0.296043 0.001843 0.325738 0.755702 0 
5 0.234043 0.029272 0.37712 0.001865 0.381668 0.740789 0 
5 0.255319 0.029633 0.40479 0.001911 0.477732 0.620175 0 
5 0.276596 0.027921 0.462214 0.001786 0.540653 0.642982 0 
5 0.297872 0.027591 0.499256 0.001739 0.506473 0.748246 0 
5 0.319149 0.027441 0.530497 0.001701 0.495857 0.795175 0 
5 0.340426 0.027741 0.590896 0.001714 0.51217 0.753509 0 
5 0.361702 0.025639 0.611128 0.001595 0.515277 0.817105 0 
5 0.382979 0.02615 0.609045 0.001643 0.514241 0.786842 0 
5 0.404255 0.02585 0.605177 0.001626 0.513982 0.790789 0 
5 0.425532 0.02621 0.61202 0.001649 0.516572 0.790351 0 
5 0.446809 0.027201 0.612169 0.001701 0.520197 0.797368 0 
5 0.468085 0.027381 0.618417 0.001708 0.516572 0.725 0 
5 0.489362 0.027291 0.622731 0.001685 0.522527 0.739035 0 
5 0.510638 0.027201 0.628236 0.00168 0.529001 0.758772 0 
5 0.531915 0.027201 0.636269 0.001678 0.540911 0.726754 0 
5 0.553191 0.028161 0.642815 0.001745 0.545054 0.71886 0 
5 0.574468 0.028522 0.642963 0.001772 0.545054 0.738158 0 
5 0.595745 0.028522 0.641327 0.001768 0.529518 0.767544 0 
5 0.617021 0.028582 0.647129 0.001766 0.533402 0.754825 0 
5 0.638298 0.028642 0.650699 0.001772 0.535992 0.757895 0 
5 0.659574 0.028642 0.654716 0.001772 0.537804 0.741228 0 
5 0.680851 0.028732 0.630467 0.001789 0.535992 0.725439 0 
5 0.702128 0.028702 0.6205 0.001795 0.533661 0.705263 0 
5 0.723404 0.032004 0.583606 0.002042 0.495857 0.685965 0 
5 0.744681 0.028582 0.550134 0.0015 0.454428 0.704825 0 
5 0.765957 0.028612 0.519191 0.000983 0.403936 0.709211 0 
5 0.787234 0.028281 0.492711 0.000841 0.375194 0.742105 0 
5 0.808511 0.028161 0.499256 0.000841 0.369498 0.777193 0 
5 0.829787 0.028642 0.516215 0.000841 0.388659 0.755263 0 
5 0.851064 0.028281 0.481702 0.000841 0.403936 0.737719 0 
5 0.87234 0.027621 0.434097 0.000841 0.37856 0.746491 0 
5 0.893617 0.028011 0.455668 0.000841 0.341533 0.746491 0 
5 0.914894 0.028161 0.458792 0.000839 0.300621 0.768421 0 
5 0.93617 0.028792 0.462362 0.001014 0.283273 0.759649 1 
5 0.957447 0.028552 0.446593 0.001014 0.274469 0.772807 1 
5 0.978723 0.029302 0.426807 0.001548 0.372864 0.733333 1 
5 1 0.028492 0.389319 0.00085 0.373641 0.733333 1 
