1 0 0.043683 0.360309 0.003467 0.422915 0.414912 0 
1 0.021277 0.043683 0.320738 0.003467 0.422915 0.414912 0 
1 0.042553 0.043683 0.294406 0.003467 0.422915 0.414912 0 
1 0.06383 0.058514 0.246355 0.003467 0.422915 0.414912 0 
1 0.085106 0.058514 0.202321 0.003467 0.422915 0.414912 0 
1 0.106383 0.063648 0.176733 0.003467 0.422915 0.414912 0 
1 0.12766 0.063648 0.147278 0.003467 0.422915 0.414912 0 
1 0.148936 0.058514 0.129426 0.003467 0.422915 0.414912 0 
1 0.170213 0.063648 0.114252 0.003467 0.422915 0.414912 0 
1 0.191489 0.063648 0.108301 0.003467 0.422915 0.414912 0 
1 0.212766 0.068632 0.117227 0.003467 0.422915 0.414912 1 
1 0.234043 0.070614 0.137757 0.003467 0.422915 0.414912 1 
1 0.255319 0.081722 0.171824 0.003467 0.422915 0.414912 1 
1 0.276596 0.070614 0.203065 0.003467 0.422915 0.414912 1 
1 0.297872 0.075417 0.225231 0.003467 0.422915 0.414912 1 
1 0.319149 0.075417 0.295001 0.003467 0.422915 0.414912 1 
1 0.340426 0.075417 0.372954 0.003467 0.422915 0.414912 1 
1 0.361702 0.075417 0.4277 0.003467 0.422915 0.414912 1 
1 0.382979 0.095803 0.48557 0.003467 0.422915 0.414912 1 
1 0.404255 0.095803 0.505951 0.003467 0.422915 0.414912 1 
1 0.425532 0.089498 0.499702 0.003467 0.422915 0.414912 1 
1 0.446809 0.082503 0.475305 0.003467 0.422915 0.414912 1 
1 0.468085 0.095803 0.446147 0.003467 0.422915 0.414912 1 
1 0.489362 0.095803 0.428295 0.003467 0.422915 0.414912 1 
1 0.510638 0.089498 0.416245 0.003467 0.422915 0.414912 1 
1 0.531915 0.093611 0.400625 0.003467 0.422915 0.414912 1 
1 0.553191 0.093611 0.389616 0.003467 0.422915 0.414912 1 
1 0.574468 0.089498 0.376376 0.003467 0.422915 0.414912 1 
1 0.595745 0.087667 0.374145 0.003467 0.422915 0.414912 1 
1 0.617021 0.089498 0.373103 0.003467 0.422915 0.414912 1 
1 0.638298 0.093611 0.374145 0.003467 0.422915 0.414912 1 
1 0.659574 0.095803 0.402112 0.003467 0.422915 0.414912 1 
1 0.680851 0.104209 0.440643 0.003467 0.422915 0.414912 1 
1 0.702128 0.110964 0.506248 0.003467 0.422915 0.414912 1 
1 0.723404 0.18425 0.617822 0.003467 0.422915 0.414912 1 
1 0.744681 0.19776 0.696073 0.003467 0.422915 0.414912 1 
1 0.765957 0.152516 0.685808 0.003467 0.422915 0.414912 1 
1 0.787234 0.152516 0.663344 0.003467 0.422915 0.414912 1 
1 0.808511 0.121202 0.634186 0.003467 0.422915 0.414912 1 
1 0.829787 0.121202 0.610979 0.003467 0.422915 0.414912 1 
1 0.851064 0.106761 0.577358 0.003467 0.422915 0.414912 1 
1 0.87234 0.095803 0.54701 0.003467 0.422915 0.414912 1 
1 0.893617 0.043833 0.494942 0.003467 0.422915 0.414912 0 
1 0.914894 0.043833 0.43975 0.003467 0.422915 0.414912 0 
1 0.93617 0.089498 0.44942 0.003467 0.422915 0.414912 1 
1 0.957447 0.045364 0.431419 0.003467 0.422915 0.414912 0 
1 0.978723 0.063648 0.443023 0.003467 0.422915 0.414912 0 
1 1 0.043833 0.433056 0.003467 0.422915 0.414912 0 
