4 0 0.080011 0.513389 0.003467 0.422915 0.414912 1 
4 0.021277 0.080011 0.494793 0.003467 0.422915 0.414912 1 
4 0.042553 0.068842 0.469503 0.003467 0.422915 0.414912 0 
4 0.06383 0.064849 0.405237 0.003467 0.422915 0.414912 0 
4 0.085106 0.058364 0.344838 0.003467 0.422915 0.414912 0 
4 0.106383 0.058364 0.298126 0.003467 0.422915 0.414912 0 
4 0.12766 0.057584 0.248438 0.003467 0.422915 0.414912 0 
4 0.148936 0.057584 0.217941 0.003467 0.422915 0.414912 0 
4 0.170213 0.048097 0.195478 0.003467 0.422915 0.414912 0 
4 0.191489 0.048097 0.188486 0.003467 0.422915 0.414912 0 
4 0.212766 0.066681 0.224189 0.003467 0.422915 0.414912 0 
4 0.234043 0.067071 0.27596 0.003467 0.422915 0.414912 0 
4 0.255319 0.084694 0.379054 0.003467 0.422915 0.414912 1 
4 0.276596 0.084844 0.498661 0.003467 0.422915 0.414912 1 
4 0.297872 0.07872 0.494793 0.003467 0.422915 0.414912 1 
4 0.319149 0.07872 0.536745 0.003467 0.422915 0.414912 1 
4 0.340426 0.074216 0.547605 0.003467 0.422915 0.414912 0 
4 0.361702 0.066681 0.540464 0.003467 0.422915 0.414912 0 
4 0.382979 0.104089 0.559655 0.003467 0.422915 0.414912 1 
4 0.404255 0.07872 0.568432 0.003467 0.422915 0.414912 1 
4 0.425532 0.07872 0.553109 0.003467 0.422915 0.414912 1 
4 0.446809 0.074216 0.526629 0.003467 0.422915 0.414912 1 
4 0.468085 0.058334 0.515025 0.003467 0.422915 0.414912 0 
4 0.489362 0.066681 0.503868 0.003467 0.422915 0.414912 0 
4 0.510638 0.058334 0.489289 0.003467 0.422915 0.414912 0 
4 0.531915 0.066681 0.47947 0.003467 0.422915 0.414912 0 
4 0.553191 0.066681 0.480809 0.003467 0.422915 0.414912 0 
4 0.574468 0.066681 0.472776 0.003467 0.422915 0.414912 0 
4 0.595745 0.066681 0.457602 0.003467 0.422915 0.414912 0 
4 0.617021 0.053381 0.45418 0.003467 0.422915 0.414912 0 
4 0.638298 0.053381 0.443172 0.003467 0.422915 0.414912 0 
4 0.659574 0.066681 0.444808 0.003467 0.422915 0.414912 0 
4 0.680851 0.074216 0.452693 0.003467 0.422915 0.414912 1 
4 0.702128 0.07872 0.468313 0.003467 0.422915 0.414912 1 
4 0.723404 0.058334 0.492264 0.003467 0.422915 0.414912 0 
4 0.744681 0.074216 0.563672 0.003467 0.422915 0.414912 1 
4 0.765957 0.084694 0.62407 0.003467 0.422915 0.414912 1 
4 0.787234 0.07872 0.62288 0.003467 0.422915 0.414912 1 
4 0.808511 0.07872 0.592532 0.003467 0.422915 0.414912 1 
4 0.829787 0.066681 0.569622 0.003467 0.422915 0.414912 0 
4 0.851064 0.07872 0.554597 0.003467 0.422915 0.414912 1 
4 0.87234 0.074216 0.527075 0.003467 0.422915 0.414912 1 
4 0.893617 0.066681 0.487057 0.003467 0.422915 0.414912 0 
4 0.914894 0.050949 0.43975 0.003467 0.422915 0.414912 0 
4 0.93617 0.084694 0.489438 0.003467 0.422915 0.414912 1 
4 0.957447 0.075657 0.502678 0.003467 0.422915 0.414912 1 
4 0.978723 0.084694 0.518149 0.003467 0.422915 0.414912 1 
4 1 0.084844 0.511901 0.003467 0.422915 0.414912 1 
