2 0 0.083794 0.365367 0.003467 0.422915 0.414912 1 
2 0.021277 0.054521 0.297382 0.003467 0.422915 0.414912 0 
2 0.042553 0.054311 0.236686 0.003467 0.422915 0.414912 0 
2 0.06383 0.054161 0.199643 0.003467 0.422915 0.414912 0 
2 0.085106 0.054161 0.165873 0.003467 0.422915 0.414912 0 
2 0.106383 0.054161 0.1446 0.003467 0.422915 0.414912 0 
2 0.12766 0.051429 0.133591 0.003467 0.422915 0.414912 0 
2 0.148936 0.074787 0.138352 0.003467 0.422915 0.414912 1 
2 0.170213 0.074787 0.163344 0.003467 0.422915 0.414912 1 
2 0.191489 0.053321 0.181494 0.003467 0.422915 0.414912 0 
2 0.212766 0.074817 0.263017 0.003467 0.422915 0.414912 1 
2 0.234043 0.09151 0.357185 0.003467 0.422915 0.414912 1 
2 0.255319 0.102258 0.371021 0.003467 0.422915 0.414912 1 
2 0.276596 0.101777 0.423237 0.003467 0.422915 0.414912 1 
2 0.297872 0.06584 0.441982 0.003467 0.422915 0.414912 0 
2 0.319149 0.06584 0.466528 0.003467 0.422915 0.414912 0 
2 0.340426 0.06584 0.513835 0.003467 0.422915 0.414912 0 
2 0.361702 0.06584 0.529604 0.003467 0.422915 0.414912 0 
2 0.382979 0.085685 0.529307 0.003467 0.422915 0.414912 1 
2 0.404255 0.09151 0.522761 0.003467 0.422915 0.414912 1 
2 0.425532 0.09151 0.520381 0.003467 0.422915 0.414912 1 
2 0.446809 0.09151 0.530199 0.003467 0.422915 0.414912 1 
2 0.468085 0.074817 0.531092 0.003467 0.422915 0.414912 0 
2 0.489362 0.09151 0.52767 0.003467 0.422915 0.414912 1 
2 0.510638 0.101777 0.531389 0.003467 0.422915 0.414912 1 
2 0.531915 0.101777 0.524844 0.003467 0.422915 0.414912 1 
2 0.553191 0.09151 0.523207 0.003467 0.422915 0.414912 1 
2 0.574468 0.074817 0.5241 0.003467 0.422915 0.414912 0 
2 0.595745 0.074817 0.513091 0.003467 0.422915 0.414912 0 
2 0.617021 0.102258 0.517852 0.003467 0.422915 0.414912 1 
2 0.638298 0.102258 0.520232 0.003467 0.422915 0.414912 1 
2 0.659574 0.106131 0.520678 0.003467 0.422915 0.414912 1 
2 0.680851 0.114177 0.497025 0.003467 0.422915 0.414912 1 
2 0.702128 0.108442 0.485421 0.003467 0.422915 0.414912 1 
2 0.723404 0.060076 0.445701 0.003467 0.422915 0.414912 0 
2 0.744681 0.06584 0.424427 0.003467 0.422915 0.414912 0 
2 0.765957 0.056863 0.394377 0.003467 0.422915 0.414912 0 
2 0.787234 0.056863 0.383666 0.003467 0.422915 0.414912 0 
2 0.808511 0.056863 0.399137 0.003467 0.422915 0.414912 0 
2 0.829787 0.060076 0.411038 0.003467 0.422915 0.414912 0 
2 0.851064 0.060076 0.382327 0.003467 0.422915 0.414912 0 
2 0.87234 0.060076 0.35421 0.003467 0.422915 0.414912 0 
2 0.893617 0.074817 0.378161 0.003467 0.422915 0.414912 0 
2 0.914894 0.060076 0.39393 0.003467 0.422915 0.414912 0 
2 0.93617 0.101777 0.414162 0.003467 0.422915 0.414912 1 
2 0.957447 0.074787 0.411485 0.003467 0.422915 0.414912 0 
2 0.978723 0.074757 0.405237 0.003467 0.422915 0.414912 0 
2 1 0.09151 0.378459 0.003467 0.422915 0.414912 1 
