4 0 0.05281 0.454032 0.003737 0.389436 0.354386 0 
4 0.021277 0.045034 0.435287 0.002987 0.355256 0.370614 0 
4 0.042553 0.049327 0.406724 0.003405 0.403418 0.284649 0 
4 0.06383 0.043713 0.352276 0.003022 0.378819 0.267105 0 
4 0.085106 0.040651 0.292919 0.0028 0.33506 0.366228 0 
4 0.106383 0.040951 0.248884 0.002808 0.285085 0.329386 0 
4 0.12766 0.031254 0.203957 0.002144 0.248835 0.370614 0 
4 0.148936 0.027891 0.174204 0.001913 0.219575 0.419298 0 
4 0.170213 0.027111 0.162154 0.001855 0.204816 0.438596 0 
4 0.191489 0.02675 0.159328 0.001828 0.19653 0.446053 0 
4 0.212766 0.0269 0.184023 0.00184 0.201968 0.436404 0 
4 0.234043 0.029993 0.229545 0.002054 0.219575 0.420614 0 
4 0.255319 0.043923 0.330556 0.003008 0.290782 0.366228 0 
4 0.276596 0.057284 0.423683 0.003918 0.364319 0.324561 1 
4 0.297872 0.03936 0.419667 0.002732 0.397721 0.224123 0 
4 0.319149 0.057584 0.464148 0.003999 0.465303 0.185965 1 
4 0.340426 0.05248 0.479173 0.003641 0.499741 0.179386 0 
4 0.361702 0.05239 0.480512 0.003654 0.505438 0.184649 0 
4 0.382979 0.061727 0.517108 0.004298 0.508804 0.255263 1 
4 0.404255 0.066921 0.529158 0.004639 0.501813 0.255702 1 
4 0.425532 0.060196 0.512199 0.004184 0.497152 0.227193 1 
4 0.446809 0.057494 0.499107 0.004005 0.505179 0.191228 1 
4 0.468085 0.060196 0.48676 0.004198 0.505438 0.179386 1 
4 0.489362 0.063258 0.486165 0.004348 0.503884 0.167544 1 
4 0.510638 0.063468 0.47947 0.00442 0.480839 0.156579 1 
4 0.531915 0.057223 0.471586 0.003932 0.479285 0.144298 1 
4 0.553191 0.059805 0.476941 0.004175 0.489902 0.13114 1 
4 0.574468 0.054732 0.467272 0.003824 0.48291 0.111404 1 
4 0.595745 0.048037 0.457602 0.003363 0.481357 0.132456 0 
4 0.617021 0.046655 0.454478 0.00327 0.481616 0.103509 0 
4 0.638298 0.043353 0.446296 0.003043 0.467892 0.128947 0 
4 0.659574 0.043293 0.456561 0.003043 0.465821 0.107895 0 
4 0.680851 0.047376 0.457156 0.003328 0.460124 0.133333 0 
4 0.702128 0.046655 0.460875 0.00328 0.472294 0.150439 0 
4 0.723404 0.048097 0.45909 0.003384 0.476178 0.136842 0 
4 0.744681 0.046235 0.465338 0.003259 0.486794 0.132018 0 
4 0.765957 0.045094 0.479619 0.003178 0.474107 0.239035 0 
4 0.787234 0.051699 0.516959 0.003625 0.475919 0.232456 1 
4 0.808511 0.050889 0.501636 0.003565 0.488089 0.192544 1 
4 0.829787 0.047676 0.476346 0.003353 0.477214 0.124561 0 
4 0.851064 0.043023 0.455222 0.003027 0.449508 0.182456 0 
4 0.87234 0.033896 0.428295 0.002378 0.41999 0.214474 0 
4 0.893617 0.030143 0.396459 0.00211 0.401088 0.226754 0 
4 0.914894 0.029452 0.355698 0.002054 0.362765 0.263158 0 
4 0.93617 0.038339 0.421303 0.002688 0.350854 0.291667 0 
4 0.957447 0.042302 0.43975 0.002964 0.334024 0.303509 0 
4 0.978723 0.050408 0.451354 0.003523 0.426463 0.200877 1 
4 1 0.054431 0.453139 0.003789 0.425945 0.24693 1 
