1 0 0.042032 0.332044 0.002763 0.328068 0.645175 0 
1 0.021277 0.033265 0.292621 0.002173 0.308648 0.653947 0 
1 0.042553 0.056233 0.258554 0.003693 0.358105 0.607456 0 
1 0.06383 0.030563 0.214668 0.002011 0.339979 0.604386 0 
1 0.085106 0.027411 0.173609 0.001805 0.294148 0.648246 0 
1 0.106383 0.024979 0.142666 0.001651 0.25246 0.631579 0 
1 0.12766 0.024499 0.116037 0.001624 0.221906 0.584211 0 
1 0.148936 0.024469 0.099226 0.001629 0.202486 0.634211 0 
1 0.170213 0.01363 0.084647 0.000897 0.188762 0.687719 0 
1 0.191489 0.01327 0.086135 0.000868 0.168566 0.72193 0 
1 0.212766 0.0136 0.090152 0.000885 0.151735 0.761404 0 
1 0.234043 0.01291 0.095507 0.000841 0.13102 0.776316 0 
1 0.255319 0.013871 0.117525 0.000895 0.154324 0.800877 0 
1 0.276596 0.019125 0.141029 0.001182 0.150181 0.814912 0 
1 0.297872 0.021676 0.166766 0.000935 0.128949 0.825 0 
1 0.319149 0.024529 0.218536 0.001479 0.148628 0.782895 0 
1 0.340426 0.029602 0.285183 0.001084 0.170896 0.769737 0 
1 0.361702 0.028972 0.338441 0.001695 0.196012 0.787719 0 
1 0.382979 0.093011 0.389616 0.002009 0.216727 0.660088 1 
1 0.404255 0.075627 0.415948 0.002009 0.234852 0.66886 0 
1 0.425532 0.130179 0.429634 0.002009 0.245469 0.629386 1 
1 0.446809 0.201123 0.423386 0.002009 0.245987 0.638158 1 
1 0.468085 0.336526 0.426361 0.002009 0.239513 0.64693 1 
1 0.489362 0.520776 0.414014 0.002009 0.245469 0.64693 1 
1 0.510638 0.337336 0.403303 0.002009 0.251424 0.64693 1 
1 0.531915 0.244086 0.38679 0.002009 0.25738 0.64693 1 
1 0.553191 0.120782 0.366111 0.00322 0.263335 0.690789 1 
1 0.574468 0.107872 0.341565 0.002009 0.258674 0.690789 1 
1 0.595745 0.083493 0.334127 0.002009 0.262299 0.690789 0 
1 0.617021 0.054852 0.321184 0.002009 0.246763 0.690789 0 
1 0.638298 0.042122 0.316572 0.002009 0.25738 0.690789 0 
1 0.659574 0.045485 0.333234 0.002133 0.264371 0.730263 0 
1 0.680851 0.034796 0.347516 0.00226 0.286639 0.771053 0 
1 0.702128 0.081422 0.384112 0.005272 0.322631 0.767105 0 
1 0.723404 0.108532 0.454329 0.007117 0.378042 0.679825 1 
1 0.744681 0.18365 0.528414 0.012123 0.458571 0.686404 1 
1 0.765957 0.113997 0.538828 0.007497 0.470223 0.7 1 
1 0.787234 0.092981 0.515323 0.006107 0.448472 0.738158 1 
1 0.808511 0.13123 0.487355 0.008587 0.440963 0.714035 1 
1 0.829787 0.234448 0.457007 0.01532 0.401088 0.766228 1 
1 0.851064 0.102708 0.438857 0.006662 0.387623 0.771053 1 
1 0.87234 0.161583 0.423832 0.004086 0.371569 0.775 1 
1 0.893617 0.056263 0.383517 0.003494 0.367685 0.772807 0 
1 0.914894 0.028762 0.350342 0.001832 0.351631 0.74386 0 
1 0.93617 0.090098 0.377417 0.002009 0.29622 0.708333 0 
1 0.957447 0.061937 0.379798 0.002009 0.290005 0.708333 0 
1 0.978723 0.070554 0.384707 0.003506 0.344122 0.703947 0 
1 1 0.03981 0.353466 0.002009 0.344899 0.725877 0 
