3 0 0.061727 0.433353 0.003467 0.422915 0.414912 1 
3 0.021277 0.064459 0.410146 0.003467 0.422915 0.414912 1 
3 0.042553 0.067191 0.372806 0.003467 0.422915 0.414912 1 
3 0.06383 0.059025 0.320589 0.003467 0.422915 0.414912 0 
3 0.085106 0.059025 0.262719 0.003467 0.422915 0.414912 0 
3 0.106383 0.059025 0.219875 0.003467 0.422915 0.414912 0 
3 0.12766 0.056293 0.184915 0.003467 0.422915 0.414912 0 
3 0.148936 0.050829 0.161262 0.003467 0.422915 0.414912 0 
3 0.170213 0.05218 0.158881 0.003467 0.422915 0.414912 0 
3 0.191489 0.05218 0.158881 0.003467 0.422915 0.414912 0 
3 0.212766 0.055212 0.188932 0.003467 0.422915 0.414912 0 
3 0.234043 0.055212 0.229694 0.003467 0.422915 0.414912 0 
3 0.255319 0.058274 0.317168 0.003467 0.422915 0.414912 0 
3 0.276596 0.061247 0.400774 0.003467 0.422915 0.414912 1 
3 0.297872 0.061247 0.40717 0.003467 0.422915 0.414912 1 
3 0.319149 0.061247 0.45537 0.003467 0.422915 0.414912 1 
3 0.340426 0.061247 0.473371 0.003467 0.422915 0.414912 1 
3 0.361702 0.061247 0.475305 0.003467 0.422915 0.414912 1 
3 0.382979 0.074547 0.513389 0.003467 0.422915 0.414912 1 
3 0.404255 0.074547 0.523356 0.003467 0.422915 0.414912 1 
3 0.425532 0.061247 0.515025 0.003467 0.422915 0.414912 1 
3 0.446809 0.058244 0.50476 0.003467 0.422915 0.414912 0 
3 0.468085 0.064279 0.485421 0.003467 0.422915 0.414912 1 
3 0.489362 0.057974 0.490181 0.003467 0.422915 0.414912 0 
3 0.510638 0.059505 0.485123 0.003467 0.422915 0.414912 0 
3 0.531915 0.064279 0.480809 0.003467 0.422915 0.414912 1 
3 0.553191 0.061247 0.481404 0.003467 0.422915 0.414912 1 
3 0.574468 0.061247 0.484231 0.003467 0.422915 0.414912 1 
3 0.595745 0.064279 0.503124 0.003467 0.422915 0.414912 1 
3 0.617021 0.067311 0.493306 0.003467 0.422915 0.414912 1 
3 0.638298 0.061247 0.483487 0.003467 0.422915 0.414912 1 
3 0.659574 0.061247 0.47828 0.003467 0.422915 0.414912 1 
3 0.680851 0.061247 0.476049 0.003467 0.422915 0.414912 1 
3 0.702128 0.061247 0.476941 0.003467 0.422915 0.414912 1 
3 0.723404 0.06572 0.480363 0.003467 0.422915 0.414912 1 
3 0.744681 0.087066 0.526629 0.003467 0.422915 0.414912 1 
3 0.765957 0.089018 0.550431 0.003467 0.422915 0.414912 1 
3 0.787234 0.067311 0.524844 0.003467 0.422915 0.414912 1 
3 0.808511 0.061247 0.483487 0.003467 0.422915 0.414912 1 
3 0.829787 0.058244 0.449717 0.003467 0.422915 0.414912 0 
3 0.851064 0.058244 0.428146 0.003467 0.422915 0.414912 0 
3 0.87234 0.05305 0.408509 0.003467 0.422915 0.414912 0 
3 0.893617 0.05305 0.395567 0.003467 0.422915 0.414912 0 
3 0.914894 0.05218 0.368789 0.003467 0.422915 0.414912 0 
3 0.93617 0.058244 0.416394 0.003467 0.422915 0.414912 0 
3 0.957447 0.05305 0.433651 0.003467 0.422915 0.414912 0 
3 0.978723 0.05305 0.44213 0.003467 0.422915 0.414912 0 
3 1 0.055212 0.438411 0.003467 0.422915 0.414912 0 
