4 0 0.054912 0.357632 0.003467 0.422915 0.414912 0 
4 0.021277 0.049838 0.288158 0.003467 0.422915 0.414912 0 
4 0.042553 0.049838 0.231627 0.003467 0.422915 0.414912 0 
4 0.06383 0.049838 0.200238 0.003467 0.422915 0.414912 0 
4 0.085106 0.041431 0.170187 0.003467 0.422915 0.414912 0 
4 0.106383 0.041431 0.153675 0.003467 0.422915 0.414912 0 
4 0.12766 0.041431 0.154121 0.003467 0.422915 0.414912 0 
4 0.148936 0.041431 0.159476 0.003467 0.422915 0.414912 0 
4 0.170213 0.066741 0.179708 0.003467 0.422915 0.414912 0 
4 0.191489 0.067041 0.219429 0.003467 0.422915 0.414912 0 
4 0.212766 0.074937 0.299018 0.003467 0.422915 0.414912 1 
4 0.234043 0.074577 0.375335 0.003467 0.422915 0.414912 1 
4 0.255319 0.072715 0.400922 0.003467 0.422915 0.414912 1 
4 0.276596 0.06584 0.464296 0.003467 0.422915 0.414912 0 
4 0.297872 0.069893 0.490479 0.003467 0.422915 0.414912 0 
4 0.319149 0.069893 0.512943 0.003467 0.422915 0.414912 0 
4 0.340426 0.07845 0.567539 0.003467 0.422915 0.414912 1 
4 0.361702 0.07845 0.593276 0.003467 0.422915 0.414912 1 
4 0.382979 0.081272 0.592532 0.003467 0.422915 0.414912 1 
4 0.404255 0.075597 0.579292 0.003467 0.422915 0.414912 1 
4 0.425532 0.072715 0.602946 0.003467 0.422915 0.414912 1 
4 0.446809 0.081272 0.611425 0.003467 0.422915 0.414912 1 
4 0.468085 0.090068 0.611574 0.003467 0.422915 0.414912 1 
4 0.489362 0.081272 0.616334 0.003467 0.422915 0.414912 1 
4 0.510638 0.081272 0.630021 0.003467 0.422915 0.414912 1 
4 0.531915 0.081272 0.635823 0.003467 0.422915 0.414912 1 
4 0.553191 0.093461 0.639988 0.003467 0.422915 0.414912 1 
4 0.574468 0.07845 0.642517 0.003467 0.422915 0.414912 1 
4 0.595745 0.081272 0.646534 0.003467 0.422915 0.414912 1 
4 0.617021 0.102078 0.656947 0.003467 0.422915 0.414912 1 
4 0.638298 0.108082 0.665278 0.003467 0.422915 0.414912 1 
4 0.659574 0.093461 0.663939 0.003467 0.422915 0.414912 1 
4 0.680851 0.093461 0.649955 0.003467 0.422915 0.414912 1 
4 0.702128 0.075597 0.642963 0.003467 0.422915 0.414912 1 
4 0.723404 0.072715 0.603838 0.003467 0.422915 0.414912 1 
4 0.744681 0.063859 0.580036 0.003467 0.422915 0.414912 0 
4 0.765957 0.061006 0.546415 0.003467 0.422915 0.414912 0 
4 0.787234 0.067041 0.543588 0.003467 0.422915 0.414912 0 
4 0.808511 0.093461 0.557423 0.003467 0.422915 0.414912 1 
4 0.829787 0.072715 0.550283 0.003467 0.422915 0.414912 1 
4 0.851064 0.075597 0.50848 0.003467 0.422915 0.414912 1 
4 0.87234 0.072715 0.469503 0.003467 0.422915 0.414912 1 
4 0.893617 0.084064 0.479917 0.003467 0.422915 0.414912 1 
4 0.914894 0.07845 0.475454 0.003467 0.422915 0.414912 1 
4 0.93617 0.069893 0.479917 0.003467 0.422915 0.414912 0 
4 0.957447 0.069893 0.466082 0.003467 0.422915 0.414912 0 
4 0.978723 0.063859 0.443023 0.003467 0.422915 0.414912 0 
4 1 0.063859 0.410741 0.003467 0.422915 0.414912 0 
