4 0 0.064579 0.420411 0.003467 0.422915 0.414912 1 
4 0.021277 0.055512 0.388426 0.003467 0.422915 0.414912 0 
4 0.042553 0.05248 0.35778 0.003467 0.422915 0.414912 0 
4 0.06383 0.050198 0.304076 0.003467 0.422915 0.414912 0 
4 0.085106 0.05248 0.246355 0.003467 0.422915 0.414912 0 
4 0.106383 0.054191 0.210354 0.003467 0.422915 0.414912 0 
4 0.12766 0.05248 0.175394 0.003467 0.422915 0.414912 0 
4 0.148936 0.05248 0.150699 0.003467 0.422915 0.414912 0 
4 0.170213 0.048337 0.143707 0.003467 0.422915 0.414912 0 
4 0.191489 0.05239 0.145195 0.003467 0.422915 0.414912 0 
4 0.212766 0.05239 0.171973 0.003467 0.422915 0.414912 0 
4 0.234043 0.049898 0.219131 0.003467 0.422915 0.414912 0 
4 0.255319 0.053321 0.303927 0.003467 0.422915 0.414912 0 
4 0.276596 0.053321 0.392294 0.003467 0.422915 0.414912 0 
4 0.297872 0.053321 0.396311 0.003467 0.422915 0.414912 0 
4 0.319149 0.053321 0.436924 0.003467 0.422915 0.414912 0 
4 0.340426 0.057314 0.466974 0.003467 0.422915 0.414912 0 
4 0.361702 0.067131 0.480512 0.003467 0.422915 0.414912 1 
4 0.382979 0.070854 0.522315 0.003467 0.422915 0.414912 1 
4 0.404255 0.081872 0.536299 0.003467 0.422915 0.414912 1 
4 0.425532 0.072055 0.525736 0.003467 0.422915 0.414912 1 
4 0.446809 0.057314 0.513538 0.003467 0.422915 0.414912 0 
4 0.468085 0.062207 0.527373 0.003467 0.422915 0.414912 1 
4 0.489362 0.067131 0.528117 0.003467 0.422915 0.414912 1 
4 0.510638 0.067131 0.526927 0.003467 0.422915 0.414912 1 
4 0.531915 0.070854 0.520827 0.003467 0.422915 0.414912 1 
4 0.553191 0.067131 0.518596 0.003467 0.422915 0.414912 1 
4 0.574468 0.062207 0.506694 0.003467 0.422915 0.414912 1 
4 0.595745 0.057974 0.500595 0.003467 0.422915 0.414912 0 
4 0.617021 0.062207 0.496876 0.003467 0.422915 0.414912 1 
4 0.638298 0.058364 0.483636 0.003467 0.422915 0.414912 0 
4 0.659574 0.057974 0.477834 0.003467 0.422915 0.414912 0 
4 0.680851 0.058364 0.477239 0.003467 0.422915 0.414912 0 
4 0.702128 0.057314 0.490628 0.003467 0.422915 0.414912 0 
4 0.723404 0.067131 0.504017 0.003467 0.422915 0.414912 1 
4 0.744681 0.093671 0.548646 0.003467 0.422915 0.414912 1 
4 0.765957 0.072055 0.545968 0.003467 0.422915 0.414912 1 
4 0.787234 0.062207 0.518744 0.003467 0.422915 0.414912 1 
4 0.808511 0.062207 0.486462 0.003467 0.422915 0.414912 1 
4 0.829787 0.062207 0.454032 0.003467 0.422915 0.414912 1 
4 0.851064 0.057314 0.429932 0.003467 0.422915 0.414912 0 
4 0.87234 0.054612 0.406873 0.003467 0.422915 0.414912 0 
4 0.893617 0.053321 0.365367 0.003467 0.422915 0.414912 0 
4 0.914894 0.051759 0.325945 0.003467 0.422915 0.414912 0 
4 0.93617 0.053321 0.384261 0.003467 0.422915 0.414912 0 
4 0.957447 0.05239 0.414758 0.003467 0.422915 0.414912 0 
4 0.978723 0.053321 0.429932 0.003467 0.422915 0.414912 0 
4 1 0.053321 0.417287 0.003467 0.422915 0.414912 0 
