6 0 0.059145 0.569325 0.004236 0.467633 0.463158 1 
6 0.021277 0.060226 0.551324 0.003999 0.441481 0.50614 1 
6 0.042553 0.063048 0.523059 0.004626 0.491973 0.416228 1 
6 0.06383 0.054852 0.468462 0.003781 0.467633 0.477193 1 
6 0.085106 0.03915 0.412675 0.002746 0.418436 0.549561 0 
6 0.106383 0.048607 0.35659 0.003394 0.378042 0.559211 1 
6 0.12766 0.034406 0.303779 0.002331 0.330399 0.645175 0 
6 0.148936 0.032425 0.274918 0.002185 0.303211 0.65307 0 
6 0.170213 0.031164 0.253347 0.002102 0.275764 0.663158 0 
6 0.191489 0.030143 0.252603 0.002029 0.265407 0.693421 0 
6 0.212766 0.032184 0.278042 0.002164 0.271103 0.683333 0 
6 0.234043 0.032905 0.336656 0.002214 0.306836 0.704825 0 
6 0.255319 0.034947 0.451651 0.002368 0.388918 0.630702 0 
6 0.276596 0.049177 0.580928 0.003373 0.473071 0.525877 1 
6 0.297872 0.060586 0.602202 0.00388 0.506214 0.457456 1 
6 0.319149 0.074096 0.669295 0.00511 0.567064 0.453947 1 
6 0.340426 0.071544 0.677774 0.004593 0.59943 0.446053 1 
6 0.361702 0.04005 0.656501 0.002721 0.596841 0.461842 0 
6 0.382979 0.040891 0.678816 0.002757 0.597618 0.478947 0 
6 0.404255 0.036598 0.671229 0.002457 0.578975 0.505263 0 
6 0.425532 0.046505 0.643707 0.003132 0.56318 0.308333 1 
6 0.446809 0.06632 0.613062 0.004545 0.546608 0.289035 1 
6 0.468085 0.046415 0.58316 0.003216 0.533402 0.272368 1 
6 0.489362 0.045995 0.564118 0.003197 0.529259 0.402193 1 
6 0.510638 0.033055 0.54463 0.002268 0.505438 0.440789 0 
6 0.531915 0.033986 0.529604 0.00232 0.497929 0.434649 0 
6 0.553191 0.034226 0.518893 0.002339 0.513723 0.416667 0 
6 0.574468 0.033235 0.498066 0.00227 0.505179 0.395175 0 
6 0.595745 0.033235 0.491967 0.002279 0.494562 0.391667 0 
6 0.617021 0.032905 0.470544 0.00225 0.483946 0.423246 0 
6 0.638298 0.032965 0.45537 0.002243 0.44899 0.45307 0 
6 0.659574 0.032425 0.452395 0.002189 0.435267 0.489035 0 
6 0.680851 0.032245 0.466379 0.002164 0.430865 0.514912 0 
6 0.702128 0.031644 0.487801 0.002106 0.44407 0.547807 0 
6 0.723404 0.032425 0.526778 0.002131 0.462455 0.507018 0 
6 0.744681 0.038639 0.633442 0.002557 0.518384 0.454825 0 
6 0.765957 0.037799 0.682981 0.002507 0.571466 0.433333 0 
6 0.787234 0.044404 0.678816 0.002966 0.568358 0.431579 1 
6 0.808511 0.037318 0.652484 0.002499 0.537804 0.482456 0 
6 0.829787 0.035907 0.627789 0.002412 0.508545 0.481579 0 
6 0.851064 0.035157 0.611723 0.002372 0.477732 0.509211 0 
6 0.87234 0.037649 0.600119 0.002553 0.45391 0.526316 0 
6 0.893617 0.041702 0.561886 0.002848 0.418177 0.516667 0 
6 0.914894 0.036808 0.514877 0.002511 0.396168 0.546491 0 
6 0.93617 0.053591 0.57468 0.003671 0.387364 0.565789 1 
6 0.957447 0.055242 0.598036 0.003795 0.386069 0.54386 1 
6 0.978723 0.054341 0.598631 0.00376 0.480839 0.448246 1 
6 1 0.037529 0.581226 0.002594 0.473848 0.534211 0 
