2 0 0.051699 0.438262 0.003467 0.422915 0.414912 0 
2 0.021277 0.049898 0.417287 0.003467 0.422915 0.414912 0 
2 0.042553 0.046926 0.397947 0.003467 0.422915 0.414912 0 
2 0.06383 0.045214 0.339482 0.003467 0.422915 0.414912 0 
2 0.085106 0.045214 0.2831 0.003467 0.422915 0.414912 0 
2 0.106383 0.045214 0.240405 0.003467 0.422915 0.414912 0 
2 0.12766 0.061997 0.206189 0.003467 0.422915 0.414912 0 
2 0.148936 0.061997 0.173609 0.003467 0.422915 0.414912 0 
2 0.170213 0.061997 0.161559 0.003467 0.422915 0.414912 0 
2 0.191489 0.045034 0.153079 0.003467 0.422915 0.414912 0 
2 0.212766 0.046565 0.182089 0.003467 0.422915 0.414912 0 
2 0.234043 0.050949 0.224636 0.003467 0.422915 0.414912 0 
2 0.255319 0.063919 0.315977 0.003467 0.422915 0.414912 0 
2 0.276596 0.057644 0.417138 0.003467 0.422915 0.414912 0 
2 0.297872 0.047166 0.411038 0.003467 0.422915 0.414912 0 
2 0.319149 0.048577 0.453139 0.003467 0.422915 0.414912 0 
2 0.340426 0.050949 0.477536 0.003467 0.422915 0.414912 0 
2 0.361702 0.048577 0.469652 0.003467 0.422915 0.414912 0 
2 0.382979 0.050949 0.511009 0.003467 0.422915 0.414912 0 
2 0.404255 0.056923 0.53258 0.003467 0.422915 0.414912 0 
2 0.425532 0.056923 0.509075 0.003467 0.422915 0.414912 0 
2 0.446809 0.056923 0.497322 0.003467 0.422915 0.414912 0 
2 0.468085 0.056923 0.494942 0.003467 0.422915 0.414912 0 
2 0.489362 0.057644 0.491967 0.003467 0.422915 0.414912 0 
2 0.510638 0.056923 0.483636 0.003467 0.422915 0.414912 0 
2 0.531915 0.057644 0.483041 0.003467 0.422915 0.414912 0 
2 0.553191 0.057644 0.494793 0.003467 0.422915 0.414912 0 
2 0.574468 0.057644 0.49152 0.003467 0.422915 0.414912 0 
2 0.595745 0.088868 0.484677 0.003467 0.422915 0.414912 1 
2 0.617021 0.089378 0.481702 0.003467 0.422915 0.414912 1 
2 0.638298 0.089378 0.478429 0.003467 0.422915 0.414912 1 
2 0.659574 0.089378 0.480363 0.003467 0.422915 0.414912 1 
2 0.680851 0.089378 0.476793 0.003467 0.422915 0.414912 1 
2 0.702128 0.056923 0.48319 0.003467 0.422915 0.414912 0 
2 0.723404 0.057644 0.4759 0.003467 0.422915 0.414912 0 
2 0.744681 0.056923 0.498066 0.003467 0.422915 0.414912 0 
2 0.765957 0.056923 0.540167 0.003467 0.422915 0.414912 0 
2 0.787234 0.048577 0.541803 0.003467 0.422915 0.414912 0 
2 0.808511 0.047166 0.500744 0.003467 0.422915 0.414912 0 
2 0.829787 0.046565 0.462511 0.003467 0.422915 0.414912 0 
2 0.851064 0.048577 0.440196 0.003467 0.422915 0.414912 0 
2 0.87234 0.047166 0.41327 0.003467 0.422915 0.414912 0 
2 0.893617 0.045034 0.375335 0.003467 0.422915 0.414912 0 
2 0.914894 0.045034 0.340077 0.003467 0.422915 0.414912 0 
2 0.93617 0.056923 0.388426 0.003467 0.422915 0.414912 0 
2 0.957447 0.050949 0.416691 0.003467 0.422915 0.414912 0 
2 0.978723 0.056923 0.431568 0.003467 0.422915 0.414912 0 
2 1 0.050949 0.433204 0.003467 0.422915 0.414912 0 
