5 0 0.037228 0.560845 0.001816 0.450544 0.765789 0 
5 0.021277 0.041642 0.548646 0.001518 0.423615 0.765789 0 
5 0.042553 0.040771 0.514728 0.00241 0.474107 0.734211 0 
5 0.06383 0.040141 0.470693 0.002013 0.445883 0.765789 0 
5 0.085106 0.038789 0.411187 0.001184 0.401864 0.765789 0 
5 0.106383 0.035817 0.362095 0.000976 0.347488 0.765789 0 
5 0.12766 0.029512 0.313151 0.000837 0.299327 0.765789 0 
5 0.148936 0.024679 0.281018 0.000835 0.259451 0.764912 0 
5 0.170213 0.01309 0.259298 0.000837 0.236147 0.742982 0 
5 0.191489 0.011799 0.258852 0.000756 0.215173 0.744737 0 
5 0.212766 0.01342 0.289646 0.00086 0.22579 0.756579 0 
5 0.234043 0.023208 0.342458 0.000908 0.25738 0.765789 0 
5 0.255319 0.036718 0.46028 0.001298 0.343345 0.765789 0 
5 0.276596 0.041612 0.581821 0.002678 0.429311 0.732456 0 
5 0.297872 0.042572 0.615739 0.002788 0.498446 0.610965 0 
5 0.319149 0.056983 0.700833 0.003824 0.56784 0.464474 1 
5 0.340426 0.093701 0.714371 0.006392 0.615743 0.432456 1 
5 0.361702 0.073286 0.696965 0.005033 0.616261 0.445614 1 
5 0.382979 0.085625 0.710354 0.005889 0.631538 0.432018 1 
5 0.404255 0.044344 0.713478 0.003076 0.617815 0.389474 0 
5 0.425532 0.076138 0.67837 0.005247 0.613413 0.402632 1 
5 0.446809 0.053621 0.651889 0.003731 0.609011 0.35307 1 
5 0.468085 0.055092 0.626302 0.003847 0.60202 0.355702 1 
5 0.489362 0.043413 0.606813 0.003022 0.598136 0.370175 0 
5 0.510638 0.043533 0.589259 0.003029 0.588296 0.410088 0 
5 0.531915 0.043023 0.569176 0.002981 0.582082 0.399561 0 
5 0.553191 0.054702 0.567391 0.003808 0.607457 0.358772 1 
5 0.574468 0.043353 0.556382 0.003016 0.602538 0.34693 0 
5 0.595745 0.043023 0.542547 0.002991 0.5971 0.361842 0 
5 0.617021 0.050558 0.529604 0.003527 0.582341 0.301316 1 
5 0.638298 0.043893 0.526629 0.003062 0.568358 0.342982 0 
5 0.659574 0.055542 0.545671 0.003872 0.559555 0.396491 1 
5 0.680851 0.046295 0.587176 0.00323 0.563956 0.428509 0 
5 0.702128 0.070734 0.6626 0.004954 0.595287 0.485526 1 
5 0.723404 0.075808 0.747099 0.005278 0.654065 0.409211 1 
5 0.744681 0.088147 0.812109 0.006109 0.69653 0.412281 1 
5 0.765957 0.083253 0.809134 0.005781 0.670119 0.452632 1 
5 0.787234 0.064999 0.785034 0.004549 0.63102 0.429386 1 
5 0.808511 0.048457 0.758108 0.0034 0.593475 0.419737 1 
5 0.829787 0.05305 0.733264 0.003727 0.555671 0.462719 1 
5 0.851064 0.060376 0.707676 0.004242 0.524858 0.484211 1 
5 0.87234 0.060346 0.672865 0.004215 0.499223 0.506579 1 
5 0.893617 0.053651 0.619756 0.003712 0.463231 0.520175 1 
5 0.914894 0.042062 0.565903 0.002862 0.434749 0.629386 0 
5 0.93617 0.042482 0.59759 0.002817 0.425168 0.657895 0 
5 0.957447 0.042032 0.595507 0.002767 0.414552 0.671491 0 
5 0.978723 0.042813 0.57706 0.002802 0.498446 0.541667 0 
5 1 0.041011 0.560101 0.002669 0.479544 0.663596 0 
