3 0 0.091359 0.555341 0.005966 0.512429 0.648684 1 
3 0.021277 0.087486 0.540315 0.005661 0.480321 0.707456 1 
3 0.042553 0.100667 0.510414 0.006579 0.542724 0.573684 1 
3 0.06383 0.083824 0.45418 0.005461 0.516054 0.608772 1 
3 0.085106 0.073496 0.399881 0.004747 0.479026 0.634211 0 
3 0.106383 0.057644 0.345879 0.003722 0.432418 0.595175 0 
3 0.12766 0.054792 0.299762 0.003544 0.400052 0.620614 0 
3 0.148936 0.05239 0.26629 0.003384 0.360435 0.675439 0 
3 0.170213 0.046776 0.242339 0.003022 0.350337 0.688596 0 
3 0.191489 0.045455 0.245463 0.002939 0.328586 0.723246 0 
3 0.212766 0.051939 0.272687 0.003351 0.342828 0.687719 0 
3 0.234043 0.057073 0.329366 0.003668 0.369498 0.719298 0 
3 0.255319 0.113366 0.448825 0.007318 0.45391 0.673684 1 
3 0.276596 0.658791 0.56263 0.014175 0.542724 0.510526 1 
3 0.297872 0.089198 0.590598 0.004954 0.577162 0.482018 0 
3 0.319149 0.095593 0.650253 0.006342 0.645003 0.421053 0 
3 0.340426 0.096223 0.663493 0.006388 0.688244 0.389474 1 
3 0.361702 0.096283 0.64222 0.006394 0.694718 0.369737 1 
3 0.382979 0.099346 0.661113 0.006639 0.70145 0.367982 1 
3 0.404255 0.096373 0.65546 0.006429 0.68436 0.425 1 
3 0.425532 0.096223 0.626748 0.0064 0.676075 0.437281 1 
3 0.446809 0.093761 0.601458 0.006242 0.661833 0.449123 0 
3 0.468085 0.087276 0.58078 0.005798 0.652512 0.504825 0 
3 0.489362 0.130659 0.567093 0.008685 0.649404 0.465789 1 
3 0.510638 0.106041 0.554894 0.006236 0.639047 0.491667 1 
3 0.531915 0.087577 0.539572 0.004936 0.637752 0.491667 0 
3 0.553191 0.082533 0.52648 0.005471 0.664423 0.451316 0 
3 0.574468 0.090008 0.527224 0.005964 0.665717 0.465351 0 
3 0.595745 0.083854 0.518149 0.005552 0.653806 0.435526 0 
3 0.617021 0.051249 0.49643 0.003405 0.633868 0.392105 0 
3 0.638298 0.044824 0.488843 0.002975 0.627395 0.417544 0 
3 0.659574 0.05287 0.50476 0.003519 0.616002 0.462281 0 
3 0.680851 0.064339 0.531092 0.003833 0.618332 0.485088 0 
3 0.702128 0.081302 0.566052 0.005268 0.636717 0.481579 0 
3 0.723404 0.076979 0.623326 0.005164 0.671673 0.456579 0 
3 0.744681 0.094602 0.726421 0.006325 0.707664 0.45614 0 
3 0.765957 0.096884 0.770158 0.006396 0.744951 0.422368 1 
3 0.787234 0.095082 0.759149 0.006267 0.722683 0.477632 1 
3 0.808511 0.093071 0.707825 0.006182 0.686173 0.49693 0 
3 0.829787 0.091209 0.6928 0.006074 0.649922 0.540789 0 
3 0.851064 0.090038 0.673312 0.006005 0.617556 0.508333 0 
3 0.87234 0.087456 0.647724 0.005804 0.588555 0.562281 0 
3 0.893617 0.076588 0.601458 0.005062 0.547903 0.554825 0 
3 0.914894 0.05254 0.5482 0.003523 0.514241 0.513596 0 
3 0.93617 0.073136 0.576912 0.004809 0.476178 0.70614 0 
3 0.957447 0.068632 0.568283 0.004456 0.456499 0.644737 0 
3 0.978723 0.089138 0.562779 0.00586 0.532108 0.587719 0 
3 1 0.080821 0.556977 0.005307 0.522786 0.638158 0 
