1 0 0.040801 0.365516 0.003467 0.422915 0.414912 0 
1 0.021277 0.040801 0.328771 0.003467 0.422915 0.414912 0 
1 0.042553 0.040801 0.319845 0.003467 0.422915 0.414912 0 
1 0.06383 0.040801 0.285927 0.003467 0.422915 0.414912 0 
1 0.085106 0.040801 0.246355 0.003467 0.422915 0.414912 0 
1 0.106383 0.040651 0.22047 0.003467 0.422915 0.414912 0 
1 0.12766 0.040651 0.193841 0.003467 0.422915 0.414912 0 
1 0.148936 0.040651 0.177477 0.003467 0.422915 0.414912 0 
1 0.170213 0.059565 0.167658 0.003467 0.422915 0.414912 1 
1 0.191489 0.059565 0.171675 0.003467 0.422915 0.414912 1 
1 0.212766 0.059565 0.206189 0.003467 0.422915 0.414912 1 
1 0.234043 0.061967 0.262571 0.003467 0.422915 0.414912 1 
1 0.255319 0.070253 0.375632 0.003467 0.422915 0.414912 1 
1 0.276596 0.080491 0.499405 0.003467 0.422915 0.414912 1 
1 0.297872 0.072625 0.517703 0.003467 0.422915 0.414912 1 
1 0.319149 0.106311 0.579738 0.003467 0.422915 0.414912 1 
1 0.340426 0.087306 0.595954 0.003467 0.422915 0.414912 1 
1 0.361702 0.067671 0.579143 0.003467 0.422915 0.414912 1 
1 0.382979 0.080491 0.608004 0.003467 0.422915 0.414912 1 
1 0.404255 0.071304 0.613954 0.003467 0.422915 0.414912 1 
1 0.425532 0.062477 0.590301 0.003467 0.422915 0.414912 1 
1 0.446809 0.061217 0.556233 0.003467 0.422915 0.414912 1 
1 0.468085 0.062477 0.537935 0.003467 0.422915 0.414912 1 
1 0.489362 0.063408 0.522761 0.003467 0.422915 0.414912 1 
1 0.510638 0.062477 0.509967 0.003467 0.422915 0.414912 1 
1 0.531915 0.061757 0.494049 0.003467 0.422915 0.414912 1 
1 0.553191 0.046956 0.486611 0.003467 0.422915 0.414912 0 
1 0.574468 0.061217 0.478727 0.003467 0.422915 0.414912 1 
1 0.595745 0.061217 0.466379 0.003467 0.422915 0.414912 1 
1 0.617021 0.061217 0.452246 0.003467 0.422915 0.414912 1 
1 0.638298 0.061217 0.445998 0.003467 0.422915 0.414912 1 
1 0.659574 0.062057 0.453734 0.003467 0.422915 0.414912 1 
1 0.680851 0.062477 0.462511 0.003467 0.422915 0.414912 1 
1 0.702128 0.061217 0.479024 0.003467 0.422915 0.414912 1 
1 0.723404 0.061217 0.514728 0.003467 0.422915 0.414912 1 
1 0.744681 0.061217 0.61321 0.003467 0.422915 0.414912 1 
1 0.765957 0.071304 0.673907 0.003467 0.422915 0.414912 1 
1 0.787234 0.062477 0.663791 0.003467 0.422915 0.414912 1 
1 0.808511 0.062477 0.628979 0.003467 0.422915 0.414912 1 
1 0.829787 0.061217 0.603838 0.003467 0.422915 0.414912 1 
1 0.851064 0.071304 0.58554 0.003467 0.422915 0.414912 1 
1 0.87234 0.071304 0.56382 0.003467 0.422915 0.414912 1 
1 0.893617 0.062477 0.514877 0.003467 0.422915 0.414912 1 
1 0.914894 0.067671 0.457751 0.003467 0.422915 0.414912 1 
1 0.93617 0.061217 0.498959 0.003467 0.422915 0.414912 1 
1 0.957447 0.061217 0.508331 0.003467 0.422915 0.414912 1 
1 0.978723 0.061217 0.526034 0.003467 0.422915 0.414912 1 
1 1 0.061217 0.519191 0.003467 0.422915 0.414912 0 
