3 0 0.042032 0.489586 0.002856 0.406007 0.531579 0 
3 0.021277 0.041341 0.47233 0.002794 0.377266 0.559211 0 
3 0.042553 0.043563 0.44094 0.002952 0.430865 0.455702 0 
3 0.06383 0.040861 0.384707 0.002773 0.404713 0.512281 0 
3 0.085106 0.037589 0.327284 0.002538 0.360694 0.531579 0 
3 0.106383 0.038039 0.276852 0.002572 0.31305 0.550439 0 
3 0.12766 0.033175 0.23014 0.002248 0.27421 0.547368 0 
3 0.148936 0.033265 0.204701 0.002252 0.244692 0.591667 0 
3 0.170213 0.027711 0.184915 0.00188 0.218022 0.608772 0 
3 0.191489 0.027471 0.183874 0.001857 0.2087 0.623684 0 
3 0.212766 0.029813 0.20842 0.002017 0.215173 0.599561 0 
3 0.234043 0.029242 0.250967 0.001984 0.237183 0.582895 0 
3 0.255319 0.034977 0.360756 0.002391 0.310979 0.562281 0 
3 0.276596 0.038369 0.467272 0.002617 0.393061 0.536404 0 
3 0.297872 0.035457 0.478132 0.00242 0.447954 0.410088 0 
3 0.319149 0.046866 0.549688 0.003184 0.506991 0.38114 0 
3 0.340426 0.059595 0.572449 0.004019 0.542465 0.383772 0 
3 0.361702 0.06569 0.57349 0.004437 0.554894 0.392544 0 
3 0.382979 0.190855 0.620202 0.012819 0.56784 0.365351 1 
3 0.404255 0.198031 0.639691 0.013371 0.556189 0.388158 1 
3 0.425532 0.139456 0.631508 0.009454 0.547644 0.379825 1 
3 0.446809 0.107452 0.60488 0.007291 0.536251 0.398246 1 
3 0.468085 0.117389 0.5964 0.007993 0.530036 0.385965 1 
3 0.489362 0.103939 0.592681 0.007094 0.520715 0.4 1 
3 0.510638 0.107752 0.578846 0.007366 0.5145 0.355263 1 
3 0.531915 0.081122 0.565159 0.005555 0.513982 0.357895 1 
3 0.553191 0.089618 0.555936 0.006136 0.540653 0.294737 1 
3 0.574468 0.07923 0.541952 0.005436 0.546349 0.294737 0 
3 0.595745 0.086526 0.539125 0.005922 0.540394 0.308772 1 
3 0.617021 0.05308 0.523505 0.003641 0.523304 0.282895 0 
3 0.638298 0.077519 0.521273 0.005316 0.504661 0.270175 0 
3 0.659574 0.050288 0.516959 0.00345 0.501036 0.23114 0 
3 0.680851 0.048037 0.527224 0.003307 0.505179 0.214912 0 
3 0.702128 0.047196 0.546266 0.003259 0.515018 0.189912 0 
3 0.723404 0.043863 0.56263 0.003037 0.538322 0.17193 0 
3 0.744681 0.077339 0.628533 0.005339 0.581823 0.192105 0 
3 0.765957 0.150444 0.663939 0.010343 0.603573 0.184211 1 
3 0.787234 0.114057 0.645641 0.007842 0.583635 0.176754 1 
3 0.808511 0.059595 0.60964 0.00413 0.550751 0.189035 0 
3 0.829787 0.045485 0.578697 0.003168 0.516054 0.227193 0 
3 0.851064 0.044824 0.552663 0.003112 0.49275 0.268421 0 
3 0.87234 0.042152 0.524398 0.002908 0.463749 0.299123 0 
3 0.893617 0.036508 0.48676 0.002528 0.437079 0.347807 0 
3 0.914894 0.033475 0.449569 0.00232 0.408856 0.375 0 
3 0.93617 0.038069 0.495835 0.002624 0.386846 0.438596 0 
3 0.957447 0.0399 0.513686 0.002754 0.364837 0.409649 0 
3 0.978723 0.046986 0.509967 0.00327 0.447437 0.272368 0 
3 1 0.044854 0.504314 0.003062 0.435526 0.323246 0 
