3 0 0.061847 0.507438 0.003467 0.422915 0.414912 1 
3 0.021277 0.061727 0.486909 0.003467 0.422915 0.414912 1 
3 0.042553 0.061727 0.459536 0.003467 0.422915 0.414912 1 
3 0.06383 0.040651 0.397352 0.003467 0.422915 0.414912 0 
3 0.085106 0.040651 0.342309 0.003467 0.422915 0.414912 0 
3 0.106383 0.040651 0.29158 0.003467 0.422915 0.414912 0 
3 0.12766 0.040651 0.238619 0.003467 0.422915 0.414912 0 
3 0.148936 0.040651 0.205445 0.003467 0.422915 0.414912 0 
3 0.170213 0.040711 0.188337 0.003467 0.422915 0.414912 0 
3 0.191489 0.040711 0.186849 0.003467 0.422915 0.414912 0 
3 0.212766 0.040711 0.213924 0.003467 0.422915 0.414912 0 
3 0.234043 0.063408 0.254984 0.003467 0.422915 0.414912 1 
3 0.255319 0.06584 0.354508 0.003467 0.422915 0.414912 1 
3 0.276596 0.040711 0.461767 0.003467 0.422915 0.414912 0 
3 0.297872 0.040711 0.468908 0.003467 0.422915 0.414912 0 
3 0.319149 0.040711 0.525885 0.003467 0.422915 0.414912 0 
3 0.340426 0.040711 0.54091 0.003467 0.422915 0.414912 0 
3 0.361702 0.040711 0.529456 0.003467 0.422915 0.414912 0 
3 0.382979 0.040711 0.567688 0.003467 0.422915 0.414912 0 
3 0.404255 0.040711 0.580482 0.003467 0.422915 0.414912 0 
3 0.425532 0.040711 0.55906 0.003467 0.422915 0.414912 0 
3 0.446809 0.040711 0.539125 0.003467 0.422915 0.414912 0 
3 0.468085 0.040711 0.527373 0.003467 0.422915 0.414912 0 
3 0.489362 0.040711 0.521571 0.003467 0.422915 0.414912 0 
3 0.510638 0.040711 0.50848 0.003467 0.422915 0.414912 0 
3 0.531915 0.040711 0.496281 0.003467 0.422915 0.414912 0 
3 0.553191 0.040711 0.496281 0.003467 0.422915 0.414912 0 
3 0.574468 0.040711 0.484528 0.003467 0.422915 0.414912 0 
3 0.595745 0.040711 0.469949 0.003467 0.422915 0.414912 0 
3 0.617021 0.040711 0.466974 0.003467 0.422915 0.414912 0 
3 0.638298 0.040711 0.456709 0.003467 0.422915 0.414912 0 
3 0.659574 0.040711 0.450907 0.003467 0.422915 0.414912 0 
3 0.680851 0.040711 0.463404 0.003467 0.422915 0.414912 0 
3 0.702128 0.040711 0.477685 0.003467 0.422915 0.414912 0 
3 0.723404 0.040711 0.491074 0.003467 0.422915 0.414912 0 
3 0.744681 0.040711 0.563374 0.003467 0.422915 0.414912 0 
3 0.765957 0.040711 0.60116 0.003467 0.422915 0.414912 0 
3 0.787234 0.040711 0.588218 0.003467 0.422915 0.414912 0 
3 0.808511 0.040711 0.551026 0.003467 0.422915 0.414912 0 
3 0.829787 0.040711 0.51086 0.003467 0.422915 0.414912 0 
3 0.851064 0.040711 0.500744 0.003467 0.422915 0.414912 0 
3 0.87234 0.040711 0.473669 0.003467 0.422915 0.414912 0 
3 0.893617 0.040711 0.433204 0.003467 0.422915 0.414912 0 
3 0.914894 0.040711 0.394674 0.003467 0.422915 0.414912 0 
3 0.93617 0.040711 0.438114 0.003467 0.422915 0.414912 0 
3 0.957447 0.040711 0.461916 0.003467 0.422915 0.414912 0 
3 0.978723 0.040711 0.485421 0.003467 0.422915 0.414912 0 
3 1 0.040711 0.490181 0.003467 0.422915 0.414912 0 
