1 0 0.033535 0.408956 0.002146 0.40782 0.682456 0 
1 0.021277 0.028101 0.351086 0.001793 0.383739 0.691667 0 
1 0.042553 0.042062 0.315829 0.002684 0.431124 0.652193 0 
1 0.06383 0.036027 0.279232 0.002289 0.408079 0.670614 0 
1 0.085106 0.029122 0.232223 0.001849 0.361212 0.730702 0 
1 0.106383 0.02612 0.201428 0.001658 0.309943 0.733772 0 
1 0.12766 0.022127 0.16989 0.001375 0.263853 0.667982 0 
1 0.148936 0.019755 0.147129 0.001236 0.218022 0.59693 0 
1 0.170213 0.016122 0.130318 0.001016 0.181253 0.584649 0 
1 0.191489 0.017263 0.127641 0.001128 0.160798 0.607456 0 
1 0.212766 0.019875 0.130616 0.001296 0.148887 0.611842 0 
1 0.234043 0.022127 0.145344 0.001423 0.141636 0.685088 0 
1 0.255319 0.023388 0.176138 0.001388 0.148628 0.763158 0 
1 0.276596 0.017894 0.203808 0.001016 0.146815 0.760088 0 
1 0.297872 0.029482 0.235198 0.000976 0.129984 0.765789 0 
1 0.319149 0.041462 0.310622 0.001491 0.149922 0.765789 0 
1 0.340426 0.042632 0.391699 0.001876 0.200673 0.765789 0 
1 0.361702 0.043923 0.459833 0.002788 0.253496 0.760088 0 
1 0.382979 0.044073 0.508182 0.002854 0.277576 0.742544 0 
1 0.404255 0.044524 0.533175 0.002931 0.292853 0.704825 0 
1 0.425532 0.045004 0.526778 0.002977 0.298032 0.683333 0 
1 0.446809 0.044434 0.508033 0.002933 0.29363 0.693421 0 
1 0.468085 0.043773 0.479322 0.002862 0.280166 0.736842 0 
1 0.489362 0.043353 0.46147 0.00284 0.277576 0.726316 0 
1 0.510638 0.043473 0.436031 0.00284 0.269291 0.749561 0 
1 0.531915 0.042903 0.41208 0.002788 0.264112 0.753947 0 
1 0.553191 0.042752 0.390658 0.002784 0.273433 0.748246 0 
1 0.574468 0.042632 0.373698 0.002744 0.263335 0.765789 0 
1 0.595745 0.042662 0.361351 0.002549 0.242361 0.765789 0 
1 0.617021 0.041341 0.339482 0.002416 0.240549 0.765789 0 
1 0.638298 0.042062 0.363136 0.002177 0.239513 0.765789 0 
1 0.659574 0.042692 0.390211 0.002574 0.248576 0.765789 0 
1 0.680851 0.042873 0.433204 0.002524 0.249871 0.765789 0 
1 0.702128 0.044434 0.496132 0.002921 0.298032 0.677193 0 
1 0.723404 0.060376 0.58911 0.004273 0.394614 0.546491 1 
1 0.744681 0.099015 0.665576 0.006764 0.491455 0.560526 1 
1 0.765957 0.113636 0.682535 0.007588 0.504661 0.535088 1 
1 0.787234 0.095863 0.661113 0.006593 0.481357 0.540351 1 
1 0.808511 0.077099 0.640732 0.005253 0.465303 0.533333 1 
1 0.829787 0.074066 0.60964 0.005019 0.440963 0.546491 1 
1 0.851064 0.068632 0.595507 0.004688 0.426463 0.538596 1 
1 0.87234 0.053801 0.572151 0.003666 0.413257 0.526316 1 
1 0.893617 0.053651 0.536745 0.003461 0.384257 0.542105 1 
1 0.914894 0.044134 0.476793 0.003002 0.362248 0.598246 0 
1 0.93617 0.040651 0.483041 0.002692 0.34697 0.622807 0 
1 0.957447 0.04005 0.47114 0.002626 0.345158 0.651754 0 
1 0.978723 0.041071 0.457751 0.002703 0.414552 0.561842 0 
1 1 0.037138 0.425022 0.002447 0.416882 0.602193 0 
