6 0 0.056263 0.402708 0.003467 0.422915 0.414912 1 
6 0.021277 0.056263 0.382327 0.003467 0.422915 0.414912 1 
6 0.042553 0.048487 0.354061 0.003467 0.422915 0.414912 0 
6 0.06383 0.045455 0.29039 0.003467 0.422915 0.414912 0 
6 0.085106 0.045455 0.23133 0.003467 0.422915 0.414912 0 
6 0.106383 0.045455 0.188783 0.003467 0.422915 0.414912 0 
6 0.12766 0.045455 0.153228 0.003467 0.422915 0.414912 0 
6 0.148936 0.045455 0.123773 0.003467 0.422915 0.414912 0 
6 0.170213 0.060106 0.104136 0.003467 0.422915 0.414912 1 
6 0.191489 0.060106 0.099821 0.003467 0.422915 0.414912 1 
6 0.212766 0.062057 0.102499 0.003467 0.422915 0.414912 1 
6 0.234043 0.060106 0.109194 0.003467 0.422915 0.414912 1 
6 0.255319 0.062057 0.145641 0.003467 0.422915 0.414912 1 
6 0.276596 0.060106 0.182237 0.003467 0.422915 0.414912 1 
6 0.297872 0.060106 0.217941 0.003467 0.422915 0.414912 1 
6 0.319149 0.070464 0.275662 0.003467 0.422915 0.414912 1 
6 0.340426 0.070464 0.322077 0.003467 0.422915 0.414912 1 
6 0.361702 0.070464 0.351235 0.003467 0.422915 0.414912 1 
6 0.382979 0.074517 0.386195 0.003467 0.422915 0.414912 1 
6 0.404255 0.073256 0.394823 0.003467 0.422915 0.414912 1 
6 0.425532 0.068302 0.376079 0.003467 0.422915 0.414912 1 
6 0.446809 0.057644 0.360756 0.003467 0.422915 0.414912 1 
6 0.468085 0.057644 0.347664 0.003467 0.422915 0.414912 1 
6 0.489362 0.056263 0.331747 0.003467 0.422915 0.414912 0 
6 0.510638 0.057644 0.323416 0.003467 0.422915 0.414912 1 
6 0.531915 0.056263 0.3133 0.003467 0.422915 0.414912 1 
6 0.553191 0.056263 0.296787 0.003467 0.422915 0.414912 1 
6 0.574468 0.064279 0.286373 0.003467 0.422915 0.414912 1 
6 0.595745 0.060106 0.270009 0.003467 0.422915 0.414912 1 
6 0.617021 0.060106 0.265397 0.003467 0.422915 0.414912 1 
6 0.638298 0.068302 0.261678 0.003467 0.422915 0.414912 1 
6 0.659574 0.070464 0.258108 0.003467 0.422915 0.414912 1 
6 0.680851 0.070464 0.263017 0.003467 0.422915 0.414912 1 
6 0.702128 0.060046 0.273431 0.003467 0.422915 0.414912 1 
6 0.723404 0.057644 0.27105 0.003467 0.422915 0.414912 1 
6 0.744681 0.068302 0.315829 0.003467 0.422915 0.414912 1 
6 0.765957 0.057644 0.37712 0.003467 0.422915 0.414912 0 
6 0.787234 0.057644 0.387831 0.003467 0.422915 0.414912 0 
6 0.808511 0.056263 0.363582 0.003467 0.422915 0.414912 0 
6 0.829787 0.056263 0.326391 0.003467 0.422915 0.414912 0 
6 0.851064 0.045965 0.294258 0.003467 0.422915 0.414912 0 
6 0.87234 0.045965 0.284439 0.003467 0.422915 0.414912 0 
6 0.893617 0.045965 0.262571 0.003467 0.422915 0.414912 0 
6 0.914894 0.045965 0.23981 0.003467 0.422915 0.414912 0 
6 0.93617 0.068302 0.269563 0.003467 0.422915 0.414912 1 
6 0.957447 0.056263 0.284737 0.003467 0.422915 0.414912 0 
6 0.978723 0.056263 0.29634 0.003467 0.422915 0.414912 0 
6 1 0.047526 0.274472 0.003467 0.422915 0.414912 0 
