4 0 0.036838 0.375483 0.002383 0.324961 0.56886 0 
4 0.021277 0.031194 0.306903 0.002044 0.291559 0.564912 0 
4 0.042553 0.033505 0.251413 0.002223 0.350078 0.514474 0 
4 0.06383 0.031584 0.20961 0.00209 0.321077 0.539035 0 
4 0.085106 0.028312 0.173014 0.001872 0.273692 0.604386 0 
4 0.106383 0.027891 0.155311 0.00183 0.236406 0.696053 0 
4 0.12766 0.027981 0.145492 0.001834 0.209218 0.685965 0 
4 0.148936 0.027951 0.147278 0.001826 0.200673 0.69693 0 
4 0.170213 0.038039 0.176436 0.002484 0.210772 0.688158 0 
4 0.191489 0.043863 0.215858 0.002852 0.234076 0.624561 0 
4 0.212766 0.042422 0.294555 0.002759 0.287675 0.608333 0 
4 0.234043 0.046896 0.380542 0.003068 0.359658 0.510088 0 
4 0.255319 0.045935 0.385153 0.003049 0.459347 0.40307 0 
4 0.276596 0.049418 0.449271 0.003274 0.52434 0.375439 0 
4 0.297872 0.048187 0.474561 0.003189 0.490678 0.445175 0 
4 0.319149 0.050378 0.49033 0.00333 0.487571 0.417982 0 
4 0.340426 0.064039 0.551026 0.004215 0.487312 0.540789 1 
4 0.361702 0.094812 0.569771 0.006059 0.487053 0.582456 1 
4 0.382979 0.062147 0.564564 0.00419 0.475401 0.559211 1 
4 0.404255 0.056773 0.562779 0.003658 0.472812 0.544737 0 
4 0.425532 0.055963 0.561589 0.003652 0.469964 0.53114 0 
4 0.446809 0.056713 0.562184 0.003708 0.460124 0.526316 0 
4 0.468085 0.055842 0.559655 0.003652 0.460383 0.519737 0 
4 0.489362 0.055422 0.558316 0.003627 0.445365 0.52807 0 
4 0.510638 0.057884 0.563076 0.003789 0.460642 0.505702 1 
4 0.531915 0.056653 0.563076 0.003704 0.452097 0.512281 1 
4 0.553191 0.055933 0.558167 0.003662 0.462714 0.495614 1 
4 0.574468 0.054551 0.542844 0.003583 0.462714 0.464912 1 
4 0.595745 0.051279 0.529307 0.00338 0.452615 0.461404 0 
4 0.617021 0.050378 0.528712 0.003326 0.447437 0.467982 0 
4 0.638298 0.054672 0.534216 0.003598 0.452356 0.469298 1 
4 0.659574 0.055482 0.535257 0.003637 0.457017 0.463596 1 
4 0.680851 0.05236 0.52053 0.003446 0.454946 0.454825 1 
4 0.702128 0.049508 0.508777 0.003272 0.447178 0.460965 1 
4 0.723404 0.046025 0.482148 0.003054 0.410927 0.491228 0 
4 0.744681 0.043533 0.462214 0.002885 0.374676 0.534649 0 
4 0.765957 0.033175 0.444511 0.002198 0.340238 0.584649 0 
4 0.787234 0.031314 0.447783 0.002086 0.328068 0.573246 0 
4 0.808511 0.034556 0.451354 0.002308 0.347488 0.533772 0 
4 0.829787 0.032755 0.435138 0.002192 0.369239 0.519298 0 
4 0.851064 0.030653 0.399732 0.00205 0.352926 0.517982 0 
4 0.87234 0.029092 0.354954 0.001936 0.331952 0.552193 0 
4 0.893617 0.035067 0.400625 0.002335 0.298032 0.595614 0 
4 0.914894 0.030203 0.412229 0.002 0.263076 0.666667 0 
4 0.93617 0.037108 0.431717 0.002445 0.239254 0.716228 0 
4 0.957447 0.038639 0.430675 0.002536 0.242879 0.692982 0 
4 0.978723 0.045184 0.426956 0.002973 0.333506 0.563596 1 
4 1 0.044164 0.403749 0.002916 0.343086 0.570614 0 
