1 0 0.051909 0.208271 0.003467 0.422915 0.414912 0 
1 0.021277 0.051909 0.168849 0.003467 0.422915 0.414912 0 
1 0.042553 0.051909 0.132401 0.003467 0.422915 0.414912 0 
1 0.06383 0.051909 0.110235 0.003467 0.422915 0.414912 0 
1 0.085106 0.051909 0.088218 0.003467 0.422915 0.414912 0 
1 0.106383 0.051909 0.074234 0.003467 0.422915 0.414912 0 
1 0.12766 0.051909 0.06992 0.003467 0.422915 0.414912 0 
1 0.148936 0.051909 0.072746 0.003467 0.422915 0.414912 0 
1 0.170213 0.05302 0.091342 0.003467 0.422915 0.414912 0 
1 0.191489 0.05302 0.118566 0.003467 0.422915 0.414912 0 
1 0.212766 0.054131 0.177477 0.003467 0.422915 0.414912 0 
1 0.234043 0.054131 0.241744 0.003467 0.422915 0.414912 0 
1 0.255319 0.054131 0.260339 0.003467 0.422915 0.414912 0 
1 0.276596 0.055242 0.323416 0.003467 0.422915 0.414912 0 
1 0.297872 0.054131 0.355251 0.003467 0.422915 0.414912 0 
1 0.319149 0.055242 0.391996 0.003467 0.422915 0.414912 0 
1 0.340426 0.055242 0.445254 0.003467 0.422915 0.414912 0 
1 0.361702 0.055242 0.463106 0.003467 0.422915 0.414912 0 
1 0.382979 0.058785 0.459238 0.003467 0.422915 0.414912 0 
1 0.404255 0.057193 0.454329 0.003467 0.422915 0.414912 0 
1 0.425532 0.058785 0.44704 0.003467 0.422915 0.414912 0 
1 0.446809 0.057193 0.450164 0.003467 0.422915 0.414912 0 
1 0.468085 0.058785 0.459833 0.003467 0.422915 0.414912 0 
1 0.489362 0.058785 0.462362 0.003467 0.422915 0.414912 0 
1 0.510638 0.058785 0.466082 0.003467 0.422915 0.414912 0 
1 0.531915 0.058785 0.465784 0.003467 0.422915 0.414912 0 
1 0.553191 0.059926 0.473371 0.003467 0.422915 0.414912 0 
1 0.574468 0.059926 0.469354 0.003467 0.422915 0.414912 0 
1 0.595745 0.059926 0.461172 0.003467 0.422915 0.414912 0 
1 0.617021 0.058785 0.459387 0.003467 0.422915 0.414912 0 
1 0.638298 0.059926 0.460428 0.003467 0.422915 0.414912 0 
1 0.659574 0.058785 0.456858 0.003467 0.422915 0.414912 0 
1 0.680851 0.057193 0.440196 0.003467 0.422915 0.414912 0 
1 0.702128 0.058785 0.430229 0.003467 0.422915 0.414912 0 
1 0.723404 0.055242 0.398691 0.003467 0.422915 0.414912 0 
1 0.744681 0.054131 0.377715 0.003467 0.422915 0.414912 0 
1 0.765957 0.054131 0.352574 0.003467 0.422915 0.414912 0 
1 0.787234 0.054131 0.340672 0.003467 0.422915 0.414912 0 
1 0.808511 0.054131 0.349003 0.003467 0.422915 0.414912 0 
1 0.829787 0.054131 0.354508 0.003467 0.422915 0.414912 0 
1 0.851064 0.054131 0.336805 0.003467 0.422915 0.414912 0 
1 0.87234 0.054131 0.30482 0.003467 0.422915 0.414912 0 
1 0.893617 0.055242 0.336656 0.003467 0.422915 0.414912 0 
1 0.914894 0.055242 0.357483 0.003467 0.422915 0.414912 0 
1 0.93617 0.058785 0.384558 0.003467 0.422915 0.414912 1 
1 0.957447 0.057193 0.377566 0.003467 0.422915 0.414912 1 
1 0.978723 0.057193 0.36269 0.003467 0.422915 0.414912 1 
1 1 0.057193 0.333234 0.003467 0.422915 0.414912 1 
