2 0 0.031074 0.323416 0.002135 0.295184 0.294298 0 
2 0.021277 0.030023 0.289497 0.002073 0.278612 0.311842 0 
2 0.042553 0.030383 0.266736 0.002102 0.340756 0.210526 0 
2 0.06383 0.030083 0.232966 0.002079 0.31072 0.283772 0 
2 0.085106 0.030173 0.200536 0.002075 0.272398 0.37807 0 
2 0.106383 0.029482 0.174353 0.002019 0.233299 0.400439 0 
2 0.12766 0.028011 0.152633 0.001919 0.194459 0.390789 0 
2 0.148936 0.027261 0.134633 0.001874 0.164682 0.413158 0 
2 0.170213 0.027021 0.131806 0.001857 0.149663 0.429386 0 
2 0.191489 0.027021 0.141625 0.001855 0.147851 0.455702 0 
2 0.212766 0.027321 0.172568 0.001878 0.157949 0.423246 0 
2 0.234043 0.028432 0.222702 0.001957 0.18928 0.390351 0 
2 0.255319 0.031614 0.32535 0.002185 0.257121 0.339035 1 
2 0.276596 0.03882 0.432014 0.00268 0.316157 0.266228 1 
2 0.297872 0.033986 0.438411 0.002358 0.348524 0.185965 1 
2 0.319149 0.043983 0.505058 0.003068 0.402382 0.138158 1 
2 0.340426 0.054612 0.533472 0.003816 0.451062 0.102193 1 
2 0.361702 0.066951 0.525885 0.004666 0.476178 0.077193 1 
2 0.382979 0.078269 0.567242 0.005434 0.491973 0.17807 1 
2 0.404255 0.043413 0.579887 0.00301 0.487312 0.224123 1 
2 0.425532 0.040771 0.563076 0.002825 0.485241 0.206579 1 
2 0.446809 0.037438 0.544481 0.002594 0.486535 0.245175 1 
2 0.468085 0.035547 0.510414 0.00247 0.483428 0.236404 1 
2 0.489362 0.036568 0.51086 0.00254 0.482651 0.220175 1 
2 0.510638 0.036508 0.505207 0.002528 0.467374 0.249561 1 
2 0.531915 0.036208 0.501488 0.002501 0.465821 0.260965 1 
2 0.553191 0.032935 0.502827 0.002268 0.479803 0.261404 0 
2 0.574468 0.033025 0.491967 0.00227 0.471776 0.271053 0 
2 0.595745 0.033025 0.480214 0.002264 0.463749 0.275439 0 
2 0.617021 0.033025 0.475751 0.002264 0.457017 0.270614 0 
2 0.638298 0.033025 0.471288 0.002264 0.449249 0.301754 0 
2 0.659574 0.032995 0.477388 0.002256 0.440963 0.332456 0 
2 0.680851 0.033025 0.493306 0.002258 0.435008 0.326754 0 
2 0.702128 0.033025 0.520678 0.002266 0.447437 0.306579 0 
2 0.723404 0.033776 0.548349 0.002324 0.458571 0.279386 0 
2 0.744681 0.040561 0.60964 0.002788 0.475142 0.269737 1 
2 0.765957 0.104599 0.673758 0.007158 0.499482 0.332895 1 
2 0.787234 0.121502 0.672419 0.008319 0.535992 0.299561 1 
2 0.808511 0.067551 0.635079 0.004655 0.511134 0.240789 1 
2 0.829787 0.056593 0.598036 0.003926 0.474625 0.202193 1 
2 0.851064 0.043353 0.569325 0.003014 0.450544 0.237719 1 
2 0.87234 0.04005 0.541357 0.002781 0.431901 0.266228 0 
2 0.893617 0.035667 0.502529 0.002474 0.402641 0.303509 0 
2 0.914894 0.032785 0.458643 0.00227 0.377525 0.335088 0 
2 0.93617 0.034586 0.49152 0.002387 0.370016 0.330263 0 
2 0.957447 0.036328 0.50357 0.002495 0.362765 0.335088 0 
2 0.978723 0.03888 0.506546 0.002638 0.446919 0.221053 0 
2 1 0.03915 0.499554 0.002684 0.429829 0.290351 0 
