4 0 0.03957 0.568283 0.00274 0.46608 0.579825 0 
4 0.021277 0.037318 0.551026 0.002572 0.436044 0.638158 0 
4 0.042553 0.037889 0.526034 0.002624 0.48783 0.534211 0 
4 0.06383 0.036328 0.476793 0.002503 0.464785 0.589474 0 
4 0.085106 0.037288 0.423832 0.002559 0.423097 0.567105 0 
4 0.106383 0.037048 0.366409 0.00253 0.379596 0.662281 0 
4 0.12766 0.034766 0.310771 0.002356 0.338426 0.711842 0 
4 0.148936 0.034226 0.27834 0.0023 0.304764 0.789035 0 
4 0.170213 0.032395 0.25305 0.002167 0.287675 0.784649 0 
4 0.191489 0.030323 0.252306 0.002027 0.267996 0.807895 0 
4 0.212766 0.032845 0.277745 0.002198 0.282755 0.796053 0 
4 0.234043 0.033355 0.328176 0.002243 0.307354 0.751754 0 
4 0.255319 0.034196 0.453883 0.002324 0.388918 0.737719 0 
4 0.276596 0.036718 0.580482 0.00216 0.470999 0.599561 0 
4 0.297872 0.045485 0.615144 0.003149 0.518384 0.530702 1 
4 0.319149 0.09211 0.695031 0.006352 0.591921 0.492982 1 
4 0.340426 0.059115 0.706337 0.004065 0.621181 0.474123 1 
4 0.361702 0.041191 0.683279 0.002811 0.626359 0.454825 0 
4 0.382979 0.048817 0.704255 0.003313 0.64086 0.519737 1 
4 0.404255 0.03954 0.702023 0.002653 0.640083 0.531579 0 
4 0.425532 0.095653 0.6687 0.006452 0.627395 0.518421 1 
4 0.446809 0.084634 0.629575 0.005769 0.633092 0.479386 1 
4 0.468085 0.054431 0.598334 0.003735 0.632833 0.451316 1 
4 0.489362 0.043263 0.582416 0.002983 0.625583 0.455702 0 
4 0.510638 0.033926 0.55787 0.002337 0.613672 0.489035 0 
4 0.531915 0.036538 0.542993 0.002513 0.615225 0.459211 0 
4 0.553191 0.037018 0.536001 0.002557 0.641895 0.405702 0 
4 0.574468 0.036808 0.52529 0.002543 0.64086 0.426316 0 
4 0.595745 0.037078 0.519488 0.002553 0.631538 0.412281 0 
4 0.617021 0.035787 0.505356 0.002464 0.61885 0.465789 0 
4 0.638298 0.037018 0.50238 0.002545 0.602279 0.486842 0 
4 0.659574 0.036147 0.52529 0.002491 0.598136 0.485088 0 
4 0.680851 0.036147 0.561886 0.002476 0.603573 0.496053 0 
4 0.702128 0.035397 0.612615 0.002399 0.619368 0.508333 0 
4 0.723404 0.03909 0.678816 0.002646 0.655878 0.451754 0 
4 0.744681 0.071604 0.777745 0.004871 0.692128 0.471053 1 
4 0.765957 0.067641 0.798869 0.004591 0.684102 0.473246 1 
4 0.787234 0.05209 0.777596 0.003544 0.641636 0.479386 1 
4 0.808511 0.037829 0.749182 0.002576 0.590368 0.557456 0 
4 0.829787 0.050769 0.71928 0.003461 0.566028 0.548246 1 
4 0.851064 0.064489 0.696816 0.004418 0.540911 0.574123 1 
4 0.87234 0.055152 0.660666 0.003781 0.510098 0.633333 1 
4 0.893617 0.036778 0.608896 0.002505 0.479026 0.698684 0 
4 0.914894 0.034796 0.554002 0.00215 0.449767 0.703509 0 
4 0.93617 0.037769 0.581375 0.001915 0.421543 0.703509 0 
4 0.957447 0.035877 0.576465 0.002198 0.409891 0.739912 0 
4 0.978723 0.037498 0.570812 0.002491 0.487312 0.629825 0 
4 1 0.036838 0.555043 0.002528 0.484205 0.682456 0 
