1 0 0.060136 0.431419 0.002925 0.429311 0.640789 0 
1 0.021277 0.059986 0.385451 0.002852 0.414034 0.640789 0 
1 0.042553 0.059835 0.346325 0.003247 0.455463 0.59693 0 
1 0.06383 0.059805 0.30601 0.00274 0.431383 0.59693 0 
1 0.085106 0.055752 0.260042 0.002009 0.396168 0.59693 0 
1 0.106383 0.041431 0.221958 0.002451 0.358881 0.662719 0 
1 0.12766 0.027771 0.191312 0.001799 0.325738 0.67807 0 
1 0.148936 0.032455 0.171378 0.002092 0.295702 0.75614 0 
1 0.170213 0.024409 0.160369 0.001577 0.268255 0.733772 0 
1 0.191489 0.024198 0.145641 0.001577 0.232004 0.707895 0 
1 0.212766 0.024499 0.152336 0.001602 0.229156 0.748246 0 
1 0.234043 0.02621 0.159774 0.001701 0.230709 0.782018 0 
1 0.255319 0.02633 0.177031 0.001689 0.236147 0.789035 0 
1 0.276596 0.031284 0.201428 0.002019 0.253237 0.828509 0 
1 0.297872 0.029693 0.233561 0.001884 0.246504 0.854386 0 
1 0.319149 0.032545 0.299911 0.002056 0.211548 0.859649 0 
1 0.340426 0.044013 0.385153 0.002881 0.262299 0.866228 0 
1 0.361702 0.056023 0.461916 0.002661 0.324702 0.861404 0 
1 0.382979 0.064849 0.541059 0.00366 0.362765 0.873246 1 
1 0.404255 0.087066 0.590449 0.002717 0.376489 0.789474 1 
1 0.425532 0.097694 0.611871 0.006043 0.374676 0.701754 1 
1 0.446809 0.110544 0.61202 0.006697 0.370016 0.67807 1 
1 0.468085 0.101327 0.615739 0.00619 0.386587 0.826754 1 
1 0.489362 0.096493 0.612318 0.003903 0.396168 0.845175 1 
1 0.510638 0.097154 0.603243 0.004196 0.390989 0.867105 1 
1 0.531915 0.096673 0.585986 0.004179 0.382185 0.847807 1 
1 0.553191 0.093341 0.556233 0.004948 0.400311 0.854386 1 
1 0.574468 0.090219 0.536299 0.004568 0.388659 0.847368 1 
1 0.595745 0.089138 0.515025 0.004387 0.378301 0.847807 1 
1 0.617021 0.087216 0.498512 0.004408 0.378301 0.869737 1 
1 0.638298 0.086316 0.490181 0.003828 0.405748 0.863596 1 
1 0.659574 0.085625 0.499851 0.004258 0.399793 0.863596 1 
1 0.680851 0.087577 0.52172 0.002962 0.425945 0.775877 1 
1 0.702128 0.087186 0.565605 0.005411 0.443035 0.778947 1 
1 0.723404 0.079891 0.62645 0.005104 0.469964 0.839474 1 
1 0.744681 0.090729 0.702618 0.005864 0.557742 0.825 1 
1 0.765957 0.091029 0.728801 0.005935 0.576385 0.764474 1 
1 0.787234 0.086706 0.710205 0.005436 0.566546 0.791228 1 
1 0.808511 0.088297 0.685213 0.005486 0.539358 0.777632 1 
1 0.829787 0.089378 0.663642 0.004898 0.511134 0.770175 1 
1 0.851064 0.084604 0.629426 0.005139 0.493527 0.789035 1 
1 0.87234 0.072655 0.612467 0.004647 0.488089 0.766228 1 
1 0.893617 0.07869 0.565457 0.00494 0.477991 0.773684 1 
1 0.914894 0.084844 0.520827 0.002096 0.441481 0.688158 1 
1 0.93617 0.088657 0.522464 0.002032 0.385293 0.650439 1 
1 0.957447 0.070554 0.491669 0.00205 0.367167 0.650439 1 
1 0.978723 0.069803 0.468908 0.003479 0.408079 0.635088 1 
1 1 0.059926 0.434692 0.003103 0.418695 0.678947 0 
