1 0 0.055242 0.235644 0.003467 0.422915 0.414912 0 
1 0.021277 0.040351 0.193395 0.003467 0.422915 0.414912 0 
1 0.042553 0.040231 0.160369 0.003467 0.422915 0.414912 0 
1 0.06383 0.040801 0.136269 0.003467 0.422915 0.414912 0 
1 0.085106 0.040351 0.115144 0.003467 0.422915 0.414912 0 
1 0.106383 0.041131 0.10964 0.003467 0.422915 0.414912 0 
1 0.12766 0.041131 0.109938 0.003467 0.422915 0.414912 0 
1 0.148936 0.055242 0.109491 0.003467 0.422915 0.414912 0 
1 0.170213 0.055242 0.140732 0.003467 0.422915 0.414912 0 
1 0.191489 0.067731 0.178518 0.003467 0.422915 0.414912 1 
1 0.212766 0.067731 0.258703 0.003467 0.422915 0.414912 1 
1 0.234043 0.067731 0.328474 0.003467 0.422915 0.414912 1 
1 0.255319 0.077489 0.344689 0.003467 0.422915 0.414912 1 
1 0.276596 0.07896 0.405237 0.003467 0.422915 0.414912 1 
1 0.297872 0.089588 0.440345 0.003467 0.422915 0.414912 1 
1 0.319149 0.090068 0.466677 0.003467 0.422915 0.414912 1 
1 0.340426 0.102078 0.512645 0.003467 0.422915 0.414912 1 
1 0.361702 0.100817 0.531538 0.003467 0.422915 0.414912 1 
1 0.382979 0.09181 0.531538 0.003467 0.422915 0.414912 1 
1 0.404255 0.096073 0.53615 0.003467 0.422915 0.414912 1 
1 0.425532 0.090068 0.529902 0.003467 0.422915 0.414912 1 
1 0.446809 0.090068 0.532282 0.003467 0.422915 0.414912 1 
1 0.468085 0.090068 0.53258 0.003467 0.422915 0.414912 1 
1 0.489362 0.090068 0.529902 0.003467 0.422915 0.414912 1 
1 0.510638 0.09181 0.527373 0.003467 0.422915 0.414912 1 
1 0.531915 0.089588 0.520232 0.003467 0.422915 0.414912 1 
1 0.553191 0.09181 0.525141 0.003467 0.422915 0.414912 1 
1 0.574468 0.090068 0.52053 0.003467 0.422915 0.414912 1 
1 0.595745 0.09181 0.521125 0.003467 0.422915 0.414912 1 
1 0.617021 0.09181 0.520827 0.003467 0.422915 0.414912 1 
1 0.638298 0.085805 0.521422 0.003467 0.422915 0.414912 1 
1 0.659574 0.090068 0.519488 0.003467 0.422915 0.414912 1 
1 0.680851 0.09181 0.500298 0.003467 0.422915 0.414912 1 
1 0.702128 0.09181 0.494347 0.003467 0.422915 0.414912 1 
1 0.723404 0.084634 0.464296 0.003467 0.422915 0.414912 1 
1 0.744681 0.067731 0.43618 0.003467 0.422915 0.414912 0 
1 0.765957 0.058034 0.410592 0.003467 0.422915 0.414912 0 
1 0.787234 0.067731 0.400476 0.003467 0.422915 0.414912 0 
1 0.808511 0.067731 0.419518 0.003467 0.422915 0.414912 0 
1 0.829787 0.077489 0.432907 0.003467 0.422915 0.414912 1 
1 0.851064 0.077489 0.404641 0.003467 0.422915 0.414912 1 
1 0.87234 0.067731 0.36745 0.003467 0.422915 0.414912 0 
1 0.893617 0.085805 0.390509 0.003467 0.422915 0.414912 1 
1 0.914894 0.084634 0.406575 0.003467 0.422915 0.414912 1 
1 0.93617 0.090068 0.426659 0.003467 0.422915 0.414912 1 
1 0.957447 0.089588 0.416691 0.003467 0.422915 0.414912 1 
1 0.978723 0.082983 0.407468 0.003467 0.422915 0.414912 1 
1 1 0.081092 0.387533 0.003467 0.422915 0.414912 1 
