5 0 0.041401 0.487206 0.002721 0.369498 0.592544 1 
5 0.021277 0.038669 0.467569 0.00253 0.339202 0.615789 0 
5 0.042553 0.036778 0.432312 0.00242 0.400052 0.542105 0 
5 0.06383 0.035397 0.375781 0.0023 0.367944 0.539912 0 
5 0.085106 0.034136 0.319994 0.002202 0.336095 0.607895 0 
5 0.106383 0.035427 0.273728 0.002285 0.310461 0.652632 0 
5 0.12766 0.03966 0.23252 0.002565 0.285085 0.610088 0 
5 0.148936 0.040651 0.202916 0.002653 0.266442 0.634211 1 
5 0.170213 0.042422 0.189527 0.002763 0.252719 0.661842 1 
5 0.191489 0.041281 0.196816 0.002688 0.247022 0.657895 1 
5 0.212766 0.043323 0.222255 0.002821 0.24754 0.648246 1 
5 0.234043 0.034226 0.268968 0.002237 0.26204 0.596491 0 
5 0.255319 0.063859 0.364921 0.004246 0.322372 0.504386 1 
5 0.276596 0.07923 0.457007 0.005374 0.412998 0.328509 1 
5 0.297872 0.034286 0.481702 0.002387 0.454428 0.197807 0 
5 0.319149 0.03981 0.54582 0.002808 0.519161 0.158772 1 
5 0.340426 0.038189 0.557423 0.00269 0.555412 0.177632 0 
5 0.361702 0.040261 0.548051 0.002825 0.544795 0.181579 1 
5 0.382979 0.034526 0.563969 0.002414 0.557742 0.217544 0 
5 0.404255 0.029122 0.56263 0.002023 0.539099 0.235965 0 
5 0.425532 0.03981 0.55787 0.002769 0.541947 0.228947 1 
5 0.446809 0.03996 0.545522 0.002792 0.535992 0.211842 1 
5 0.468085 0.03915 0.538976 0.002742 0.526929 0.233333 0 
5 0.489362 0.036087 0.537043 0.002526 0.520974 0.229386 0 
5 0.510638 0.03936 0.531092 0.002759 0.512429 0.251316 0 
5 0.531915 0.033686 0.52529 0.002349 0.468928 0.306579 0 
5 0.553191 0.029092 0.516364 0.002013 0.465303 0.312281 0 
5 0.574468 0.03936 0.517406 0.002752 0.532885 0.190789 0 
5 0.595745 0.040261 0.514281 0.002829 0.532885 0.227632 0 
5 0.617021 0.033535 0.505058 0.002345 0.530554 0.272807 0 
5 0.638298 0.029122 0.497173 0.002021 0.516313 0.291228 0 
5 0.659574 0.029272 0.505356 0.002025 0.513982 0.283333 0 
5 0.680851 0.029182 0.520827 0.002009 0.513723 0.290789 0 
5 0.702128 0.030233 0.556382 0.002069 0.521233 0.326316 0 
5 0.723404 0.080701 0.609938 0.005557 0.565251 0.310088 1 
5 0.744681 0.079921 0.665129 0.005513 0.629726 0.314035 1 
5 0.765957 0.063048 0.653526 0.00431 0.626359 0.292105 1 
5 0.787234 0.063859 0.624517 0.004373 0.589332 0.311842 1 
5 0.808511 0.03912 0.584945 0.00269 0.54376 0.317105 0 
5 0.829787 0.035037 0.555638 0.00242 0.508286 0.294737 0 
5 0.851064 0.032725 0.534365 0.002264 0.486018 0.348684 0 
5 0.87234 0.033175 0.513835 0.0023 0.459089 0.37193 0 
5 0.893617 0.028342 0.465784 0.001959 0.42465 0.398246 0 
5 0.914894 0.027201 0.427403 0.001876 0.398757 0.425877 0 
5 0.93617 0.029062 0.472032 0.001992 0.378301 0.465789 0 
5 0.957447 0.028942 0.492859 0.001967 0.358881 0.475 0 
5 0.978723 0.047046 0.50357 0.003216 0.424392 0.449561 1 
5 1 0.047136 0.498959 0.003197 0.410927 0.484211 1 
