1 0 0.030653 0.257066 0.002038 0.235888 0.480263 0 
1 0.021277 0.029212 0.216305 0.00193 0.212066 0.485088 0 
1 0.042553 0.029452 0.175841 0.001971 0.269032 0.398684 0 
1 0.06383 0.028792 0.151592 0.001919 0.241585 0.47193 0 
1 0.085106 0.028612 0.122583 0.001897 0.211289 0.525 0 
1 0.106383 0.028612 0.110235 0.001894 0.175298 0.550439 0 
1 0.12766 0.027891 0.095061 0.001847 0.154842 0.571491 0 
1 0.148936 0.027561 0.091639 0.001828 0.139824 0.590789 0 
1 0.170213 0.02663 0.088218 0.001759 0.125583 0.653509 0 
1 0.191489 0.0266 0.08911 0.001749 0.112895 0.660526 0 
1 0.212766 0.02663 0.102946 0.001747 0.099171 0.687719 0 
1 0.234043 0.027051 0.114847 0.001772 0.093993 0.682018 0 
1 0.255319 0.028251 0.126748 0.001853 0.093216 0.644298 0 
1 0.276596 0.028281 0.164088 0.001859 0.092439 0.644737 0 
1 0.297872 0.028672 0.212288 0.00187 0.093993 0.671491 0 
1 0.319149 0.033025 0.270158 0.002152 0.124029 0.626754 0 
1 0.340426 0.034887 0.315531 0.002285 0.153806 0.605263 1 
1 0.361702 0.035277 0.346772 0.002322 0.169083 0.564474 1 
1 0.382979 0.035757 0.367748 0.002364 0.185655 0.550439 1 
1 0.404255 0.034586 0.372508 0.002281 0.196789 0.616667 1 
1 0.425532 0.034736 0.376525 0.002291 0.20378 0.616228 1 
1 0.446809 0.034676 0.372359 0.002287 0.203004 0.596053 1 
1 0.468085 0.034496 0.366409 0.002275 0.202227 0.601316 1 
1 0.489362 0.034616 0.365963 0.002283 0.205334 0.602193 1 
1 0.510638 0.034346 0.352127 0.002268 0.208959 0.601316 1 
1 0.531915 0.034346 0.354359 0.002264 0.203521 0.600877 1 
1 0.553191 0.032875 0.347813 0.002167 0.197825 0.606579 1 
1 0.574468 0.030143 0.336656 0.001986 0.1942 0.560526 0 
1 0.595745 0.029963 0.332937 0.001971 0.187727 0.572368 0 
1 0.617021 0.029062 0.324903 0.001911 0.187727 0.555702 0 
1 0.638298 0.028822 0.316275 0.001897 0.18928 0.559649 0 
1 0.659574 0.029422 0.321482 0.001942 0.191093 0.544298 0 
1 0.680851 0.029933 0.320887 0.001986 0.201191 0.533772 0 
1 0.702128 0.033836 0.335466 0.002252 0.216209 0.52807 1 
1 0.723404 0.034947 0.345879 0.002331 0.247799 0.492544 1 
1 0.744681 0.035487 0.380244 0.002374 0.272916 0.501754 1 
1 0.765957 0.041011 0.444064 0.002759 0.308389 0.483333 1 
1 0.787234 0.045965 0.453734 0.003089 0.33972 0.446491 1 
1 0.808511 0.044194 0.434246 0.00296 0.329881 0.440789 1 
1 0.829787 0.040531 0.403303 0.002734 0.311756 0.416228 1 
1 0.851064 0.038039 0.378161 0.002553 0.293371 0.400877 1 
1 0.87234 0.038459 0.355698 0.002576 0.272398 0.427632 1 
1 0.893617 0.038129 0.338292 0.002545 0.242879 0.454386 1 
1 0.914894 0.036988 0.310027 0.002464 0.224236 0.426754 1 
1 0.93617 0.038189 0.322821 0.002547 0.217763 0.478947 1 
1 0.957447 0.036778 0.32044 0.002455 0.215173 0.395614 1 
1 0.978723 0.042572 0.335466 0.00286 0.273175 0.327632 1 
1 1 0.040561 0.313895 0.002736 0.266701 0.346491 1 
