3 0 0.073286 0.562333 0.00494 0.498705 0.610965 0 
3 0.021277 0.068242 0.54582 0.004572 0.476955 0.627632 0 
3 0.042553 0.077189 0.511455 0.005212 0.545572 0.510088 1 
3 0.06383 0.064879 0.455222 0.00436 0.523304 0.525877 0 
3 0.085106 0.063919 0.399286 0.004279 0.491714 0.575877 0 
3 0.106383 0.058424 0.343945 0.003874 0.461678 0.620614 0 
3 0.12766 0.056143 0.301101 0.003355 0.418954 0.61886 0 
3 0.148936 0.049928 0.266141 0.00328 0.398498 0.698246 0 
3 0.170213 0.058514 0.245909 0.003234 0.380114 0.750439 0 
3 0.191489 0.060136 0.242041 0.003174 0.371569 0.750439 0 
3 0.212766 0.058124 0.271199 0.003592 0.366132 0.725439 0 
3 0.234043 0.060136 0.311068 0.003916 0.387882 0.669298 0 
3 0.255319 0.05287 0.408361 0.003488 0.472294 0.522368 0 
3 0.276596 0.06527 0.517852 0.00392 0.551528 0.429386 0 
3 0.297872 0.055963 0.569473 0.003808 0.609011 0.378509 0 
3 0.319149 0.074186 0.65665 0.005071 0.690057 0.372368 0 
3 0.340426 0.07902 0.682089 0.005393 0.74029 0.341228 0 
3 0.361702 0.0783 0.679113 0.005355 0.741326 0.341228 0 
3 0.382979 0.082833 0.719578 0.005646 0.768255 0.323246 1 
3 0.404255 0.082142 0.725528 0.005607 0.757897 0.354386 1 
3 0.425532 0.080281 0.708866 0.00549 0.758415 0.307018 1 
3 0.446809 0.076588 0.678965 0.005245 0.744692 0.325 0 
3 0.468085 0.075237 0.659774 0.005135 0.737442 0.360965 0 
3 0.489362 0.075597 0.646683 0.005152 0.730709 0.363158 0 
3 0.510638 0.075507 0.633889 0.005133 0.71595 0.347807 0 
3 0.531915 0.074667 0.61931 0.005079 0.702745 0.361404 0 
3 0.553191 0.074367 0.612913 0.005062 0.726308 0.371491 0 
3 0.574468 0.072715 0.606665 0.004952 0.707664 0.409211 0 
3 0.595745 0.072565 0.59402 0.004952 0.692128 0.391667 0 
3 0.617021 0.071875 0.580928 0.004892 0.674003 0.398684 0 
3 0.638298 0.071424 0.569176 0.004865 0.653806 0.38114 0 
3 0.659574 0.0662 0.582416 0.004491 0.644485 0.441667 0 
3 0.680851 0.073256 0.610384 0.004996 0.640083 0.484649 1 
3 0.702128 0.074667 0.657989 0.005102 0.66028 0.466228 1 
3 0.723404 0.073166 0.746058 0.004994 0.709218 0.420175 1 
3 0.744681 0.100997 0.847367 0.006934 0.792595 0.337281 1 
3 0.765957 0.09253 0.862987 0.006336 0.78405 0.379825 1 
3 0.787234 0.085925 0.844689 0.005843 0.755049 0.415351 1 
3 0.808511 0.075657 0.803481 0.005131 0.71362 0.45307 1 
3 0.829787 0.073526 0.774621 0.004985 0.671673 0.491228 1 
3 0.851064 0.073706 0.751711 0.004981 0.651735 0.500439 1 
3 0.87234 0.071755 0.721958 0.004805 0.615484 0.539474 1 
3 0.893617 0.06605 0.67346 0.004416 0.587519 0.453509 0 
3 0.914894 0.060136 0.6205 0.004049 0.542724 0.476754 0 
3 0.93617 0.060916 0.635971 0.004115 0.510875 0.525 0 
3 0.957447 0.057103 0.622285 0.003816 0.470482 0.567105 0 
3 0.978723 0.064759 0.60726 0.004358 0.533402 0.529386 0 
3 1 0.063258 0.588515 0.00419 0.506991 0.571491 0 
