4 0 0.061247 0.423683 0.003467 0.422915 0.414912 1 
4 0.021277 0.061247 0.396757 0.003467 0.422915 0.414912 1 
4 0.042553 0.067311 0.365665 0.003467 0.422915 0.414912 1 
4 0.06383 0.058244 0.312556 0.003467 0.422915 0.414912 0 
4 0.085106 0.058244 0.260785 0.003467 0.422915 0.414912 0 
4 0.106383 0.058244 0.222255 0.003467 0.422915 0.414912 0 
4 0.12766 0.055212 0.188932 0.003467 0.422915 0.414912 0 
4 0.148936 0.058244 0.16751 0.003467 0.422915 0.414912 0 
4 0.170213 0.049207 0.159476 0.003467 0.422915 0.414912 0 
4 0.191489 0.049207 0.162005 0.003467 0.422915 0.414912 0 
4 0.212766 0.053951 0.192056 0.003467 0.422915 0.414912 0 
4 0.234043 0.053951 0.234603 0.003467 0.422915 0.414912 0 
4 0.255319 0.056323 0.322821 0.003467 0.422915 0.414912 0 
4 0.276596 0.057974 0.406427 0.003467 0.422915 0.414912 0 
4 0.297872 0.057974 0.414162 0.003467 0.422915 0.414912 0 
4 0.319149 0.058725 0.46266 0.003467 0.422915 0.414912 0 
4 0.340426 0.057974 0.481553 0.003467 0.422915 0.414912 0 
4 0.361702 0.058725 0.487652 0.003467 0.422915 0.414912 0 
4 0.382979 0.06584 0.529307 0.003467 0.422915 0.414912 1 
4 0.404255 0.06584 0.546712 0.003467 0.422915 0.414912 1 
4 0.425532 0.061066 0.544927 0.003467 0.422915 0.414912 1 
4 0.446809 0.058725 0.536299 0.003467 0.422915 0.414912 0 
4 0.468085 0.061066 0.526034 0.003467 0.422915 0.414912 1 
4 0.489362 0.063468 0.532728 0.003467 0.422915 0.414912 1 
4 0.510638 0.06584 0.523059 0.003467 0.422915 0.414912 1 
4 0.531915 0.061066 0.512645 0.003467 0.422915 0.414912 1 
4 0.553191 0.063468 0.523654 0.003467 0.422915 0.414912 1 
4 0.574468 0.06584 0.521868 0.003467 0.422915 0.414912 1 
4 0.595745 0.063468 0.517406 0.003467 0.422915 0.414912 1 
4 0.617021 0.061066 0.512199 0.003467 0.422915 0.414912 1 
4 0.638298 0.058725 0.505504 0.003467 0.422915 0.414912 0 
4 0.659574 0.063468 0.511604 0.003467 0.422915 0.414912 1 
4 0.680851 0.06584 0.506843 0.003467 0.422915 0.414912 1 
4 0.702128 0.06584 0.506992 0.003467 0.422915 0.414912 1 
4 0.723404 0.06584 0.505653 0.003467 0.422915 0.414912 1 
4 0.744681 0.088147 0.556531 0.003467 0.422915 0.414912 1 
4 0.765957 0.088147 0.58197 0.003467 0.422915 0.414912 1 
4 0.787234 0.075477 0.554448 0.003467 0.422915 0.414912 1 
4 0.808511 0.061066 0.513538 0.003467 0.422915 0.414912 1 
4 0.829787 0.061066 0.488396 0.003467 0.422915 0.414912 1 
4 0.851064 0.057974 0.46147 0.003467 0.422915 0.414912 0 
4 0.87234 0.057974 0.432461 0.003467 0.422915 0.414912 0 
4 0.893617 0.053951 0.385897 0.003467 0.422915 0.414912 0 
4 0.914894 0.05305 0.358524 0.003467 0.422915 0.414912 0 
4 0.93617 0.053951 0.409402 0.003467 0.422915 0.414912 0 
4 0.957447 0.05305 0.433651 0.003467 0.422915 0.414912 0 
4 0.978723 0.05305 0.444213 0.003467 0.422915 0.414912 0 
4 1 0.057974 0.436775 0.003467 0.422915 0.414912 0 
