5 0 0.048157 0.33859 0.003467 0.422915 0.414912 0 
5 0.021277 0.043743 0.26391 0.003467 0.422915 0.414912 0 
5 0.042553 0.044314 0.20961 0.003467 0.422915 0.414912 0 
5 0.06383 0.044314 0.168105 0.003467 0.422915 0.414912 0 
5 0.085106 0.044314 0.130765 0.003467 0.422915 0.414912 0 
5 0.106383 0.040441 0.109491 0.003467 0.422915 0.414912 0 
5 0.12766 0.040441 0.095656 0.003467 0.422915 0.414912 0 
5 0.148936 0.044314 0.088962 0.003467 0.422915 0.414912 0 
5 0.170213 0.050288 0.091937 0.003467 0.422915 0.414912 0 
5 0.191489 0.050288 0.100268 0.003467 0.422915 0.414912 0 
5 0.212766 0.050288 0.120649 0.003467 0.422915 0.414912 0 
5 0.234043 0.044314 0.134037 0.003467 0.422915 0.414912 0 
5 0.255319 0.041792 0.13017 0.003467 0.422915 0.414912 0 
5 0.276596 0.040861 0.164237 0.003467 0.422915 0.414912 0 
5 0.297872 0.040861 0.205445 0.003467 0.422915 0.414912 0 
5 0.319149 0.044314 0.249331 0.003467 0.422915 0.414912 0 
5 0.340426 0.046175 0.293068 0.003467 0.422915 0.414912 0 
5 0.361702 0.047526 0.326093 0.003467 0.422915 0.414912 0 
5 0.382979 0.047526 0.320738 0.003467 0.422915 0.414912 0 
5 0.404255 0.045785 0.322969 0.003467 0.422915 0.414912 0 
5 0.425532 0.045785 0.321928 0.003467 0.422915 0.414912 0 
5 0.446809 0.045785 0.327581 0.003467 0.422915 0.414912 0 
5 0.468085 0.047526 0.329961 0.003467 0.422915 0.414912 0 
5 0.489362 0.045785 0.326837 0.003467 0.422915 0.414912 0 
5 0.510638 0.045785 0.313597 0.003467 0.422915 0.414912 0 
5 0.531915 0.045785 0.301547 0.003467 0.422915 0.414912 0 
5 0.553191 0.045605 0.294258 0.003467 0.422915 0.414912 0 
5 0.574468 0.045605 0.280571 0.003467 0.422915 0.414912 0 
5 0.595745 0.044314 0.278042 0.003467 0.422915 0.414912 0 
5 0.617021 0.045605 0.278042 0.003467 0.422915 0.414912 0 
5 0.638298 0.045605 0.275513 0.003467 0.422915 0.414912 0 
5 0.659574 0.044314 0.282654 0.003467 0.422915 0.414912 0 
5 0.680851 0.044314 0.2892 0.003467 0.422915 0.414912 0 
5 0.702128 0.041792 0.304671 0.003467 0.422915 0.414912 0 
5 0.723404 0.044314 0.307647 0.003467 0.422915 0.414912 0 
5 0.744681 0.044314 0.314639 0.003467 0.422915 0.414912 0 
5 0.765957 0.045785 0.335168 0.003467 0.422915 0.414912 0 
5 0.787234 0.045785 0.340077 0.003467 0.422915 0.414912 1 
5 0.808511 0.044314 0.320887 0.003467 0.422915 0.414912 0 
5 0.829787 0.045605 0.305564 0.003467 0.422915 0.414912 1 
5 0.851064 0.045785 0.278637 0.003467 0.422915 0.414912 1 
5 0.87234 0.045605 0.26019 0.003467 0.422915 0.414912 1 
5 0.893617 0.047526 0.286224 0.003467 0.422915 0.414912 1 
5 0.914894 0.047526 0.297977 0.003467 0.422915 0.414912 1 
5 0.93617 0.047526 0.321482 0.003467 0.422915 0.414912 1 
5 0.957447 0.047526 0.322969 0.003467 0.422915 0.414912 1 
5 0.978723 0.050288 0.321779 0.003467 0.422915 0.414912 1 
5 1 0.055002 0.2892 0.003467 0.422915 0.414912 1 
