2 0 0.083554 0.321779 0.005478 0.400311 0.608772 1 
2 0.021277 0.07941 0.290241 0.00521 0.375712 0.608772 1 
2 0.042553 0.081092 0.259447 0.005322 0.424392 0.547807 1 
2 0.06383 0.072295 0.234603 0.004749 0.399275 0.577193 1 
2 0.085106 0.054672 0.200238 0.003579 0.361989 0.630263 0 
2 0.106383 0.049958 0.171526 0.003253 0.323408 0.654386 0 
2 0.12766 0.044674 0.157691 0.002906 0.280943 0.677193 0 
2 0.148936 0.038669 0.141476 0.002505 0.25246 0.691667 0 
2 0.170213 0.044374 0.138947 0.002871 0.232004 0.722807 0 
2 0.191489 0.043233 0.153972 0.002786 0.219575 0.781579 0 
2 0.212766 0.046025 0.18551 0.00296 0.244433 0.786842 0 
2 0.234043 0.051699 0.241 0.003332 0.280425 0.793421 0 
2 0.255319 0.079891 0.335763 0.005158 0.375453 0.712719 1 
2 0.276596 0.086886 0.422642 0.005621 0.461678 0.650877 1 
2 0.297872 0.085295 0.413567 0.005548 0.527447 0.599561 1 
2 0.319149 0.087667 0.466379 0.00565 0.592957 0.572368 1 
2 0.340426 0.089918 0.481107 0.00576 0.642413 0.483772 1 
2 0.361702 0.089768 0.477983 0.005789 0.646556 0.452632 1 
2 0.382979 0.089618 0.529604 0.005796 0.649922 0.448684 1 
2 0.404255 0.127957 0.543737 0.008375 0.629208 0.536404 1 
2 0.425532 0.107061 0.527075 0.007067 0.6261 0.504386 1 
2 0.446809 0.138826 0.510414 0.009173 0.627136 0.450439 1 
2 0.468085 0.150024 0.505356 0.00983 0.630243 0.496053 1 
2 0.489362 0.153357 0.495537 0.009975 0.641895 0.496053 1 
2 0.510638 0.160802 0.495686 0.010507 0.641636 0.525877 1 
2 0.531915 0.151585 0.484082 0.009813 0.631279 0.457456 1 
2 0.553191 0.164075 0.47947 0.010692 0.633351 0.511404 1 
2 0.574468 0.158911 0.474412 0.010411 0.627654 0.444737 1 
2 0.595745 0.154678 0.468164 0.010089 0.624288 0.473246 1 
2 0.617021 0.150024 0.460726 0.009769 0.601761 0.513596 1 
2 0.638298 0.156929 0.442874 0.010268 0.592957 0.47807 1 
2 0.659574 0.15804 0.457602 0.010299 0.583118 0.555263 1 
2 0.680851 0.159121 0.463701 0.010386 0.610823 0.554825 1 
2 0.702128 0.164015 0.475751 0.010704 0.635422 0.555702 1 
2 0.723404 0.162483 0.481404 0.01065 0.671155 0.489474 1 
2 0.744681 0.162604 0.505356 0.010704 0.724495 0.436842 1 
2 0.765957 0.169509 0.545076 0.011107 0.738995 0.465351 1 
2 0.787234 0.18413 0.57111 0.011961 0.745728 0.482018 1 
2 0.808511 0.177645 0.538976 0.011608 0.723718 0.475877 1 
2 0.829787 0.163744 0.501488 0.01076 0.700932 0.441667 1 
2 0.851064 0.112015 0.469949 0.00738 0.669083 0.453947 1 
2 0.87234 0.10493 0.45061 0.006903 0.626359 0.492544 0 
2 0.893617 0.089918 0.415799 0.005899 0.58985 0.497807 0 
2 0.914894 0.086766 0.376376 0.005758 0.540135 0.489035 0 
2 0.93617 0.093431 0.423683 0.006192 0.493009 0.555702 0 
2 0.957447 0.087667 0.444511 0.00581 0.450026 0.543421 0 
2 0.978723 0.097904 0.453585 0.006498 0.525117 0.500877 0 
2 1 0.099135 0.454775 0.006541 0.510098 0.556579 0 
