3 0 0.09205 0.441386 0.006061 0.469187 0.553509 0 
3 0.021277 0.090008 0.427998 0.005916 0.431642 0.588596 0 
3 0.042553 0.09265 0.394823 0.006103 0.481875 0.566228 0 
3 0.06383 0.091389 0.343499 0.005989 0.453133 0.568421 0 
3 0.085106 0.082052 0.282803 0.005349 0.398239 0.65307 0 
3 0.106383 0.063738 0.236834 0.004136 0.357328 0.734649 0 
3 0.12766 0.050618 0.19994 0.003263 0.316934 0.707895 0 
3 0.148936 0.045755 0.172419 0.002968 0.280166 0.694737 0 
3 0.170213 0.050438 0.160369 0.003263 0.261781 0.740789 0 
3 0.191489 0.047106 0.166022 0.003041 0.251683 0.761842 0 
3 0.212766 0.051669 0.189676 0.003322 0.274987 0.798246 0 
3 0.234043 0.050528 0.234008 0.003255 0.301139 0.761842 0 
3 0.255319 0.072475 0.328325 0.004703 0.386846 0.636404 0 
3 0.276596 0.074817 0.407617 0.004873 0.470223 0.587281 0 
3 0.297872 0.076258 0.405237 0.004973 0.53159 0.565789 0 
3 0.319149 0.087667 0.458792 0.005683 0.597618 0.550439 0 
3 0.340426 0.089618 0.475007 0.005783 0.625324 0.43114 0 
3 0.361702 0.089438 0.480958 0.00582 0.633868 0.445614 0 
3 0.382979 0.090339 0.531687 0.005887 0.649922 0.382456 0 
3 0.404255 0.122193 0.542398 0.008062 0.65536 0.428947 1 
3 0.425532 0.120031 0.53258 0.008 0.65769 0.382895 1 
3 0.446809 0.110754 0.519786 0.007374 0.651217 0.41886 0 
3 0.468085 0.111625 0.516067 0.007455 0.66261 0.407895 0 
3 0.489362 0.107872 0.520232 0.007214 0.672708 0.379825 0 
3 0.510638 0.125045 0.511901 0.008417 0.669342 0.397368 1 
3 0.531915 0.119161 0.504463 0.007943 0.668566 0.390351 1 
3 0.553191 0.123604 0.500595 0.008238 0.67711 0.376754 1 
3 0.574468 0.125946 0.498512 0.008405 0.686691 0.280263 1 
3 0.595745 0.137204 0.497471 0.008928 0.679959 0.309649 1 
3 0.617021 0.117179 0.488694 0.007808 0.66986 0.353947 1 
3 0.638298 0.102258 0.479768 0.00689 0.642672 0.36886 0 
3 0.659574 0.097274 0.483636 0.006516 0.647074 0.434211 0 
3 0.680851 0.102858 0.492264 0.006944 0.650181 0.383772 0 
3 0.702128 0.102258 0.492413 0.006911 0.665458 0.35614 0 
3 0.723404 0.097454 0.486016 0.006701 0.688762 0.32807 0 
3 0.744681 0.096734 0.496281 0.00656 0.711807 0.345175 0 
3 0.765957 0.100667 0.524695 0.006809 0.699379 0.362719 1 
3 0.787234 0.106761 0.554746 0.007231 0.702745 0.334649 1 
3 0.808511 0.101087 0.524695 0.006568 0.684102 0.338158 1 
3 0.829787 0.089948 0.487801 0.006115 0.648369 0.372807 0 
3 0.851064 0.073286 0.459982 0.00479 0.611082 0.371053 0 
3 0.87234 0.066891 0.436031 0.00451 0.577939 0.399123 0 
3 0.893617 0.050168 0.398691 0.003403 0.535992 0.335965 0 
3 0.914894 0.045665 0.367301 0.003126 0.49275 0.373246 0 
3 0.93617 0.059835 0.416245 0.004067 0.457017 0.501316 0 
3 0.957447 0.067191 0.432461 0.00484 0.433972 0.464474 0 
3 0.978723 0.082112 0.446296 0.00585 0.520715 0.399123 0 
3 1 0.084064 0.445701 0.00581 0.516572 0.474123 0 
