4 0 0.035457 0.54582 0.002349 0.473848 0.690351 0 
4 0.021277 0.034196 0.529307 0.002252 0.452874 0.719298 0 
4 0.042553 0.034616 0.5 0.002285 0.500777 0.619298 0 
4 0.06383 0.032935 0.452544 0.002169 0.481875 0.634211 0 
4 0.085106 0.033175 0.393484 0.00214 0.437856 0.634211 0 
4 0.106383 0.032485 0.345433 0.001822 0.393837 0.65614 0 
4 0.12766 0.031914 0.291134 0.001651 0.346453 0.67807 0 
4 0.148936 0.02678 0.256323 0.001789 0.306318 0.710965 0 
4 0.170213 0.021166 0.230884 0.001415 0.287416 0.726316 0 
4 0.191489 0.021166 0.229842 0.001415 0.282237 0.732895 0 
4 0.212766 0.023898 0.255727 0.001595 0.288969 0.776316 0 
4 0.234043 0.027111 0.310027 0.001803 0.326774 0.794298 0 
4 0.255319 0.031854 0.427849 0.001938 0.404195 0.734211 0 
4 0.276596 0.034046 0.543439 0.002252 0.493009 0.616228 0 
4 0.297872 0.034016 0.563672 0.002304 0.530036 0.560965 0 
4 0.319149 0.038579 0.633294 0.002607 0.607198 0.564474 1 
4 0.340426 0.040501 0.653377 0.002717 0.643449 0.528947 1 
4 0.361702 0.040381 0.642368 0.002711 0.647851 0.526754 1 
4 0.382979 0.042272 0.672419 0.002831 0.634904 0.558333 1 
4 0.404255 0.042212 0.674502 0.002831 0.621181 0.563596 1 
4 0.425532 0.038399 0.646236 0.00258 0.617815 0.546491 1 
4 0.446809 0.037288 0.615144 0.002507 0.608234 0.503947 1 
4 0.468085 0.035367 0.588218 0.002387 0.595805 0.502193 0 
4 0.489362 0.034046 0.57349 0.002314 0.598912 0.489474 0 
4 0.510638 0.034016 0.559357 0.002312 0.582859 0.529386 0 
4 0.531915 0.034016 0.539869 0.002306 0.57768 0.531579 0 
4 0.553191 0.034016 0.536894 0.002308 0.591921 0.488158 0 
4 0.574468 0.034016 0.528414 0.002308 0.58726 0.492544 0 
4 0.595745 0.034016 0.52053 0.002295 0.579751 0.517982 0 
4 0.617021 0.034016 0.511901 0.002302 0.570171 0.556579 0 
4 0.638298 0.034016 0.511901 0.002295 0.556965 0.552632 0 
4 0.659574 0.034016 0.52529 0.002293 0.546608 0.565789 0 
4 0.680851 0.034016 0.551622 0.002293 0.547903 0.554825 0 
4 0.702128 0.034016 0.592532 0.002302 0.554635 0.556579 0 
4 0.723404 0.035157 0.648319 0.002385 0.593993 0.552632 0 
4 0.744681 0.043353 0.740405 0.00291 0.634645 0.557018 1 
4 0.765957 0.051009 0.778935 0.0034 0.671155 0.535088 1 
4 0.787234 0.053321 0.759447 0.003554 0.653547 0.566228 1 
4 0.808511 0.040201 0.725231 0.002694 0.617556 0.598684 1 
4 0.829787 0.03921 0.696965 0.002624 0.590368 0.598684 1 
4 0.851064 0.037619 0.670931 0.002516 0.563439 0.638596 1 
4 0.87234 0.037829 0.640732 0.002516 0.527965 0.657018 1 
4 0.893617 0.035907 0.592532 0.002385 0.506214 0.652193 1 
4 0.914894 0.034016 0.537191 0.002264 0.470482 0.714474 0 
4 0.93617 0.034016 0.569325 0.00221 0.44899 0.753509 0 
4 0.957447 0.034046 0.571556 0.002189 0.427499 0.731579 0 
4 0.978723 0.034646 0.561589 0.002302 0.508545 0.642105 0 
4 1 0.035457 0.556531 0.002358 0.509581 0.667105 1 
