6 0 0.040651 0.433056 0.002835 0.375194 0.311404 0 
6 0.021277 0.031344 0.407617 0.002177 0.344381 0.367105 0 
6 0.042553 0.031134 0.376079 0.002162 0.401864 0.325877 0 
6 0.06383 0.028131 0.319697 0.00194 0.367426 0.369737 0 
6 0.085106 0.0266 0.262571 0.001816 0.318747 0.498684 0 
6 0.106383 0.02648 0.216453 0.001789 0.277835 0.633333 0 
6 0.12766 0.02639 0.174204 0.001772 0.239254 0.676316 0 
6 0.148936 0.02621 0.152187 0.001747 0.220093 0.664912 0 
6 0.170213 0.02621 0.140583 0.001714 0.196789 0.664912 0 
6 0.191489 0.02621 0.146831 0.001701 0.191611 0.664912 0 
6 0.212766 0.02621 0.164832 0.001722 0.202486 0.664912 0 
6 0.234043 0.027051 0.216305 0.001726 0.214656 0.642982 0 
6 0.255319 0.027801 0.30363 0.00178 0.284309 0.587281 0 
6 0.276596 0.028011 0.391699 0.00189 0.350854 0.52193 0 
6 0.297872 0.028101 0.38069 0.001917 0.381926 0.474561 0 
6 0.319149 0.029933 0.444362 0.002063 0.432418 0.391667 0 
6 0.340426 0.038309 0.473817 0.002653 0.471776 0.370175 0 
6 0.361702 0.038069 0.488099 0.002736 0.477473 0.347368 0 
6 0.382979 0.054612 0.533323 0.003772 0.499741 0.379825 1 
6 0.404255 0.068482 0.554597 0.004678 0.515536 0.358333 1 
6 0.425532 0.069052 0.549241 0.004705 0.520974 0.335088 1 
6 0.446809 0.068452 0.541654 0.004678 0.538063 0.317105 1 
6 0.468085 0.068902 0.536299 0.004713 0.545831 0.33114 1 
6 0.489362 0.070343 0.533026 0.004809 0.548679 0.320175 1 
6 0.510638 0.068902 0.532728 0.004705 0.537804 0.310965 1 
6 0.531915 0.068332 0.526927 0.00467 0.537804 0.299123 1 
6 0.553191 0.068512 0.526629 0.004686 0.540135 0.299123 1 
6 0.574468 0.075988 0.52529 0.005204 0.543242 0.175439 1 
6 0.595745 0.090369 0.521422 0.006226 0.535474 0.167982 1 
6 0.617021 0.079921 0.510414 0.005517 0.521233 0.179386 1 
6 0.638298 0.072835 0.497173 0.005029 0.510357 0.193421 1 
6 0.659574 0.074817 0.496578 0.005162 0.501554 0.185965 1 
6 0.680851 0.074216 0.487355 0.005129 0.502589 0.178947 1 
6 0.702128 0.06638 0.485421 0.004595 0.49767 0.183772 1 
6 0.723404 0.056653 0.467718 0.003938 0.477473 0.187281 1 
6 0.744681 0.046055 0.455519 0.003224 0.459865 0.200439 0 
6 0.765957 0.032755 0.451949 0.002289 0.425168 0.315351 0 
6 0.787234 0.034496 0.481107 0.002401 0.432418 0.371053 0 
6 0.808511 0.035097 0.464445 0.002443 0.459089 0.298246 0 
6 0.829787 0.029753 0.427403 0.002065 0.443553 0.369737 0 
6 0.851064 0.029182 0.411038 0.002011 0.419731 0.417982 0 
6 0.87234 0.028702 0.389765 0.001969 0.383221 0.465789 0 
6 0.893617 0.02687 0.354359 0.001838 0.352667 0.507456 0 
6 0.914894 0.02648 0.318804 0.001805 0.314345 0.463158 0 
6 0.93617 0.043023 0.386195 0.002931 0.31305 0.55 0 
6 0.957447 0.028101 0.419369 0.001909 0.316416 0.614474 0 
6 0.978723 0.029693 0.435733 0.002038 0.41507 0.443421 0 
6 1 0.029332 0.426064 0.002017 0.40057 0.553509 0 
