1 0 0.02606 0.249479 0.001757 0.249094 0.56886 0 
1 0.021277 0.02609 0.21199 0.001757 0.228379 0.582895 0 
1 0.042553 0.02648 0.181196 0.001793 0.283791 0.508772 0 
1 0.06383 0.027081 0.14698 0.001828 0.251683 0.534649 0 
1 0.085106 0.025429 0.123773 0.001718 0.210513 0.512719 0 
1 0.106383 0.024859 0.114252 0.001685 0.166753 0.57193 0 
1 0.12766 0.024108 0.101904 0.001635 0.134645 0.539035 0 
1 0.148936 0.022757 0.097292 0.001548 0.122216 0.561842 0 
1 0.170213 0.024799 0.106962 0.001683 0.100725 0.550439 0 
1 0.191489 0.024048 0.109938 0.001633 0.083894 0.566228 0 
1 0.212766 0.022907 0.123475 0.001566 0.080787 0.593421 0 
1 0.234043 0.024859 0.146831 0.001683 0.088296 0.626754 0 
1 0.255319 0.025129 0.164832 0.001697 0.109529 0.65 0 
1 0.276596 0.02678 0.205742 0.001813 0.130761 0.630263 0 
1 0.297872 0.02576 0.242339 0.001741 0.132833 0.662719 0 
1 0.319149 0.02627 0.285183 0.00177 0.151735 0.680263 0 
1 0.340426 0.027891 0.326391 0.001874 0.169083 0.680702 0 
1 0.361702 0.028161 0.351235 0.001888 0.188244 0.64386 0 
1 0.382979 0.027981 0.354061 0.001882 0.197825 0.631579 0 
1 0.404255 0.028011 0.35302 0.001884 0.204557 0.625 0 
1 0.425532 0.028342 0.355549 0.001907 0.203521 0.661404 0 
1 0.446809 0.028221 0.347664 0.001901 0.211031 0.634649 0 
1 0.468085 0.028912 0.348855 0.001953 0.210513 0.630263 1 
1 0.489362 0.029182 0.341416 0.001982 0.204298 0.56886 1 
1 0.510638 0.028672 0.329366 0.001946 0.194977 0.613158 1 
1 0.531915 0.028492 0.316275 0.001932 0.192646 0.62193 1 
1 0.553191 0.028041 0.308688 0.001901 0.190316 0.592105 0 
1 0.574468 0.028041 0.301547 0.001901 0.191869 0.607456 1 
1 0.595745 0.027981 0.301398 0.00189 0.182289 0.635526 1 
1 0.617021 0.028221 0.303481 0.001907 0.187468 0.623684 1 
1 0.638298 0.028011 0.299018 0.001897 0.193423 0.605263 1 
1 0.659574 0.028221 0.312109 0.001913 0.205334 0.586842 1 
1 0.680851 0.027711 0.306159 0.00188 0.208182 0.591667 1 
1 0.702128 0.028161 0.325201 0.001917 0.223718 0.560526 1 
1 0.723404 0.028011 0.330259 0.001911 0.219057 0.564474 1 
1 0.744681 0.027681 0.34335 0.001886 0.214138 0.580702 1 
1 0.765957 0.027111 0.350788 0.001843 0.207405 0.595614 0 
1 0.787234 0.027321 0.349896 0.001845 0.202486 0.615351 1 
1 0.808511 0.027951 0.351532 0.001886 0.215173 0.582456 1 
1 0.829787 0.029062 0.35659 0.001975 0.260487 0.491667 1 
1 0.851064 0.032635 0.336805 0.002219 0.266442 0.525439 1 
1 0.87234 0.030113 0.305861 0.002038 0.249094 0.560088 1 
1 0.893617 0.030413 0.320143 0.002059 0.222165 0.587719 1 
1 0.914894 0.029663 0.317019 0.002002 0.191869 0.636842 1 
1 0.93617 0.029302 0.312109 0.00198 0.18928 0.649561 1 
1 0.957447 0.027951 0.296043 0.001886 0.192646 0.641667 1 
1 0.978723 0.029723 0.291282 0.002214 0.267219 0.51886 1 
1 1 0.030653 0.255281 0.002081 0.280684 0.55614 1 
