3 0 0.083373 0.493306 0.003467 0.422915 0.414912 1 
3 0.021277 0.088567 0.475751 0.003467 0.422915 0.414912 1 
3 0.042553 0.083133 0.451949 0.003467 0.422915 0.414912 1 
3 0.06383 0.075688 0.392145 0.003467 0.422915 0.414912 1 
3 0.085106 0.072715 0.332639 0.003467 0.422915 0.414912 0 
3 0.106383 0.06611 0.287861 0.003467 0.422915 0.414912 0 
3 0.12766 0.072715 0.248884 0.003467 0.422915 0.414912 0 
3 0.148936 0.061697 0.214668 0.003467 0.422915 0.414912 0 
3 0.170213 0.062027 0.198453 0.003467 0.422915 0.414912 0 
3 0.191489 0.074727 0.19637 0.003467 0.422915 0.414912 0 
3 0.212766 0.074727 0.220916 0.003467 0.422915 0.414912 0 
3 0.234043 0.076468 0.272835 0.003467 0.422915 0.414912 1 
3 0.255319 0.093011 0.373103 0.003467 0.422915 0.414912 1 
3 0.276596 0.097574 0.481553 0.003467 0.422915 0.414912 1 
3 0.297872 0.092951 0.475007 0.003467 0.422915 0.414912 1 
3 0.319149 0.082293 0.527522 0.003467 0.422915 0.414912 1 
3 0.340426 0.092951 0.536745 0.003467 0.422915 0.414912 1 
3 0.361702 0.082293 0.518298 0.003467 0.422915 0.414912 1 
3 0.382979 0.092951 0.546712 0.003467 0.422915 0.414912 1 
3 0.404255 0.082293 0.559209 0.003467 0.422915 0.414912 1 
3 0.425532 0.082293 0.538828 0.003467 0.422915 0.414912 1 
3 0.446809 0.064639 0.509223 0.003467 0.422915 0.414912 0 
3 0.468085 0.082293 0.490925 0.003467 0.422915 0.414912 1 
3 0.489362 0.064639 0.481404 0.003467 0.422915 0.414912 0 
3 0.510638 0.056263 0.467718 0.003467 0.422915 0.414912 0 
3 0.531915 0.056263 0.459387 0.003467 0.422915 0.414912 0 
3 0.553191 0.064639 0.452395 0.003467 0.422915 0.414912 0 
3 0.574468 0.056263 0.445849 0.003467 0.422915 0.414912 0 
3 0.595745 0.076468 0.43618 0.003467 0.422915 0.414912 1 
3 0.617021 0.056263 0.424576 0.003467 0.422915 0.414912 0 
3 0.638298 0.064639 0.417138 0.003467 0.422915 0.414912 0 
3 0.659574 0.064639 0.426807 0.003467 0.422915 0.414912 0 
3 0.680851 0.076468 0.432609 0.003467 0.422915 0.414912 1 
3 0.702128 0.076468 0.442428 0.003467 0.422915 0.414912 1 
3 0.723404 0.076468 0.46266 0.003467 0.422915 0.414912 1 
3 0.744681 0.092951 0.529158 0.003467 0.422915 0.414912 1 
3 0.765957 0.097574 0.587325 0.003467 0.422915 0.414912 1 
3 0.787234 0.093821 0.589259 0.003467 0.422915 0.414912 1 
3 0.808511 0.082293 0.558911 0.003467 0.422915 0.414912 1 
3 0.829787 0.076468 0.537786 0.003467 0.422915 0.414912 0 
3 0.851064 0.093011 0.518596 0.003467 0.422915 0.414912 1 
3 0.87234 0.082293 0.496132 0.003467 0.422915 0.414912 1 
3 0.893617 0.076468 0.448081 0.003467 0.422915 0.414912 0 
3 0.914894 0.064639 0.408658 0.003467 0.422915 0.414912 0 
3 0.93617 0.092951 0.448527 0.003467 0.422915 0.414912 1 
3 0.957447 0.075057 0.46266 0.003467 0.422915 0.414912 0 
3 0.978723 0.082293 0.479024 0.003467 0.422915 0.414912 1 
3 1 0.082293 0.481404 0.003467 0.422915 0.414912 1 
