1 0 0.048487 0.24814 0.003467 0.422915 0.414912 0 
1 0.021277 0.048487 0.201279 0.003467 0.422915 0.414912 0 
1 0.042553 0.047526 0.171229 0.003467 0.422915 0.414912 0 
1 0.06383 0.047526 0.151294 0.003467 0.422915 0.414912 0 
1 0.085106 0.047526 0.128831 0.003467 0.422915 0.414912 0 
1 0.106383 0.047526 0.115442 0.003467 0.422915 0.414912 0 
1 0.12766 0.047526 0.111574 0.003467 0.422915 0.414912 0 
1 0.148936 0.047526 0.116483 0.003467 0.422915 0.414912 0 
1 0.170213 0.059865 0.149807 0.003467 0.422915 0.414912 1 
1 0.191489 0.059865 0.187147 0.003467 0.422915 0.414912 1 
1 0.212766 0.087276 0.27596 0.003467 0.422915 0.414912 1 
1 0.234043 0.074517 0.36983 0.003467 0.422915 0.414912 1 
1 0.255319 0.087276 0.383368 0.003467 0.422915 0.414912 1 
1 0.276596 0.089498 0.444213 0.003467 0.422915 0.414912 1 
1 0.297872 0.059865 0.459982 0.003467 0.422915 0.414912 1 
1 0.319149 0.05221 0.465338 0.003467 0.422915 0.414912 0 
1 0.340426 0.05221 0.501339 0.003467 0.422915 0.414912 0 
1 0.361702 0.05221 0.517108 0.003467 0.422915 0.414912 0 
1 0.382979 0.053321 0.507587 0.003467 0.422915 0.414912 0 
1 0.404255 0.05221 0.492859 0.003467 0.422915 0.414912 0 
1 0.425532 0.05221 0.478132 0.003467 0.422915 0.414912 0 
1 0.446809 0.05221 0.479768 0.003467 0.422915 0.414912 0 
1 0.468085 0.05221 0.468611 0.003467 0.422915 0.414912 0 
1 0.489362 0.05221 0.463404 0.003467 0.422915 0.414912 0 
1 0.510638 0.05221 0.46028 0.003467 0.422915 0.414912 0 
1 0.531915 0.05221 0.447635 0.003467 0.422915 0.414912 0 
1 0.553191 0.051459 0.447783 0.003467 0.422915 0.414912 0 
1 0.574468 0.051459 0.441833 0.003467 0.422915 0.414912 0 
1 0.595745 0.051459 0.43127 0.003467 0.422915 0.414912 0 
1 0.617021 0.051459 0.433353 0.003467 0.422915 0.414912 0 
1 0.638298 0.051459 0.429783 0.003467 0.422915 0.414912 0 
1 0.659574 0.05221 0.441386 0.003467 0.422915 0.414912 0 
1 0.680851 0.051459 0.440345 0.003467 0.422915 0.414912 0 
1 0.702128 0.05221 0.44704 0.003467 0.422915 0.414912 0 
1 0.723404 0.05221 0.437519 0.003467 0.422915 0.414912 0 
1 0.744681 0.051459 0.422493 0.003467 0.422915 0.414912 0 
1 0.765957 0.051459 0.407022 0.003467 0.422915 0.414912 0 
1 0.787234 0.051459 0.428444 0.003467 0.422915 0.414912 0 
1 0.808511 0.087276 0.438262 0.003467 0.422915 0.414912 1 
1 0.829787 0.059865 0.4277 0.003467 0.422915 0.414912 1 
1 0.851064 0.059865 0.389021 0.003467 0.422915 0.414912 1 
1 0.87234 0.049478 0.347813 0.003467 0.422915 0.414912 0 
1 0.893617 0.059865 0.373252 0.003467 0.422915 0.414912 1 
1 0.914894 0.05221 0.390955 0.003467 0.422915 0.414912 0 
1 0.93617 0.05221 0.418328 0.003467 0.422915 0.414912 0 
1 0.957447 0.05221 0.42294 0.003467 0.422915 0.414912 0 
1 0.978723 0.05221 0.421601 0.003467 0.422915 0.414912 0 
1 1 0.05221 0.408509 0.003467 0.422915 0.414912 0 
