3 0 0.089798 0.299018 0.003467 0.422915 0.414912 1 
3 0.021277 0.082983 0.228206 0.003467 0.422915 0.414912 1 
3 0.042553 0.080611 0.171229 0.003467 0.422915 0.414912 1 
3 0.06383 0.077489 0.123921 0.003467 0.422915 0.414912 1 
3 0.085106 0.055242 0.08435 0.003467 0.422915 0.414912 0 
3 0.106383 0.055242 0.051026 0.003467 0.422915 0.414912 0 
3 0.12766 0.055242 0.027522 0.003467 0.422915 0.414912 0 
3 0.148936 0.055242 0.01443 0.003467 0.422915 0.414912 0 
3 0.170213 0.055242 0.010562 0.003467 0.422915 0.414912 0 
3 0.191489 0.055242 0.008182 0.003467 0.422915 0.414912 0 
3 0.212766 0.055242 0.016662 0.003467 0.422915 0.414912 0 
3 0.234043 0.055242 0.02767 0.003467 0.422915 0.414912 0 
3 0.255319 0.055242 0.024695 0.003467 0.422915 0.414912 0 
3 0.276596 0.056923 0.051175 0.003467 0.422915 0.414912 0 
3 0.297872 0.056923 0.07706 0.003467 0.422915 0.414912 0 
3 0.319149 0.056923 0.107409 0.003467 0.422915 0.414912 0 
3 0.340426 0.056923 0.153526 0.003467 0.422915 0.414912 0 
3 0.361702 0.056923 0.180899 0.003467 0.422915 0.414912 0 
3 0.382979 0.056923 0.189229 0.003467 0.422915 0.414912 0 
3 0.404255 0.058394 0.191015 0.003467 0.422915 0.414912 0 
3 0.425532 0.058394 0.195775 0.003467 0.422915 0.414912 0 
3 0.446809 0.058394 0.196073 0.003467 0.422915 0.414912 0 
3 0.468085 0.056923 0.193544 0.003467 0.422915 0.414912 0 
3 0.489362 0.056923 0.190122 0.003467 0.422915 0.414912 0 
3 0.510638 0.056923 0.180452 0.003467 0.422915 0.414912 0 
3 0.531915 0.056923 0.170039 0.003467 0.422915 0.414912 0 
3 0.553191 0.055242 0.158286 0.003467 0.422915 0.414912 0 
3 0.574468 0.056923 0.15055 0.003467 0.422915 0.414912 0 
3 0.595745 0.056923 0.150848 0.003467 0.422915 0.414912 0 
3 0.617021 0.055242 0.154418 0.003467 0.422915 0.414912 0 
3 0.638298 0.056923 0.16022 0.003467 0.422915 0.414912 0 
3 0.659574 0.056923 0.167956 0.003467 0.422915 0.414912 0 
3 0.680851 0.056923 0.178667 0.003467 0.422915 0.414912 0 
3 0.702128 0.056923 0.197114 0.003467 0.422915 0.414912 0 
3 0.723404 0.058394 0.198304 0.003467 0.422915 0.414912 0 
3 0.744681 0.058394 0.197263 0.003467 0.422915 0.414912 0 
3 0.765957 0.056923 0.193395 0.003467 0.422915 0.414912 0 
3 0.787234 0.058394 0.188634 0.003467 0.422915 0.414912 0 
3 0.808511 0.058394 0.205147 0.003467 0.422915 0.414912 0 
3 0.829787 0.058394 0.22285 0.003467 0.422915 0.414912 0 
3 0.851064 0.058394 0.21571 0.003467 0.422915 0.414912 0 
3 0.87234 0.058394 0.194287 0.003467 0.422915 0.414912 0 
3 0.893617 0.058394 0.225974 0.003467 0.422915 0.414912 0 
3 0.914894 0.074817 0.234752 0.003467 0.422915 0.414912 1 
3 0.93617 0.075177 0.254835 0.003467 0.422915 0.414912 1 
3 0.957447 0.075177 0.260785 0.003467 0.422915 0.414912 1 
3 0.978723 0.068572 0.25662 0.003467 0.422915 0.414912 1 
3 1 0.058394 0.240851 0.003467 0.422915 0.414912 0 
