2 0 0.028612 0.198453 0.000839 0.240549 0.792544 0 
2 0.021277 0.027381 0.161113 0.000837 0.217504 0.792544 0 
2 0.042553 0.027951 0.129723 0.000837 0.271103 0.726754 0 
2 0.06383 0.027771 0.103094 0.000837 0.251942 0.726754 0 
2 0.085106 0.02594 0.082862 0.000837 0.204298 0.770614 0 
2 0.106383 0.024288 0.067093 0.000833 0.166494 0.770614 0 
2 0.12766 0.016573 0.061738 0.000839 0.149663 0.902193 0 
2 0.148936 0.021016 0.063374 0.000835 0.139306 0.902193 0 
2 0.170213 0.022307 0.068432 0.000839 0.128949 0.902193 0 
2 0.191489 0.024138 0.080333 0.000837 0.128431 0.902193 0 
2 0.212766 0.024829 0.094615 0.000839 0.137235 0.902193 0 
2 0.234043 0.024919 0.112615 0.000837 0.13827 0.902193 0 
2 0.255319 0.023568 0.123475 0.000837 0.15044 0.902193 0 
2 0.276596 0.025609 0.167361 0.000837 0.163387 0.902193 0 
2 0.297872 0.028432 0.207379 0.000835 0.150699 0.902193 0 
2 0.319149 0.029002 0.246206 0.000837 0.158726 0.858333 1 
2 0.340426 0.032064 0.301101 0.000835 0.178146 0.814474 1 
2 0.361702 0.030503 0.332044 0.000841 0.195495 0.814474 1 
2 0.382979 0.030503 0.338738 0.000841 0.215432 0.814474 1 
2 0.404255 0.029963 0.33011 0.000841 0.223459 0.814474 1 
2 0.425532 0.029843 0.325945 0.000841 0.220093 0.814474 1 
2 0.446809 0.029212 0.324903 0.000841 0.230968 0.858333 1 
2 0.468085 0.028792 0.322077 0.00128 0.248058 0.902193 1 
2 0.489362 0.028792 0.320738 0.001423 0.24262 0.902193 1 
2 0.510638 0.029122 0.314787 0.001907 0.232263 0.880263 1 
2 0.531915 0.029482 0.310919 0.001766 0.219057 0.836404 1 
2 0.553191 0.029242 0.309878 0.001489 0.215432 0.836404 1 
2 0.574468 0.029212 0.30363 0.00178 0.210254 0.836404 1 
2 0.595745 0.029392 0.304671 0.001558 0.20378 0.836404 1 
2 0.617021 0.029512 0.310473 0.001302 0.214138 0.836404 1 
2 0.638298 0.029753 0.314639 0.001525 0.217504 0.836404 1 
2 0.659574 0.030263 0.324903 0.001467 0.235111 0.807018 1 
2 0.680851 0.030773 0.33249 0.001743 0.247022 0.801754 1 
2 0.702128 0.031224 0.345879 0.001741 0.262558 0.814474 1 
2 0.723404 0.032064 0.347367 0.001041 0.25738 0.801316 1 
2 0.744681 0.031464 0.340077 0.000908 0.240549 0.801316 1 
2 0.765957 0.029542 0.327284 0.00085 0.216209 0.814474 1 
2 0.787234 0.030083 0.32535 0.00085 0.208959 0.792544 1 
2 0.808511 0.032064 0.335317 0.000841 0.201968 0.770614 1 
2 0.829787 0.032064 0.360756 0.000841 0.223977 0.757456 1 
2 0.851064 0.032605 0.349003 0.001302 0.240549 0.75307 1 
2 0.87234 0.032064 0.324903 0.000841 0.235111 0.770614 1 
2 0.893617 0.035517 0.350937 0.002225 0.212325 0.817982 1 
2 0.914894 0.033235 0.34945 0.001533 0.185137 0.792544 1 
2 0.93617 0.03948 0.365516 0.002432 0.179441 0.796053 1 
2 0.957447 0.04008 0.358227 0.002538 0.177628 0.796053 1 
2 0.978723 0.039 0.346177 0.002378 0.271362 0.752193 1 
2 1 0.034917 0.312556 0.002229 0.279389 0.774123 1 
