2 0 0.040891 0.396906 0.002673 0.367167 0.585088 1 
2 0.021277 0.037619 0.357929 0.002457 0.344381 0.587719 0 
2 0.042553 0.03963 0.332639 0.002597 0.401864 0.489474 1 
2 0.06383 0.034346 0.304374 0.002258 0.384775 0.582895 0 
2 0.085106 0.02609 0.2651 0.001697 0.347229 0.688158 0 
2 0.106383 0.018104 0.244273 0.001163 0.308389 0.720175 0 
2 0.12766 0.010598 0.217941 0.000685 0.261781 0.540351 0 
2 0.148936 0.009817 0.196816 0.00064 0.226308 0.50307 0 
2 0.170213 0.010958 0.194139 0.000715 0.204816 0.494298 0 
2 0.191489 0.01264 0.20485 0.000825 0.196789 0.535526 0 
2 0.212766 0.014111 0.247248 0.000908 0.213102 0.69386 0 
2 0.234043 0.034376 0.303184 0.001309 0.254013 0.765789 0 
2 0.255319 0.055032 0.422047 0.003498 0.339979 0.695614 1 
2 0.276596 0.083824 0.545076 0.005417 0.421025 0.504386 1 
2 0.297872 0.043383 0.583904 0.002946 0.483428 0.400877 1 
2 0.319149 0.073046 0.677626 0.005058 0.563439 0.395175 1 
2 0.340426 0.085355 0.705296 0.00597 0.612895 0.380702 1 
2 0.361702 0.075297 0.696221 0.005318 0.618074 0.325439 1 
2 0.382979 0.068932 0.721065 0.005081 0.629726 0.32193 1 
2 0.404255 0.071694 0.721809 0.005127 0.625842 0.323246 1 
2 0.425532 0.071304 0.692353 0.005073 0.61419 0.31886 1 
2 0.446809 0.048127 0.657542 0.003577 0.597618 0.271053 1 
2 0.468085 0.050829 0.631508 0.00383 0.595028 0.265351 1 
2 0.489362 0.055572 0.6144 0.004566 0.582341 0.252632 1 
2 0.510638 0.044734 0.587028 0.00339 0.547126 0.245614 0 
2 0.531915 0.044104 0.567242 0.003137 0.520456 0.409649 0 
2 0.553191 0.044914 0.554448 0.00322 0.576126 0.247807 0 
2 0.574468 0.043533 0.552514 0.003078 0.57768 0.258333 0 
2 0.595745 0.043533 0.543439 0.003207 0.573537 0.247368 0 
2 0.617021 0.044554 0.529009 0.003137 0.566546 0.256579 0 
2 0.638298 0.042873 0.514728 0.002987 0.548938 0.311404 0 
2 0.659574 0.043083 0.522166 0.002979 0.555153 0.272807 0 
2 0.680851 0.042602 0.564713 0.002968 0.560073 0.263596 0 
2 0.702128 0.042272 0.63255 0.003274 0.582341 0.286404 0 
2 0.723404 0.05278 0.74457 0.003695 0.64811 0.255702 1 
2 0.744681 0.081452 0.829217 0.005598 0.709736 0.213596 1 
2 0.765957 0.087907 0.830705 0.006026 0.679959 0.273246 1 
2 0.787234 0.077699 0.803927 0.005397 0.627913 0.339474 1 
2 0.808511 0.070043 0.775216 0.004938 0.588555 0.301316 1 
2 0.829787 0.07851 0.743826 0.005451 0.559037 0.407456 1 
2 0.851064 0.075057 0.723892 0.005224 0.529259 0.42807 1 
2 0.87234 0.074457 0.694287 0.005187 0.504661 0.379825 1 
2 0.893617 0.043683 0.64579 0.003012 0.465562 0.395614 0 
2 0.914894 0.040681 0.580631 0.002734 0.437597 0.528947 0 
2 0.93617 0.041852 0.60726 0.002763 0.411445 0.564474 0 
2 0.957447 0.040681 0.609194 0.002651 0.4029 0.651316 0 
2 0.978723 0.046235 0.59759 0.002995 0.479026 0.501316 0 
2 1 0.041462 0.582565 0.002705 0.47566 0.557895 0 
