4 0 0.108833 0.500893 0.003467 0.422915 0.414912 1 
4 0.021277 0.108833 0.481404 0.003467 0.422915 0.414912 1 
4 0.042553 0.088327 0.453436 0.003467 0.422915 0.414912 1 
4 0.06383 0.051819 0.393335 0.003467 0.422915 0.414912 0 
4 0.085106 0.051819 0.329069 0.003467 0.422915 0.414912 0 
4 0.106383 0.041131 0.288753 0.003467 0.422915 0.414912 0 
4 0.12766 0.041131 0.240702 0.003467 0.422915 0.414912 0 
4 0.148936 0.041131 0.207528 0.003467 0.422915 0.414912 0 
4 0.170213 0.042602 0.190122 0.003467 0.422915 0.414912 0 
4 0.191489 0.042602 0.184469 0.003467 0.422915 0.414912 0 
4 0.212766 0.042602 0.208123 0.003467 0.422915 0.414912 0 
4 0.234043 0.042602 0.261083 0.003467 0.422915 0.414912 0 
4 0.255319 0.067581 0.363731 0.003467 0.422915 0.414912 1 
4 0.276596 0.043503 0.464445 0.003467 0.422915 0.414912 0 
4 0.297872 0.041131 0.471883 0.003467 0.422915 0.414912 0 
4 0.319149 0.041131 0.523802 0.003467 0.422915 0.414912 0 
4 0.340426 0.041431 0.548349 0.003467 0.422915 0.414912 0 
4 0.361702 0.041431 0.548646 0.003467 0.422915 0.414912 0 
4 0.382979 0.045094 0.582267 0.003467 0.422915 0.414912 0 
4 0.404255 0.041431 0.594466 0.003467 0.422915 0.414912 0 
4 0.425532 0.041431 0.581077 0.003467 0.422915 0.414912 0 
4 0.446809 0.041251 0.565457 0.003467 0.422915 0.414912 0 
4 0.468085 0.042032 0.546712 0.003467 0.422915 0.414912 0 
4 0.489362 0.042602 0.539274 0.003467 0.422915 0.414912 0 
4 0.510638 0.042602 0.531985 0.003467 0.422915 0.414912 0 
4 0.531915 0.043503 0.521571 0.003467 0.422915 0.414912 0 
4 0.553191 0.043503 0.519637 0.003467 0.422915 0.414912 0 
4 0.574468 0.067581 0.509223 0.003467 0.422915 0.414912 1 
4 0.595745 0.067581 0.499702 0.003467 0.422915 0.414912 1 
4 0.617021 0.043503 0.484082 0.003467 0.422915 0.414912 0 
4 0.638298 0.043503 0.46266 0.003467 0.422915 0.414912 0 
4 0.659574 0.043503 0.461619 0.003467 0.422915 0.414912 0 
4 0.680851 0.043503 0.475602 0.003467 0.422915 0.414912 0 
4 0.702128 0.074216 0.498364 0.003467 0.422915 0.414912 1 
4 0.723404 0.067581 0.538233 0.003467 0.422915 0.414912 1 
4 0.744681 0.074667 0.622434 0.003467 0.422915 0.414912 1 
4 0.765957 0.045094 0.648468 0.003467 0.422915 0.414912 0 
4 0.787234 0.045094 0.632252 0.003467 0.422915 0.414912 0 
4 0.808511 0.041431 0.593722 0.003467 0.422915 0.414912 0 
4 0.829787 0.041431 0.565605 0.003467 0.422915 0.414912 0 
4 0.851064 0.041431 0.553258 0.003467 0.422915 0.414912 0 
4 0.87234 0.041431 0.526778 0.003467 0.422915 0.414912 0 
4 0.893617 0.041131 0.481851 0.003467 0.422915 0.414912 0 
4 0.914894 0.041431 0.430973 0.003467 0.422915 0.414912 0 
4 0.93617 0.045755 0.476198 0.003467 0.422915 0.414912 0 
4 0.957447 0.042602 0.490033 0.003467 0.422915 0.414912 0 
4 0.978723 0.045094 0.508033 0.003467 0.422915 0.414912 0 
4 1 0.045755 0.50967 0.003467 0.422915 0.414912 0 
