6 0 0.088777 0.464743 0.005995 0.49275 0.507456 1 
6 0.021277 0.077819 0.440791 0.005243 0.459347 0.512719 0 
6 0.042553 0.084274 0.40717 0.005696 0.514241 0.486404 1 
6 0.06383 0.075778 0.355549 0.005108 0.477473 0.523684 0 
6 0.085106 0.067371 0.298572 0.004495 0.427499 0.570175 0 
6 0.106383 0.046565 0.251711 0.003114 0.374158 0.500439 0 
6 0.12766 0.044434 0.209759 0.002985 0.326774 0.521491 0 
6 0.148936 0.044584 0.1867 0.002991 0.29855 0.523246 0 
6 0.170213 0.049478 0.172716 0.003284 0.277576 0.636404 0 
6 0.191489 0.042933 0.170039 0.00284 0.263335 0.645614 0 
6 0.212766 0.046145 0.195031 0.003058 0.276023 0.660965 0 
6 0.234043 0.045455 0.238024 0.003039 0.307613 0.587281 0 
6 0.255319 0.056323 0.326986 0.003814 0.396686 0.532018 0 
6 0.276596 0.074937 0.398542 0.005091 0.490678 0.48114 0 
6 0.297872 0.07893 0.394674 0.005376 0.566287 0.399561 1 
6 0.319149 0.090459 0.448676 0.006132 0.646556 0.352632 1 
6 0.340426 0.13135 0.465784 0.008943 0.691611 0.289035 1 
6 0.361702 0.11901 0.493157 0.008176 0.685914 0.307456 1 
6 0.382979 0.152456 0.536447 0.010453 0.695495 0.300439 1 
6 0.404255 0.150054 0.549985 0.01026 0.677887 0.324123 1 
6 0.425532 0.132941 0.535406 0.009067 0.670119 0.382895 1 
6 0.446809 0.100516 0.516067 0.006834 0.663905 0.389474 1 
6 0.468085 0.096343 0.504314 0.006529 0.652771 0.390789 1 
6 0.489362 0.095292 0.496281 0.00645 0.649404 0.400877 1 
6 0.510638 0.091329 0.489884 0.006186 0.632833 0.414912 1 
6 0.531915 0.09178 0.491223 0.006186 0.606939 0.491667 1 
6 0.553191 0.097274 0.487057 0.006577 0.608234 0.496491 1 
6 0.574468 0.091089 0.4759 0.006186 0.627654 0.398246 1 
6 0.595745 0.090639 0.467123 0.006059 0.611859 0.483333 1 
6 0.617021 0.089138 0.463255 0.005937 0.601761 0.484211 1 
6 0.638298 0.088297 0.463255 0.005858 0.573796 0.54693 1 
6 0.659574 0.087667 0.463701 0.005847 0.572242 0.567982 1 
6 0.680851 0.087426 0.4759 0.005841 0.57768 0.551316 0 
6 0.702128 0.089138 0.495983 0.005908 0.597877 0.52193 1 
6 0.723404 0.089318 0.510414 0.005901 0.624288 0.459211 1 
6 0.744681 0.090279 0.545968 0.005949 0.656655 0.49386 1 
6 0.765957 0.090038 0.566052 0.005901 0.678405 0.403509 1 
6 0.787234 0.094872 0.573788 0.006346 0.71854 0.344298 1 
6 0.808511 0.090729 0.54091 0.00613 0.732522 0.27807 1 
6 0.829787 0.090189 0.510562 0.006076 0.707923 0.326754 1 
6 0.851064 0.089138 0.488545 0.006001 0.679959 0.371053 1 
6 0.87234 0.088117 0.468908 0.005964 0.652512 0.422368 1 
6 0.893617 0.081782 0.440048 0.005544 0.599171 0.457895 0 
6 0.914894 0.053951 0.407766 0.003702 0.554635 0.414474 0 
6 0.93617 0.075447 0.460131 0.005158 0.535474 0.433772 0 
6 0.957447 0.075237 0.481702 0.005137 0.5 0.472368 0 
6 0.978723 0.081992 0.490777 0.005642 0.582859 0.396491 0 
6 1 0.07845 0.479173 0.005336 0.555412 0.432456 0 
