2 0 0.074517 0.439453 0.003467 0.422915 0.414912 0 
2 0.021277 0.075057 0.421898 0.003467 0.422915 0.414912 0 
2 0.042553 0.074517 0.397947 0.003467 0.422915 0.414912 0 
2 0.06383 0.063558 0.332788 0.003467 0.422915 0.414912 0 
2 0.085106 0.061817 0.276406 0.003467 0.422915 0.414912 0 
2 0.106383 0.061817 0.237429 0.003467 0.422915 0.414912 0 
2 0.12766 0.054912 0.193246 0.003467 0.422915 0.414912 0 
2 0.148936 0.044644 0.170187 0.003467 0.422915 0.414912 0 
2 0.170213 0.044644 0.15665 0.003467 0.422915 0.414912 0 
2 0.191489 0.061637 0.153972 0.003467 0.422915 0.414912 0 
2 0.212766 0.061817 0.175692 0.003467 0.422915 0.414912 0 
2 0.234043 0.061817 0.21571 0.003467 0.422915 0.414912 0 
2 0.255319 0.07932 0.308539 0.003467 0.422915 0.414912 1 
2 0.276596 0.075057 0.405237 0.003467 0.422915 0.414912 0 
2 0.297872 0.061637 0.391699 0.003467 0.422915 0.414912 0 
2 0.319149 0.056263 0.442428 0.003467 0.422915 0.414912 0 
2 0.340426 0.056263 0.469652 0.003467 0.422915 0.414912 0 
2 0.361702 0.056263 0.484082 0.003467 0.422915 0.414912 0 
2 0.382979 0.077789 0.533323 0.003467 0.422915 0.414912 1 
2 0.404255 0.089258 0.556233 0.003467 0.422915 0.414912 1 
2 0.425532 0.07932 0.544332 0.003467 0.422915 0.414912 1 
2 0.446809 0.063408 0.53615 0.003467 0.422915 0.414912 0 
2 0.468085 0.07932 0.526927 0.003467 0.422915 0.414912 1 
2 0.489362 0.061637 0.520381 0.003467 0.422915 0.414912 0 
2 0.510638 0.061637 0.520083 0.003467 0.422915 0.414912 0 
2 0.531915 0.061637 0.516215 0.003467 0.422915 0.414912 0 
2 0.553191 0.088387 0.525141 0.003467 0.422915 0.414912 1 
2 0.574468 0.07932 0.522464 0.003467 0.422915 0.414912 1 
2 0.595745 0.07932 0.518001 0.003467 0.422915 0.414912 1 
2 0.617021 0.061637 0.518893 0.003467 0.422915 0.414912 0 
2 0.638298 0.082022 0.506546 0.003467 0.422915 0.414912 1 
2 0.659574 0.07932 0.508926 0.003467 0.422915 0.414912 1 
2 0.680851 0.088387 0.515025 0.003467 0.422915 0.414912 1 
2 0.702128 0.088387 0.50967 0.003467 0.422915 0.414912 1 
2 0.723404 0.07932 0.502827 0.003467 0.422915 0.414912 1 
2 0.744681 0.088387 0.51681 0.003467 0.422915 0.414912 1 
2 0.765957 0.07932 0.558911 0.003467 0.422915 0.414912 1 
2 0.787234 0.061757 0.554299 0.003467 0.422915 0.414912 0 
2 0.808511 0.056263 0.513091 0.003467 0.422915 0.414912 0 
2 0.829787 0.046866 0.462214 0.003467 0.422915 0.414912 0 
2 0.851064 0.056263 0.451056 0.003467 0.422915 0.414912 0 
2 0.87234 0.054912 0.423088 0.003467 0.422915 0.414912 0 
2 0.893617 0.046385 0.377269 0.003467 0.422915 0.414912 0 
2 0.914894 0.046265 0.344987 0.003467 0.422915 0.414912 0 
2 0.93617 0.059505 0.397501 0.003467 0.422915 0.414912 0 
2 0.957447 0.061637 0.421452 0.003467 0.422915 0.414912 0 
2 0.978723 0.061727 0.445849 0.003467 0.422915 0.414912 0 
2 1 0.057344 0.44213 0.003467 0.422915 0.414912 0 
