2 0 0.043923 0.40003 0.002673 0.365873 0.669298 0 
2 0.021277 0.040711 0.372062 0.00253 0.34697 0.680702 0 
2 0.042553 0.045875 0.333829 0.002879 0.399016 0.642982 1 
2 0.06383 0.043623 0.300208 0.002422 0.389953 0.629825 0 
2 0.085106 0.040681 0.265992 0.002327 0.352408 0.686842 0 
2 0.106383 0.033626 0.228801 0.002152 0.325479 0.683772 0 
2 0.12766 0.02597 0.201874 0.001678 0.287675 0.705702 0 
2 0.148936 0.021346 0.181642 0.001386 0.273433 0.683333 0 
2 0.170213 0.016993 0.179262 0.001103 0.251683 0.677193 0 
2 0.191489 0.01339 0.187295 0.000862 0.245728 0.734649 0 
2 0.212766 0.015792 0.21928 0.001007 0.265665 0.744298 0 
2 0.234043 0.019635 0.263463 0.001261 0.283791 0.660526 0 
2 0.255319 0.028762 0.355698 0.001853 0.346453 0.669737 0 
2 0.276596 0.027441 0.43975 0.001793 0.408597 0.492544 0 
2 0.297872 0.024739 0.473222 0.001629 0.446919 0.441667 0 
2 0.319149 0.049538 0.546564 0.003295 0.518125 0.293421 1 
2 0.340426 0.030863 0.581226 0.002063 0.569653 0.187281 0 
2 0.361702 0.029933 0.608301 0.002009 0.605645 0.234649 0 
2 0.382979 0.050378 0.631211 0.003411 0.625842 0.285526 1 
2 0.404255 0.038459 0.63493 0.002605 0.621181 0.382456 0 
2 0.425532 0.034646 0.624368 0.002345 0.612118 0.371491 0 
2 0.446809 0.060796 0.605177 0.004111 0.607716 0.361842 1 
2 0.468085 0.056113 0.590152 0.003808 0.598912 0.419737 1 
2 0.489362 0.065119 0.589705 0.004395 0.599171 0.442544 1 
2 0.510638 0.063168 0.583011 0.004256 0.58985 0.421053 1 
2 0.531915 0.046025 0.565159 0.003114 0.58493 0.39693 1 
2 0.553191 0.042392 0.554448 0.002881 0.599689 0.37807 0 
2 0.574468 0.042422 0.545522 0.002883 0.592957 0.407018 0 
2 0.595745 0.034706 0.53377 0.002351 0.578457 0.394298 0 
2 0.617021 0.033866 0.52053 0.002297 0.560331 0.378509 0 
2 0.638298 0.029512 0.512943 0.002 0.544019 0.372368 0 
2 0.659574 0.029572 0.518149 0.002009 0.538063 0.392982 0 
2 0.680851 0.029633 0.533175 0.002009 0.524599 0.41886 0 
2 0.702128 0.035757 0.572597 0.002447 0.553599 0.375439 0 
2 0.723404 0.059235 0.651741 0.004063 0.620404 0.350877 1 
2 0.744681 0.077129 0.728503 0.005276 0.703263 0.336404 1 
2 0.765957 0.074667 0.729545 0.005081 0.695495 0.352632 1 
2 0.787234 0.050648 0.709313 0.004159 0.657172 0.349123 1 
2 0.808511 0.040801 0.676138 0.003045 0.618074 0.362719 0 
2 0.829787 0.030743 0.645195 0.00209 0.585189 0.327193 0 
2 0.851064 0.029693 0.63017 0.002019 0.558519 0.360526 0 
2 0.87234 0.029272 0.601309 0.001986 0.530295 0.349123 0 
2 0.893617 0.029152 0.568581 0.001967 0.500259 0.406579 0 
2 0.914894 0.028642 0.528563 0.001959 0.463749 0.432456 0 
2 0.93617 0.029152 0.559506 0.001992 0.440963 0.449123 0 
2 0.957447 0.029062 0.565457 0.001963 0.418177 0.433333 0 
2 0.978723 0.044644 0.560547 0.003035 0.473589 0.461404 1 
2 1 0.053621 0.565308 0.003616 0.469705 0.507456 1 
