6 0 0.067071 0.553853 0.003467 0.422915 0.414912 1 
6 0.021277 0.067071 0.527968 0.003467 0.422915 0.414912 1 
6 0.042553 0.041101 0.498066 0.003467 0.422915 0.414912 0 
6 0.06383 0.061066 0.430229 0.003467 0.422915 0.414912 0 
6 0.085106 0.041101 0.361648 0.003467 0.422915 0.414912 0 
6 0.106383 0.061066 0.310473 0.003467 0.422915 0.414912 0 
6 0.12766 0.041101 0.260339 0.003467 0.422915 0.414912 0 
6 0.148936 0.041101 0.221958 0.003467 0.422915 0.414912 0 
6 0.170213 0.040651 0.194436 0.003467 0.422915 0.414912 0 
6 0.191489 0.040651 0.180899 0.003467 0.422915 0.414912 0 
6 0.212766 0.041552 0.182684 0.003467 0.422915 0.414912 0 
6 0.234043 0.059625 0.193544 0.003467 0.422915 0.414912 0 
6 0.255319 0.067822 0.232818 0.003467 0.422915 0.414912 1 
6 0.276596 0.053381 0.276852 0.003467 0.422915 0.414912 0 
6 0.297872 0.068272 0.345135 0.003467 0.422915 0.414912 1 
6 0.319149 0.072175 0.436031 0.003467 0.422915 0.414912 1 
6 0.340426 0.073976 0.50967 0.003467 0.422915 0.414912 1 
6 0.361702 0.075627 0.548944 0.003467 0.422915 0.414912 1 
6 0.382979 0.075627 0.578102 0.003467 0.422915 0.414912 1 
6 0.404255 0.061967 0.570217 0.003467 0.422915 0.414912 1 
6 0.425532 0.053681 0.537043 0.003467 0.422915 0.414912 0 
6 0.446809 0.053381 0.498215 0.003467 0.422915 0.414912 0 
6 0.468085 0.055512 0.462362 0.003467 0.422915 0.414912 0 
6 0.489362 0.055512 0.433651 0.003467 0.422915 0.414912 0 
6 0.510638 0.040891 0.414758 0.003467 0.422915 0.414912 0 
6 0.531915 0.053381 0.391401 0.003467 0.422915 0.414912 0 
6 0.553191 0.040801 0.36864 0.003467 0.422915 0.414912 0 
6 0.574468 0.040801 0.342309 0.003467 0.422915 0.414912 0 
6 0.595745 0.040801 0.323416 0.003467 0.422915 0.414912 0 
6 0.617021 0.040801 0.315382 0.003467 0.422915 0.414912 0 
6 0.638298 0.040801 0.308242 0.003467 0.422915 0.414912 0 
6 0.659574 0.040801 0.310324 0.003467 0.422915 0.414912 0 
6 0.680851 0.040831 0.327879 0.003467 0.422915 0.414912 0 
6 0.702128 0.040891 0.36507 0.003467 0.422915 0.414912 0 
6 0.723404 0.043203 0.408658 0.003467 0.422915 0.414912 0 
6 0.744681 0.068272 0.535704 0.003467 0.422915 0.414912 1 
6 0.765957 0.075417 0.616483 0.003467 0.422915 0.414912 1 
6 0.787234 0.054341 0.619161 0.003467 0.422915 0.414912 0 
6 0.808511 0.073976 0.590003 0.003467 0.422915 0.414912 1 
6 0.829787 0.058785 0.555489 0.003467 0.422915 0.414912 1 
6 0.851064 0.075627 0.52172 0.003467 0.422915 0.414912 1 
6 0.87234 0.068512 0.507438 0.003467 0.422915 0.414912 1 
6 0.893617 0.055512 0.47114 0.003467 0.422915 0.414912 0 
6 0.914894 0.055512 0.433353 0.003467 0.422915 0.414912 0 
6 0.93617 0.072175 0.452098 0.003467 0.422915 0.414912 1 
6 0.957447 0.068272 0.445701 0.003467 0.422915 0.414912 1 
6 0.978723 0.055512 0.455073 0.003467 0.422915 0.414912 0 
6 1 0.055512 0.43618 0.003467 0.422915 0.414912 0 
