6 0 0.031254 0.423683 0.001928 0.361989 0.739474 1 
6 0.021277 0.029332 0.393633 0.00178 0.334024 0.761404 0 
6 0.042553 0.029182 0.360607 0.001813 0.382703 0.72193 0 
6 0.06383 0.028942 0.306308 0.001782 0.370792 0.67807 0 
6 0.085106 0.028942 0.250074 0.000858 0.327292 0.67807 1 
6 0.106383 0.028011 0.211395 0.000839 0.287675 0.662719 0 
6 0.12766 0.018014 0.177031 0.000906 0.274469 0.737281 0 
6 0.148936 0.01312 0.15665 0.000841 0.254272 0.75 0 
6 0.170213 0.01309 0.149807 0.000841 0.244692 0.767105 0 
6 0.191489 0.01312 0.15546 0.000841 0.23304 0.775877 0 
6 0.212766 0.017353 0.179262 0.001034 0.245987 0.817105 0 
6 0.234043 0.021827 0.217495 0.00135 0.262558 0.795175 0 
6 0.255319 0.029002 0.292175 0.001857 0.323149 0.757895 1 
6 0.276596 0.028942 0.350937 0.00167 0.361989 0.691228 1 
6 0.297872 0.027591 0.355251 0.001801 0.377007 0.635965 1 
6 0.319149 0.027681 0.422345 0.001838 0.433195 0.612719 1 
6 0.340426 0.028071 0.46147 0.001878 0.48783 0.594298 1 
6 0.361702 0.027471 0.480958 0.00184 0.511393 0.579386 1 
6 0.382979 0.028942 0.495537 0.001944 0.525375 0.589035 1 
6 0.404255 0.028402 0.507587 0.001899 0.511652 0.628947 1 
6 0.425532 0.027741 0.514579 0.001857 0.513723 0.605702 1 
6 0.446809 0.028131 0.505802 0.001888 0.508027 0.604825 1 
6 0.468085 0.027621 0.497173 0.001851 0.499482 0.617982 1 
6 0.489362 0.027921 0.494198 0.00187 0.502071 0.607456 1 
6 0.510638 0.027981 0.491967 0.001874 0.496116 0.603947 1 
6 0.531915 0.02627 0.48795 0.00177 0.486794 0.56886 0 
6 0.553191 0.02624 0.484677 0.001778 0.486018 0.535526 0 
6 0.574468 0.02612 0.476793 0.001774 0.483169 0.557895 0 
6 0.595745 0.02603 0.468164 0.001768 0.470999 0.517105 0 
6 0.617021 0.02606 0.455817 0.00177 0.467633 0.537719 0 
6 0.638298 0.02597 0.450907 0.001762 0.451062 0.519737 0 
6 0.659574 0.02684 0.447932 0.001818 0.446142 0.537719 1 
6 0.680851 0.02588 0.450164 0.001762 0.428793 0.519298 0 
6 0.702128 0.02597 0.461172 0.00177 0.437597 0.549561 0 
6 0.723404 0.02624 0.473222 0.001786 0.449767 0.563596 0 
6 0.744681 0.028312 0.51681 0.001911 0.487312 0.584649 1 
6 0.765957 0.028942 0.528117 0.001942 0.544278 0.544737 1 
6 0.787234 0.028221 0.502827 0.001894 0.544278 0.556579 1 
6 0.808511 0.02663 0.457007 0.001797 0.509581 0.636404 1 
6 0.829787 0.0269 0.425766 0.001807 0.485241 0.599123 1 
6 0.851064 0.02669 0.403005 0.001786 0.459089 0.62807 1 
6 0.87234 0.02675 0.38069 0.001778 0.433972 0.622368 1 
6 0.893617 0.02678 0.354508 0.001778 0.40523 0.621491 1 
6 0.914894 0.02609 0.326986 0.001743 0.373382 0.581579 0 
6 0.93617 0.028161 0.394228 0.001865 0.359917 0.717544 1 
6 0.957447 0.028942 0.420857 0.001816 0.365614 0.739912 1 
6 0.978723 0.029452 0.428593 0.00187 0.435267 0.709211 1 
6 1 0.032154 0.426361 0.002009 0.421284 0.810526 1 
