1 0 0.060136 0.293365 0.003467 0.422915 0.414912 1 
1 0.021277 0.060136 0.252901 0.003467 0.422915 0.414912 1 
1 0.042553 0.060136 0.238322 0.003467 0.422915 0.414912 1 
1 0.06383 0.060136 0.206932 0.003467 0.422915 0.414912 1 
1 0.085106 0.060136 0.174502 0.003467 0.422915 0.414912 1 
1 0.106383 0.056803 0.150997 0.003467 0.422915 0.414912 1 
1 0.12766 0.056803 0.139096 0.003467 0.422915 0.414912 1 
1 0.148936 0.060136 0.125409 0.003467 0.422915 0.414912 1 
1 0.170213 0.06539 0.123178 0.003467 0.422915 0.414912 1 
1 0.191489 0.06518 0.132104 0.003467 0.422915 0.414912 1 
1 0.212766 0.05281 0.1687 0.003467 0.422915 0.414912 0 
1 0.234043 0.061187 0.214817 0.003467 0.422915 0.414912 1 
1 0.255319 0.051099 0.30363 0.003467 0.422915 0.414912 0 
1 0.276596 0.061187 0.396311 0.003467 0.422915 0.414912 1 
1 0.297872 0.069593 0.399732 0.003467 0.422915 0.414912 1 
1 0.319149 0.06539 0.450015 0.003467 0.422915 0.414912 1 
1 0.340426 0.088027 0.469949 0.003467 0.422915 0.414912 1 
1 0.361702 0.084574 0.480958 0.003467 0.422915 0.414912 1 
1 0.382979 0.096884 0.5241 0.003467 0.422915 0.414912 1 
1 0.404255 0.093071 0.546712 0.003467 0.422915 0.414912 1 
1 0.425532 0.088027 0.537191 0.003467 0.422915 0.414912 1 
1 0.446809 0.096884 0.530794 0.003467 0.422915 0.414912 1 
1 0.468085 0.088027 0.518149 0.003467 0.422915 0.414912 1 
1 0.489362 0.088027 0.519191 0.003467 0.422915 0.414912 1 
1 0.510638 0.082142 0.516662 0.003467 0.422915 0.414912 1 
1 0.531915 0.088027 0.512496 0.003467 0.422915 0.414912 1 
1 0.553191 0.088027 0.516513 0.003467 0.422915 0.414912 1 
1 0.574468 0.077969 0.511157 0.003467 0.422915 0.414912 1 
1 0.595745 0.077969 0.509223 0.003467 0.422915 0.414912 1 
1 0.617021 0.077969 0.503422 0.003467 0.422915 0.414912 1 
1 0.638298 0.082142 0.49881 0.003467 0.422915 0.414912 1 
1 0.659574 0.077969 0.494793 0.003467 0.422915 0.414912 1 
1 0.680851 0.088027 0.505356 0.003467 0.422915 0.414912 1 
1 0.702128 0.082142 0.508033 0.003467 0.422915 0.414912 1 
1 0.723404 0.088027 0.507885 0.003467 0.422915 0.414912 1 
1 0.744681 0.138105 0.548497 0.003467 0.422915 0.414912 1 
1 0.765957 0.138435 0.571556 0.003467 0.422915 0.414912 1 
1 0.787234 0.096884 0.545522 0.003467 0.422915 0.414912 1 
1 0.808511 0.082142 0.502529 0.003467 0.422915 0.414912 1 
1 0.829787 0.069593 0.463404 0.003467 0.422915 0.414912 0 
1 0.851064 0.06539 0.448527 0.003467 0.422915 0.414912 0 
1 0.87234 0.069593 0.430824 0.003467 0.422915 0.414912 0 
1 0.893617 0.061187 0.396459 0.003467 0.422915 0.414912 0 
1 0.914894 0.049898 0.3615 0.003467 0.422915 0.414912 0 
1 0.93617 0.057013 0.413865 0.003467 0.422915 0.414912 0 
1 0.957447 0.05281 0.439453 0.003467 0.422915 0.414912 0 
1 0.978723 0.057013 0.453436 0.003467 0.422915 0.414912 0 
1 1 0.05206 0.443023 0.003467 0.422915 0.414912 0 
