2 0 0.083644 0.479173 0.003467 0.422915 0.414912 1 
2 0.021277 0.083644 0.46028 0.003467 0.422915 0.414912 1 
2 0.042553 0.079831 0.432609 0.003467 0.422915 0.414912 1 
2 0.06383 0.050889 0.370128 0.003467 0.422915 0.414912 0 
2 0.085106 0.046746 0.308985 0.003467 0.422915 0.414912 0 
2 0.106383 0.060736 0.268373 0.003467 0.422915 0.414912 0 
2 0.12766 0.060736 0.228652 0.003467 0.422915 0.414912 0 
2 0.148936 0.060136 0.188039 0.003467 0.422915 0.414912 0 
2 0.170213 0.046685 0.17346 0.003467 0.422915 0.414912 0 
2 0.191489 0.060616 0.17346 0.003467 0.422915 0.414912 0 
2 0.212766 0.06611 0.199197 0.003467 0.422915 0.414912 0 
2 0.234043 0.075688 0.248735 0.003467 0.422915 0.414912 0 
2 0.255319 0.083373 0.343796 0.003467 0.422915 0.414912 1 
2 0.276596 0.083373 0.449569 0.003467 0.422915 0.414912 1 
2 0.297872 0.075688 0.443767 0.003467 0.422915 0.414912 0 
2 0.319149 0.075688 0.492413 0.003467 0.422915 0.414912 0 
2 0.340426 0.06611 0.510711 0.003467 0.422915 0.414912 0 
2 0.361702 0.06611 0.508182 0.003467 0.422915 0.414912 0 
2 0.382979 0.093911 0.543291 0.003467 0.422915 0.414912 1 
2 0.404255 0.093911 0.555936 0.003467 0.422915 0.414912 1 
2 0.425532 0.083373 0.542696 0.003467 0.422915 0.414912 1 
2 0.446809 0.083133 0.518893 0.003467 0.422915 0.414912 1 
2 0.468085 0.083133 0.504612 0.003467 0.422915 0.414912 1 
2 0.489362 0.06611 0.49524 0.003467 0.422915 0.414912 0 
2 0.510638 0.083133 0.484528 0.003467 0.422915 0.414912 1 
2 0.531915 0.06611 0.473817 0.003467 0.422915 0.414912 0 
2 0.553191 0.057013 0.471586 0.003467 0.422915 0.414912 0 
2 0.574468 0.083133 0.464445 0.003467 0.422915 0.414912 1 
2 0.595745 0.056053 0.457602 0.003467 0.422915 0.414912 0 
2 0.617021 0.06611 0.446742 0.003467 0.422915 0.414912 0 
2 0.638298 0.075688 0.436477 0.003467 0.422915 0.414912 1 
2 0.659574 0.06611 0.436328 0.003467 0.422915 0.414912 0 
2 0.680851 0.075688 0.444213 0.003467 0.422915 0.414912 1 
2 0.702128 0.06611 0.462065 0.003467 0.422915 0.414912 0 
2 0.723404 0.075688 0.480512 0.003467 0.422915 0.414912 1 
2 0.744681 0.083373 0.541506 0.003467 0.422915 0.414912 1 
2 0.765957 0.083373 0.60488 0.003467 0.422915 0.414912 1 
2 0.787234 0.083373 0.61202 0.003467 0.422915 0.414912 1 
2 0.808511 0.083133 0.576168 0.003467 0.422915 0.414912 1 
2 0.829787 0.075688 0.546564 0.003467 0.422915 0.414912 1 
2 0.851064 0.083373 0.52172 0.003467 0.422915 0.414912 1 
2 0.87234 0.083373 0.497917 0.003467 0.422915 0.414912 1 
2 0.893617 0.071184 0.457007 0.003467 0.422915 0.414912 0 
2 0.914894 0.048877 0.41565 0.003467 0.422915 0.414912 0 
2 0.93617 0.083373 0.455073 0.003467 0.422915 0.414912 1 
2 0.957447 0.083133 0.469354 0.003467 0.422915 0.414912 1 
2 0.978723 0.06611 0.492264 0.003467 0.422915 0.414912 0 
2 1 0.083373 0.490628 0.003467 0.422915 0.414912 1 
