7 0 0.028672 0.202172 0.001938 0.183325 0.780263 1 
7 0.021277 0.024889 0.157245 0.001656 0.159503 0.801754 0 
7 0.042553 0.024919 0.117822 0.001668 0.22087 0.701316 0 
7 0.06383 0.024889 0.090449 0.00166 0.193164 0.774561 0 
7 0.085106 0.024619 0.06992 0.001637 0.152512 0.796053 0 
7 0.106383 0.023028 0.058316 0.001525 0.11885 0.828509 0 
7 0.12766 0.020355 0.050134 0.00135 0.096582 0.855702 0 
7 0.148936 0.020205 0.046117 0.00134 0.07535 0.87193 0 
7 0.170213 0.020776 0.054448 0.001375 0.069912 0.861404 0 
7 0.191489 0.020716 0.064564 0.001371 0.063956 0.894298 0 
7 0.212766 0.022637 0.081821 0.001494 0.061885 0.884211 0 
7 0.234043 0.024799 0.101755 0.001037 0.064733 0.815789 0 
7 0.255319 0.024739 0.127343 0.001645 0.088555 0.787719 0 
7 0.276596 0.025519 0.17227 0.001643 0.109529 0.77193 0 
7 0.297872 0.027171 0.21571 0.001049 0.106939 0.77193 0 
7 0.319149 0.027681 0.252455 0.001683 0.129984 0.77193 0 
7 0.340426 0.028011 0.296043 0.001772 0.153547 0.79386 0 
7 0.361702 0.027741 0.312407 0.001764 0.164423 0.79386 0 
7 0.382979 0.027261 0.311366 0.001626 0.16986 0.79386 0 
7 0.404255 0.027681 0.30839 0.001624 0.172191 0.79386 0 
7 0.425532 0.02681 0.304671 0.001791 0.173226 0.816228 0 
7 0.446809 0.02585 0.298126 0.001726 0.171414 0.818421 0 
7 0.468085 0.02636 0.29158 0.001755 0.170119 0.831579 0 
7 0.489362 0.02651 0.281613 0.001764 0.16494 0.854386 0 
7 0.510638 0.0263 0.271199 0.001745 0.158726 0.865351 0 
7 0.531915 0.025129 0.257066 0.001666 0.153806 0.861842 0 
7 0.553191 0.024919 0.24695 0.001637 0.144485 0.881579 0 
7 0.574468 0.024919 0.236239 0.001626 0.143708 0.881579 0 
7 0.595745 0.024919 0.231627 0.001606 0.141636 0.876316 0 
7 0.617021 0.024919 0.231479 0.00161 0.139047 0.881579 0 
7 0.638298 0.025159 0.232818 0.001666 0.151735 0.836404 0 
7 0.659574 0.02615 0.236983 0.001735 0.165199 0.810526 0 
7 0.680851 0.025399 0.235347 0.001689 0.175557 0.79693 0 
7 0.702128 0.02594 0.251116 0.00173 0.180994 0.783333 0 
7 0.723404 0.025489 0.257066 0.001703 0.186173 0.788596 0 
7 0.744681 0.025189 0.261529 0.00168 0.175816 0.802632 0 
7 0.765957 0.025129 0.25543 0.001674 0.165717 0.823684 0 
7 0.787234 0.02597 0.252306 0.001678 0.151476 0.810965 0 
7 0.808511 0.02696 0.257959 0.001641 0.149146 0.815789 1 
7 0.829787 0.027441 0.26986 0.00183 0.167012 0.797807 1 
7 0.851064 0.027891 0.256025 0.001863 0.192128 0.770175 1 
7 0.87234 0.02666 0.238768 0.001778 0.189539 0.811842 1 
7 0.893617 0.027951 0.256769 0.001859 0.17478 0.814912 1 
7 0.914894 0.025549 0.252901 0.001691 0.153806 0.839474 0 
7 0.93617 0.02693 0.257661 0.001764 0.155101 0.829825 1 
7 0.957447 0.025639 0.236983 0.001703 0.154324 0.810526 0 
7 0.978723 0.027441 0.221511 0.001838 0.218799 0.719298 1 
7 1 0.025279 0.181047 0.001691 0.21362 0.741228 0 
