1 0 0.049808 0.321184 0.003322 0.380891 0.542544 0 
1 0.021277 0.043863 0.28429 0.002925 0.352408 0.552632 0 
1 0.042553 0.047016 0.249777 0.003157 0.404713 0.482018 0 
1 0.06383 0.049388 0.214519 0.00328 0.372864 0.556579 0 
1 0.085106 0.043233 0.176138 0.002842 0.330399 0.602193 0 
1 0.106383 0.029602 0.142815 0.001948 0.279389 0.643421 0 
1 0.12766 0.029392 0.119607 0.001932 0.233558 0.641228 0 
1 0.148936 0.032064 0.097888 0.002094 0.201709 0.658333 0 
1 0.170213 0.02621 0.088515 0.001701 0.1797 0.7 0 
1 0.191489 0.024889 0.081821 0.001624 0.150181 0.704386 0 
1 0.212766 0.02624 0.086581 0.001708 0.14552 0.735965 0 
1 0.234043 0.02669 0.102648 0.00173 0.143708 0.768421 0 
1 0.255319 0.027051 0.117525 0.001753 0.149404 0.715351 0 
1 0.276596 0.027321 0.151294 0.001776 0.154583 0.756579 0 
1 0.297872 0.0266 0.177923 0.001722 0.136458 0.807895 0 
1 0.319149 0.035157 0.232818 0.00226 0.169342 0.766667 0 
1 0.340426 0.033836 0.286819 0.002189 0.186432 0.795175 0 
1 0.361702 0.044644 0.324755 0.002877 0.221129 0.75307 0 
1 0.382979 0.050919 0.378161 0.003166 0.250647 0.825 0 
1 0.404255 0.050468 0.398542 0.002919 0.257121 0.804825 0 
1 0.425532 0.049327 0.389319 0.002995 0.272657 0.808333 0 
1 0.446809 0.053771 0.376971 0.002923 0.270067 0.835965 0 
1 0.468085 0.048367 0.361797 0.002997 0.283273 0.794737 0 
1 0.489362 0.063618 0.345433 0.003417 0.309166 0.774123 1 
1 0.510638 0.054071 0.335019 0.00329 0.289228 0.789474 1 
1 0.531915 0.058635 0.320143 0.003031 0.27913 0.789912 1 
1 0.553191 0.054792 0.300208 0.003515 0.312791 0.757895 1 
1 0.574468 0.05293 0.282208 0.003386 0.296996 0.75 1 
1 0.595745 0.053471 0.261529 0.003432 0.303729 0.776316 1 
1 0.617021 0.05212 0.257513 0.003336 0.296996 0.778947 1 
1 0.638298 0.05239 0.262571 0.003319 0.306059 0.814474 1 
1 0.659574 0.051159 0.264505 0.003155 0.315898 0.814474 1 
1 0.680851 0.054281 0.264356 0.003207 0.31072 0.770614 1 
1 0.702128 0.060076 0.27953 0.003475 0.339979 0.771491 1 
1 0.723404 0.056413 0.291431 0.00365 0.378042 0.654386 1 
1 0.744681 0.062508 0.358971 0.004092 0.397721 0.627193 1 
1 0.765957 0.087366 0.448825 0.005688 0.441222 0.552632 1 
1 0.787234 0.087366 0.466825 0.005696 0.460901 0.522368 1 
1 0.808511 0.086826 0.447783 0.005663 0.441999 0.602632 1 
1 0.829787 0.081872 0.421898 0.005357 0.425945 0.615351 1 
1 0.851064 0.063919 0.400625 0.004184 0.401088 0.64693 1 
1 0.87234 0.057764 0.38679 0.003766 0.390989 0.643421 1 
1 0.893617 0.046115 0.360012 0.002997 0.349042 0.645175 0 
1 0.914894 0.044764 0.335168 0.002925 0.331693 0.621053 0 
1 0.93617 0.053291 0.350937 0.00349 0.319265 0.678947 1 
1 0.957447 0.044464 0.352722 0.002925 0.314604 0.611842 0 
1 0.978723 0.072505 0.355251 0.004825 0.392284 0.538158 1 
1 1 0.050709 0.336061 0.003388 0.396168 0.546053 1 
