2 0 0.027231 0.396608 0.001759 0.387105 0.553947 0 
2 0.021277 0.027231 0.353615 0.00177 0.372346 0.556579 0 
2 0.042553 0.027231 0.326837 0.001789 0.431383 0.504386 0 
2 0.06383 0.027231 0.290687 0.001782 0.423874 0.536404 0 
2 0.085106 0.027201 0.252008 0.001776 0.404972 0.564035 0 
2 0.106383 0.027231 0.228355 0.001506 0.37856 0.616228 0 
2 0.12766 0.02606 0.200238 0.001685 0.355774 0.663596 0 
2 0.148936 0.023988 0.17956 0.001554 0.338685 0.700439 0 
2 0.170213 0.027261 0.17465 0.001762 0.316416 0.679825 0 
2 0.191489 0.0266 0.184023 0.001722 0.310202 0.677632 0 
2 0.212766 0.027231 0.217197 0.001757 0.317711 0.669298 0 
2 0.234043 0.02627 0.259893 0.001701 0.342828 0.61886 0 
2 0.255319 0.027681 0.362541 0.001805 0.409891 0.475439 0 
2 0.276596 0.027231 0.467569 0.001809 0.493786 0.251754 0 
2 0.297872 0.02651 0.527819 0.001834 0.55101 0.337281 0 
2 0.319149 0.027141 0.61321 0.001934 0.640083 0.283333 0 
2 0.340426 0.027381 0.632699 0.00193 0.686432 0.171491 0 
2 0.361702 0.027231 0.628087 0.001932 0.706111 0.190789 0 
2 0.382979 0.027381 0.647426 0.001944 0.718799 0.164912 0 
2 0.404255 0.027381 0.64817 0.001934 0.709736 0.199561 0 
2 0.425532 0.028942 0.652782 0.00205 0.702486 0.235088 0 
2 0.446809 0.028942 0.647724 0.002065 0.691869 0.235965 0 
2 0.468085 0.028942 0.638649 0.002075 0.688503 0.217982 0 
2 0.489362 0.028942 0.635823 0.002075 0.677369 0.207456 0 
2 0.510638 0.028942 0.630616 0.002268 0.666753 0.207895 0 
2 0.531915 0.030893 0.627492 0.002258 0.66753 0.227632 1 
2 0.553191 0.079681 0.630616 0.005615 0.688762 0.25307 1 
2 0.574468 0.063979 0.624814 0.005355 0.694459 0.313158 1 
2 0.595745 0.051099 0.616037 0.005569 0.684102 0.343421 1 
2 0.617021 0.028942 0.618715 0.003803 0.674003 0.343421 0 
2 0.638298 0.051819 0.616632 0.004877 0.670378 0.349123 1 
2 0.659574 0.077879 0.638649 0.00539 0.663387 0.385088 1 
2 0.680851 0.096583 0.684469 0.00673 0.667271 0.436842 1 
2 0.702128 0.112826 0.751265 0.007788 0.702745 0.425 1 
2 0.723404 0.085085 0.810324 0.00587 0.767737 0.336404 1 
2 0.744681 0.061607 0.846474 0.004265 0.816157 0.254386 1 
2 0.765957 0.037078 0.8313 0.002567 0.795184 0.225439 0 
2 0.787234 0.031884 0.797233 0.002221 0.743915 0.288158 0 
2 0.808511 0.028942 0.755876 0.002042 0.692387 0.326754 0 
2 0.829787 0.028942 0.720173 0.00204 0.663128 0.330263 0 
2 0.851064 0.028942 0.700089 0.002032 0.631797 0.355702 0 
2 0.87234 0.033055 0.667063 0.002289 0.605645 0.334211 0 
2 0.893617 0.029542 0.625707 0.002048 0.57276 0.375439 0 
2 0.914894 0.027441 0.57706 0.001901 0.528742 0.419298 0 
2 0.93617 0.028792 0.599821 0.001986 0.493527 0.503947 0 
2 0.957447 0.029993 0.603987 0.002027 0.459089 0.524123 0 
2 0.978723 0.047346 0.590152 0.003182 0.515277 0.546491 1 
2 1 0.063949 0.577209 0.004252 0.505179 0.55307 1 
