6 0 0.030653 0.480214 0.002044 0.43216 0.473684 0 
6 0.021277 0.030353 0.463255 0.002002 0.409373 0.510088 0 
6 0.042553 0.030713 0.428741 0.002029 0.464785 0.42807 0 
6 0.06383 0.030803 0.379203 0.002042 0.440704 0.483772 0 
6 0.085106 0.028942 0.313448 0.001921 0.400052 0.512719 0 
6 0.106383 0.030893 0.267777 0.002069 0.347488 0.445175 1 
6 0.12766 0.031344 0.227165 0.002102 0.301916 0.513158 1 
6 0.148936 0.030413 0.198453 0.002067 0.265407 0.542544 0 
6 0.170213 0.029122 0.188337 0.001948 0.24521 0.581579 0 
6 0.191489 0.028762 0.187295 0.001946 0.239254 0.579386 0 
6 0.212766 0.029723 0.213924 0.002015 0.249353 0.563596 0 
6 0.234043 0.028041 0.265248 0.001903 0.278094 0.512281 0 
6 0.255319 0.028552 0.361797 0.001919 0.359399 0.522807 0 
6 0.276596 0.029813 0.458643 0.001978 0.447178 0.425877 0 
6 0.297872 0.029572 0.453883 0.001973 0.483946 0.357456 0 
6 0.319149 0.030473 0.510562 0.002036 0.549456 0.326754 0 
6 0.340426 0.032605 0.533175 0.002167 0.586225 0.303509 1 
6 0.361702 0.030924 0.532133 0.002075 0.582082 0.307018 1 
6 0.382979 0.033325 0.566647 0.002227 0.584412 0.327632 1 
6 0.404255 0.034106 0.576763 0.002277 0.561885 0.350439 1 
6 0.425532 0.030863 0.562779 0.002063 0.534956 0.407018 1 
6 0.446809 0.030353 0.535406 0.002027 0.530813 0.413158 0 
6 0.468085 0.030353 0.521273 0.002021 0.513982 0.426754 0 
6 0.489362 0.030353 0.511009 0.002025 0.50492 0.389474 0 
6 0.510638 0.030353 0.50238 0.002029 0.489125 0.391228 0 
6 0.531915 0.030353 0.487504 0.002027 0.479026 0.407456 0 
6 0.553191 0.030353 0.477983 0.002027 0.492491 0.353509 0 
6 0.574468 0.030353 0.468611 0.002034 0.492232 0.35614 0 
6 0.595745 0.030353 0.457007 0.002032 0.479026 0.383772 0 
6 0.617021 0.030353 0.439601 0.002029 0.469446 0.387281 0 
6 0.638298 0.027741 0.429634 0.001845 0.444329 0.456579 0 
6 0.659574 0.028402 0.431122 0.001878 0.431901 0.480263 0 
6 0.680851 0.028882 0.44332 0.001909 0.415588 0.50307 0 
6 0.702128 0.029572 0.455817 0.001951 0.422838 0.509649 0 
6 0.723404 0.029302 0.466082 0.00193 0.433713 0.490351 0 
6 0.744681 0.034316 0.530646 0.002237 0.466598 0.482018 1 
6 0.765957 0.032845 0.577209 0.002169 0.523045 0.396491 1 
6 0.787234 0.032184 0.578399 0.002169 0.538322 0.394737 1 
6 0.808511 0.030353 0.546415 0.002036 0.514241 0.422807 0 
6 0.829787 0.030353 0.520232 0.002025 0.493009 0.40307 0 
6 0.851064 0.030353 0.507289 0.002023 0.468669 0.439035 0 
6 0.87234 0.030353 0.490628 0.002023 0.437597 0.443421 0 
6 0.893617 0.028522 0.453734 0.001897 0.40782 0.483772 0 
6 0.914894 0.027021 0.424576 0.001791 0.381409 0.475877 0 
6 0.93617 0.029813 0.481851 0.001963 0.37131 0.526754 0 
6 0.957447 0.030353 0.502827 0.002009 0.373641 0.512281 1 
6 0.978723 0.030803 0.514133 0.002044 0.457535 0.388596 1 
6 1 0.030353 0.505802 0.002027 0.46116 0.408333 1 
