2 0 0.028972 0.292919 0.001986 0.31564 0.403947 0 
2 0.021277 0.02675 0.256323 0.001832 0.295702 0.433333 0 
2 0.042553 0.028131 0.234157 0.001936 0.34956 0.328509 0 
2 0.06383 0.028221 0.20723 0.001938 0.327033 0.375877 0 
2 0.085106 0.027861 0.173163 0.001901 0.293371 0.438596 0 
2 0.106383 0.027531 0.145492 0.00187 0.256603 0.490351 0 
2 0.12766 0.027201 0.126302 0.001845 0.222683 0.481579 0 
2 0.148936 0.0263 0.110235 0.001782 0.190057 0.542544 0 
2 0.170213 0.02669 0.108004 0.001813 0.178664 0.500439 0 
2 0.191489 0.02603 0.108301 0.00177 0.166235 0.491228 0 
2 0.212766 0.02636 0.127641 0.001793 0.183325 0.468421 0 
2 0.234043 0.027291 0.19042 0.001861 0.200673 0.444298 0 
2 0.255319 0.034196 0.298572 0.002356 0.274987 0.289912 1 
2 0.276596 0.056413 0.389765 0.003895 0.344899 0.282895 1 
2 0.297872 0.037859 0.383963 0.002626 0.405489 0.223684 1 
2 0.319149 0.047886 0.442279 0.00333 0.480062 0.182018 1 
2 0.340426 0.056113 0.465933 0.003909 0.515536 0.117982 1 
2 0.361702 0.042843 0.464743 0.003 0.530295 0.079386 1 
2 0.382979 0.055602 0.501785 0.003911 0.538322 0.129825 1 
2 0.404255 0.067101 0.519339 0.004653 0.54376 0.143421 1 
2 0.425532 0.062057 0.509075 0.004304 0.533143 0.126316 1 
2 0.446809 0.059355 0.49881 0.004119 0.535733 0.116228 1 
2 0.468085 0.051789 0.492859 0.003606 0.525117 0.120614 1 
2 0.489362 0.048157 0.490628 0.003361 0.522009 0.123246 1 
2 0.510638 0.054011 0.480363 0.003776 0.504143 0.122368 1 
2 0.531915 0.05278 0.469949 0.003691 0.505438 0.118421 1 
2 0.553191 0.050108 0.468313 0.003502 0.519161 0.110088 1 
2 0.574468 0.045004 0.451503 0.003151 0.515277 0.086404 1 
2 0.595745 0.045905 0.453139 0.003085 0.494562 0.138158 1 
2 0.617021 0.041762 0.44213 0.002931 0.494821 0.098246 1 
2 0.638298 0.041942 0.434395 0.002948 0.488607 0.05614 1 
2 0.659574 0.042632 0.441535 0.002995 0.484723 0.083772 1 
2 0.680851 0.042512 0.450015 0.002989 0.488866 0.066228 1 
2 0.702128 0.041582 0.467123 0.002919 0.470999 0.109211 1 
2 0.723404 0.053291 0.483785 0.003739 0.534179 0.09386 1 
2 0.744681 0.056413 0.521868 0.00393 0.55593 0.082018 1 
2 0.765957 0.06581 0.557721 0.004551 0.553081 0.168421 1 
2 0.787234 0.075297 0.578548 0.005183 0.552046 0.154386 1 
2 0.808511 0.077399 0.559952 0.005339 0.547385 0.132456 1 
2 0.829787 0.062838 0.52648 0.004364 0.526929 0.12193 1 
2 0.851064 0.07908 0.501488 0.005482 0.501036 0.220175 1 
2 0.87234 0.073316 0.480214 0.00506 0.474366 0.225877 1 
2 0.893617 0.063498 0.437221 0.004383 0.431642 0.232456 1 
2 0.914894 0.040651 0.394823 0.002827 0.399793 0.2 0 
2 0.93617 0.047676 0.439304 0.003311 0.373382 0.30307 1 
2 0.957447 0.041191 0.455668 0.002871 0.356292 0.257895 0 
2 0.978723 0.060346 0.46504 0.004194 0.443553 0.201754 1 
2 1 0.066561 0.462362 0.004609 0.441481 0.24693 1 
