2 0 0.032275 0.440048 0.002052 0.372864 0.603509 0 
2 0.021277 0.030203 0.399435 0.001903 0.369757 0.634211 0 
2 0.042553 0.032755 0.373103 0.002106 0.435785 0.609649 0 
2 0.06383 0.032034 0.338292 0.001986 0.419731 0.67193 0 
2 0.085106 0.029633 0.30482 0.001867 0.406007 0.67807 0 
2 0.106383 0.041792 0.279232 0.002009 0.375971 0.691228 0 
2 0.12766 0.029332 0.245165 0.001809 0.352149 0.72193 0 
2 0.148936 0.030473 0.227611 0.001772 0.327033 0.746053 0 
2 0.170213 0.029302 0.214668 0.00188 0.320818 0.79693 0 
2 0.191489 0.029813 0.224189 0.001865 0.307095 0.809649 0 
2 0.212766 0.041341 0.268224 0.002013 0.3203 0.831579 0 
2 0.234043 0.029272 0.323862 0.001863 0.339461 0.781579 0 
2 0.255319 0.030473 0.44094 0.001971 0.405489 0.694737 0 
2 0.276596 0.034526 0.561589 0.002268 0.468669 0.619298 0 
2 0.297872 0.030563 0.625112 0.002086 0.505955 0.545614 0 
2 0.319149 0.03906 0.731627 0.002688 0.588037 0.488158 0 
2 0.340426 0.033085 0.755132 0.002262 0.636458 0.443421 0 
2 0.361702 0.039 0.747248 0.002667 0.668048 0.414912 0 
2 0.382979 0.030623 0.753645 0.002113 0.698602 0.374123 0 
2 0.404255 0.029332 0.733859 0.002011 0.689798 0.332018 0 
2 0.425532 0.029092 0.699345 0.002002 0.669342 0.300877 0 
2 0.446809 0.028912 0.673312 0.002023 0.651735 0.404386 0 
2 0.468085 0.028942 0.663791 0.002046 0.64086 0.398684 0 
2 0.489362 0.028942 0.647129 0.002046 0.639824 0.369298 0 
2 0.510638 0.028942 0.629723 0.002054 0.622993 0.39386 0 
2 0.531915 0.028912 0.615888 0.002054 0.62377 0.386404 0 
2 0.553191 0.029873 0.601458 0.002125 0.643708 0.357018 0 
2 0.574468 0.028852 0.586135 0.002044 0.629726 0.382018 0 
2 0.595745 0.028492 0.564118 0.002027 0.621958 0.391228 0 
2 0.617021 0.028942 0.565903 0.002054 0.605904 0.414035 0 
2 0.638298 0.028672 0.555489 0.002032 0.595805 0.42807 0 
2 0.659574 0.028882 0.581821 0.002042 0.59218 0.392544 0 
2 0.680851 0.028822 0.619161 0.00204 0.597359 0.398246 0 
2 0.702128 0.035397 0.690568 0.002474 0.629208 0.394298 0 
2 0.723404 0.063738 0.804374 0.004383 0.710254 0.432018 0 
2 0.744681 0.084574 0.891104 0.005852 0.763335 0.473684 1 
2 0.765957 0.055752 0.88798 0.003816 0.757639 0.457895 0 
2 0.787234 0.048397 0.864475 0.003245 0.706888 0.446053 0 
2 0.808511 0.031074 0.82773 0.002694 0.666753 0.360088 0 
2 0.829787 0.032515 0.791877 0.002189 0.628172 0.39693 0 
2 0.851064 0.029633 0.771943 0.002017 0.597618 0.52193 0 
2 0.87234 0.044884 0.735049 0.003043 0.58001 0.549561 0 
2 0.893617 0.038699 0.687444 0.002619 0.544795 0.526754 0 
2 0.914894 0.027501 0.621244 0.001863 0.515018 0.561842 0 
2 0.93617 0.033626 0.635674 0.002214 0.487312 0.690351 0 
2 0.957447 0.029602 0.623029 0.001953 0.459347 0.621053 0 
2 0.978723 0.03882 0.614103 0.002576 0.517607 0.617544 0 
2 1 0.040351 0.604731 0.002655 0.504661 0.660965 1 
