5 0 0.03882 0.361648 0.002549 0.374676 0.75 1 
5 0.021277 0.033716 0.3072 0.001471 0.334283 0.769737 1 
5 0.042553 0.036748 0.254537 0.002422 0.386069 0.694737 1 
5 0.06383 0.034226 0.214073 0.002252 0.361471 0.759211 1 
5 0.085106 0.031674 0.186403 0.00091 0.313827 0.754386 0 
5 0.106383 0.024258 0.173758 0.000841 0.276282 0.798246 0 
5 0.12766 0.023028 0.166766 0.000841 0.26463 0.798246 0 
5 0.148936 0.025249 0.175394 0.000841 0.259969 0.842105 0 
5 0.170213 0.02651 0.19875 0.000858 0.277835 0.853509 0 
5 0.191489 0.040801 0.2349 0.001039 0.309166 0.853509 1 
5 0.212766 0.067852 0.317316 0.003992 0.366132 0.725439 1 
5 0.234043 0.058635 0.396311 0.001703 0.425168 0.674561 1 
5 0.255319 0.028912 0.427998 0.001334 0.511134 0.550439 0 
5 0.276596 0.028822 0.488694 0.001894 0.58001 0.538596 0 
5 0.297872 0.028702 0.513538 0.001878 0.563956 0.579386 0 
5 0.319149 0.028792 0.540762 0.001886 0.590886 0.525 0 
5 0.340426 0.033325 0.604731 0.002194 0.615743 0.478947 1 
5 0.361702 0.031914 0.63374 0.002092 0.632315 0.491228 0 
5 0.382979 0.031164 0.631955 0.002023 0.649404 0.469737 0 
5 0.404255 0.033085 0.635674 0.002148 0.673744 0.442105 1 
5 0.425532 0.033085 0.649658 0.00215 0.683843 0.433333 1 
5 0.446809 0.03984 0.655757 0.002597 0.698602 0.374561 1 
5 0.468085 0.034526 0.66989 0.002256 0.696012 0.401316 1 
5 0.489362 0.036808 0.691015 0.00241 0.709477 0.321491 1 
5 0.510638 0.037679 0.705891 0.002482 0.726308 0.296491 1 
5 0.531915 0.038519 0.715561 0.002563 0.736665 0.270175 1 
5 0.553191 0.068902 0.721065 0.004597 0.750906 0.259211 1 
5 0.574468 0.080821 0.726123 0.005415 0.747799 0.214474 1 
5 0.595745 0.037468 0.726272 0.002505 0.736147 0.215789 1 
5 0.617021 0.064429 0.731627 0.004774 0.727861 0.261842 1 
5 0.638298 0.070283 0.729247 0.004672 0.719834 0.27193 1 
5 0.659574 0.10547 0.732074 0.006986 0.717504 0.321053 1 
5 0.680851 0.071634 0.718982 0.004796 0.683843 0.313158 1 
5 0.702128 0.047676 0.712586 0.003207 0.661833 0.380263 1 
5 0.723404 0.033085 0.67346 0.002206 0.603055 0.467982 0 
5 0.744681 0.033085 0.64222 0.002189 0.553599 0.535965 0 
5 0.765957 0.032755 0.609194 0.002164 0.494303 0.577193 0 
5 0.787234 0.031584 0.590598 0.002081 0.45883 0.636404 0 
5 0.808511 0.032755 0.609938 0.002158 0.452356 0.506579 0 
5 0.829787 0.033085 0.614103 0.002196 0.480062 0.561404 0 
5 0.851064 0.030683 0.567242 0.002027 0.453651 0.625 0 
5 0.87234 0.028762 0.513984 0.001884 0.419213 0.683772 0 
5 0.893617 0.038489 0.527373 0.00252 0.374935 0.731579 0 
5 0.914894 0.030293 0.50119 0.001992 0.33247 0.772807 0 
5 0.93617 0.034226 0.504017 0.002246 0.315381 0.785526 0 
5 0.957447 0.043923 0.480065 0.00085 0.312015 0.728947 1 
5 0.978723 0.042783 0.460131 0.002821 0.387364 0.682895 1 
5 1 0.037048 0.414162 0.002439 0.384257 0.720614 0 
