6 0 0.03936 0.442428 0.002727 0.365614 0.368421 0 
6 0.021277 0.030143 0.418328 0.002081 0.338685 0.432456 0 
6 0.042553 0.038399 0.383814 0.002653 0.385034 0.333772 0 
6 0.06383 0.032124 0.329664 0.002212 0.360435 0.373684 0 
6 0.085106 0.028342 0.268075 0.001932 0.313568 0.475877 0 
6 0.106383 0.027381 0.218387 0.001849 0.265665 0.538596 0 
6 0.12766 0.0266 0.181047 0.001786 0.225272 0.589474 0 
6 0.148936 0.02621 0.150997 0.001759 0.200673 0.676316 0 
6 0.170213 0.025459 0.136566 0.001701 0.183843 0.713158 0 
6 0.191489 0.023658 0.135823 0.001583 0.174003 0.708772 0 
6 0.212766 0.02579 0.162749 0.001726 0.189021 0.697807 0 
6 0.234043 0.025189 0.196073 0.001691 0.20637 0.652193 0 
6 0.255319 0.027891 0.286522 0.001888 0.26696 0.527193 0 
6 0.276596 0.028462 0.350342 0.001938 0.33506 0.448246 0 
6 0.297872 0.028131 0.33859 0.001928 0.373123 0.351754 0 
6 0.319149 0.028912 0.389616 0.001986 0.421025 0.416228 0 
6 0.340426 0.030563 0.428741 0.00211 0.462714 0.363596 0 
6 0.361702 0.033415 0.44823 0.00231 0.472812 0.339035 0 
6 0.382979 0.056113 0.498066 0.00388 0.492232 0.374561 1 
6 0.404255 0.06623 0.508777 0.004549 0.499223 0.35 1 
6 0.425532 0.061397 0.500446 0.004219 0.504143 0.325439 1 
6 0.446809 0.053531 0.488545 0.003689 0.502848 0.314035 1 
6 0.468085 0.055632 0.480661 0.003839 0.506473 0.3 1 
6 0.489362 0.051339 0.473222 0.003546 0.504661 0.299561 1 
6 0.510638 0.051519 0.475305 0.003558 0.492232 0.318421 1 
6 0.531915 0.041191 0.463404 0.002852 0.487312 0.302193 0 
6 0.553191 0.033205 0.457602 0.002304 0.491973 0.295614 0 
6 0.574468 0.048127 0.45418 0.003344 0.492491 0.259649 1 
6 0.595745 0.03981 0.450015 0.002771 0.477214 0.239035 0 
6 0.617021 0.041582 0.441982 0.002896 0.476696 0.252193 0 
6 0.638298 0.035127 0.43737 0.002445 0.46608 0.265789 0 
6 0.659574 0.030323 0.434246 0.002104 0.453392 0.272368 0 
6 0.680851 0.030323 0.432163 0.002102 0.45883 0.280702 0 
6 0.702128 0.029663 0.430229 0.002054 0.469446 0.307018 0 
6 0.723404 0.030323 0.423237 0.0021 0.46841 0.288158 0 
6 0.744681 0.030323 0.429337 0.0021 0.466857 0.307018 0 
6 0.765957 0.029482 0.448378 0.002034 0.437079 0.392105 0 
6 0.787234 0.030323 0.472032 0.002096 0.452097 0.349123 0 
6 0.808511 0.029933 0.438709 0.002069 0.45391 0.378509 0 
6 0.829787 0.029062 0.406427 0.001998 0.42724 0.382018 0 
6 0.851064 0.028432 0.383963 0.001953 0.396945 0.400877 0 
6 0.87234 0.028131 0.363136 0.001924 0.37131 0.446053 0 
6 0.893617 0.02684 0.325796 0.001824 0.332211 0.517105 0 
6 0.914894 0.02654 0.298869 0.001799 0.306059 0.558772 0 
6 0.93617 0.028762 0.366111 0.001953 0.304764 0.552193 0 
6 0.957447 0.028852 0.404344 0.001961 0.308907 0.535088 0 
6 0.978723 0.029723 0.425469 0.00204 0.409632 0.387281 0 
6 1 0.031524 0.430229 0.002167 0.401605 0.45307 0 
