7 0 0.069653 0.336209 0.003467 0.422915 0.414912 1 
7 0.021277 0.069653 0.290241 0.003467 0.422915 0.414912 1 
7 0.042553 0.068422 0.271199 0.003467 0.422915 0.414912 1 
7 0.06383 0.046385 0.217941 0.003467 0.422915 0.414912 0 
7 0.085106 0.054732 0.172121 0.003467 0.422915 0.414912 0 
7 0.106383 0.054732 0.139393 0.003467 0.422915 0.414912 0 
7 0.12766 0.054732 0.115442 0.003467 0.422915 0.414912 0 
7 0.148936 0.05221 0.096102 0.003467 0.422915 0.414912 0 
7 0.170213 0.059625 0.085689 0.003467 0.422915 0.414912 0 
7 0.191489 0.061337 0.087028 0.003467 0.422915 0.414912 0 
7 0.212766 0.062267 0.088069 0.003467 0.422915 0.414912 0 
7 0.234043 0.062267 0.097888 0.003467 0.422915 0.414912 0 
7 0.255319 0.062267 0.107111 0.003467 0.422915 0.414912 0 
7 0.276596 0.062267 0.143558 0.003467 0.422915 0.414912 0 
7 0.297872 0.069713 0.175394 0.003467 0.422915 0.414912 1 
7 0.319149 0.069713 0.229098 0.003467 0.422915 0.414912 1 
7 0.340426 0.073736 0.281761 0.003467 0.422915 0.414912 1 
7 0.361702 0.0789 0.329217 0.003467 0.422915 0.414912 1 
7 0.382979 0.0789 0.368045 0.003467 0.422915 0.414912 1 
7 0.404255 0.073736 0.382178 0.003467 0.422915 0.414912 1 
7 0.425532 0.073226 0.367301 0.003467 0.422915 0.414912 1 
7 0.446809 0.054912 0.348855 0.003467 0.422915 0.414912 0 
7 0.468085 0.069713 0.329664 0.003467 0.422915 0.414912 1 
7 0.489362 0.069713 0.312556 0.003467 0.422915 0.414912 1 
7 0.510638 0.069713 0.299464 0.003467 0.422915 0.414912 1 
7 0.531915 0.068422 0.279381 0.003467 0.422915 0.414912 1 
7 0.553191 0.068422 0.262719 0.003467 0.422915 0.414912 1 
7 0.574468 0.068422 0.243231 0.003467 0.422915 0.414912 1 
7 0.595745 0.068422 0.224636 0.003467 0.422915 0.414912 1 
7 0.617021 0.051699 0.218834 0.003467 0.422915 0.414912 0 
7 0.638298 0.062267 0.221511 0.003467 0.422915 0.414912 0 
7 0.659574 0.068422 0.229545 0.003467 0.422915 0.414912 0 
7 0.680851 0.068422 0.235347 0.003467 0.422915 0.414912 0 
7 0.702128 0.069713 0.26019 0.003467 0.422915 0.414912 1 
7 0.723404 0.069713 0.28072 0.003467 0.422915 0.414912 1 
7 0.744681 0.086496 0.344243 0.003467 0.422915 0.414912 1 
7 0.765957 0.0789 0.449271 0.003467 0.422915 0.414912 1 
7 0.787234 0.080911 0.476941 0.003467 0.422915 0.414912 1 
7 0.808511 0.073736 0.472032 0.003467 0.422915 0.414912 1 
7 0.829787 0.082473 0.461916 0.003467 0.422915 0.414912 1 
7 0.851064 0.084514 0.433502 0.003467 0.422915 0.414912 1 
7 0.87234 0.084514 0.418625 0.003467 0.422915 0.414912 1 
7 0.893617 0.069713 0.380244 0.003467 0.422915 0.414912 1 
7 0.914894 0.073736 0.336656 0.003467 0.422915 0.414912 1 
7 0.93617 0.075057 0.358078 0.003467 0.422915 0.414912 1 
7 0.957447 0.075057 0.357037 0.003467 0.422915 0.414912 1 
7 0.978723 0.0789 0.367748 0.003467 0.422915 0.414912 1 
7 1 0.054912 0.339036 0.003467 0.422915 0.414912 0 
