1 0 0.045244 0.337102 0.003467 0.422915 0.414912 0 
1 0.021277 0.045244 0.29515 0.003467 0.422915 0.414912 0 
1 0.042553 0.044974 0.280274 0.003467 0.422915 0.414912 0 
1 0.06383 0.044974 0.239215 0.003467 0.422915 0.414912 0 
1 0.085106 0.044974 0.205147 0.003467 0.422915 0.414912 0 
1 0.106383 0.044974 0.181196 0.003467 0.422915 0.414912 0 
1 0.12766 0.045244 0.162452 0.003467 0.422915 0.414912 0 
1 0.148936 0.044974 0.143558 0.003467 0.422915 0.414912 0 
1 0.170213 0.044524 0.137608 0.003467 0.422915 0.414912 0 
1 0.191489 0.046685 0.143261 0.003467 0.422915 0.414912 0 
1 0.212766 0.060136 0.172716 0.003467 0.422915 0.414912 1 
1 0.234043 0.072205 0.22895 0.003467 0.422915 0.414912 1 
1 0.255319 0.072205 0.337102 0.003467 0.422915 0.414912 1 
1 0.276596 0.083794 0.449569 0.003467 0.422915 0.414912 1 
1 0.297872 0.083794 0.445254 0.003467 0.422915 0.414912 1 
1 0.319149 0.083794 0.496876 0.003467 0.422915 0.414912 1 
1 0.340426 0.083644 0.513389 0.003467 0.422915 0.414912 1 
1 0.361702 0.083644 0.510116 0.003467 0.422915 0.414912 1 
1 0.382979 0.084814 0.545522 0.003467 0.422915 0.414912 1 
1 0.404255 0.10526 0.565605 0.003467 0.422915 0.414912 1 
1 0.425532 0.084814 0.551622 0.003467 0.422915 0.414912 1 
1 0.446809 0.083794 0.527075 0.003467 0.422915 0.414912 1 
1 0.468085 0.083794 0.518744 0.003467 0.422915 0.414912 1 
1 0.489362 0.083794 0.507736 0.003467 0.422915 0.414912 1 
1 0.510638 0.083794 0.497322 0.003467 0.422915 0.414912 1 
1 0.531915 0.083644 0.488843 0.003467 0.422915 0.414912 1 
1 0.553191 0.083644 0.488248 0.003467 0.422915 0.414912 1 
1 0.574468 0.083644 0.478578 0.003467 0.422915 0.414912 1 
1 0.595745 0.083644 0.468313 0.003467 0.422915 0.414912 1 
1 0.617021 0.072205 0.458346 0.003467 0.422915 0.414912 1 
1 0.638298 0.072205 0.447635 0.003467 0.422915 0.414912 1 
1 0.659574 0.083644 0.452544 0.003467 0.422915 0.414912 1 
1 0.680851 0.083794 0.462957 0.003467 0.422915 0.414912 1 
1 0.702128 0.09259 0.482148 0.003467 0.422915 0.414912 1 
1 0.723404 0.084814 0.515025 0.003467 0.422915 0.414912 1 
1 0.744681 0.123214 0.579143 0.003467 0.422915 0.414912 1 
1 0.765957 0.107632 0.620054 0.003467 0.422915 0.414912 1 
1 0.787234 0.083794 0.603392 0.003467 0.422915 0.414912 1 
1 0.808511 0.083644 0.564564 0.003467 0.422915 0.414912 1 
1 0.829787 0.060136 0.534662 0.003467 0.422915 0.414912 0 
1 0.851064 0.083794 0.514579 0.003467 0.422915 0.414912 1 
1 0.87234 0.060136 0.488099 0.003467 0.422915 0.414912 0 
1 0.893617 0.050889 0.446891 0.003467 0.422915 0.414912 0 
1 0.914894 0.046746 0.391996 0.003467 0.422915 0.414912 0 
1 0.93617 0.060136 0.441238 0.003467 0.422915 0.414912 0 
1 0.957447 0.060136 0.46266 0.003467 0.422915 0.414912 0 
1 0.978723 0.083644 0.486016 0.003467 0.422915 0.414912 1 
1 1 0.060136 0.482594 0.003467 0.422915 0.414912 0 
