3 0 0.121713 0.486314 0.003467 0.422915 0.414912 0 
3 0.021277 0.121713 0.459387 0.003467 0.422915 0.414912 0 
3 0.042553 0.085415 0.431419 0.003467 0.422915 0.414912 0 
3 0.06383 0.083794 0.363582 0.003467 0.422915 0.414912 0 
3 0.085106 0.083794 0.311068 0.003467 0.422915 0.414912 0 
3 0.106383 0.080581 0.258554 0.003467 0.422915 0.414912 0 
3 0.12766 0.077999 0.217197 0.003467 0.422915 0.414912 0 
3 0.148936 0.077999 0.186998 0.003467 0.422915 0.414912 0 
3 0.170213 0.062417 0.175245 0.003467 0.422915 0.414912 0 
3 0.191489 0.062417 0.173312 0.003467 0.422915 0.414912 0 
3 0.212766 0.077999 0.202321 0.003467 0.422915 0.414912 0 
3 0.234043 0.077999 0.243529 0.003467 0.422915 0.414912 0 
3 0.255319 0.121713 0.345284 0.003467 0.422915 0.414912 0 
3 0.276596 0.140267 0.451503 0.003467 0.422915 0.414912 1 
3 0.297872 0.162093 0.461321 0.003467 0.422915 0.414912 1 
3 0.319149 0.193287 0.525588 0.003467 0.422915 0.414912 1 
3 0.340426 0.179596 0.544183 0.003467 0.422915 0.414912 1 
3 0.361702 0.162093 0.533323 0.003467 0.422915 0.414912 1 
3 0.382979 0.140267 0.563672 0.003467 0.422915 0.414912 1 
3 0.404255 0.119731 0.567986 0.003467 0.422915 0.414912 0 
3 0.425532 0.119731 0.551175 0.003467 0.422915 0.414912 0 
3 0.446809 0.119731 0.529902 0.003467 0.422915 0.414912 0 
3 0.468085 0.089798 0.518298 0.003467 0.422915 0.414912 0 
3 0.489362 0.119731 0.503422 0.003467 0.422915 0.414912 0 
3 0.510638 0.119731 0.492264 0.003467 0.422915 0.414912 0 
3 0.531915 0.089798 0.481702 0.003467 0.422915 0.414912 0 
3 0.553191 0.089798 0.472925 0.003467 0.422915 0.414912 0 
3 0.574468 0.089798 0.468908 0.003467 0.422915 0.414912 0 
3 0.595745 0.089798 0.456412 0.003467 0.422915 0.414912 0 
3 0.617021 0.089798 0.441238 0.003467 0.422915 0.414912 0 
3 0.638298 0.089798 0.43499 0.003467 0.422915 0.414912 0 
3 0.659574 0.045214 0.450164 0.003467 0.422915 0.414912 0 
3 0.680851 0.089798 0.463106 0.003467 0.422915 0.414912 0 
3 0.702128 0.119731 0.500149 0.003467 0.422915 0.414912 1 
3 0.723404 0.203525 0.570217 0.003467 0.422915 0.414912 1 
3 0.744681 0.203525 0.645492 0.003467 0.422915 0.414912 1 
3 0.765957 0.203525 0.632699 0.003467 0.422915 0.414912 1 
3 0.787234 0.193287 0.604582 0.003467 0.422915 0.414912 1 
3 0.808511 0.162093 0.565605 0.003467 0.422915 0.414912 1 
3 0.829787 0.140267 0.540315 0.003467 0.422915 0.414912 1 
3 0.851064 0.119731 0.519786 0.003467 0.422915 0.414912 1 
3 0.87234 0.119731 0.488694 0.003467 0.422915 0.414912 1 
3 0.893617 0.119731 0.44823 0.003467 0.422915 0.414912 1 
3 0.914894 0.119731 0.399732 0.003467 0.422915 0.414912 1 
3 0.93617 0.140267 0.448825 0.003467 0.422915 0.414912 1 
3 0.957447 0.13105 0.464296 0.003467 0.422915 0.414912 1 
3 0.978723 0.134622 0.487652 0.003467 0.422915 0.414912 1 
3 1 0.121713 0.488545 0.003467 0.422915 0.414912 1 
