1 0 0.028131 0.221363 0.000993 0.278353 0.841667 0 
1 0.021277 0.025009 0.186403 0.000995 0.268773 0.819737 0 
1 0.042553 0.024649 0.146831 0.001452 0.305282 0.788596 0 
1 0.06383 0.021286 0.116186 0.001124 0.284827 0.797807 0 
1 0.085106 0.018854 0.096995 0.001064 0.240549 0.841667 0 
1 0.106383 0.018014 0.086433 0.000993 0.204816 0.841667 0 
1 0.12766 0.015702 0.080036 0.000995 0.180218 0.849561 0 
1 0.148936 0.015462 0.079292 0.000978 0.173226 0.843421 0 
1 0.170213 0.010448 0.081226 0.000582 0.16494 0.885526 0 
1 0.191489 0.014741 0.088813 0.000883 0.156914 0.885526 0 
1 0.212766 0.022007 0.108896 0.000677 0.158208 0.885526 0 
1 0.234043 0.024829 0.127343 0.000725 0.142672 0.841667 0 
1 0.255319 0.021466 0.139542 0.000837 0.152512 0.885526 0 
1 0.276596 0.025009 0.180452 0.000906 0.16494 0.885526 0 
1 0.297872 0.02693 0.229098 0.00092 0.168824 0.900877 0 
1 0.319149 0.030143 0.276108 0.001205 0.184878 0.913596 1 
1 0.340426 0.032305 0.31925 0.001757 0.199379 0.869737 1 
1 0.361702 0.031614 0.34454 0.001911 0.210772 0.862719 1 
1 0.382979 0.031854 0.355698 0.001732 0.225531 0.869737 1 
1 0.404255 0.032725 0.359714 0.001911 0.231486 0.869737 1 
1 0.425532 0.031464 0.361202 0.001741 0.243138 0.859649 1 
1 0.446809 0.031134 0.361351 0.001741 0.245469 0.857895 1 
1 0.468085 0.030833 0.356293 0.001757 0.245987 0.866228 1 
1 0.489362 0.030833 0.34945 0.001429 0.242361 0.864474 1 
1 0.510638 0.031164 0.342606 0.001759 0.24521 0.857018 1 
1 0.531915 0.029633 0.330408 0.000995 0.243397 0.857018 1 
1 0.553191 0.029633 0.32044 0.000995 0.242361 0.857018 1 
1 0.574468 0.029633 0.316572 0.000995 0.239254 0.857018 1 
1 0.595745 0.029633 0.313597 0.000995 0.239772 0.857018 1 
1 0.617021 0.029633 0.312705 0.000995 0.241585 0.857018 1 
1 0.638298 0.028342 0.309729 0.001005 0.25246 0.857018 1 
1 0.659574 0.028161 0.311217 0.00141 0.266701 0.841667 1 
1 0.680851 0.027261 0.307647 0.001088 0.278612 0.841667 0 
1 0.702128 0.027921 0.327284 0.001533 0.292595 0.841667 1 
1 0.723404 0.028822 0.337548 0.001386 0.297255 0.841667 1 
1 0.744681 0.028822 0.34573 0.001068 0.28146 0.841667 1 
1 0.765957 0.028582 0.356293 0.00146 0.275764 0.885526 1 
1 0.787234 0.029092 0.373996 0.001336 0.270067 0.885526 1 
1 0.808511 0.029092 0.378161 0.001678 0.301916 0.870175 1 
1 0.829787 0.029242 0.368938 0.001757 0.327292 0.885526 1 
1 0.851064 0.029633 0.343499 0.001313 0.317452 0.885526 1 
1 0.87234 0.030323 0.310919 0.0013 0.286898 0.841667 1 
1 0.893617 0.032365 0.320143 0.001911 0.261005 0.854386 1 
1 0.914894 0.029512 0.313151 0.000974 0.231745 0.885526 1 
1 0.93617 0.031194 0.317465 0.001477 0.230192 0.885526 1 
1 0.957447 0.030203 0.306456 0.0013 0.234593 0.885526 1 
1 0.978723 0.031554 0.288307 0.001888 0.298809 0.863596 1 
1 1 0.027801 0.252157 0.001386 0.30347 0.863596 1 
