7 0 0.056833 0.208718 0.003467 0.422915 0.414912 0 
7 0.021277 0.051909 0.159179 0.003467 0.422915 0.414912 0 
7 0.042553 0.051909 0.118863 0.003467 0.422915 0.414912 0 
7 0.06383 0.051909 0.086433 0.003467 0.422915 0.414912 0 
7 0.085106 0.051909 0.063969 0.003467 0.422915 0.414912 0 
7 0.106383 0.051909 0.046415 0.003467 0.422915 0.414912 0 
7 0.12766 0.040231 0.039125 0.003467 0.422915 0.414912 0 
7 0.148936 0.051909 0.036894 0.003467 0.422915 0.414912 0 
7 0.170213 0.051909 0.043291 0.003467 0.422915 0.414912 0 
7 0.191489 0.051909 0.047159 0.003467 0.422915 0.414912 0 
7 0.212766 0.071694 0.061738 0.003467 0.422915 0.414912 1 
7 0.234043 0.051909 0.083755 0.003467 0.422915 0.414912 0 
7 0.255319 0.054642 0.111128 0.003467 0.422915 0.414912 0 
7 0.276596 0.077819 0.154418 0.003467 0.422915 0.414912 1 
7 0.297872 0.077819 0.20485 0.003467 0.422915 0.414912 1 
7 0.319149 0.077819 0.238619 0.003467 0.422915 0.414912 1 
7 0.340426 0.074817 0.30006 0.003467 0.422915 0.414912 1 
7 0.361702 0.065059 0.325201 0.003467 0.422915 0.414912 0 
7 0.382979 0.068482 0.328176 0.003467 0.422915 0.414912 1 
7 0.404255 0.077819 0.326242 0.003467 0.422915 0.414912 1 
7 0.425532 0.068482 0.328622 0.003467 0.422915 0.414912 1 
7 0.446809 0.077819 0.32535 0.003467 0.422915 0.414912 1 
7 0.468085 0.077819 0.323416 0.003467 0.422915 0.414912 1 
7 0.489362 0.079861 0.315829 0.003467 0.422915 0.414912 1 
7 0.510638 0.088057 0.310027 0.003467 0.422915 0.414912 1 
7 0.531915 0.079861 0.304969 0.003467 0.422915 0.414912 1 
7 0.553191 0.079861 0.302886 0.003467 0.422915 0.414912 1 
7 0.574468 0.088057 0.301845 0.003467 0.422915 0.414912 1 
7 0.595745 0.088057 0.303779 0.003467 0.422915 0.414912 1 
7 0.617021 0.088057 0.308837 0.003467 0.422915 0.414912 1 
7 0.638298 0.079861 0.32163 0.003467 0.422915 0.414912 1 
7 0.659574 0.079861 0.33011 0.003467 0.422915 0.414912 1 
7 0.680851 0.077819 0.324308 0.003467 0.422915 0.414912 1 
7 0.702128 0.077819 0.329069 0.003467 0.422915 0.414912 1 
7 0.723404 0.079861 0.331747 0.003467 0.422915 0.414912 1 
7 0.744681 0.07944 0.325796 0.003467 0.422915 0.414912 1 
7 0.765957 0.056833 0.317614 0.003467 0.422915 0.414912 0 
7 0.787234 0.056833 0.307944 0.003467 0.422915 0.414912 0 
7 0.808511 0.077819 0.32773 0.003467 0.422915 0.414912 1 
7 0.829787 0.077819 0.349003 0.003467 0.422915 0.414912 1 
7 0.851064 0.068482 0.345135 0.003467 0.422915 0.414912 1 
7 0.87234 0.068482 0.317316 0.003467 0.422915 0.414912 1 
7 0.893617 0.07944 0.327432 0.003467 0.422915 0.414912 1 
7 0.914894 0.068482 0.318358 0.003467 0.422915 0.414912 0 
7 0.93617 0.071694 0.311366 0.003467 0.422915 0.414912 1 
7 0.957447 0.068482 0.283844 0.003467 0.422915 0.414912 0 
7 0.978723 0.065059 0.257066 0.003467 0.422915 0.414912 0 
7 1 0.056833 0.221958 0.003467 0.422915 0.414912 0 
