1 0 0.056203 0.324457 0.003737 0.300104 0.578947 1 
1 0.021277 0.043653 0.288158 0.002908 0.267219 0.591667 0 
1 0.042553 0.045034 0.254984 0.003016 0.316157 0.564474 0 
1 0.06383 0.037018 0.221214 0.00247 0.284568 0.594737 0 
1 0.085106 0.03981 0.181642 0.00263 0.23537 0.649123 0 
1 0.106383 0.04008 0.14579 0.002619 0.191352 0.722368 0 
1 0.12766 0.038339 0.116781 0.002489 0.160798 0.767105 0 
1 0.148936 0.042332 0.101904 0.002356 0.128949 0.809649 0 
1 0.170213 0.030683 0.085391 0.001847 0.108493 0.827632 0 
1 0.191489 0.023688 0.08554 0.001539 0.07535 0.763596 0 
1 0.212766 0.021226 0.096995 0.001367 0.067323 0.80307 0 
1 0.234043 0.023808 0.101458 0.001539 0.067582 0.810526 0 
1 0.255319 0.023568 0.123624 0.001518 0.062921 0.847807 0 
1 0.276596 0.025579 0.153526 0.001261 0.112895 0.850439 0 
1 0.297872 0.027681 0.176138 0.001215 0.030295 0.853509 0 
1 0.319149 0.024979 0.235495 0.001556 0.096841 0.898246 0 
1 0.340426 0.027591 0.287266 0.001747 0.126618 0.865789 0 
1 0.361702 0.057914 0.329961 0.003658 0.153288 0.897368 1 
1 0.382979 0.057524 0.36507 0.002964 0.165717 0.923684 1 
1 0.404255 0.044734 0.381434 0.00274 0.174521 0.922807 1 
1 0.425532 0.045605 0.374293 0.002784 0.177369 0.89693 1 
1 0.446809 0.042783 0.358524 0.002713 0.17711 0.895614 1 
1 0.468085 0.04005 0.344689 0.002528 0.182289 0.921053 1 
1 0.489362 0.045515 0.33011 0.002875 0.18203 0.873246 1 
1 0.510638 0.050018 0.32044 0.003162 0.188762 0.861404 1 
1 0.531915 0.030593 0.301547 0.001938 0.180994 0.885965 0 
1 0.553191 0.038669 0.283249 0.002443 0.173744 0.834211 0 
1 0.574468 0.027561 0.262719 0.001749 0.167012 0.858772 0 
1 0.595745 0.027291 0.247248 0.001726 0.168824 0.85 0 
1 0.617021 0.027861 0.237281 0.001764 0.15536 0.858333 0 
1 0.638298 0.031314 0.232074 0.001988 0.146297 0.823246 0 
1 0.659574 0.029152 0.225231 0.001859 0.142672 0.808772 0 
1 0.680851 0.029602 0.22047 0.00189 0.151476 0.767982 0 
1 0.702128 0.030563 0.226718 0.001965 0.166235 0.748684 0 
1 0.723404 0.032455 0.236537 0.002104 0.18436 0.70307 0 
1 0.744681 0.040291 0.288456 0.002624 0.218022 0.686404 1 
1 0.765957 0.054071 0.371764 0.003533 0.268773 0.689912 1 
1 0.787234 0.058725 0.412972 0.003851 0.343086 0.660965 1 
1 0.808511 0.048157 0.39393 0.003174 0.347488 0.651316 1 
1 0.829787 0.041882 0.377715 0.002744 0.321595 0.705263 1 
1 0.851064 0.041311 0.359863 0.002684 0.305541 0.719298 1 
1 0.87234 0.03993 0.343053 0.002212 0.27188 0.707895 1 
1 0.893617 0.036087 0.317316 0.001832 0.244433 0.744737 0 
1 0.914894 0.028191 0.292324 0.001818 0.221906 0.77193 0 
1 0.93617 0.034346 0.31568 0.001454 0.222424 0.839474 0 
1 0.957447 0.031494 0.319994 0.001847 0.220352 0.797368 0 
1 0.978723 0.049267 0.326242 0.003029 0.302693 0.760526 1 
1 1 0.03981 0.308093 0.002582 0.293112 0.676316 1 
