3 0 0.058394 0.307498 0.003467 0.422915 0.414912 0 
3 0.021277 0.056623 0.242041 0.003467 0.422915 0.414912 0 
3 0.042553 0.055242 0.183576 0.003467 0.422915 0.414912 0 
3 0.06383 0.058394 0.1446 0.003467 0.422915 0.414912 0 
3 0.085106 0.058394 0.112913 0.003467 0.422915 0.414912 0 
3 0.106383 0.058394 0.088813 0.003467 0.422915 0.414912 0 
3 0.12766 0.055242 0.082565 0.003467 0.422915 0.414912 0 
3 0.148936 0.056923 0.08673 0.003467 0.422915 0.414912 0 
3 0.170213 0.058394 0.104284 0.003467 0.422915 0.414912 0 
3 0.191489 0.055242 0.127194 0.003467 0.422915 0.414912 0 
3 0.212766 0.056113 0.177923 0.003467 0.422915 0.414912 0 
3 0.234043 0.056923 0.235793 0.003467 0.422915 0.414912 0 
3 0.255319 0.058394 0.242041 0.003467 0.422915 0.414912 0 
3 0.276596 0.056923 0.289646 0.003467 0.422915 0.414912 0 
3 0.297872 0.056923 0.328771 0.003467 0.422915 0.414912 0 
3 0.319149 0.058394 0.351979 0.003467 0.422915 0.414912 0 
3 0.340426 0.058394 0.405534 0.003467 0.422915 0.414912 0 
3 0.361702 0.058394 0.429188 0.003467 0.422915 0.414912 0 
3 0.382979 0.058394 0.411633 0.003467 0.422915 0.414912 0 
3 0.404255 0.068722 0.406129 0.003467 0.422915 0.414912 0 
3 0.425532 0.058394 0.408807 0.003467 0.422915 0.414912 0 
3 0.446809 0.058394 0.403005 0.003467 0.422915 0.414912 0 
3 0.468085 0.058394 0.403005 0.003467 0.422915 0.414912 0 
3 0.489362 0.058394 0.400922 0.003467 0.422915 0.414912 0 
3 0.510638 0.058394 0.399137 0.003467 0.422915 0.414912 0 
3 0.531915 0.058394 0.396608 0.003467 0.422915 0.414912 0 
3 0.553191 0.058394 0.390955 0.003467 0.422915 0.414912 0 
3 0.574468 0.058394 0.372062 0.003467 0.422915 0.414912 0 
3 0.595745 0.057644 0.369682 0.003467 0.422915 0.414912 0 
3 0.617021 0.058394 0.375186 0.003467 0.422915 0.414912 0 
3 0.638298 0.058394 0.375632 0.003467 0.422915 0.414912 0 
3 0.659574 0.058394 0.381434 0.003467 0.422915 0.414912 0 
3 0.680851 0.058394 0.370425 0.003467 0.422915 0.414912 0 
3 0.702128 0.058394 0.357929 0.003467 0.422915 0.414912 0 
3 0.723404 0.056923 0.331003 0.003467 0.422915 0.414912 0 
3 0.744681 0.055242 0.314043 0.003467 0.422915 0.414912 0 
3 0.765957 0.055242 0.288158 0.003467 0.422915 0.414912 0 
3 0.787234 0.055242 0.26986 0.003467 0.422915 0.414912 0 
3 0.808511 0.055242 0.284439 0.003467 0.422915 0.414912 0 
3 0.829787 0.056923 0.306456 0.003467 0.422915 0.414912 0 
3 0.851064 0.056923 0.297382 0.003467 0.422915 0.414912 0 
3 0.87234 0.056923 0.280125 0.003467 0.422915 0.414912 0 
3 0.893617 0.058394 0.3133 0.003467 0.422915 0.414912 0 
3 0.914894 0.058394 0.332639 0.003467 0.422915 0.414912 0 
3 0.93617 0.058394 0.362987 0.003467 0.422915 0.414912 0 
3 0.957447 0.058394 0.358822 0.003467 0.422915 0.414912 1 
3 0.978723 0.058394 0.35421 0.003467 0.422915 0.414912 1 
3 1 0.058394 0.334871 0.003467 0.422915 0.414912 1 
