3 0 0.046535 0.352127 0.003467 0.422915 0.414912 0 
3 0.021277 0.045034 0.286671 0.003467 0.422915 0.414912 0 
3 0.042553 0.041431 0.234008 0.003467 0.422915 0.414912 0 
3 0.06383 0.041431 0.198304 0.003467 0.422915 0.414912 0 
3 0.085106 0.041431 0.16632 0.003467 0.422915 0.414912 0 
3 0.106383 0.041431 0.153675 0.003467 0.422915 0.414912 0 
3 0.12766 0.047886 0.141476 0.003467 0.422915 0.414912 0 
3 0.148936 0.041431 0.144302 0.003467 0.422915 0.414912 0 
3 0.170213 0.044374 0.166022 0.003467 0.422915 0.414912 0 
3 0.191489 0.044884 0.205594 0.003467 0.422915 0.414912 0 
3 0.212766 0.045334 0.285778 0.003467 0.422915 0.414912 0 
3 0.234043 0.045785 0.376376 0.003467 0.422915 0.414912 0 
3 0.255319 0.048637 0.396459 0.003467 0.422915 0.414912 1 
3 0.276596 0.047436 0.454627 0.003467 0.422915 0.414912 0 
3 0.297872 0.045785 0.472032 0.003467 0.422915 0.414912 0 
3 0.319149 0.045785 0.480958 0.003467 0.422915 0.414912 0 
3 0.340426 0.047136 0.525736 0.003467 0.422915 0.414912 0 
3 0.361702 0.047736 0.550134 0.003467 0.422915 0.414912 0 
3 0.382979 0.049388 0.541803 0.003467 0.422915 0.414912 1 
3 0.404255 0.047436 0.530051 0.003467 0.422915 0.414912 0 
3 0.425532 0.068812 0.548349 0.003467 0.422915 0.414912 1 
3 0.446809 0.062327 0.554597 0.003467 0.422915 0.414912 1 
3 0.468085 0.049388 0.547456 0.003467 0.422915 0.414912 1 
3 0.489362 0.049568 0.554448 0.003467 0.422915 0.414912 1 
3 0.510638 0.068812 0.567093 0.003467 0.422915 0.414912 1 
3 0.531915 0.055842 0.561291 0.003467 0.422915 0.414912 1 
3 0.553191 0.049538 0.558316 0.003467 0.422915 0.414912 1 
3 0.574468 0.047436 0.558762 0.003467 0.422915 0.414912 0 
3 0.595745 0.055842 0.56144 0.003467 0.422915 0.414912 1 
3 0.617021 0.055842 0.569325 0.003467 0.422915 0.414912 1 
3 0.638298 0.055842 0.570068 0.003467 0.422915 0.414912 1 
3 0.659574 0.055842 0.576465 0.003467 0.422915 0.414912 1 
3 0.680851 0.062327 0.559952 0.003467 0.422915 0.414912 1 
3 0.702128 0.049388 0.535852 0.003467 0.422915 0.414912 1 
3 0.723404 0.047436 0.496132 0.003467 0.422915 0.414912 0 
3 0.744681 0.046535 0.471586 0.003467 0.422915 0.414912 0 
3 0.765957 0.046535 0.455519 0.003467 0.422915 0.414912 0 
3 0.787234 0.047436 0.48319 0.003467 0.422915 0.414912 0 
3 0.808511 0.047136 0.488099 0.003467 0.422915 0.414912 0 
3 0.829787 0.045785 0.463404 0.003467 0.422915 0.414912 0 
3 0.851064 0.045334 0.421452 0.003467 0.422915 0.414912 0 
3 0.87234 0.044884 0.386492 0.003467 0.422915 0.414912 0 
3 0.893617 0.045334 0.400922 0.003467 0.422915 0.414912 0 
3 0.914894 0.045334 0.413121 0.003467 0.422915 0.414912 0 
3 0.93617 0.045785 0.430824 0.003467 0.422915 0.414912 0 
3 0.957447 0.045334 0.425469 0.003467 0.422915 0.414912 0 
3 0.978723 0.045785 0.414311 0.003467 0.422915 0.414912 0 
3 1 0.045334 0.383814 0.003467 0.422915 0.414912 0 
