2 0 0.075838 0.297828 0.003789 0.267996 0.681579 1 
2 0.021277 0.044194 0.279976 0.002646 0.245728 0.681579 1 
2 0.042553 0.050829 0.258852 0.003328 0.295443 0.667982 1 
2 0.06383 0.050859 0.222404 0.003274 0.288452 0.688158 1 
2 0.085106 0.044344 0.193544 0.002894 0.247022 0.753947 1 
2 0.106383 0.044224 0.170634 0.002225 0.233299 0.765789 1 
2 0.12766 0.044404 0.148319 0.001934 0.180476 0.809649 1 
2 0.148936 0.03993 0.127641 0.002086 0.119886 0.822368 1 
2 0.170213 0.045845 0.116186 0.001606 0.10202 0.831579 1 
2 0.191489 0.06593 0.133591 0.001506 0.08985 0.831579 1 
2 0.212766 0.045425 0.167212 0.001903 0.101502 0.831579 1 
2 0.234043 0.02663 0.209908 0.001718 0.130502 0.83114 0 
2 0.255319 0.058725 0.299762 0.002732 0.189021 0.809649 1 
2 0.276596 0.035457 0.37831 0.002304 0.251683 0.695614 0 
2 0.297872 0.023838 0.388426 0.001585 0.29363 0.58114 0 
2 0.319149 0.029212 0.446296 0.00194 0.346712 0.565351 0 
2 0.340426 0.03963 0.479024 0.002613 0.394355 0.482018 0 
2 0.361702 0.044884 0.500149 0.002991 0.420249 0.489474 1 
2 0.382979 0.064039 0.544778 0.004524 0.440963 0.536404 1 
2 0.404255 0.073796 0.559506 0.005299 0.447178 0.485088 1 
2 0.425532 0.077879 0.552217 0.005187 0.445624 0.491667 1 
2 0.446809 0.064249 0.535109 0.004032 0.446919 0.499123 1 
2 0.468085 0.087336 0.524844 0.005806 0.460901 0.490351 1 
2 0.489362 0.087426 0.519786 0.00581 0.464008 0.502632 1 
2 0.510638 0.084724 0.516215 0.005625 0.461937 0.501754 1 
2 0.531915 0.086075 0.510116 0.005717 0.460642 0.503509 1 
2 0.553191 0.087426 0.503868 0.0058 0.473071 0.483772 1 
2 0.574468 0.084454 0.499702 0.00564 0.477732 0.482456 1 
2 0.595745 0.083373 0.494049 0.005492 0.475919 0.461842 1 
2 0.617021 0.07923 0.492859 0.005401 0.472553 0.476754 1 
2 0.638298 0.082353 0.481404 0.005598 0.470999 0.501316 1 
2 0.659574 0.080461 0.492711 0.005368 0.467374 0.520175 1 
2 0.680851 0.07893 0.490033 0.005305 0.467115 0.538596 1 
2 0.702128 0.087336 0.491967 0.005827 0.474107 0.482018 1 
2 0.723404 0.069293 0.502529 0.004668 0.484982 0.435526 1 
2 0.744681 0.055212 0.498066 0.003741 0.480062 0.435526 0 
2 0.765957 0.06641 0.557275 0.004481 0.476437 0.463596 1 
2 0.787234 0.0789 0.56144 0.005322 0.510357 0.425877 1 
2 0.808511 0.049388 0.519786 0.003351 0.496116 0.427632 0 
2 0.829787 0.042813 0.469057 0.002896 0.449508 0.382456 0 
2 0.851064 0.042602 0.454478 0.002892 0.406784 0.411404 0 
2 0.87234 0.040771 0.43127 0.002775 0.36898 0.428509 0 
2 0.893617 0.038639 0.399881 0.002621 0.332988 0.430702 0 
2 0.914894 0.033926 0.364177 0.002293 0.301398 0.443421 0 
2 0.93617 0.040861 0.402112 0.002727 0.279648 0.559649 0 
2 0.957447 0.043383 0.428146 0.002879 0.272398 0.538158 0 
2 0.978723 0.084724 0.443172 0.005642 0.374417 0.492982 1 
2 1 0.061997 0.427403 0.004184 0.365096 0.519298 1 
