3 0 0.054612 0.542696 0.003689 0.454687 0.576316 1 
3 0.021277 0.041431 0.528414 0.002678 0.434749 0.598684 1 
3 0.042553 0.054431 0.493752 0.003606 0.494303 0.492544 1 
3 0.06383 0.041071 0.44332 0.002717 0.48291 0.536404 1 
3 0.085106 0.038189 0.38679 0.002495 0.449249 0.582456 0 
3 0.106383 0.032275 0.330556 0.002158 0.414811 0.595614 0 
3 0.12766 0.034646 0.288605 0.002219 0.380632 0.559211 0 
3 0.148936 0.028972 0.240107 0.001886 0.362248 0.610965 0 
3 0.170213 0.029663 0.233859 0.001919 0.344381 0.651754 0 
3 0.191489 0.028972 0.239958 0.001867 0.331434 0.701754 0 
3 0.212766 0.029302 0.264951 0.001894 0.338944 0.685526 0 
3 0.234043 0.042692 0.311514 0.002189 0.344381 0.694737 1 
3 0.255319 0.21022 0.400327 0.003201 0.415329 0.572807 1 
3 0.276596 0.061547 0.49524 0.00409 0.468669 0.536842 1 
3 0.297872 0.029212 0.531836 0.001965 0.509839 0.396491 0 
3 0.319149 0.056953 0.611723 0.003847 0.575091 0.372368 1 
3 0.340426 0.078149 0.667658 0.005312 0.624806 0.392105 1 
3 0.361702 0.089348 0.687147 0.006074 0.649663 0.379386 1 
3 0.382979 0.076798 0.694585 0.005214 0.662092 0.405702 1 
3 0.404255 0.07845 0.67837 0.005282 0.652253 0.42807 1 
3 0.425532 0.076528 0.665873 0.005104 0.637235 0.439474 1 
3 0.446809 0.077339 0.638054 0.00515 0.629726 0.474561 1 
3 0.468085 0.073586 0.621095 0.004859 0.614448 0.435088 1 
3 0.489362 0.074907 0.609045 0.004985 0.618332 0.497807 1 
3 0.510638 0.067581 0.597739 0.004495 0.591403 0.499561 1 
3 0.531915 0.069323 0.588367 0.004705 0.58985 0.483772 1 
3 0.553191 0.072325 0.58435 0.004817 0.600466 0.447807 1 
3 0.574468 0.071424 0.574234 0.004757 0.606422 0.467982 1 
3 0.595745 0.063108 0.563969 0.004219 0.588814 0.45614 1 
3 0.617021 0.060796 0.554894 0.004028 0.576126 0.460965 1 
3 0.638298 0.063558 0.556828 0.0043 0.577421 0.457018 1 
3 0.659574 0.064879 0.566052 0.004358 0.571207 0.445614 1 
3 0.680851 0.064129 0.583457 0.004325 0.565251 0.429825 1 
3 0.702128 0.068422 0.638798 0.004607 0.585707 0.471491 1 
3 0.723404 0.090219 0.724189 0.006064 0.642413 0.486404 1 
3 0.744681 0.150925 0.803927 0.010214 0.734852 0.342544 1 
3 0.765957 0.150925 0.814192 0.010301 0.727084 0.421491 1 
3 0.787234 0.099886 0.786819 0.006737 0.671932 0.396491 1 
3 0.808511 0.081722 0.756323 0.005501 0.632574 0.438158 1 
3 0.829787 0.073826 0.722702 0.004969 0.601502 0.452632 1 
3 0.851064 0.069593 0.707974 0.004684 0.574314 0.480263 1 
3 0.87234 0.05233 0.680601 0.003542 0.559037 0.465789 0 
3 0.893617 0.038369 0.638798 0.002607 0.520974 0.473684 0 
3 0.914894 0.032214 0.591491 0.002154 0.487053 0.441667 0 
3 0.93617 0.041852 0.609938 0.002844 0.453392 0.510088 0 
3 0.957447 0.034436 0.605623 0.002333 0.432936 0.491228 0 
3 0.978723 0.054341 0.589854 0.003664 0.499741 0.492544 0 
3 1 0.055782 0.578548 0.003752 0.491455 0.543421 0 
