1 0 0.027321 0.247992 0.001865 0.261264 0.521053 0 
1 0.021277 0.02609 0.211395 0.001776 0.23304 0.543421 0 
1 0.042553 0.02621 0.172568 0.001793 0.285085 0.442982 0 
1 0.06383 0.025249 0.145492 0.001722 0.262817 0.466667 0 
1 0.085106 0.024739 0.124368 0.001685 0.218022 0.464474 0 
1 0.106383 0.024108 0.112467 0.001645 0.180218 0.508333 0 
1 0.12766 0.021706 0.105326 0.001477 0.144744 0.545614 0 
1 0.148936 0.020896 0.106665 0.001419 0.128949 0.595614 0 
1 0.170213 0.023688 0.11321 0.00161 0.115225 0.550877 0 
1 0.191489 0.021917 0.116186 0.001491 0.106163 0.55 0 
1 0.212766 0.023328 0.123773 0.001589 0.094252 0.575439 0 
1 0.234043 0.023088 0.14579 0.001566 0.110047 0.610088 0 
1 0.255319 0.024589 0.169592 0.001668 0.121958 0.621053 0 
1 0.276596 0.025339 0.206635 0.001714 0.153547 0.65307 0 
1 0.297872 0.028972 0.25424 0.001913 0.150181 0.676316 0 
1 0.319149 0.029182 0.298721 0.001938 0.165717 0.69386 0 
1 0.340426 0.033926 0.34454 0.002306 0.194977 0.647368 0 
1 0.361702 0.033626 0.370277 0.002285 0.204816 0.666228 0 
1 0.382979 0.040231 0.382922 0.002736 0.222941 0.648246 1 
1 0.404255 0.042843 0.383963 0.002912 0.231227 0.65614 1 
1 0.425532 0.062868 0.382327 0.004285 0.240031 0.647807 1 
1 0.446809 0.049538 0.381583 0.003378 0.24262 0.643421 1 
1 0.468085 0.049688 0.38069 0.00339 0.248058 0.616667 1 
1 0.489362 0.037739 0.373401 0.002572 0.241844 0.622807 1 
1 0.510638 0.029963 0.363285 0.00204 0.244692 0.625877 0 
1 0.531915 0.029753 0.35659 0.002021 0.236665 0.633772 0 
1 0.553191 0.029182 0.34216 0.001982 0.24029 0.639474 0 
1 0.574468 0.028432 0.335912 0.001928 0.23537 0.651316 0 
1 0.595745 0.028432 0.331151 0.001919 0.242103 0.653947 0 
1 0.617021 0.028251 0.3313 0.001907 0.243138 0.673246 0 
1 0.638298 0.028792 0.329961 0.001944 0.255049 0.638158 0 
1 0.659574 0.029182 0.333978 0.001973 0.267737 0.632895 0 
1 0.680851 0.027051 0.330556 0.001822 0.273175 0.69693 0 
1 0.702128 0.02684 0.349152 0.001807 0.283014 0.697368 0 
1 0.723404 0.028762 0.361946 0.001936 0.287416 0.703509 0 
1 0.744681 0.046115 0.372508 0.003103 0.274987 0.701316 1 
1 0.765957 0.035067 0.367153 0.002358 0.256603 0.700877 1 
1 0.787234 0.031524 0.36745 0.002117 0.255049 0.710526 1 
1 0.808511 0.029572 0.375483 0.001986 0.266701 0.715789 0 
1 0.829787 0.035937 0.383071 0.001818 0.300363 0.68114 1 
1 0.851064 0.043143 0.355698 0.002023 0.305541 0.670614 1 
1 0.87234 0.044104 0.32654 0.002142 0.285862 0.707018 1 
1 0.893617 0.034406 0.339334 0.001984 0.264889 0.759649 1 
1 0.914894 0.029572 0.326688 0.001971 0.227602 0.748684 0 
1 0.93617 0.048187 0.320738 0.002233 0.216468 0.67193 1 
1 0.957447 0.029152 0.304225 0.001867 0.219057 0.697368 0 
1 0.978723 0.030503 0.299018 0.002054 0.292853 0.582018 0 
1 1 0.028432 0.258554 0.001913 0.295961 0.609649 0 
