5 0 0.032755 0.372806 0.002011 0.375971 0.769298 0 
5 0.021277 0.032365 0.312853 0.001795 0.350078 0.811404 0 
5 0.042553 0.035487 0.263017 0.002275 0.402641 0.735088 0 
5 0.06383 0.038339 0.225677 0.001068 0.367944 0.703509 0 
5 0.085106 0.038609 0.193097 0.001068 0.318229 0.703509 0 
5 0.106383 0.033325 0.177923 0.001496 0.285603 0.769298 0 
5 0.12766 0.027561 0.176733 0.001489 0.278612 0.813158 0 
5 0.148936 0.02627 0.181791 0.001608 0.28638 0.857018 0 
5 0.170213 0.032695 0.205147 0.001882 0.298809 0.840789 0 
5 0.191489 0.031734 0.243975 0.002015 0.324443 0.8 0 
5 0.212766 0.059205 0.328325 0.003776 0.387623 0.727193 1 
5 0.234043 0.062057 0.405832 0.003963 0.45391 0.658333 1 
5 0.255319 0.045094 0.439899 0.0029 0.541688 0.558333 0 
5 0.276596 0.042933 0.500893 0.002794 0.614448 0.451754 0 
5 0.297872 0.033626 0.537786 0.002202 0.6116 0.464912 0 
5 0.319149 0.032004 0.570663 0.002083 0.63827 0.444737 0 
5 0.340426 0.034046 0.641625 0.002204 0.675557 0.42807 0 
5 0.361702 0.035337 0.665724 0.002283 0.692387 0.398246 0 
5 0.382979 0.037168 0.676733 0.002414 0.7232 0.328947 0 
5 0.404255 0.040741 0.695626 0.002653 0.757897 0.299123 0 
5 0.425532 0.03915 0.714222 0.002547 0.783791 0.302632 0 
5 0.446809 0.040591 0.73371 0.002632 0.804505 0.303947 0 
5 0.468085 0.048157 0.747992 0.003135 0.823925 0.310965 0 
5 0.489362 0.045725 0.760488 0.00297 0.84956 0.282456 0 
5 0.510638 0.110304 0.783547 0.007148 0.882703 0.257456 1 
5 0.531915 0.228053 0.792175 0.014819 0.904195 0.157456 1 
5 0.553191 0.468116 0.803332 0.0305 0.933713 0.130263 1 
5 0.574468 0.192566 0.802142 0.012545 0.943811 0.153509 1 
5 0.595745 0.295965 0.805266 0.019144 0.953133 0.12807 1 
5 0.617021 0.981806 0.813597 0.063323 0.973848 0.12807 1 
5 0.638298 0.981806 0.822969 0.06335 0.996893 0.200439 1 
5 0.659574 0.891648 0.821779 0.05791 1 0.223246 1 
5 0.680851 0.633151 0.804522 0.041456 0.989384 0.199123 1 
5 0.702128 0.667137 0.79277 0.043745 0.975919 0.255263 1 
5 0.723404 0.133962 0.758703 0.00883 0.9174 0.277193 0 
5 0.744681 0.288339 0.737727 0.019069 0.872346 0.333333 1 
5 0.765957 0.059835 0.689973 0.003982 0.771621 0.430702 0 
5 0.787234 0.071664 0.69042 0.00479 0.695495 0.481579 0 
5 0.808511 0.073196 0.703065 0.004919 0.68695 0.454386 0 
5 0.829787 0.051219 0.681196 0.003436 0.654842 0.498246 0 
5 0.851064 0.037288 0.617525 0.002484 0.607716 0.560526 0 
5 0.87234 0.051009 0.559357 0.003363 0.549197 0.642982 0 
5 0.893617 0.067191 0.549539 0.003758 0.492232 0.681579 0 
5 0.914894 0.032305 0.525141 0.001286 0.426463 0.681579 0 
5 0.93617 0.055242 0.52053 0.001356 0.392284 0.681579 0 
5 0.957447 0.037889 0.503273 0.002146 0.386846 0.725439 0 
5 0.978723 0.036358 0.475751 0.002239 0.443035 0.673246 0 
5 1 0.034556 0.432758 0.001836 0.430865 0.734649 0 
