1 0 0.048487 0.228355 0.003467 0.422915 0.414912 0 
1 0.021277 0.047526 0.192056 0.003467 0.422915 0.414912 0 
1 0.042553 0.047526 0.162452 0.003467 0.422915 0.414912 0 
1 0.06383 0.047526 0.130765 0.003467 0.422915 0.414912 0 
1 0.085106 0.044884 0.113508 0.003467 0.422915 0.414912 0 
1 0.106383 0.06563 0.099821 0.003467 0.422915 0.414912 0 
1 0.12766 0.06563 0.100119 0.003467 0.422915 0.414912 0 
1 0.148936 0.068422 0.105772 0.003467 0.422915 0.414912 0 
1 0.170213 0.068992 0.13493 0.003467 0.422915 0.414912 0 
1 0.191489 0.071214 0.169741 0.003467 0.422915 0.414912 1 
1 0.212766 0.079831 0.250669 0.003467 0.422915 0.414912 1 
1 0.234043 0.09208 0.336805 0.003467 0.422915 0.414912 1 
1 0.255319 0.095773 0.358078 0.003467 0.422915 0.414912 1 
1 0.276596 0.10478 0.413419 0.003467 0.422915 0.414912 1 
1 0.297872 0.060946 0.440643 0.003467 0.422915 0.414912 0 
1 0.319149 0.095773 0.452246 0.003467 0.422915 0.414912 1 
1 0.340426 0.093431 0.500744 0.003467 0.422915 0.414912 1 
1 0.361702 0.093431 0.523356 0.003467 0.422915 0.414912 1 
1 0.382979 0.108442 0.520678 0.003467 0.422915 0.414912 1 
1 0.404255 0.10478 0.511306 0.003467 0.422915 0.414912 1 
1 0.425532 0.111084 0.509223 0.003467 0.422915 0.414912 1 
1 0.446809 0.103489 0.508182 0.003467 0.422915 0.414912 1 
1 0.468085 0.093431 0.505058 0.003467 0.422915 0.414912 1 
1 0.489362 0.09208 0.504909 0.003467 0.422915 0.414912 1 
1 0.510638 0.100036 0.504165 0.003467 0.422915 0.414912 1 
1 0.531915 0.095773 0.49643 0.003467 0.422915 0.414912 1 
1 0.553191 0.093431 0.490033 0.003467 0.422915 0.414912 1 
1 0.574468 0.082503 0.476793 0.003467 0.422915 0.414912 1 
1 0.595745 0.09208 0.470247 0.003467 0.422915 0.414912 1 
1 0.617021 0.093431 0.473817 0.003467 0.422915 0.414912 1 
1 0.638298 0.09208 0.478578 0.003467 0.422915 0.414912 1 
1 0.659574 0.095773 0.492859 0.003467 0.422915 0.414912 1 
1 0.680851 0.103489 0.498661 0.003467 0.422915 0.414912 1 
1 0.702128 0.093431 0.503719 0.003467 0.422915 0.414912 1 
1 0.723404 0.093431 0.48795 0.003467 0.422915 0.414912 1 
1 0.744681 0.09208 0.479173 0.003467 0.422915 0.414912 1 
1 0.765957 0.093431 0.459536 0.003467 0.422915 0.414912 1 
1 0.787234 0.082503 0.447188 0.003467 0.422915 0.414912 0 
1 0.808511 0.055482 0.440048 0.003467 0.422915 0.414912 0 
1 0.829787 0.048487 0.422642 0.003467 0.422915 0.414912 0 
1 0.851064 0.050498 0.385897 0.003467 0.422915 0.414912 0 
1 0.87234 0.048487 0.344689 0.003467 0.422915 0.414912 0 
1 0.893617 0.055482 0.377417 0.003467 0.422915 0.414912 0 
1 0.914894 0.051429 0.390062 0.003467 0.422915 0.414912 0 
1 0.93617 0.082503 0.41327 0.003467 0.422915 0.414912 1 
1 0.957447 0.055482 0.419964 0.003467 0.422915 0.414912 0 
1 0.978723 0.060946 0.417138 0.003467 0.422915 0.414912 0 
1 1 0.089768 0.398096 0.003467 0.422915 0.414912 1 
