7 0 0.049838 0.285183 0.003467 0.422915 0.414912 0 
7 0.021277 0.041431 0.229991 0.003467 0.422915 0.414912 0 
7 0.042553 0.041462 0.189676 0.003467 0.422915 0.414912 0 
7 0.06383 0.06614 0.162154 0.003467 0.422915 0.414912 0 
7 0.085106 0.06614 0.139691 0.003467 0.422915 0.414912 0 
7 0.106383 0.068602 0.127789 0.003467 0.422915 0.414912 0 
7 0.12766 0.068332 0.119012 0.003467 0.422915 0.414912 0 
7 0.148936 0.068602 0.116037 0.003467 0.422915 0.414912 0 
7 0.170213 0.06614 0.118417 0.003467 0.422915 0.414912 0 
7 0.191489 0.06614 0.12407 0.003467 0.422915 0.414912 0 
7 0.212766 0.068602 0.138054 0.003467 0.422915 0.414912 0 
7 0.234043 0.06614 0.147575 0.003467 0.422915 0.414912 0 
7 0.255319 0.070584 0.164534 0.003467 0.422915 0.414912 0 
7 0.276596 0.070584 0.204403 0.003467 0.422915 0.414912 0 
7 0.297872 0.075087 0.251116 0.003467 0.422915 0.414912 0 
7 0.319149 0.072835 0.296638 0.003467 0.422915 0.414912 0 
7 0.340426 0.077429 0.34454 0.003467 0.422915 0.414912 0 
7 0.361702 0.075087 0.377566 0.003467 0.422915 0.414912 0 
7 0.382979 0.072505 0.396162 0.003467 0.422915 0.414912 0 
7 0.404255 0.072835 0.400327 0.003467 0.422915 0.414912 0 
7 0.425532 0.072835 0.411931 0.003467 0.422915 0.414912 0 
7 0.446809 0.072835 0.414014 0.003467 0.422915 0.414912 0 
7 0.468085 0.070584 0.41803 0.003467 0.422915 0.414912 0 
7 0.489362 0.075087 0.420708 0.003467 0.422915 0.414912 0 
7 0.510638 0.075087 0.41446 0.003467 0.422915 0.414912 0 
7 0.531915 0.077339 0.410295 0.003467 0.422915 0.414912 0 
7 0.553191 0.077339 0.409104 0.003467 0.422915 0.414912 0 
7 0.574468 0.07956 0.411336 0.003467 0.422915 0.414912 0 
7 0.595745 0.07956 0.413716 0.003467 0.422915 0.414912 1 
7 0.617021 0.081122 0.414758 0.003467 0.422915 0.414912 1 
7 0.638298 0.07956 0.411633 0.003467 0.422915 0.414912 1 
7 0.659574 0.07956 0.41208 0.003467 0.422915 0.414912 1 
7 0.680851 0.077339 0.406427 0.003467 0.422915 0.414912 0 
7 0.702128 0.080401 0.419369 0.003467 0.422915 0.414912 1 
7 0.723404 0.080401 0.422196 0.003467 0.422915 0.414912 1 
7 0.744681 0.075087 0.424725 0.003467 0.422915 0.414912 0 
7 0.765957 0.075087 0.420262 0.003467 0.422915 0.414912 0 
7 0.787234 0.07956 0.437221 0.003467 0.422915 0.414912 1 
7 0.808511 0.081122 0.449717 0.003467 0.422915 0.414912 1 
7 0.829787 0.072835 0.445403 0.003467 0.422915 0.414912 0 
7 0.851064 0.077339 0.413865 0.003467 0.422915 0.414912 1 
7 0.87234 0.069503 0.382178 0.003467 0.422915 0.414912 0 
7 0.893617 0.075087 0.383814 0.003467 0.422915 0.414912 1 
7 0.914894 0.070554 0.372806 0.003467 0.422915 0.414912 0 
7 0.93617 0.072835 0.364029 0.003467 0.422915 0.414912 1 
7 0.957447 0.049838 0.331151 0.003467 0.422915 0.414912 0 
7 0.978723 0.049838 0.311366 0.003467 0.422915 0.414912 0 
7 1 0.049838 0.271943 0.003467 0.422915 0.414912 0 
