2 0 0.034016 0.424427 0.002275 0.377266 0.634649 0 
2 0.021277 0.034556 0.385451 0.002358 0.356292 0.636404 0 
2 0.042553 0.036808 0.367004 0.002526 0.406525 0.54386 1 
2 0.06383 0.036358 0.333234 0.002486 0.389177 0.591667 1 
2 0.085106 0.033265 0.297233 0.00227 0.356033 0.652632 0 
2 0.106383 0.033025 0.264951 0.002214 0.319524 0.72193 0 
2 0.12766 0.033025 0.237132 0.002221 0.284568 0.788596 0 
2 0.148936 0.031374 0.216602 0.002104 0.25971 0.80307 0 
2 0.170213 0.031914 0.212586 0.002104 0.233299 0.762719 0 
2 0.191489 0.032815 0.219578 0.002216 0.213879 0.76886 0 
2 0.212766 0.032395 0.258108 0.002227 0.221647 0.765789 0 
2 0.234043 0.033175 0.316424 0.00225 0.249612 0.757456 0 
2 0.255319 0.035577 0.442725 0.002383 0.323666 0.619298 1 
2 0.276596 0.041882 0.577507 0.002912 0.411445 0.523684 1 
2 0.297872 0.053891 0.609342 0.003743 0.470223 0.447807 1 
2 0.319149 0.117719 0.688188 0.008224 0.565769 0.416228 1 
2 0.340426 0.113246 0.714519 0.007786 0.619886 0.378509 1 
2 0.361702 0.076228 0.69875 0.005305 0.64319 0.331579 1 
2 0.382979 0.095863 0.720173 0.006635 0.666235 0.337719 1 
2 0.404255 0.07872 0.721214 0.005451 0.670637 0.34386 1 
2 0.425532 0.071845 0.692205 0.004958 0.673485 0.350877 1 
2 0.446809 0.07833 0.665129 0.005415 0.670378 0.352632 1 
2 0.468085 0.068242 0.637013 0.004744 0.669342 0.330702 1 
2 0.489362 0.066501 0.610384 0.004657 0.671414 0.260526 1 
2 0.510638 0.06623 0.60116 0.004645 0.666753 0.288158 1 
2 0.531915 0.069923 0.591193 0.004917 0.690057 0.235965 1 
2 0.553191 0.07941 0.582118 0.005617 0.714915 0.185526 1 
2 0.574468 0.070434 0.578846 0.005164 0.720093 0.177632 1 
2 0.595745 0.075988 0.56873 0.005544 0.699637 0.136842 1 
2 0.617021 0.06542 0.560101 0.00479 0.68928 0.176754 1 
2 0.638298 0.063919 0.563523 0.004518 0.672708 0.211404 1 
2 0.659574 0.062898 0.584796 0.004414 0.674521 0.194298 1 
2 0.680851 0.071064 0.617227 0.004967 0.673226 0.204386 1 
2 0.702128 0.067401 0.669295 0.00468 0.691093 0.198246 1 
2 0.723404 0.074006 0.725826 0.005118 0.711548 0.218421 1 
2 0.744681 0.096103 0.801547 0.006653 0.735629 0.262719 1 
2 0.765957 0.077459 0.813895 0.005345 0.721647 0.313158 1 
2 0.787234 0.06524 0.782654 0.004489 0.675557 0.373246 1 
2 0.808511 0.042092 0.746058 0.002898 0.631279 0.409211 0 
2 0.829787 0.050468 0.711544 0.003488 0.592957 0.428947 0 
2 0.851064 0.041071 0.682981 0.002838 0.559555 0.485526 0 
2 0.87234 0.041612 0.656352 0.002881 0.540911 0.483333 0 
2 0.893617 0.03906 0.602499 0.002713 0.507509 0.525877 0 
2 0.914894 0.036388 0.543439 0.00252 0.45883 0.55614 0 
2 0.93617 0.035397 0.571854 0.002447 0.43449 0.578509 0 
2 0.957447 0.033596 0.567986 0.00232 0.410927 0.620175 0 
2 0.978723 0.036958 0.563374 0.002572 0.492491 0.462281 0 
2 1 0.03984 0.555341 0.002775 0.494303 0.482456 0 
