1 0 0.046655 0.24219 0.003467 0.422915 0.414912 0 
1 0.021277 0.044134 0.202172 0.003467 0.422915 0.414912 0 
1 0.042553 0.043923 0.162898 0.003467 0.422915 0.414912 0 
1 0.06383 0.043383 0.144154 0.003467 0.422915 0.414912 0 
1 0.085106 0.043383 0.126599 0.003467 0.422915 0.414912 0 
1 0.106383 0.043383 0.108599 0.003467 0.422915 0.414912 0 
1 0.12766 0.043383 0.106813 0.003467 0.422915 0.414912 0 
1 0.148936 0.043383 0.113508 0.003467 0.422915 0.414912 0 
1 0.170213 0.044134 0.148616 0.003467 0.422915 0.414912 0 
1 0.191489 0.044884 0.193246 0.003467 0.422915 0.414912 0 
1 0.212766 0.046505 0.26986 0.003467 0.422915 0.414912 0 
1 0.234043 0.048757 0.35778 0.003467 0.422915 0.414912 0 
1 0.255319 0.061307 0.38798 0.003467 0.422915 0.414912 1 
1 0.276596 0.049538 0.444511 0.003467 0.422915 0.414912 0 
1 0.297872 0.051039 0.469949 0.003467 0.422915 0.414912 0 
1 0.319149 0.055032 0.493752 0.003467 0.422915 0.414912 0 
1 0.340426 0.067581 0.544481 0.003467 0.422915 0.414912 1 
1 0.361702 0.073856 0.574234 0.003467 0.422915 0.414912 1 
1 0.382979 0.076168 0.565457 0.003467 0.422915 0.414912 1 
1 0.404255 0.067581 0.547754 0.003467 0.422915 0.414912 1 
1 0.425532 0.067581 0.548349 0.003467 0.422915 0.414912 1 
1 0.446809 0.061307 0.546117 0.003467 0.422915 0.414912 1 
1 0.468085 0.061307 0.546415 0.003467 0.422915 0.414912 1 
1 0.489362 0.061307 0.548795 0.003467 0.422915 0.414912 1 
1 0.510638 0.061307 0.550431 0.003467 0.422915 0.414912 1 
1 0.531915 0.061307 0.5482 0.003467 0.422915 0.414912 1 
1 0.553191 0.057043 0.545076 0.003467 0.422915 0.414912 0 
1 0.574468 0.057043 0.533918 0.003467 0.422915 0.414912 0 
1 0.595745 0.057043 0.527373 0.003467 0.422915 0.414912 0 
1 0.617021 0.057043 0.528414 0.003467 0.422915 0.414912 0 
1 0.638298 0.054041 0.527968 0.003467 0.422915 0.414912 0 
1 0.659574 0.055032 0.534662 0.003467 0.422915 0.414912 0 
1 0.680851 0.055032 0.520232 0.003467 0.422915 0.414912 0 
1 0.702128 0.051039 0.499851 0.003467 0.422915 0.414912 0 
1 0.723404 0.049538 0.475305 0.003467 0.422915 0.414912 0 
1 0.744681 0.049538 0.457453 0.003467 0.422915 0.414912 0 
1 0.765957 0.049538 0.447635 0.003467 0.422915 0.414912 0 
1 0.787234 0.061307 0.458346 0.003467 0.422915 0.414912 1 
1 0.808511 0.048757 0.445552 0.003467 0.422915 0.414912 0 
1 0.829787 0.046505 0.429485 0.003467 0.422915 0.414912 0 
1 0.851064 0.044884 0.389467 0.003467 0.422915 0.414912 0 
1 0.87234 0.044884 0.359417 0.003467 0.422915 0.414912 0 
1 0.893617 0.045334 0.377864 0.003467 0.422915 0.414912 0 
1 0.914894 0.045334 0.401666 0.003467 0.422915 0.414912 0 
1 0.93617 0.048037 0.421154 0.003467 0.422915 0.414912 0 
1 0.957447 0.046505 0.420708 0.003467 0.422915 0.414912 0 
1 0.978723 0.046505 0.409402 0.003467 0.422915 0.414912 0 
1 1 0.045334 0.383814 0.003467 0.422915 0.414912 0 
