4 0 0.097574 0.541952 0.003467 0.422915 0.414912 1 
4 0.021277 0.097574 0.520976 0.003467 0.422915 0.414912 1 
4 0.042553 0.090068 0.501041 0.003467 0.422915 0.414912 1 
4 0.06383 0.090068 0.443023 0.003467 0.422915 0.414912 1 
4 0.085106 0.071304 0.380542 0.003467 0.422915 0.414912 1 
4 0.106383 0.060496 0.332193 0.003467 0.422915 0.414912 0 
4 0.12766 0.050168 0.281166 0.003467 0.422915 0.414912 0 
4 0.148936 0.050168 0.244719 0.003467 0.422915 0.414912 0 
4 0.170213 0.050318 0.227313 0.003467 0.422915 0.414912 0 
4 0.191489 0.059926 0.216305 0.003467 0.422915 0.414912 0 
4 0.212766 0.060496 0.245165 0.003467 0.422915 0.414912 0 
4 0.234043 0.060496 0.295448 0.003467 0.422915 0.414912 0 
4 0.255319 0.081002 0.411336 0.003467 0.422915 0.414912 1 
4 0.276596 0.081002 0.528563 0.003467 0.422915 0.414912 1 
4 0.297872 0.075567 0.558614 0.003467 0.422915 0.414912 1 
4 0.319149 0.051099 0.633442 0.003467 0.422915 0.414912 0 
4 0.340426 0.050318 0.64817 0.003467 0.422915 0.414912 0 
4 0.361702 0.045034 0.635525 0.003467 0.422915 0.414912 0 
4 0.382979 0.050318 0.661857 0.003467 0.422915 0.414912 0 
4 0.404255 0.045995 0.666468 0.003467 0.422915 0.414912 0 
4 0.425532 0.050318 0.6446 0.003467 0.422915 0.414912 0 
4 0.446809 0.050318 0.612318 0.003467 0.422915 0.414912 0 
4 0.468085 0.051099 0.594763 0.003467 0.422915 0.414912 0 
4 0.489362 0.081002 0.588069 0.003467 0.422915 0.414912 1 
4 0.510638 0.081002 0.580482 0.003467 0.422915 0.414912 1 
4 0.531915 0.081932 0.573788 0.003467 0.422915 0.414912 1 
4 0.553191 0.081932 0.57349 0.003467 0.422915 0.414912 1 
4 0.574468 0.088567 0.563225 0.003467 0.422915 0.414912 1 
4 0.595745 0.081932 0.552365 0.003467 0.422915 0.414912 1 
4 0.617021 0.081932 0.545968 0.003467 0.422915 0.414912 1 
4 0.638298 0.082833 0.53734 0.003467 0.422915 0.414912 1 
4 0.659574 0.081932 0.551919 0.003467 0.422915 0.414912 1 
4 0.680851 0.088567 0.57587 0.003467 0.422915 0.414912 1 
4 0.702128 0.088567 0.609789 0.003467 0.422915 0.414912 1 
4 0.723404 0.10505 0.68075 0.003467 0.422915 0.414912 1 
4 0.744681 0.106341 0.803332 0.003467 0.422915 0.414912 1 
4 0.765957 0.113937 0.836358 0.003467 0.422915 0.414912 1 
4 0.787234 0.10505 0.827581 0.003467 0.422915 0.414912 1 
4 0.808511 0.090068 0.802142 0.003467 0.422915 0.414912 1 
4 0.829787 0.088567 0.775811 0.003467 0.422915 0.414912 1 
4 0.851064 0.11889 0.755132 0.003467 0.422915 0.414912 1 
4 0.87234 0.090068 0.727908 0.003467 0.422915 0.414912 1 
4 0.893617 0.088567 0.66751 0.003467 0.422915 0.414912 1 
4 0.914894 0.075057 0.599226 0.003467 0.422915 0.414912 0 
4 0.93617 0.090068 0.623624 0.003467 0.422915 0.414912 1 
4 0.957447 0.088567 0.611128 0.003467 0.422915 0.414912 1 
4 0.978723 0.081002 0.605177 0.003467 0.422915 0.414912 1 
4 1 0.081002 0.598483 0.003467 0.422915 0.414912 1 
