5 0 0.082112 0.409551 0.003467 0.422915 0.414912 1 
5 0.021277 0.082112 0.387087 0.003467 0.422915 0.414912 1 
5 0.042553 0.057644 0.363434 0.003467 0.422915 0.414912 0 
5 0.06383 0.047076 0.300803 0.003467 0.422915 0.414912 0 
5 0.085106 0.06641 0.244273 0.003467 0.422915 0.414912 0 
5 0.106383 0.067792 0.205742 0.003467 0.422915 0.414912 0 
5 0.12766 0.067221 0.169444 0.003467 0.422915 0.414912 0 
5 0.148936 0.06641 0.14936 0.003467 0.422915 0.414912 0 
5 0.170213 0.046085 0.139839 0.003467 0.422915 0.414912 0 
5 0.191489 0.046085 0.142368 0.003467 0.422915 0.414912 0 
5 0.212766 0.057043 0.173163 0.003467 0.422915 0.414912 0 
5 0.234043 0.06641 0.212734 0.003467 0.422915 0.414912 0 
5 0.255319 0.06641 0.299613 0.003467 0.422915 0.414912 0 
5 0.276596 0.057043 0.387087 0.003467 0.422915 0.414912 0 
5 0.297872 0.049117 0.392443 0.003467 0.422915 0.414912 0 
5 0.319149 0.082323 0.453139 0.003467 0.422915 0.414912 1 
5 0.340426 0.082323 0.477834 0.003467 0.422915 0.414912 1 
5 0.361702 0.089438 0.484975 0.003467 0.422915 0.414912 1 
5 0.382979 0.10496 0.530646 0.003467 0.422915 0.414912 1 
5 0.404255 0.10496 0.541059 0.003467 0.422915 0.414912 1 
5 0.425532 0.097934 0.529307 0.003467 0.422915 0.414912 1 
5 0.446809 0.100877 0.519786 0.003467 0.422915 0.414912 1 
5 0.468085 0.089438 0.510711 0.003467 0.422915 0.414912 1 
5 0.489362 0.100877 0.507885 0.003467 0.422915 0.414912 1 
5 0.510638 0.084664 0.497769 0.003467 0.422915 0.414912 1 
5 0.531915 0.057043 0.489586 0.003467 0.422915 0.414912 0 
5 0.553191 0.055182 0.485719 0.003467 0.422915 0.414912 0 
5 0.574468 0.055062 0.466974 0.003467 0.422915 0.414912 0 
5 0.595745 0.057043 0.475156 0.003467 0.422915 0.414912 0 
5 0.617021 0.082323 0.464743 0.003467 0.422915 0.414912 1 
5 0.638298 0.082323 0.456412 0.003467 0.422915 0.414912 1 
5 0.659574 0.082323 0.455668 0.003467 0.422915 0.414912 1 
5 0.680851 0.082323 0.457156 0.003467 0.422915 0.414912 1 
5 0.702128 0.057043 0.457453 0.003467 0.422915 0.414912 0 
5 0.723404 0.057043 0.452098 0.003467 0.422915 0.414912 0 
5 0.744681 0.049117 0.447337 0.003467 0.422915 0.414912 0 
5 0.765957 0.082323 0.45537 0.003467 0.422915 0.414912 1 
5 0.787234 0.082323 0.47828 0.003467 0.422915 0.414912 1 
5 0.808511 0.049117 0.450907 0.003467 0.422915 0.414912 0 
5 0.829787 0.047076 0.414609 0.003467 0.422915 0.414912 0 
5 0.851064 0.057043 0.398096 0.003467 0.422915 0.414912 0 
5 0.87234 0.073976 0.373698 0.003467 0.422915 0.414912 1 
5 0.893617 0.049117 0.337102 0.003467 0.422915 0.414912 0 
5 0.914894 0.047076 0.312853 0.003467 0.422915 0.414912 0 
5 0.93617 0.089438 0.368789 0.003467 0.422915 0.414912 1 
5 0.957447 0.089438 0.400774 0.003467 0.422915 0.414912 1 
5 0.978723 0.060046 0.424427 0.003467 0.422915 0.414912 0 
5 1 0.057043 0.415055 0.003467 0.422915 0.414912 0 
