3 0 0.02681 0.373401 0.001811 0.261264 0.484211 0 
3 0.021277 0.02642 0.318358 0.001778 0.24029 0.513596 0 
3 0.042553 0.027891 0.260042 0.001882 0.295702 0.420175 0 
3 0.06383 0.028041 0.217941 0.001886 0.27188 0.429825 0 
3 0.085106 0.02621 0.171229 0.001757 0.227602 0.467982 0 
3 0.106383 0.02591 0.151294 0.001732 0.187727 0.483772 0 
3 0.12766 0.025039 0.138054 0.001678 0.14811 0.49693 0 
3 0.148936 0.024769 0.142517 0.001658 0.130761 0.515351 0 
3 0.170213 0.024979 0.163642 0.00167 0.119627 0.564035 0 
3 0.191489 0.025579 0.207676 0.001703 0.121958 0.621491 0 
3 0.212766 0.02651 0.286224 0.001764 0.13594 0.617544 0 
3 0.234043 0.028281 0.368492 0.001888 0.151735 0.603947 0 
3 0.255319 0.0269 0.3795 0.001795 0.187727 0.612281 0 
3 0.276596 0.028522 0.444362 0.001915 0.221388 0.583772 0 
3 0.297872 0.028071 0.466379 0.001876 0.192128 0.688596 0 
3 0.319149 0.028221 0.47828 0.001884 0.190575 0.654825 0 
3 0.340426 0.029152 0.523207 0.001961 0.208959 0.629386 0 
3 0.361702 0.030833 0.544332 0.002073 0.217504 0.640789 1 
3 0.382979 0.050618 0.53853 0.00339 0.215173 0.68114 1 
3 0.404255 0.050228 0.520678 0.003332 0.214915 0.647807 1 
3 0.425532 0.044704 0.514728 0.002987 0.211031 0.632895 1 
3 0.446809 0.043473 0.511455 0.002925 0.205334 0.638158 1 
3 0.468085 0.043953 0.501934 0.003035 0.20145 0.653509 1 
3 0.489362 0.040591 0.495537 0.002715 0.190575 0.668421 1 
3 0.510638 0.03888 0.494049 0.002601 0.184619 0.655702 1 
3 0.531915 0.030323 0.480214 0.002027 0.175557 0.696491 0 
3 0.553191 0.029362 0.474115 0.001959 0.167789 0.675 0 
3 0.574468 0.028912 0.464296 0.001926 0.171155 0.706579 0 
3 0.595745 0.0269 0.43975 0.001786 0.155619 0.735526 0 
3 0.617021 0.027711 0.442725 0.00184 0.160798 0.703947 0 
3 0.638298 0.027951 0.461172 0.001851 0.169342 0.742105 0 
3 0.659574 0.035277 0.474561 0.002329 0.178146 0.724561 1 
3 0.680851 0.029272 0.466082 0.001932 0.195236 0.711842 0 
3 0.702128 0.029122 0.467867 0.001917 0.203263 0.71886 0 
3 0.723404 0.028191 0.450164 0.001857 0.206111 0.734211 0 
3 0.744681 0.028011 0.439155 0.00184 0.185137 0.764035 0 
3 0.765957 0.027951 0.42889 0.001838 0.179441 0.759649 0 
3 0.787234 0.027981 0.426361 0.001845 0.193164 0.721053 0 
3 0.808511 0.027981 0.421154 0.001853 0.235888 0.658772 0 
3 0.829787 0.027111 0.404046 0.001807 0.253237 0.650877 0 
3 0.851064 0.027681 0.367301 0.001836 0.242103 0.679825 0 
3 0.87234 0.02645 0.333234 0.001749 0.222683 0.686404 0 
3 0.893617 0.027891 0.375037 0.00184 0.18436 0.776754 0 
3 0.914894 0.027201 0.383814 0.001789 0.151994 0.760088 0 
3 0.93617 0.028402 0.408063 0.001872 0.150958 0.737719 0 
3 0.957447 0.028041 0.421303 0.001845 0.159503 0.717982 0 
3 0.978723 0.034136 0.425022 0.002275 0.264371 0.542105 1 
3 1 0.028522 0.407914 0.001909 0.282237 0.560526 0 
