4 0 0.072565 0.606962 0.004807 0.501554 0.594737 0 
4 0.021277 0.063138 0.585838 0.00414 0.481616 0.632895 0 
4 0.042553 0.084514 0.550878 0.005588 0.53651 0.525439 0 
4 0.06383 0.047256 0.493603 0.003124 0.526152 0.488158 0 
4 0.085106 0.034646 0.434246 0.002289 0.486277 0.497807 0 
4 0.106383 0.048397 0.388426 0.003162 0.454687 0.550439 0 
4 0.12766 0.036208 0.339036 0.001944 0.423356 0.550439 0 
4 0.148936 0.049327 0.301845 0.001872 0.403418 0.572368 0 
4 0.170213 0.040471 0.278489 0.00199 0.389694 0.616228 0 
4 0.191489 0.068422 0.27105 0.002013 0.370792 0.660088 0 
4 0.212766 0.080041 0.300952 0.003945 0.377266 0.703947 0 
4 0.234043 0.032365 0.356293 0.002102 0.398757 0.658772 0 
4 0.255319 0.053321 0.460577 0.00354 0.474625 0.528947 0 
4 0.276596 0.058785 0.583309 0.004003 0.549456 0.40307 0 
4 0.297872 0.048757 0.646831 0.00343 0.603055 0.330702 0 
4 0.319149 0.067341 0.741744 0.004755 0.695753 0.294737 0 
4 0.340426 0.069293 0.764951 0.004852 0.74262 0.27807 0 
4 0.361702 0.073316 0.754686 0.005127 0.736147 0.276754 0 
4 0.382979 0.041341 0.762719 0.002896 0.754013 0.244298 0 
4 0.404255 0.05269 0.758108 0.003691 0.769032 0.229825 0 
4 0.425532 0.070824 0.753496 0.004948 0.753237 0.257895 0 
4 0.446809 0.07923 0.736239 0.005538 0.756862 0.257456 0 
4 0.468085 0.087216 0.727462 0.006099 0.741067 0.287719 0 
4 0.489362 0.081752 0.712734 0.005723 0.735888 0.297807 0 
4 0.510638 0.088117 0.70961 0.006165 0.727084 0.342544 0 
4 0.531915 0.071004 0.694139 0.004971 0.711807 0.305702 0 
4 0.553191 0.083193 0.681047 0.00586 0.741326 0.300877 0 
4 0.574468 0.075988 0.67346 0.005349 0.747281 0.277632 0 
4 0.595745 0.061277 0.652038 0.004327 0.739772 0.215351 0 
4 0.617021 0.0659 0.643558 0.00468 0.736406 0.191667 0 
4 0.638298 0.067731 0.637013 0.004815 0.725531 0.232456 0 
4 0.659574 0.072835 0.66022 0.005174 0.729674 0.26886 0 
4 0.680851 0.081512 0.701577 0.005785 0.733558 0.307895 0 
4 0.702128 0.121382 0.775216 0.0086 0.76204 0.357456 1 
4 0.723404 0.205957 0.879649 0.014422 0.81305 0.362281 1 
4 0.744681 0.338747 0.960875 0.023332 0.857328 0.325 1 
4 0.765957 0.272757 0.956263 0.018608 0.825479 0.344298 1 
4 0.787234 0.150384 0.933056 0.010158 0.768773 0.383772 1 
4 0.808511 0.07845 0.889467 0.005334 0.72087 0.377632 0 
4 0.829787 0.070884 0.858078 0.004855 0.684878 0.40307 0 
4 0.851064 0.069233 0.837251 0.00474 0.651994 0.416667 0 
4 0.87234 0.069953 0.800952 0.004771 0.624547 0.462719 0 
4 0.893617 0.072685 0.750223 0.004956 0.600466 0.489474 0 
4 0.914894 0.038339 0.679262 0.002617 0.552046 0.483333 0 
4 0.93617 0.063829 0.685957 0.004317 0.520715 0.610088 0 
4 0.957447 0.034706 0.664534 0.00232 0.490678 0.545175 0 
4 0.978723 0.045154 0.642666 0.003033 0.552563 0.547807 0 
4 1 0.064219 0.626153 0.004287 0.542465 0.565351 0 
