4 0 0.074186 0.396906 0.003467 0.422915 0.414912 0 
4 0.021277 0.074457 0.38188 0.003467 0.422915 0.414912 0 
4 0.042553 0.054732 0.352871 0.003467 0.422915 0.414912 0 
4 0.06383 0.047076 0.289051 0.003467 0.422915 0.414912 0 
4 0.085106 0.047076 0.232818 0.003467 0.422915 0.414912 0 
4 0.106383 0.043653 0.197263 0.003467 0.422915 0.414912 0 
4 0.12766 0.040501 0.16632 0.003467 0.422915 0.414912 0 
4 0.148936 0.040501 0.146236 0.003467 0.422915 0.414912 0 
4 0.170213 0.040801 0.137459 0.003467 0.422915 0.414912 0 
4 0.191489 0.045575 0.136715 0.003467 0.422915 0.414912 0 
4 0.212766 0.047076 0.159774 0.003467 0.422915 0.414912 0 
4 0.234043 0.047076 0.197263 0.003467 0.422915 0.414912 0 
4 0.255319 0.073526 0.29753 0.003467 0.422915 0.414912 1 
4 0.276596 0.081542 0.381583 0.003467 0.422915 0.414912 1 
4 0.297872 0.046085 0.3795 0.003467 0.422915 0.414912 0 
4 0.319149 0.081542 0.434097 0.003467 0.422915 0.414912 1 
4 0.340426 0.081542 0.464296 0.003467 0.422915 0.414912 1 
4 0.361702 0.057644 0.469652 0.003467 0.422915 0.414912 0 
4 0.382979 0.10508 0.514877 0.003467 0.422915 0.414912 1 
4 0.404255 0.10508 0.524249 0.003467 0.422915 0.414912 1 
4 0.425532 0.099706 0.513091 0.003467 0.422915 0.414912 1 
4 0.446809 0.089198 0.497917 0.003467 0.422915 0.414912 1 
4 0.468085 0.089198 0.491669 0.003467 0.422915 0.414912 1 
4 0.489362 0.082112 0.486611 0.003467 0.422915 0.414912 1 
4 0.510638 0.082112 0.480958 0.003467 0.422915 0.414912 1 
4 0.531915 0.081542 0.476198 0.003467 0.422915 0.414912 1 
4 0.553191 0.082112 0.473966 0.003467 0.422915 0.414912 1 
4 0.574468 0.081542 0.461024 0.003467 0.422915 0.414912 1 
4 0.595745 0.057644 0.458792 0.003467 0.422915 0.414912 0 
4 0.617021 0.057644 0.445254 0.003467 0.422915 0.414912 0 
4 0.638298 0.057644 0.437072 0.003467 0.422915 0.414912 0 
4 0.659574 0.057644 0.453436 0.003467 0.422915 0.414912 0 
4 0.680851 0.081542 0.461619 0.003467 0.422915 0.414912 1 
4 0.702128 0.082112 0.473371 0.003467 0.422915 0.414912 1 
4 0.723404 0.081542 0.481851 0.003467 0.422915 0.414912 1 
4 0.744681 0.081542 0.504612 0.003467 0.422915 0.414912 1 
4 0.765957 0.099706 0.519935 0.003467 0.422915 0.414912 1 
4 0.787234 0.082112 0.518447 0.003467 0.422915 0.414912 1 
4 0.808511 0.073526 0.493603 0.003467 0.422915 0.414912 1 
4 0.829787 0.047076 0.464743 0.003467 0.422915 0.414912 0 
4 0.851064 0.081542 0.449717 0.003467 0.422915 0.414912 1 
4 0.87234 0.057644 0.426212 0.003467 0.422915 0.414912 0 
4 0.893617 0.049117 0.387087 0.003467 0.422915 0.414912 0 
4 0.914894 0.049117 0.35183 0.003467 0.422915 0.414912 0 
4 0.93617 0.089198 0.401369 0.003467 0.422915 0.414912 1 
4 0.957447 0.089198 0.417733 0.003467 0.422915 0.414912 1 
4 0.978723 0.089198 0.427551 0.003467 0.422915 0.414912 1 
4 1 0.057644 0.426807 0.003467 0.422915 0.414912 0 
