6 0 0.081992 0.433502 0.005552 0.465044 0.482018 1 
6 0.021277 0.065029 0.417435 0.004379 0.428017 0.507018 1 
6 0.042553 0.071214 0.38069 0.004817 0.481616 0.416667 1 
6 0.06383 0.059055 0.329217 0.00399 0.451838 0.458333 1 
6 0.085106 0.046145 0.275067 0.003089 0.399793 0.525877 0 
6 0.106383 0.048487 0.235793 0.003209 0.351631 0.591667 0 
6 0.12766 0.043263 0.195775 0.002844 0.307872 0.597368 0 
6 0.148936 0.041281 0.174204 0.002715 0.267478 0.666667 0 
6 0.170213 0.041552 0.168551 0.002715 0.248317 0.663596 0 
6 0.191489 0.042032 0.172121 0.002744 0.243915 0.680263 0 
6 0.212766 0.041942 0.193544 0.002744 0.248835 0.65614 0 
6 0.234043 0.045034 0.244868 0.002958 0.279648 0.665789 0 
6 0.255319 0.067972 0.329961 0.004466 0.360176 0.619737 1 
6 0.276596 0.09154 0.41803 0.006005 0.440445 0.542105 1 
6 0.297872 0.053381 0.407022 0.003544 0.467115 0.478947 1 
6 0.319149 0.080341 0.464296 0.005282 0.519938 0.504386 1 
6 0.340426 0.086406 0.48438 0.00565 0.549974 0.485526 1 
6 0.361702 0.085865 0.494496 0.005619 0.543501 0.516228 1 
6 0.382979 0.090909 0.541803 0.005947 0.560849 0.519737 1 
6 0.404255 0.148973 0.549688 0.00978 0.549456 0.528509 1 
6 0.425532 0.144049 0.541357 0.00958 0.560849 0.472368 1 
6 0.446809 0.137264 0.529009 0.009127 0.55826 0.488596 1 
6 0.468085 0.138826 0.523802 0.009248 0.561367 0.487719 1 
6 0.489362 0.086406 0.512943 0.005744 0.557483 0.454386 1 
6 0.510638 0.088477 0.50967 0.005858 0.549456 0.439035 1 
6 0.531915 0.088357 0.499256 0.005816 0.539099 0.447368 1 
6 0.553191 0.090639 0.493603 0.00598 0.552563 0.464912 1 
6 0.574468 0.090159 0.491223 0.005943 0.544795 0.441228 1 
6 0.595745 0.089918 0.480958 0.005914 0.540653 0.432895 1 
6 0.617021 0.085865 0.469801 0.005654 0.529777 0.455263 1 
6 0.638298 0.085775 0.454329 0.005677 0.522527 0.478509 1 
6 0.659574 0.057914 0.4518 0.003847 0.506473 0.433333 0 
6 0.680851 0.050378 0.449866 0.003376 0.515795 0.391667 0 
6 0.702128 0.047556 0.443618 0.003222 0.519161 0.325 0 
6 0.723404 0.042873 0.43856 0.002931 0.532108 0.284649 0 
6 0.744681 0.044704 0.443916 0.00307 0.544278 0.284649 0 
6 0.765957 0.043683 0.462065 0.002995 0.540135 0.325 0 
6 0.787234 0.042722 0.489586 0.002921 0.536251 0.284211 0 
6 0.808511 0.041852 0.468908 0.002877 0.541688 0.260965 0 
6 0.829787 0.041702 0.439899 0.002865 0.51709 0.289035 0 
6 0.851064 0.040201 0.427105 0.002744 0.489125 0.302632 0 
6 0.87234 0.04008 0.417138 0.002732 0.467892 0.314035 0 
6 0.893617 0.029452 0.388129 0.002002 0.410927 0.349123 0 
6 0.914894 0.030263 0.353764 0.00205 0.381926 0.342544 0 
6 0.93617 0.048697 0.419518 0.003292 0.367685 0.477193 0 
6 0.957447 0.044644 0.457156 0.003029 0.367685 0.433333 0 
6 0.978723 0.076318 0.461767 0.005226 0.4855 0.381579 1 
6 1 0.069323 0.453436 0.004732 0.47825 0.407018 1 
