1 0 0.130299 0.441238 0.008496 0.413257 0.629386 0 
1 0.021277 0.030954 0.390955 0.002002 0.385552 0.618421 0 
1 0.042553 0.085145 0.352871 0.004869 0.436302 0.496053 0 
1 0.06383 0.031494 0.307944 0.002059 0.417659 0.544737 0 
1 0.085106 0.033205 0.260934 0.001624 0.369498 0.558772 0 
1 0.106383 0.030533 0.225528 0.001971 0.336872 0.590351 0 
1 0.12766 0.028612 0.191461 0.001865 0.306318 0.640351 0 
1 0.148936 0.02597 0.163791 0.001691 0.276023 0.683333 0 
1 0.170213 0.028912 0.146534 0.001878 0.245728 0.693421 0 
1 0.191489 0.028522 0.140881 0.001849 0.227861 0.717982 0 
1 0.212766 0.027321 0.141476 0.00177 0.206111 0.750877 0 
1 0.234043 0.02603 0.151145 0.001687 0.195495 0.743421 0 
1 0.255319 0.025489 0.171526 0.001649 0.185655 0.740351 0 
1 0.276596 0.027081 0.197263 0.001755 0.191869 0.742982 0 
1 0.297872 0.022877 0.228503 0.001477 0.169601 0.763596 0 
1 0.319149 0.027531 0.288753 0.001167 0.182807 0.788158 0 
1 0.340426 0.028492 0.363285 0.00184 0.217245 0.758333 0 
1 0.361702 0.029092 0.430527 0.001876 0.251942 0.654825 0 
1 0.382979 0.029122 0.486462 0.001884 0.282755 0.690351 0 
1 0.404255 0.046295 0.511901 0.001971 0.302434 0.687719 0 
1 0.425532 0.043863 0.528265 0.002275 0.311238 0.700877 0 
1 0.446809 0.05254 0.523207 0.002316 0.323666 0.700877 0 
1 0.468085 0.043323 0.511157 0.002241 0.327292 0.72193 0 
1 0.489362 0.045635 0.500744 0.002275 0.33506 0.700877 0 
1 0.510638 0.03948 0.490628 0.00231 0.33506 0.714912 0 
1 0.531915 0.043743 0.469057 0.002275 0.352149 0.692544 0 
1 0.553191 0.028972 0.449569 0.001851 0.365096 0.599561 0 
1 0.574468 0.029723 0.433799 0.001897 0.354738 0.59386 0 
1 0.595745 0.028942 0.420411 0.001849 0.339979 0.65 0 
1 0.617021 0.028942 0.41327 0.001851 0.341792 0.630263 0 
1 0.638298 0.029332 0.407617 0.001876 0.352926 0.593421 0 
1 0.659574 0.030773 0.426807 0.001971 0.389694 0.629386 0 
1 0.680851 0.031704 0.44942 0.002034 0.41015 0.665351 0 
1 0.702128 0.046986 0.522612 0.003039 0.443811 0.614912 0 
1 0.723404 0.036057 0.588367 0.00236 0.500777 0.546491 0 
1 0.744681 0.03915 0.643261 0.002586 0.544537 0.496053 0 
1 0.765957 0.037559 0.647426 0.002489 0.548938 0.52807 0 
1 0.787234 0.035337 0.621095 0.002329 0.526152 0.513596 0 
1 0.808511 0.030563 0.597888 0.002009 0.499741 0.464035 0 
1 0.829787 0.030173 0.570961 0.001965 0.474107 0.478509 0 
1 0.851064 0.030833 0.552217 0.002009 0.455722 0.542544 0 
1 0.87234 0.029753 0.52648 0.001934 0.433195 0.499561 0 
1 0.893617 0.028942 0.499107 0.001878 0.404454 0.559649 0 
1 0.914894 0.028942 0.453139 0.001878 0.382703 0.597368 0 
1 0.93617 0.028942 0.470098 0.001456 0.36406 0.616228 0 
1 0.957447 0.028942 0.452693 0.00182 0.352408 0.616228 0 
1 0.978723 0.027261 0.439601 0.001764 0.403159 0.511842 0 
1 1 0.027231 0.41446 0.001764 0.388659 0.557456 0 
