1 0 0.02621 0.254984 0.001762 0.310461 0.64693 0 
1 0.021277 0.02621 0.21928 0.001755 0.275246 0.697807 0 
1 0.042553 0.02681 0.191312 0.001807 0.311756 0.521053 0 
1 0.06383 0.02678 0.163047 0.001805 0.278871 0.598246 0 
1 0.085106 0.02636 0.128236 0.00177 0.238477 0.630263 0 
1 0.106383 0.024439 0.098929 0.001639 0.202227 0.630702 0 
1 0.12766 0.020115 0.077804 0.001348 0.15303 0.693421 0 
1 0.148936 0.018614 0.066349 0.001242 0.134904 0.722807 0 
1 0.170213 0.018014 0.065605 0.001138 0.115743 0.748684 0 
1 0.191489 0.017623 0.066796 0.001122 0.108234 0.751316 0 
1 0.212766 0.017804 0.069771 0.000935 0.101502 0.756579 0 
1 0.234043 0.020716 0.08316 0.000868 0.095287 0.734649 0 
1 0.255319 0.021406 0.101904 0.000885 0.102796 0.734649 0 
1 0.276596 0.02621 0.141476 0.001286 0.128172 0.712719 0 
1 0.297872 0.02648 0.185361 0.001552 0.134127 0.712719 0 
1 0.319149 0.0269 0.237281 0.00135 0.150181 0.712719 1 
1 0.340426 0.027321 0.287266 0.001751 0.181253 0.712719 1 
1 0.361702 0.027711 0.318209 0.001683 0.205852 0.712719 1 
1 0.382979 0.027951 0.333234 0.00182 0.22579 0.707895 1 
1 0.404255 0.027891 0.335019 0.001863 0.237701 0.665351 1 
1 0.425532 0.028041 0.342458 0.00188 0.249612 0.646053 1 
1 0.446809 0.028011 0.343053 0.001878 0.260228 0.641228 1 
1 0.468085 0.027441 0.339482 0.001778 0.271362 0.712719 1 
1 0.489362 0.027831 0.331747 0.001454 0.272398 0.712719 1 
1 0.510638 0.027591 0.326688 0.001624 0.272657 0.721491 1 
1 0.531915 0.027291 0.315829 0.001552 0.264889 0.734649 1 
1 0.553191 0.027561 0.310027 0.001838 0.27188 0.699561 1 
1 0.574468 0.02681 0.306754 0.001784 0.263853 0.745175 1 
1 0.595745 0.027831 0.30125 0.001857 0.255308 0.663158 1 
1 0.617021 0.028161 0.304225 0.001886 0.255049 0.627632 1 
1 0.638298 0.027951 0.3072 0.001876 0.268773 0.610088 1 
1 0.659574 0.033896 0.312407 0.002279 0.279648 0.59693 1 
1 0.680851 0.028221 0.299167 0.001897 0.278094 0.592544 1 
1 0.702128 0.028221 0.310027 0.001903 0.288193 0.586842 1 
1 0.723404 0.028462 0.319101 0.001921 0.289746 0.591667 1 
1 0.744681 0.028372 0.327284 0.001911 0.274728 0.611842 1 
1 0.765957 0.028822 0.351384 0.00194 0.267478 0.644737 1 
1 0.787234 0.029182 0.383814 0.001965 0.269291 0.610965 1 
1 0.808511 0.030233 0.397352 0.002048 0.306577 0.530263 1 
1 0.829787 0.029753 0.378756 0.002015 0.304247 0.574123 1 
1 0.851064 0.029362 0.346772 0.001978 0.285085 0.604825 1 
1 0.87234 0.027711 0.308093 0.001859 0.25971 0.64386 1 
1 0.893617 0.027561 0.303332 0.001847 0.232263 0.660965 1 
1 0.914894 0.02648 0.292026 0.00177 0.210254 0.690351 0 
1 0.93617 0.028972 0.313895 0.001938 0.201709 0.692105 1 
1 0.957447 0.027561 0.29158 0.00184 0.212843 0.640789 1 
1 0.978723 0.027951 0.277596 0.00188 0.297773 0.539035 1 
1 1 0.027021 0.24338 0.00182 0.306059 0.574561 1 
