3 0 0.042963 0.326837 0.002914 0.376489 0.394737 0 
3 0.021277 0.038519 0.308837 0.002628 0.342828 0.386842 0 
3 0.042553 0.049478 0.280125 0.003382 0.400311 0.351316 1 
3 0.06383 0.038099 0.241892 0.002607 0.37131 0.325 0 
3 0.085106 0.036358 0.20485 0.002486 0.320818 0.432018 0 
3 0.106383 0.038099 0.169741 0.002561 0.273175 0.475 0 
3 0.12766 0.033025 0.142666 0.002219 0.227602 0.492105 0 
3 0.148936 0.027711 0.123475 0.001861 0.190057 0.508333 0 
3 0.170213 0.0396 0.12169 0.002636 0.16753 0.587719 0 
3 0.191489 0.031644 0.129426 0.002108 0.161056 0.601754 0 
3 0.212766 0.034316 0.152484 0.002289 0.176075 0.567982 0 
3 0.234043 0.042602 0.195478 0.002854 0.216209 0.540789 0 
3 0.255319 0.047346 0.277447 0.003216 0.308907 0.529825 1 
3 0.276596 0.061547 0.344392 0.004225 0.416882 0.341667 1 
3 0.297872 0.066921 0.357185 0.005079 0.480321 0.345614 1 
3 0.319149 0.086165 0.422493 0.006186 0.549456 0.349123 1 
3 0.340426 0.089168 0.462511 0.006219 0.579492 0.303509 1 
3 0.361702 0.090128 0.496727 0.006186 0.578457 0.276316 1 
3 0.382979 0.142909 0.555489 0.009846 0.590627 0.324561 1 
3 0.404255 0.174493 0.572746 0.012023 0.577162 0.340789 1 
3 0.425532 0.163024 0.56382 0.011225 0.577421 0.312719 1 
3 0.446809 0.139756 0.548646 0.00962 0.581564 0.333333 1 
3 0.468085 0.101507 0.545076 0.006957 0.584153 0.34693 1 
3 0.489362 0.090699 0.541208 0.006155 0.583376 0.311842 1 
3 0.510638 0.098985 0.542844 0.00672 0.588814 0.324561 1 
3 0.531915 0.089288 0.533026 0.006012 0.585966 0.315351 1 
3 0.553191 0.088807 0.517406 0.005989 0.595287 0.342105 1 
3 0.574468 0.079801 0.501041 0.005399 0.595805 0.270614 1 
3 0.595745 0.070794 0.489884 0.004809 0.589332 0.269737 1 
3 0.617021 0.063528 0.481404 0.004348 0.572501 0.378947 0 
3 0.638298 0.042272 0.471437 0.002892 0.549456 0.403947 0 
3 0.659574 0.053321 0.469206 0.003652 0.56784 0.335088 0 
3 0.680851 0.041401 0.471586 0.002875 0.602538 0.253509 0 
3 0.702128 0.074817 0.479173 0.005129 0.649404 0.20614 1 
3 0.723404 0.058905 0.48676 0.341808 0.699637 0.186404 0 
3 0.744681 0.057614 0.510562 0.011223 0.755567 0.210526 0 
3 0.765957 0.058514 0.523207 0.358386 0.793889 0.212281 0 
3 0.787234 0.089678 0.55058 0.006136 0.839461 0.047807 1 
3 0.808511 0.089738 0.517852 0.006153 0.834801 0.066667 1 
3 0.829787 0.07905 0.489289 0.005459 0.797773 0.092544 1 
3 0.851064 0.053921 0.463999 0.003762 0.755567 0.066228 0 
3 0.87234 0.059175 0.438114 0.004128 0.713102 0.142982 0 
3 0.893617 0.051399 0.404939 0.00356 0.657949 0.165789 0 
3 0.914894 0.042092 0.372806 0.002929 0.601243 0.185965 0 
3 0.93617 0.125015 0.419369 0.008631 0.534697 0.285088 1 
3 0.957447 0.043203 0.43975 0.002997 0.478767 0.299123 0 
3 0.978723 0.087486 0.451651 0.006055 0.544278 0.307456 1 
3 1 0.072805 0.449717 0.005002 0.525634 0.341228 1 
