6 0 0.059655 0.614698 0.003961 0.504402 0.616667 0 
6 0.021277 0.043173 0.595954 0.002607 0.480321 0.646491 0 
6 0.042553 0.06518 0.562928 0.00343 0.541947 0.555702 0 
6 0.06383 0.080611 0.513091 0.004111 0.523563 0.576316 1 
6 0.085106 0.072235 0.454775 0.004738 0.489643 0.581579 1 
6 0.106383 0.064609 0.405832 0.004202 0.454428 0.645175 0 
6 0.12766 0.05272 0.353764 0.003403 0.429052 0.651316 0 
6 0.148936 0.037378 0.313002 0.002011 0.406007 0.682456 0 
6 0.170213 0.031134 0.292324 0.001992 0.388918 0.737719 0 
6 0.191489 0.060556 0.284439 0.002484 0.374158 0.814035 0 
6 0.212766 0.045064 0.312853 0.002854 0.388659 0.791228 0 
6 0.234043 0.030593 0.361053 0.001969 0.404454 0.704386 0 
6 0.255319 0.076138 0.470396 0.004312 0.467374 0.652632 1 
6 0.276596 0.054612 0.593127 0.003677 0.538063 0.489912 0 
6 0.297872 0.029663 0.658435 0.002063 0.586225 0.369737 0 
6 0.319149 0.05242 0.760637 0.00365 0.671932 0.383333 0 
6 0.340426 0.045995 0.774769 0.003197 0.715432 0.351754 0 
6 0.361702 0.041161 0.766439 0.002862 0.717245 0.281579 0 
6 0.382979 0.028942 0.76391 0.002036 0.715691 0.352193 0 
6 0.404255 0.033055 0.75543 0.002322 0.704039 0.380263 0 
6 0.425532 0.043713 0.734157 0.003054 0.687468 0.430263 0 
6 0.446809 0.029663 0.702321 0.002088 0.676334 0.39693 0 
6 0.468085 0.032845 0.679113 0.002312 0.661056 0.405702 0 
6 0.489362 0.040291 0.663493 0.002846 0.644744 0.376316 0 
6 0.510638 0.032515 0.654418 0.002293 0.629726 0.392544 0 
6 0.531915 0.030413 0.63493 0.00216 0.629984 0.374123 0 
6 0.553191 0.031884 0.624517 0.002264 0.637235 0.358333 0 
6 0.574468 0.029933 0.611425 0.002127 0.628949 0.39693 0 
6 0.595745 0.028642 0.591342 0.002029 0.615225 0.417105 0 
6 0.617021 0.028372 0.581226 0.002015 0.607457 0.39386 0 
6 0.638298 0.027141 0.573936 0.001907 0.596064 0.384211 0 
6 0.659574 0.027831 0.590003 0.001946 0.586484 0.414912 0 
6 0.680851 0.029512 0.615739 0.002069 0.584671 0.452193 0 
6 0.702128 0.028852 0.669444 0.002019 0.600725 0.456579 0 
6 0.723404 0.030233 0.763612 0.002108 0.665976 0.425 0 
6 0.744681 0.035307 0.827135 0.002395 0.73796 0.422368 0 
6 0.765957 0.029963 0.835912 0.002013 0.73537 0.418421 0 
6 0.787234 0.030053 0.813746 0.002019 0.705593 0.309211 0 
6 0.808511 0.029422 0.777001 0.001986 0.661315 0.376316 0 
6 0.829787 0.029182 0.757215 0.001998 0.641636 0.347368 0 
6 0.851064 0.029092 0.729545 0.002 0.607975 0.424123 0 
6 0.87234 0.03978 0.708271 0.002732 0.591144 0.522368 0 
6 0.893617 0.037468 0.676733 0.002559 0.555153 0.548684 0 
6 0.914894 0.029903 0.627492 0.002034 0.522009 0.548684 0 
6 0.93617 0.073796 0.668402 0.004204 0.498446 0.610965 1 
6 0.957447 0.042092 0.665873 0.002177 0.486018 0.603947 1 
6 0.978723 0.084154 0.650699 0.004273 0.564733 0.594737 1 
6 1 0.055422 0.640881 0.002468 0.551528 0.617982 1 
