3 0 0.027621 0.356739 0.000841 0.338944 0.708772 0 
3 0.021277 0.028161 0.301398 0.000841 0.314345 0.708772 0 
3 0.042553 0.025489 0.247843 0.00135 0.377007 0.708772 0 
3 0.06383 0.024919 0.209759 0.00085 0.356033 0.708772 0 
3 0.085106 0.026 0.177626 0.000837 0.310202 0.708772 0 
3 0.106383 0.024048 0.158137 0.000829 0.277835 0.752632 0 
3 0.12766 0.020295 0.150402 0.000841 0.268773 0.840351 0 
3 0.148936 0.023148 0.162898 0.000841 0.262817 0.818421 0 
3 0.170213 0.021827 0.187593 0.000891 0.273692 0.840351 0 
3 0.191489 0.023688 0.22776 0.001496 0.297514 0.846491 0 
3 0.212766 0.029272 0.31687 0.001857 0.362506 0.764035 1 
3 0.234043 0.030954 0.405832 0.001965 0.43682 0.651316 1 
3 0.255319 0.028912 0.437519 0.001849 0.539099 0.548684 1 
3 0.276596 0.029993 0.490777 0.001942 0.608752 0.503509 1 
3 0.297872 0.028732 0.520083 0.001793 0.563698 0.614474 0 
3 0.319149 0.028762 0.530348 0.001747 0.550233 0.599561 0 
3 0.340426 0.030984 0.579441 0.00198 0.552305 0.675877 1 
3 0.361702 0.031044 0.589557 0.00198 0.550233 0.687719 1 
3 0.382979 0.031104 0.587623 0.00198 0.547126 0.683333 1 
3 0.404255 0.030984 0.580036 0.00198 0.557224 0.652632 1 
3 0.425532 0.030984 0.574531 0.00198 0.561626 0.664035 1 
3 0.446809 0.030803 0.585391 0.00198 0.569653 0.664035 1 
3 0.468085 0.030954 0.578102 0.00198 0.550492 0.625877 1 
3 0.489362 0.030954 0.580333 0.00198 0.548938 0.634211 1 
3 0.510638 0.030924 0.585242 0.00198 0.559814 0.630263 1 
3 0.531915 0.030833 0.581672 0.00198 0.573019 0.642544 1 
3 0.553191 0.030803 0.58673 0.00198 0.568099 0.655702 1 
3 0.574468 0.030833 0.58078 0.00198 0.573537 0.632456 1 
3 0.595745 0.030954 0.573044 0.00198 0.561367 0.615351 1 
3 0.617021 0.031014 0.576019 0.00198 0.562144 0.607895 1 
3 0.638298 0.030984 0.570366 0.00198 0.563439 0.610088 1 
3 0.659574 0.030863 0.580333 0.00198 0.571466 0.62193 1 
3 0.680851 0.029903 0.563672 0.001909 0.559037 0.598246 1 
3 0.702128 0.028882 0.545671 0.001809 0.548162 0.636404 1 
3 0.723404 0.028582 0.513091 0.001128 0.499482 0.636404 1 
3 0.744681 0.028522 0.490777 0.00085 0.449508 0.636404 1 
3 0.765957 0.028522 0.491074 0.001107 0.421802 0.636404 1 
3 0.787234 0.028522 0.496132 0.001626 0.43682 0.646053 1 
3 0.808511 0.028522 0.483338 0.001828 0.466857 0.611404 1 
3 0.829787 0.027981 0.46028 0.00178 0.449249 0.67807 0 
3 0.851064 0.024919 0.420262 0.000885 0.413516 0.680263 0 
3 0.87234 0.024919 0.38798 0.000841 0.383998 0.680263 0 
3 0.893617 0.02672 0.407468 0.000837 0.346453 0.686842 0 
3 0.914894 0.02612 0.413716 0.000827 0.313309 0.708772 0 
3 0.93617 0.028612 0.439899 0.000821 0.284568 0.708772 1 
3 0.957447 0.028522 0.440345 0.000821 0.275764 0.708772 1 
3 0.978723 0.028582 0.435138 0.00085 0.35681 0.708772 1 
3 1 0.028582 0.405534 0.000868 0.365096 0.708772 1 
