4 0 0.042692 0.528712 0.003467 0.422915 0.414912 0 
4 0.021277 0.056323 0.504165 0.003467 0.422915 0.414912 1 
4 0.042553 0.042572 0.479768 0.003467 0.422915 0.414912 0 
4 0.06383 0.042572 0.414609 0.003467 0.422915 0.414912 0 
4 0.085106 0.042422 0.356739 0.003467 0.422915 0.414912 0 
4 0.106383 0.056323 0.312407 0.003467 0.422915 0.414912 1 
4 0.12766 0.056323 0.263612 0.003467 0.422915 0.414912 1 
4 0.148936 0.042272 0.228503 0.003467 0.422915 0.414912 0 
4 0.170213 0.056173 0.210205 0.003467 0.422915 0.414912 1 
4 0.191489 0.056173 0.212288 0.003467 0.422915 0.414912 1 
4 0.212766 0.042272 0.23609 0.003467 0.422915 0.414912 0 
4 0.234043 0.056173 0.286968 0.003467 0.422915 0.414912 1 
4 0.255319 0.086075 0.390806 0.003467 0.422915 0.414912 1 
4 0.276596 0.074817 0.500893 0.003467 0.422915 0.414912 1 
4 0.297872 0.042422 0.52291 0.003467 0.422915 0.414912 0 
4 0.319149 0.042572 0.594168 0.003467 0.422915 0.414912 0 
4 0.340426 0.042572 0.612913 0.003467 0.422915 0.414912 0 
4 0.361702 0.042422 0.600417 0.003467 0.422915 0.414912 0 
4 0.382979 0.050859 0.621988 0.003467 0.422915 0.414912 1 
4 0.404255 0.050859 0.624814 0.003467 0.422915 0.414912 1 
4 0.425532 0.050859 0.600714 0.003467 0.422915 0.414912 1 
4 0.446809 0.050859 0.570663 0.003467 0.422915 0.414912 1 
4 0.468085 0.050859 0.54582 0.003467 0.422915 0.414912 1 
4 0.489362 0.050859 0.52648 0.003467 0.422915 0.414912 1 
4 0.510638 0.050859 0.513984 0.003467 0.422915 0.414912 1 
4 0.531915 0.050859 0.500298 0.003467 0.422915 0.414912 1 
4 0.553191 0.042572 0.494496 0.003467 0.422915 0.414912 0 
4 0.574468 0.050859 0.490181 0.003467 0.422915 0.414912 1 
4 0.595745 0.042572 0.481256 0.003467 0.422915 0.414912 0 
4 0.617021 0.042452 0.467272 0.003467 0.422915 0.414912 0 
4 0.638298 0.042752 0.462511 0.003467 0.422915 0.414912 0 
4 0.659574 0.042422 0.467272 0.003467 0.422915 0.414912 0 
4 0.680851 0.042422 0.484082 0.003467 0.422915 0.414912 0 
4 0.702128 0.050408 0.534216 0.003467 0.422915 0.414912 1 
4 0.723404 0.042692 0.625558 0.003467 0.422915 0.414912 0 
4 0.744681 0.042692 0.69399 0.003467 0.422915 0.414912 0 
4 0.765957 0.042572 0.689676 0.003467 0.422915 0.414912 0 
4 0.787234 0.042572 0.668997 0.003467 0.422915 0.414912 0 
4 0.808511 0.042422 0.641773 0.003467 0.422915 0.414912 0 
4 0.829787 0.042422 0.623178 0.003467 0.422915 0.414912 0 
4 0.851064 0.042572 0.613359 0.003467 0.422915 0.414912 0 
4 0.87234 0.042422 0.583309 0.003467 0.422915 0.414912 0 
4 0.893617 0.042272 0.53615 0.003467 0.422915 0.414912 0 
4 0.914894 0.042122 0.485272 0.003467 0.422915 0.414912 0 
4 0.93617 0.042572 0.521422 0.003467 0.422915 0.414912 0 
4 0.957447 0.042572 0.530794 0.003467 0.422915 0.414912 0 
4 0.978723 0.042572 0.535852 0.003467 0.422915 0.414912 0 
4 1 0.042572 0.527224 0.003467 0.422915 0.414912 0 
