3 0 0.066741 0.460726 0.004601 0.411704 0.275877 1 
3 0.021277 0.062958 0.441982 0.004331 0.387364 0.311842 1 
3 0.042553 0.069473 0.41208 0.004786 0.432677 0.218421 1 
3 0.06383 0.063678 0.362987 0.004398 0.41274 0.183772 1 
3 0.085106 0.051819 0.301696 0.003562 0.366649 0.270175 1 
3 0.106383 0.043773 0.251413 0.002997 0.320818 0.331579 0 
3 0.12766 0.033055 0.205742 0.002268 0.275505 0.326754 0 
3 0.148936 0.028221 0.171675 0.001936 0.241585 0.37807 0 
3 0.170213 0.027681 0.162005 0.001897 0.225531 0.410965 0 
3 0.191489 0.027441 0.164534 0.001876 0.209218 0.409211 0 
3 0.212766 0.027801 0.188783 0.001901 0.216209 0.414912 0 
3 0.234043 0.029482 0.237281 0.002025 0.234076 0.377632 0 
3 0.255319 0.045995 0.343945 0.003164 0.30347 0.349123 0 
3 0.276596 0.064339 0.429485 0.004404 0.38348 0.322807 1 
3 0.297872 0.05212 0.415948 0.0036 0.422838 0.256579 1 
3 0.319149 0.06575 0.470396 0.00453 0.488607 0.236842 1 
3 0.340426 0.076348 0.488991 0.005264 0.516313 0.226754 1 
3 0.361702 0.074667 0.49033 0.005154 0.520715 0.219298 1 
3 0.382979 0.084544 0.528265 0.005827 0.523304 0.240351 1 
3 0.404255 0.07938 0.538233 0.005465 0.505697 0.257018 1 
3 0.425532 0.076138 0.524398 0.005258 0.506732 0.266667 1 
3 0.446809 0.071064 0.497173 0.004917 0.517866 0.229386 1 
3 0.468085 0.069923 0.490479 0.004842 0.519938 0.200877 1 
3 0.489362 0.071725 0.492859 0.00496 0.519679 0.197807 1 
3 0.510638 0.06533 0.482148 0.004526 0.501036 0.178947 1 
3 0.531915 0.066771 0.475007 0.004564 0.498964 0.176754 1 
3 0.553191 0.066711 0.469354 0.004622 0.509581 0.161404 1 
3 0.574468 0.065029 0.464891 0.004501 0.511134 0.162719 1 
3 0.595745 0.064039 0.459685 0.004443 0.504143 0.164035 1 
3 0.617021 0.063889 0.451056 0.004445 0.495857 0.114035 1 
3 0.638298 0.059235 0.446891 0.004119 0.481357 0.135526 1 
3 0.659574 0.058905 0.451056 0.0041 0.480062 0.135965 1 
3 0.680851 0.057223 0.450461 0.003986 0.474107 0.155702 0 
3 0.702128 0.058154 0.455817 0.004057 0.481098 0.144737 0 
3 0.723404 0.060556 0.466528 0.004219 0.49508 0.179825 1 
3 0.744681 0.06641 0.488248 0.004616 0.505697 0.195614 1 
3 0.765957 0.067491 0.517406 0.004686 0.49508 0.252193 1 
3 0.787234 0.076648 0.553258 0.005312 0.505955 0.262719 1 
3 0.808511 0.070734 0.537786 0.0049 0.515536 0.235965 1 
3 0.829787 0.0659 0.508628 0.00458 0.502589 0.172368 1 
3 0.851064 0.058725 0.487057 0.004086 0.475919 0.201754 0 
3 0.87234 0.051369 0.464743 0.003573 0.451321 0.22193 0 
3 0.893617 0.047646 0.430378 0.003324 0.414552 0.187719 0 
3 0.914894 0.033836 0.392294 0.002368 0.389436 0.182018 0 
3 0.93617 0.041882 0.436328 0.002925 0.365614 0.292105 0 
3 0.957447 0.03936 0.451056 0.002748 0.347488 0.261842 0 
3 0.978723 0.046355 0.461321 0.003232 0.432418 0.238158 0 
3 1 0.05227 0.461024 0.003631 0.425945 0.269298 0 
