5 0 0.03957 0.393335 0.002665 0.352667 0.442982 0 
5 0.021277 0.033295 0.336507 0.002256 0.316675 0.47193 0 
5 0.042553 0.040831 0.282952 0.002775 0.363542 0.421491 0 
5 0.06383 0.03954 0.244273 0.002673 0.334024 0.464474 0 
5 0.085106 0.030773 0.20961 0.002073 0.278094 0.543421 0 
5 0.106383 0.025609 0.199643 0.001726 0.237183 0.585088 0 
5 0.12766 0.028822 0.194287 0.001946 0.219316 0.550439 0 
5 0.148936 0.035787 0.200833 0.002424 0.2232 0.553509 0 
5 0.170213 0.043773 0.226272 0.00296 0.23796 0.626754 0 
5 0.191489 0.045545 0.260785 0.003074 0.273175 0.595614 0 
5 0.212766 0.051849 0.332342 0.003504 0.324184 0.644298 0 
5 0.234043 0.055482 0.416245 0.003749 0.401864 0.545614 0 
5 0.255319 0.071725 0.452544 0.004911 0.509063 0.424561 0 
5 0.276596 0.076768 0.536745 0.005297 0.591921 0.366228 0 
5 0.297872 0.05314 0.591639 0.003677 0.569912 0.364035 0 
5 0.319149 0.058575 0.623921 0.004036 0.574314 0.364474 0 
5 0.340426 0.06557 0.679857 0.004501 0.58985 0.433772 0 
5 0.361702 0.094662 0.7108 0.006429 0.603314 0.402193 0 
5 0.382979 0.072955 0.724487 0.00494 0.618074 0.398684 0 
5 0.404255 0.085565 0.739661 0.005877 0.636199 0.414035 0 
5 0.425532 0.078269 0.753347 0.005268 0.649146 0.354825 0 
5 0.446809 0.183319 0.775513 0.012333 0.665717 0.355263 0 
5 0.468085 0.102048 0.783398 0.006859 0.655878 0.380263 0 
5 0.489362 0.116579 0.792324 0.007848 0.655619 0.377632 0 
5 0.510638 0.059775 0.811812 0.00555 0.653806 0.340351 0 
5 0.531915 0.107482 0.819994 0.007264 0.65769 0.368421 0 
5 0.553191 0.074156 0.815829 0.005014 0.647074 0.31886 0 
5 0.574468 0.036748 0.796935 0.004836 0.642413 0.292105 0 
5 0.595745 0.137444 0.781613 0.00936 0.629467 0.354825 0 
5 0.617021 0.102138 0.772984 0.007032 0.622475 0.374561 0 
5 0.638298 0.121082 0.768819 0.008382 0.624029 0.381579 0 
5 0.659574 0.189594 0.768521 0.013157 0.617556 0.355263 1 
5 0.680851 0.069353 0.753942 0.004807 0.5971 0.362281 0 
5 0.702128 0.069563 0.741297 0.004817 0.581564 0.35307 0 
5 0.723404 0.046595 0.706784 0.003238 0.525375 0.292982 0 
5 0.744681 0.04002 0.687295 0.00279 0.479803 0.218421 0 
5 0.765957 0.041642 0.65427 0.002906 0.431124 0.266228 0 
5 0.787234 0.035187 0.644302 0.002462 0.398239 0.314474 0 
5 0.808511 0.035457 0.659923 0.002484 0.397462 0.334649 0 
5 0.829787 0.037498 0.648914 0.00263 0.419731 0.302632 0 
5 0.851064 0.036418 0.601607 0.002547 0.40782 0.279386 0 
5 0.87234 0.035187 0.552365 0.002449 0.378301 0.327193 0 
5 0.893617 0.034526 0.563523 0.002403 0.338426 0.385088 0 
5 0.914894 0.029602 0.550431 0.002046 0.302693 0.597807 0 
5 0.93617 0.030113 0.54091 0.002054 0.287675 0.653947 0 
5 0.957447 0.030533 0.517703 0.002067 0.289487 0.669298 0 
5 0.978723 0.036538 0.489884 0.002489 0.372864 0.572807 0 
5 1 0.037378 0.448676 0.002557 0.378042 0.500877 0 
