5 0 0.058394 0.334276 0.003467 0.422915 0.414912 0 
5 0.021277 0.062748 0.273877 0.003467 0.422915 0.414912 1 
5 0.042553 0.062748 0.215412 0.003467 0.422915 0.414912 1 
5 0.06383 0.075958 0.184171 0.003467 0.422915 0.414912 1 
5 0.085106 0.075958 0.150848 0.003467 0.422915 0.414912 1 
5 0.106383 0.074787 0.130913 0.003467 0.422915 0.414912 1 
5 0.12766 0.074787 0.125112 0.003467 0.422915 0.414912 1 
5 0.148936 0.058394 0.132699 0.003467 0.422915 0.414912 0 
5 0.170213 0.058394 0.1446 0.003467 0.422915 0.414912 0 
5 0.191489 0.073856 0.181642 0.003467 0.422915 0.414912 1 
5 0.212766 0.073856 0.246504 0.003467 0.422915 0.414912 1 
5 0.234043 0.076618 0.306605 0.003467 0.422915 0.414912 1 
5 0.255319 0.058394 0.326093 0.003467 0.422915 0.414912 0 
5 0.276596 0.058394 0.381583 0.003467 0.422915 0.414912 0 
5 0.297872 0.076888 0.405534 0.003467 0.422915 0.414912 1 
5 0.319149 0.079921 0.434543 0.003467 0.422915 0.414912 1 
5 0.340426 0.062748 0.482446 0.003467 0.422915 0.414912 0 
5 0.361702 0.076618 0.50357 0.003467 0.422915 0.414912 1 
5 0.382979 0.062748 0.506397 0.003467 0.422915 0.414912 0 
5 0.404255 0.062748 0.491372 0.003467 0.422915 0.414912 0 
5 0.425532 0.062748 0.49643 0.003467 0.422915 0.414912 0 
5 0.446809 0.062748 0.492562 0.003467 0.422915 0.414912 0 
5 0.468085 0.062387 0.485719 0.003467 0.422915 0.414912 0 
5 0.489362 0.062387 0.479917 0.003467 0.422915 0.414912 0 
5 0.510638 0.060376 0.479322 0.003467 0.422915 0.414912 0 
5 0.531915 0.060376 0.474115 0.003467 0.422915 0.414912 0 
5 0.553191 0.060376 0.463255 0.003467 0.422915 0.414912 0 
5 0.574468 0.060376 0.455817 0.003467 0.422915 0.414912 0 
5 0.595745 0.060376 0.446296 0.003467 0.422915 0.414912 0 
5 0.617021 0.060376 0.445254 0.003467 0.422915 0.414912 0 
5 0.638298 0.060376 0.439899 0.003467 0.422915 0.414912 0 
5 0.659574 0.062387 0.438709 0.003467 0.422915 0.414912 0 
5 0.680851 0.062387 0.429783 0.003467 0.422915 0.414912 0 
5 0.702128 0.062748 0.419072 0.003467 0.422915 0.414912 0 
5 0.723404 0.076618 0.394674 0.003467 0.422915 0.414912 1 
5 0.744681 0.076618 0.386641 0.003467 0.422915 0.414912 1 
5 0.765957 0.062748 0.370425 0.003467 0.422915 0.414912 0 
5 0.787234 0.076618 0.363434 0.003467 0.422915 0.414912 1 
5 0.808511 0.076618 0.361351 0.003467 0.422915 0.414912 1 
5 0.829787 0.062748 0.370128 0.003467 0.422915 0.414912 0 
5 0.851064 0.058394 0.351384 0.003467 0.422915 0.414912 0 
5 0.87234 0.062748 0.324159 0.003467 0.422915 0.414912 0 
5 0.893617 0.079921 0.351532 0.003467 0.422915 0.414912 1 
5 0.914894 0.076618 0.374888 0.003467 0.422915 0.414912 1 
5 0.93617 0.076618 0.406575 0.003467 0.422915 0.414912 1 
5 0.957447 0.076618 0.407319 0.003467 0.422915 0.414912 1 
5 0.978723 0.076618 0.396459 0.003467 0.422915 0.414912 1 
5 1 0.062748 0.371467 0.003467 0.422915 0.414912 0 
