7 0 0.045785 0.21571 0.003467 0.422915 0.414912 0 
7 0.021277 0.045785 0.171229 0.003467 0.422915 0.414912 0 
7 0.042553 0.046716 0.118863 0.003467 0.422915 0.414912 1 
7 0.06383 0.042212 0.118863 0.003467 0.422915 0.414912 0 
7 0.085106 0.046716 0.073788 0.003467 0.422915 0.414912 1 
7 0.106383 0.042212 0.073788 0.003467 0.422915 0.414912 0 
7 0.12766 0.044314 0.061589 0.003467 0.422915 0.414912 0 
7 0.148936 0.049117 0.057126 0.003467 0.422915 0.414912 1 
7 0.170213 0.049117 0.054746 0.003467 0.422915 0.414912 1 
7 0.191489 0.051879 0.036894 0.003467 0.422915 0.414912 1 
7 0.212766 0.050859 0.054299 0.003467 0.422915 0.414912 1 
7 0.234043 0.048097 0.077953 0.003467 0.422915 0.414912 1 
7 0.255319 0.064309 0.098631 0.003467 0.422915 0.414912 1 
7 0.276596 0.061697 0.131806 0.003467 0.422915 0.414912 1 
7 0.297872 0.061967 0.166022 0.003467 0.422915 0.414912 1 
7 0.319149 0.061967 0.208123 0.003467 0.422915 0.414912 1 
7 0.340426 0.061967 0.247248 0.003467 0.422915 0.414912 1 
7 0.361702 0.053621 0.278786 0.003467 0.422915 0.414912 1 
7 0.382979 0.051549 0.310324 0.003467 0.422915 0.414912 1 
7 0.404255 0.050859 0.316275 0.003467 0.422915 0.414912 1 
7 0.425532 0.047526 0.300506 0.003467 0.422915 0.414912 0 
7 0.446809 0.045785 0.285034 0.003467 0.422915 0.414912 0 
7 0.468085 0.045785 0.282208 0.003467 0.422915 0.414912 0 
7 0.489362 0.045785 0.281761 0.003467 0.422915 0.414912 0 
7 0.510638 0.045785 0.272984 0.003467 0.422915 0.414912 0 
7 0.531915 0.045785 0.253198 0.003467 0.422915 0.414912 0 
7 0.553191 0.044314 0.232669 0.003467 0.422915 0.414912 0 
7 0.574468 0.045785 0.225826 0.003467 0.422915 0.414912 0 
7 0.595745 0.045785 0.216156 0.003467 0.422915 0.414912 0 
7 0.617021 0.044314 0.214966 0.003467 0.422915 0.414912 0 
7 0.638298 0.044314 0.212288 0.003467 0.422915 0.414912 0 
7 0.659574 0.044314 0.210205 0.003467 0.422915 0.414912 0 
7 0.680851 0.044314 0.217644 0.003467 0.422915 0.414912 0 
7 0.702128 0.044314 0.236537 0.003467 0.422915 0.414912 0 
7 0.723404 0.045785 0.231479 0.003467 0.422915 0.414912 0 
7 0.744681 0.044314 0.271199 0.003467 0.422915 0.414912 0 
7 0.765957 0.053621 0.322821 0.003467 0.422915 0.414912 1 
7 0.787234 0.048097 0.334573 0.003467 0.422915 0.414912 0 
7 0.808511 0.049297 0.309878 0.003467 0.422915 0.414912 1 
7 0.829787 0.047526 0.281464 0.003467 0.422915 0.414912 0 
7 0.851064 0.045785 0.266885 0.003467 0.422915 0.414912 0 
7 0.87234 0.047526 0.250967 0.003467 0.422915 0.414912 0 
7 0.893617 0.053621 0.228801 0.003467 0.422915 0.414912 1 
7 0.914894 0.045785 0.2108 0.003467 0.422915 0.414912 0 
7 0.93617 0.045785 0.244421 0.003467 0.422915 0.414912 0 
7 0.957447 0.048097 0.239066 0.003467 0.422915 0.414912 0 
7 0.978723 0.045785 0.250372 0.003467 0.422915 0.414912 0 
7 1 0.045785 0.233561 0.003467 0.422915 0.414912 0 
