2 0 0.055482 0.375781 0.003467 0.422915 0.414912 0 
2 0.021277 0.050498 0.318655 0.003467 0.422915 0.414912 0 
2 0.042553 0.048487 0.263314 0.003467 0.422915 0.414912 0 
2 0.06383 0.047526 0.218685 0.003467 0.422915 0.414912 0 
2 0.085106 0.047526 0.178518 0.003467 0.422915 0.414912 0 
2 0.106383 0.047526 0.15784 0.003467 0.422915 0.414912 0 
2 0.12766 0.047526 0.142963 0.003467 0.422915 0.414912 0 
2 0.148936 0.047526 0.142666 0.003467 0.422915 0.414912 0 
2 0.170213 0.047526 0.157989 0.003467 0.422915 0.414912 0 
2 0.191489 0.048487 0.20604 0.003467 0.422915 0.414912 0 
2 0.212766 0.074817 0.290539 0.003467 0.422915 0.414912 0 
2 0.234043 0.074817 0.378905 0.003467 0.422915 0.414912 0 
2 0.255319 0.079831 0.406278 0.003467 0.422915 0.414912 1 
2 0.276596 0.074817 0.478727 0.003467 0.422915 0.414912 0 
2 0.297872 0.051429 0.501041 0.003467 0.422915 0.414912 0 
2 0.319149 0.074817 0.504612 0.003467 0.422915 0.414912 0 
2 0.340426 0.074817 0.555936 0.003467 0.422915 0.414912 0 
2 0.361702 0.074817 0.574383 0.003467 0.422915 0.414912 0 
2 0.382979 0.083884 0.563969 0.003467 0.422915 0.414912 1 
2 0.404255 0.074817 0.545373 0.003467 0.422915 0.414912 1 
2 0.425532 0.093911 0.5482 0.003467 0.422915 0.414912 1 
2 0.446809 0.083884 0.543142 0.003467 0.422915 0.414912 1 
2 0.468085 0.083884 0.531687 0.003467 0.422915 0.414912 1 
2 0.489362 0.10484 0.520232 0.003467 0.422915 0.414912 1 
2 0.510638 0.093911 0.507289 0.003467 0.422915 0.414912 1 
2 0.531915 0.074817 0.488396 0.003467 0.422915 0.414912 1 
2 0.553191 0.074817 0.48914 0.003467 0.422915 0.414912 1 
2 0.574468 0.059986 0.478578 0.003467 0.422915 0.414912 0 
2 0.595745 0.059986 0.456114 0.003467 0.422915 0.414912 0 
2 0.617021 0.057043 0.456114 0.003467 0.422915 0.414912 0 
2 0.638298 0.059986 0.482446 0.003467 0.422915 0.414912 0 
2 0.659574 0.074817 0.495835 0.003467 0.422915 0.414912 1 
2 0.680851 0.074817 0.499554 0.003467 0.422915 0.414912 1 
2 0.702128 0.074817 0.511901 0.003467 0.422915 0.414912 1 
2 0.723404 0.074817 0.501785 0.003467 0.422915 0.414912 1 
2 0.744681 0.059986 0.499554 0.003467 0.422915 0.414912 0 
2 0.765957 0.093911 0.497471 0.003467 0.422915 0.414912 1 
2 0.787234 0.083884 0.491669 0.003467 0.422915 0.414912 1 
2 0.808511 0.074817 0.484528 0.003467 0.422915 0.414912 1 
2 0.829787 0.050498 0.465338 0.003467 0.422915 0.414912 0 
2 0.851064 0.059986 0.428444 0.003467 0.422915 0.414912 0 
2 0.87234 0.050498 0.379798 0.003467 0.422915 0.414912 0 
2 0.893617 0.059986 0.397501 0.003467 0.422915 0.414912 0 
2 0.914894 0.051429 0.405237 0.003467 0.422915 0.414912 0 
2 0.93617 0.057043 0.427998 0.003467 0.422915 0.414912 0 
2 0.957447 0.057043 0.432758 0.003467 0.422915 0.414912 0 
2 0.978723 0.057043 0.432312 0.003467 0.422915 0.414912 0 
2 1 0.059986 0.415055 0.003467 0.422915 0.414912 0 
