7 0 0.063558 0.438709 0.0044 0.425168 0.369298 0 
7 0.021277 0.063859 0.428741 0.004393 0.397721 0.358333 0 
7 0.042553 0.077159 0.395864 0.005324 0.43941 0.294737 0 
7 0.06383 0.057824 0.327135 0.003965 0.408338 0.360965 0 
7 0.085106 0.050408 0.275811 0.003477 0.357846 0.329825 0 
7 0.106383 0.041822 0.224189 0.002869 0.306059 0.366667 0 
7 0.12766 0.036538 0.174353 0.002495 0.261523 0.355702 0 
7 0.148936 0.034256 0.147873 0.002347 0.221129 0.364474 0 
7 0.170213 0.041552 0.127194 0.002833 0.204816 0.423684 0 
7 0.191489 0.03924 0.118417 0.002671 0.185914 0.439912 0 
7 0.212766 0.042843 0.124219 0.00291 0.183325 0.448246 0 
7 0.234043 0.042692 0.139393 0.002904 0.191352 0.474123 0 
7 0.255319 0.042512 0.165129 0.002902 0.21362 0.39386 0 
7 0.276596 0.03975 0.202172 0.002727 0.233817 0.366228 0 
7 0.297872 0.048547 0.248289 0.003322 0.228897 0.481579 0 
7 0.319149 0.081392 0.323862 0.005505 0.274469 0.491228 1 
7 0.340426 0.06566 0.392294 0.00441 0.320818 0.469298 0 
7 0.361702 0.089138 0.440048 0.005941 0.348006 0.475877 1 
7 0.382979 0.089528 0.492115 0.005906 0.374417 0.457895 1 
7 0.404255 0.090399 0.508926 0.005941 0.372346 0.454386 1 
7 0.425532 0.089978 0.502083 0.005904 0.362248 0.520175 1 
7 0.446809 0.089138 0.481107 0.005852 0.353703 0.483772 1 
7 0.468085 0.089138 0.469652 0.005845 0.344899 0.50614 1 
7 0.489362 0.090549 0.455073 0.005955 0.339979 0.480263 1 
7 0.510638 0.09211 0.443172 0.00608 0.32755 0.492982 1 
7 0.531915 0.091239 0.428295 0.006018 0.324702 0.54386 1 
7 0.553191 0.100126 0.413567 0.006599 0.328068 0.602193 1 
7 0.574468 0.104389 0.388724 0.00683 0.315381 0.611842 1 
7 0.595745 0.092771 0.378161 0.006028 0.312532 0.566667 1 
7 0.617021 0.090249 0.369087 0.005874 0.312273 0.585965 1 
7 0.638298 0.089138 0.369384 0.00581 0.294407 0.621053 1 
7 0.659574 0.089138 0.368938 0.005827 0.292336 0.623246 1 
7 0.680851 0.088567 0.382922 0.005804 0.287934 0.659649 1 
7 0.702128 0.088567 0.405534 0.005837 0.318747 0.580263 1 
7 0.723404 0.076558 0.420857 0.00511 0.340238 0.499123 1 
7 0.744681 0.087096 0.489884 0.005812 0.38348 0.448684 1 
7 0.765957 0.094632 0.535257 0.006392 0.453133 0.354386 1 
7 0.787234 0.096313 0.536894 0.006622 0.477991 0.329386 1 
7 0.808511 0.089288 0.494793 0.006036 0.459865 0.294298 1 
7 0.829787 0.089138 0.460726 0.005985 0.429052 0.363158 1 
7 0.851064 0.089138 0.429783 0.005995 0.409373 0.422368 1 
7 0.87234 0.088747 0.415799 0.005997 0.394355 0.424561 1 
7 0.893617 0.076588 0.395269 0.005206 0.366908 0.449123 1 
7 0.914894 0.054371 0.376376 0.003712 0.354738 0.413596 0 
7 0.93617 0.085955 0.403749 0.00587 0.345676 0.425 1 
7 0.957447 0.068302 0.401369 0.004668 0.344122 0.432895 0 
7 0.978723 0.084724 0.401964 0.005829 0.422838 0.354386 1 
7 1 0.070193 0.376525 0.004836 0.422838 0.339035 0 
