1 0 0.02687 0.236834 0.001782 0.297514 0.786404 0 
1 0.021277 0.02651 0.199197 0.001747 0.269808 0.814474 0 
1 0.042553 0.02663 0.161559 0.001739 0.316157 0.714035 0 
1 0.06383 0.02648 0.130021 0.001687 0.288711 0.680702 0 
1 0.085106 0.025639 0.109342 0.001674 0.238219 0.710526 0 
1 0.106383 0.024108 0.094912 0.001604 0.198343 0.714035 0 
1 0.12766 0.023838 0.089259 0.001587 0.165458 0.721491 0 
1 0.148936 0.022007 0.090152 0.001462 0.147333 0.755702 0 
1 0.170213 0.022217 0.098483 0.001475 0.138529 0.764912 0 
1 0.191489 0.022007 0.09521 0.00146 0.129984 0.775877 0 
1 0.212766 0.021376 0.11083 0.001413 0.125583 0.837719 0 
1 0.234043 0.024559 0.133591 0.001608 0.130243 0.860526 0 
1 0.255319 0.025009 0.156204 0.001624 0.144744 0.847368 0 
1 0.276596 0.02678 0.202618 0.001685 0.172708 0.834211 0 
1 0.297872 0.028161 0.25424 0.001095 0.168566 0.780702 0 
1 0.319149 0.026991 0.294109 0.001583 0.184102 0.845614 0 
1 0.340426 0.028462 0.34945 0.001683 0.204298 0.871053 0 
1 0.361702 0.027591 0.380839 0.001793 0.229415 0.896491 0 
1 0.382979 0.029963 0.398096 0.001901 0.246245 0.864912 0 
1 0.404255 0.030323 0.40003 0.001685 0.24029 0.890351 0 
1 0.425532 0.029182 0.410443 0.001685 0.254013 0.907018 0 
1 0.446809 0.050588 0.408509 0.002958 0.265924 0.769737 1 
1 0.468085 0.050588 0.411187 0.002212 0.270585 0.728947 1 
1 0.489362 0.050588 0.402856 0.001701 0.266701 0.728947 1 
1 0.510638 0.043953 0.383666 0.001778 0.258415 0.73114 1 
1 0.531915 0.030323 0.372657 0.00171 0.257121 0.746491 0 
1 0.553191 0.033716 0.356144 0.001626 0.253237 0.740351 0 
1 0.574468 0.029933 0.34945 0.001685 0.249353 0.746491 0 
1 0.595745 0.027741 0.348259 0.001793 0.244174 0.838596 0 
1 0.617021 0.028221 0.357334 0.001867 0.249094 0.864912 0 
1 0.638298 0.028131 0.35183 0.001832 0.261523 0.865789 0 
1 0.659574 0.028221 0.357929 0.001863 0.268514 0.839474 0 
1 0.680851 0.028582 0.352425 0.001683 0.269291 0.781579 0 
1 0.702128 0.028942 0.361351 0.001753 0.271103 0.790351 0 
1 0.723404 0.029873 0.366111 0.001685 0.270585 0.781579 0 
1 0.744681 0.029122 0.371764 0.001685 0.250906 0.785965 0 
1 0.765957 0.028432 0.370425 0.001793 0.24521 0.821053 0 
1 0.787234 0.028221 0.37474 0.001732 0.237442 0.842982 0 
1 0.808511 0.029122 0.390509 0.001693 0.23796 0.816667 0 
1 0.829787 0.030563 0.40241 0.001795 0.267737 0.772368 1 
1 0.851064 0.035307 0.389616 0.002202 0.2913 0.76886 1 
1 0.87234 0.030263 0.358078 0.001793 0.276282 0.785965 1 
1 0.893617 0.036958 0.368045 0.001685 0.254272 0.799123 1 
1 0.914894 0.029122 0.346772 0.001685 0.226567 0.829825 0 
1 0.93617 0.028612 0.343648 0.001685 0.216468 0.834211 0 
1 0.957447 0.028131 0.320143 0.001724 0.223459 0.85 0 
1 0.978723 0.029122 0.303184 0.001928 0.303729 0.717982 0 
1 1 0.028041 0.263612 0.001801 0.307872 0.728947 0 
