7 0 0.029723 0.409104 0.002027 0.41999 0.390351 0 
7 0.021277 0.028372 0.395418 0.001926 0.385293 0.459649 0 
7 0.042553 0.029723 0.362541 0.002021 0.423874 0.386842 0 
7 0.06383 0.029122 0.30482 0.001975 0.403418 0.432018 0 
7 0.085106 0.029933 0.239661 0.002021 0.361471 0.489035 0 
7 0.106383 0.030533 0.197114 0.002061 0.313568 0.479386 0 
7 0.12766 0.028672 0.156055 0.001932 0.269032 0.521491 0 
7 0.148936 0.02678 0.127492 0.001797 0.234076 0.575439 0 
7 0.170213 0.023898 0.109194 0.001602 0.205593 0.625439 0 
7 0.191489 0.023808 0.110086 0.001591 0.193164 0.637281 0 
7 0.212766 0.025429 0.121541 0.001697 0.183325 0.632018 0 
7 0.234043 0.023538 0.122434 0.001572 0.187985 0.636404 0 
7 0.255319 0.02693 0.160666 0.001799 0.200673 0.602193 0 
7 0.276596 0.02696 0.203957 0.001805 0.222683 0.602632 0 
7 0.297872 0.026991 0.241892 0.001803 0.219834 0.615351 0 
7 0.319149 0.027861 0.299018 0.001859 0.250388 0.561842 0 
7 0.340426 0.029152 0.349598 0.001934 0.286639 0.526754 0 
7 0.361702 0.028822 0.380839 0.001909 0.308907 0.550877 0 
7 0.382979 0.028972 0.413567 0.001928 0.330658 0.528509 0 
7 0.404255 0.028672 0.420262 0.001915 0.326774 0.549561 0 
7 0.425532 0.028612 0.401815 0.001915 0.321595 0.550439 0 
7 0.446809 0.028552 0.380542 0.001907 0.312532 0.558772 0 
7 0.468085 0.028492 0.352276 0.001899 0.299068 0.57807 0 
7 0.489362 0.028432 0.331598 0.00189 0.289746 0.574123 0 
7 0.510638 0.028281 0.313746 0.001882 0.268255 0.565789 0 
7 0.531915 0.027891 0.298869 0.001855 0.254013 0.601316 0 
7 0.553191 0.027651 0.279976 0.001853 0.255049 0.578509 0 
7 0.574468 0.02681 0.267182 0.001799 0.244951 0.607456 0 
7 0.595745 0.02678 0.254389 0.001793 0.234335 0.619298 0 
7 0.617021 0.02681 0.241744 0.001795 0.221647 0.64693 0 
7 0.638298 0.02678 0.237429 0.001791 0.205852 0.678509 0 
7 0.659574 0.02678 0.245314 0.001789 0.202745 0.658333 0 
7 0.680851 0.02687 0.250669 0.001797 0.2087 0.662719 0 
7 0.702128 0.026991 0.267926 0.001807 0.220611 0.63114 0 
7 0.723404 0.027591 0.26986 0.001853 0.237442 0.585526 0 
7 0.744681 0.028101 0.325945 0.001892 0.270585 0.587281 0 
7 0.765957 0.031134 0.403451 0.002113 0.309425 0.523246 0 
7 0.787234 0.032695 0.436626 0.002239 0.364837 0.461404 1 
7 0.808511 0.033145 0.420411 0.00227 0.37856 0.469298 1 
7 0.829787 0.033656 0.388426 0.002295 0.329622 0.489912 1 
7 0.851064 0.029723 0.36388 0.002021 0.350854 0.504825 1 
7 0.87234 0.029723 0.351086 0.002015 0.332729 0.560965 1 
7 0.893617 0.036388 0.329515 0.002453 0.308907 0.564912 1 
7 0.914894 0.029723 0.302589 0.001998 0.290264 0.572368 1 
7 0.93617 0.029633 0.33011 0.001994 0.286898 0.57193 1 
7 0.957447 0.029723 0.336805 0.002005 0.292336 0.554386 1 
7 0.978723 0.046746 0.342309 0.003176 0.360435 0.425 1 
7 1 0.040231 0.319548 0.00273 0.356551 0.476316 1 
