6 0 0.074817 0.315977 0.003467 0.422915 0.414912 0 
6 0.021277 0.06584 0.246206 0.003467 0.422915 0.414912 0 
6 0.042553 0.056923 0.185957 0.003467 0.422915 0.414912 0 
6 0.06383 0.055242 0.147873 0.003467 0.422915 0.414912 0 
6 0.085106 0.055242 0.1144 0.003467 0.422915 0.414912 0 
6 0.106383 0.055242 0.091044 0.003467 0.422915 0.414912 0 
6 0.12766 0.055242 0.077358 0.003467 0.422915 0.414912 0 
6 0.148936 0.055242 0.073044 0.003467 0.422915 0.414912 0 
6 0.170213 0.055242 0.078102 0.003467 0.422915 0.414912 0 
6 0.191489 0.066801 0.087325 0.003467 0.422915 0.414912 0 
6 0.212766 0.066801 0.104731 0.003467 0.422915 0.414912 0 
6 0.234043 0.066801 0.125409 0.003467 0.422915 0.414912 0 
6 0.255319 0.066801 0.154716 0.003467 0.422915 0.414912 0 
6 0.276596 0.07866 0.209313 0.003467 0.422915 0.414912 0 
6 0.297872 0.074517 0.264058 0.003467 0.422915 0.414912 0 
6 0.319149 0.080611 0.305415 0.003467 0.422915 0.414912 1 
6 0.340426 0.087787 0.351384 0.003467 0.422915 0.414912 1 
6 0.361702 0.087787 0.371318 0.003467 0.422915 0.414912 1 
6 0.382979 0.07866 0.372806 0.003467 0.422915 0.414912 0 
6 0.404255 0.087787 0.372359 0.003467 0.422915 0.414912 1 
6 0.425532 0.080611 0.363582 0.003467 0.422915 0.414912 1 
6 0.446809 0.07905 0.352722 0.003467 0.422915 0.414912 1 
6 0.468085 0.074517 0.339334 0.003467 0.422915 0.414912 0 
6 0.489362 0.07866 0.327581 0.003467 0.422915 0.414912 1 
6 0.510638 0.074517 0.317465 0.003467 0.422915 0.414912 0 
6 0.531915 0.066801 0.302737 0.003467 0.422915 0.414912 0 
6 0.553191 0.066801 0.29396 0.003467 0.422915 0.414912 0 
6 0.574468 0.074517 0.286224 0.003467 0.422915 0.414912 0 
6 0.595745 0.066801 0.277298 0.003467 0.422915 0.414912 0 
6 0.617021 0.066801 0.275216 0.003467 0.422915 0.414912 0 
6 0.638298 0.066801 0.274472 0.003467 0.422915 0.414912 0 
6 0.659574 0.066801 0.276703 0.003467 0.422915 0.414912 0 
6 0.680851 0.066801 0.267777 0.003467 0.422915 0.414912 0 
6 0.702128 0.066801 0.285629 0.003467 0.422915 0.414912 0 
6 0.723404 0.074517 0.290241 0.003467 0.422915 0.414912 1 
6 0.744681 0.074517 0.288605 0.003467 0.422915 0.414912 1 
6 0.765957 0.074517 0.27596 0.003467 0.422915 0.414912 1 
6 0.787234 0.066801 0.262571 0.003467 0.422915 0.414912 0 
6 0.808511 0.080611 0.268224 0.003467 0.422915 0.414912 1 
6 0.829787 0.080611 0.293811 0.003467 0.422915 0.414912 1 
6 0.851064 0.066801 0.27834 0.003467 0.422915 0.414912 0 
6 0.87234 0.066801 0.258256 0.003467 0.422915 0.414912 0 
6 0.893617 0.074517 0.275364 0.003467 0.422915 0.414912 1 
6 0.914894 0.058394 0.277001 0.003467 0.422915 0.414912 0 
6 0.93617 0.058394 0.291282 0.003467 0.422915 0.414912 0 
6 0.957447 0.056923 0.271794 0.003467 0.422915 0.414912 0 
6 0.978723 0.056923 0.259447 0.003467 0.422915 0.414912 0 
6 1 0.056923 0.221214 0.003467 0.422915 0.414912 0 
