6 0 0.03987 0.601012 0.002661 0.518643 0.672368 0 
6 0.021277 0.038699 0.575275 0.002574 0.491714 0.691228 0 
6 0.042553 0.040801 0.538233 0.002732 0.542206 0.583772 0 
6 0.06383 0.03897 0.492562 0.002619 0.516054 0.616228 0 
6 0.085106 0.046565 0.434841 0.003132 0.483428 0.644298 1 
6 0.106383 0.038699 0.385153 0.002158 0.435008 0.662719 0 
6 0.12766 0.038699 0.335019 0.001726 0.387882 0.662719 0 
6 0.148936 0.038699 0.294109 0.000953 0.343863 0.662719 0 
6 0.170213 0.038699 0.27105 0.000953 0.31564 0.662719 0 
6 0.191489 0.038699 0.269116 0.000906 0.302952 0.662719 0 
6 0.212766 0.038699 0.29277 0.000976 0.316416 0.662719 0 
6 0.234043 0.038699 0.336805 0.000976 0.336354 0.662719 0 
6 0.255319 0.038699 0.432609 0.001755 0.410668 0.61886 0 
6 0.276596 0.036147 0.520381 0.00243 0.481098 0.639035 0 
6 0.297872 0.038489 0.544035 0.002555 0.508286 0.625877 0 
6 0.319149 0.037739 0.644749 0.002486 0.578457 0.575 0 
6 0.340426 0.040891 0.702767 0.002678 0.656396 0.538596 0 
6 0.361702 0.040351 0.736239 0.002655 0.693423 0.524561 0 
6 0.382979 0.044224 0.785183 0.002908 0.716727 0.489912 0 
6 0.404255 0.044524 0.795001 0.002964 0.704816 0.497807 0 
6 0.425532 0.044254 0.773431 0.00297 0.693423 0.49693 0 
6 0.446809 0.044224 0.743826 0.002981 0.671932 0.511842 0 
6 0.468085 0.044674 0.720173 0.003006 0.657172 0.505263 0 
6 0.489362 0.043083 0.70366 0.002912 0.64552 0.525877 0 
6 0.510638 0.044374 0.685957 0.003012 0.622734 0.525439 0 
6 0.531915 0.043503 0.670336 0.002964 0.621958 0.508772 0 
6 0.553191 0.044734 0.657096 0.003056 0.642413 0.439474 0 
6 0.574468 0.043203 0.645939 0.002958 0.641636 0.460088 0 
6 0.595745 0.042813 0.63255 0.002927 0.422915 0.446053 0 
6 0.617021 0.043083 0.625409 0.002931 0.62144 0.470175 0 
6 0.638298 0.042092 0.627343 0.00286 0.605127 0.519298 0 
6 0.659574 0.03927 0.635525 0.002636 0.585966 0.547807 0 
6 0.680851 0.03912 0.660666 0.002603 0.582341 0.606579 0 
6 0.702128 0.041702 0.712288 0.002761 0.603055 0.603947 0 
6 0.723404 0.051519 0.777893 0.003392 0.654842 0.569298 1 
6 0.744681 0.044794 0.82654 0.002958 0.714656 0.467544 0 
6 0.765957 0.043893 0.825945 0.002921 0.706629 0.544737 0 
6 0.787234 0.042512 0.794109 0.002804 0.676592 0.585526 0 
6 0.808511 0.042783 0.755132 0.002823 0.629467 0.633772 0 
6 0.829787 0.05269 0.722702 0.003481 0.601502 0.646053 1 
6 0.851064 0.047796 0.697263 0.003184 0.57535 0.656579 1 
6 0.87234 0.042122 0.667063 0.002823 0.545831 0.642544 0 
6 0.893617 0.043383 0.628831 0.002929 0.510616 0.592544 1 
6 0.914894 0.038759 0.584201 0.002624 0.475401 0.670614 0 
6 0.93617 0.042452 0.635525 0.002846 0.467892 0.659211 1 
6 0.957447 0.042813 0.653526 0.002902 0.470999 0.635088 1 
6 0.978723 0.05281 0.640583 0.003585 0.560073 0.496053 1 
6 1 0.046025 0.606665 0.003139 0.54117 0.559211 1 
