5 0 0.061577 0.363136 0.003467 0.422915 0.414912 0 
5 0.021277 0.074787 0.29753 0.003467 0.422915 0.414912 1 
5 0.042553 0.054431 0.240702 0.003467 0.422915 0.414912 0 
5 0.06383 0.055242 0.202172 0.003467 0.422915 0.414912 0 
5 0.085106 0.055242 0.162154 0.003467 0.422915 0.414912 0 
5 0.106383 0.05302 0.141922 0.003467 0.422915 0.414912 0 
5 0.12766 0.05302 0.135228 0.003467 0.422915 0.414912 0 
5 0.148936 0.073286 0.137162 0.003467 0.422915 0.414912 1 
5 0.170213 0.057314 0.152187 0.003467 0.422915 0.414912 0 
5 0.191489 0.057314 0.183874 0.003467 0.422915 0.414912 0 
5 0.212766 0.072775 0.25781 0.003467 0.422915 0.414912 1 
5 0.234043 0.057314 0.330259 0.003467 0.422915 0.414912 0 
5 0.255319 0.057314 0.330259 0.003467 0.422915 0.414912 0 
5 0.276596 0.057314 0.387831 0.003467 0.422915 0.414912 0 
5 0.297872 0.057314 0.415204 0.003467 0.422915 0.414912 0 
5 0.319149 0.057314 0.442279 0.003467 0.422915 0.414912 0 
5 0.340426 0.06644 0.494942 0.003467 0.422915 0.414912 0 
5 0.361702 0.06644 0.509521 0.003467 0.422915 0.414912 0 
5 0.382979 0.06644 0.498661 0.003467 0.422915 0.414912 0 
5 0.404255 0.060406 0.489438 0.003467 0.422915 0.414912 0 
5 0.425532 0.060406 0.481404 0.003467 0.422915 0.414912 0 
5 0.446809 0.060406 0.470693 0.003467 0.422915 0.414912 0 
5 0.468085 0.06644 0.466528 0.003467 0.422915 0.414912 0 
5 0.489362 0.06644 0.454478 0.003467 0.422915 0.414912 0 
5 0.510638 0.057314 0.448081 0.003467 0.422915 0.414912 0 
5 0.531915 0.060406 0.439453 0.003467 0.422915 0.414912 0 
5 0.553191 0.057314 0.4277 0.003467 0.422915 0.414912 0 
5 0.574468 0.057314 0.419964 0.003467 0.422915 0.414912 0 
5 0.595745 0.057314 0.415353 0.003467 0.422915 0.414912 0 
5 0.617021 0.057314 0.411336 0.003467 0.422915 0.414912 0 
5 0.638298 0.057314 0.411038 0.003467 0.422915 0.414912 0 
5 0.659574 0.057314 0.41327 0.003467 0.422915 0.414912 0 
5 0.680851 0.057314 0.39765 0.003467 0.422915 0.414912 0 
5 0.702128 0.057314 0.39155 0.003467 0.422915 0.414912 0 
5 0.723404 0.055242 0.362243 0.003467 0.422915 0.414912 0 
5 0.744681 0.055242 0.342755 0.003467 0.422915 0.414912 0 
5 0.765957 0.055242 0.323118 0.003467 0.422915 0.414912 0 
5 0.787234 0.055242 0.317911 0.003467 0.422915 0.414912 0 
5 0.808511 0.055242 0.331151 0.003467 0.422915 0.414912 0 
5 0.829787 0.057314 0.345582 0.003467 0.422915 0.414912 0 
5 0.851064 0.057314 0.332044 0.003467 0.422915 0.414912 0 
5 0.87234 0.055242 0.303184 0.003467 0.422915 0.414912 0 
5 0.893617 0.060406 0.334573 0.003467 0.422915 0.414912 0 
5 0.914894 0.06644 0.362987 0.003467 0.422915 0.414912 1 
5 0.93617 0.066561 0.389467 0.003467 0.422915 0.414912 1 
5 0.957447 0.066561 0.389319 0.003467 0.422915 0.414912 1 
5 0.978723 0.060406 0.383071 0.003467 0.422915 0.414912 0 
5 1 0.066561 0.361797 0.003467 0.422915 0.414912 1 
