7 0 0.041431 0.384707 0.003467 0.422915 0.414912 0 
7 0.021277 0.041431 0.335763 0.003467 0.422915 0.414912 0 
7 0.042553 0.041431 0.320738 0.003467 0.422915 0.414912 0 
7 0.06383 0.041431 0.264058 0.003467 0.422915 0.414912 0 
7 0.085106 0.041431 0.217792 0.003467 0.422915 0.414912 0 
7 0.106383 0.045755 0.185808 0.003467 0.422915 0.414912 0 
7 0.12766 0.045755 0.159476 0.003467 0.422915 0.414912 1 
7 0.148936 0.045755 0.135971 0.003467 0.422915 0.414912 1 
7 0.170213 0.040651 0.11812 0.003467 0.422915 0.414912 0 
7 0.191489 0.040651 0.108896 0.003467 0.422915 0.414912 0 
7 0.212766 0.041131 0.112913 0.003467 0.422915 0.414912 0 
7 0.234043 0.045755 0.124814 0.003467 0.422915 0.414912 1 
7 0.255319 0.056713 0.144154 0.003467 0.422915 0.414912 1 
7 0.276596 0.045755 0.174502 0.003467 0.422915 0.414912 1 
7 0.297872 0.068272 0.21199 0.003467 0.422915 0.414912 1 
7 0.319149 0.068452 0.285481 0.003467 0.422915 0.414912 1 
7 0.340426 0.045755 0.35183 0.003467 0.422915 0.414912 0 
7 0.361702 0.068452 0.405237 0.003467 0.422915 0.414912 1 
7 0.382979 0.068452 0.449122 0.003467 0.422915 0.414912 1 
7 0.404255 0.045755 0.455668 0.003467 0.422915 0.414912 0 
7 0.425532 0.045755 0.44704 0.003467 0.422915 0.414912 0 
7 0.446809 0.041431 0.421006 0.003467 0.422915 0.414912 0 
7 0.468085 0.041431 0.398691 0.003467 0.422915 0.414912 0 
7 0.489362 0.041431 0.380988 0.003467 0.422915 0.414912 0 
7 0.510638 0.041431 0.366855 0.003467 0.422915 0.414912 0 
7 0.531915 0.041221 0.353317 0.003467 0.422915 0.414912 0 
7 0.553191 0.041431 0.328176 0.003467 0.422915 0.414912 0 
7 0.574468 0.061997 0.310324 0.003467 0.422915 0.414912 1 
7 0.595745 0.068452 0.302737 0.003467 0.422915 0.414912 1 
7 0.617021 0.068452 0.301398 0.003467 0.422915 0.414912 1 
7 0.638298 0.068452 0.306159 0.003467 0.422915 0.414912 1 
7 0.659574 0.072175 0.316126 0.003467 0.422915 0.414912 1 
7 0.680851 0.072175 0.332193 0.003467 0.422915 0.414912 1 
7 0.702128 0.072175 0.370723 0.003467 0.422915 0.414912 1 
7 0.723404 0.081062 0.428444 0.003467 0.422915 0.414912 1 
7 0.744681 0.119581 0.535555 0.003467 0.422915 0.414912 1 
7 0.765957 0.119731 0.594168 0.003467 0.422915 0.414912 1 
7 0.787234 0.09178 0.596995 0.003467 0.422915 0.414912 1 
7 0.808511 0.086496 0.57468 0.003467 0.422915 0.414912 1 
7 0.829787 0.045394 0.555192 0.003467 0.422915 0.414912 0 
7 0.851064 0.068452 0.531538 0.003467 0.422915 0.414912 1 
7 0.87234 0.045364 0.513835 0.003467 0.422915 0.414912 0 
7 0.893617 0.061036 0.465338 0.003467 0.422915 0.414912 1 
7 0.914894 0.045154 0.408956 0.003467 0.422915 0.414912 0 
7 0.93617 0.045785 0.426807 0.003467 0.422915 0.414912 0 
7 0.957447 0.045755 0.412675 0.003467 0.422915 0.414912 0 
7 0.978723 0.045034 0.415799 0.003467 0.422915 0.414912 0 
7 1 0.045034 0.38679 0.003467 0.422915 0.414912 0 
