3 0 0.048367 0.588515 0.003263 0.458312 0.660526 0 
3 0.021277 0.041762 0.571854 0.00279 0.438892 0.673684 0 
3 0.042553 0.058605 0.54939 0.003943 0.489902 0.600439 0 
3 0.06383 0.049358 0.508628 0.003344 0.469705 0.60614 0 
3 0.085106 0.041011 0.451354 0.002775 0.431124 0.67807 0 
3 0.106383 0.040891 0.397501 0.002441 0.379078 0.72193 0 
3 0.12766 0.040891 0.346921 0.002426 0.344899 0.765789 0 
3 0.148936 0.033626 0.311217 0.002177 0.314086 0.809649 0 
3 0.170213 0.033205 0.288753 0.002117 0.293112 0.853509 0 
3 0.191489 0.033175 0.283844 0.001967 0.278094 0.853509 0 
3 0.212766 0.033265 0.306308 0.001951 0.28146 0.853509 0 
3 0.234043 0.033475 0.36269 0.001953 0.306059 0.809649 0 
3 0.255319 0.036358 0.478578 0.002435 0.382185 0.716667 0 
3 0.276596 0.05257 0.621244 0.003629 0.463749 0.651754 0 
3 0.297872 0.059505 0.672865 0.004136 0.52434 0.553509 0 
3 0.319149 0.102198 0.787563 0.006928 0.602538 0.59386 1 
3 0.340426 0.075117 0.797828 0.005054 0.652253 0.5 1 
3 0.361702 0.045725 0.775067 0.003041 0.665717 0.410088 0 
3 0.382979 0.048277 0.791729 0.003205 0.67245 0.458772 0 
3 0.404255 0.059715 0.79039 0.003984 0.658985 0.486842 0 
3 0.425532 0.054191 0.752157 0.003639 0.631538 0.477632 0 
3 0.446809 0.038489 0.707676 0.002603 0.620922 0.464035 0 
3 0.468085 0.034016 0.670783 0.002302 0.609529 0.464912 0 
3 0.489362 0.038039 0.653079 0.002561 0.601502 0.489035 0 
3 0.510638 0.050108 0.633889 0.003376 0.579234 0.399561 0 
3 0.531915 0.063859 0.606516 0.002975 0.581046 0.335088 1 
3 0.553191 0.041041 0.593722 0.002808 0.606163 0.296053 0 
3 0.574468 0.037889 0.582267 0.00259 0.601243 0.308333 0 
3 0.595745 0.034106 0.570812 0.002324 0.59218 0.341667 0 
3 0.617021 0.033626 0.556531 0.002287 0.579751 0.339474 0 
3 0.638298 0.033626 0.543291 0.002283 0.555412 0.397368 0 
3 0.659574 0.033626 0.560994 0.002277 0.546349 0.385088 0 
3 0.680851 0.033626 0.595954 0.002283 0.55101 0.369737 0 
3 0.702128 0.03906 0.654567 0.002655 0.571724 0.357895 0 
3 0.723404 0.060676 0.750521 0.004109 0.621958 0.369737 0 
3 0.744681 0.065089 0.8615 0.004377 0.696789 0.317544 1 
3 0.765957 0.075718 0.884261 0.005087 0.701968 0.335965 1 
3 0.787234 0.218956 0.865367 0.014784 0.662092 0.411842 1 
3 0.808511 0.113126 0.834127 0.007732 0.613154 0.416667 1 
3 0.829787 0.069443 0.795894 0.004784 0.576385 0.411842 1 
3 0.851064 0.070704 0.777745 0.004896 0.548162 0.441667 1 
3 0.87234 0.058034 0.74814 0.004019 0.51709 0.474561 1 
3 0.893617 0.053561 0.692056 0.003718 0.483687 0.502193 0 
3 0.914894 0.044194 0.637608 0.003074 0.450544 0.489474 0 
3 0.93617 0.040591 0.656352 0.002815 0.422838 0.564474 0 
3 0.957447 0.037048 0.635823 0.00257 0.403677 0.544737 0 
3 0.978723 0.045425 0.622583 0.003151 0.476696 0.417544 0 
3 1 0.03924 0.608599 0.002732 0.466598 0.464035 0 
