5 0 0.082863 0.601012 0.005546 0.505179 0.627632 0 
5 0.021277 0.062928 0.576614 0.004182 0.486535 0.617982 0 
5 0.042553 0.081992 0.549241 0.005503 0.548938 0.519298 0 
5 0.06383 0.051789 0.494793 0.003469 0.531072 0.536404 0 
5 0.085106 0.043863 0.435733 0.002919 0.498705 0.528509 0 
5 0.106383 0.040381 0.386492 0.002676 0.468151 0.580702 0 
5 0.12766 0.042993 0.338887 0.002813 0.444847 0.62193 0 
5 0.148936 0.034316 0.301101 0.002233 0.412998 0.634211 0 
5 0.170213 0.032365 0.278191 0.002094 0.401346 0.726316 0 
5 0.191489 0.079771 0.280422 0.005091 0.405489 0.762281 0 
5 0.212766 0.09202 0.312556 0.005843 0.418695 0.812719 1 
5 0.234043 0.107692 0.364177 0.006838 0.441222 0.802193 1 
5 0.255319 0.109403 0.481553 0.0071 0.513723 0.666667 1 
5 0.276596 0.126126 0.605028 0.00822 0.597359 0.594298 1 
5 0.297872 0.070854 0.672121 0.004863 0.657431 0.450439 0 
5 0.319149 0.191756 0.763463 0.013218 0.739772 0.382456 1 
5 0.340426 0.190705 0.775513 0.013134 0.780684 0.290789 1 
5 0.361702 0.341389 0.753794 0.023608 0.78638 0.273246 1 
5 0.382979 0.152516 0.748884 0.010586 0.799845 0.204825 1 
5 0.404255 0.117599 0.728801 0.008172 0.782237 0.214035 1 
5 0.425532 0.081152 0.706932 0.005654 0.758674 0.222368 0 
5 0.446809 0.055122 0.679857 0.00387 0.740549 0.142105 0 
5 0.468085 0.099586 0.649063 0.006994 0.722941 0.255263 0 
5 0.489362 0.060676 0.629128 0.00426 0.677369 0.207456 0 
5 0.510638 0.058394 0.615442 0.004123 0.665199 0.195175 0 
5 0.531915 0.031794 0.595359 0.002262 0.651994 0.154386 0 
5 0.553191 0.048877 0.58316 0.003488 0.685137 0.151754 0 
5 0.574468 0.029663 0.573341 0.002123 0.681253 0.160965 0 
5 0.595745 0.028942 0.561738 0.003039 0.652512 0.220175 0 
5 0.617021 0.028942 0.548646 0.002189 0.649663 0.25 0 
5 0.638298 0.028942 0.538679 0.002254 0.620404 0.273246 0 
5 0.659574 0.028462 0.555638 0.002021 0.625583 0.248684 0 
5 0.680851 0.028942 0.589557 0.002073 0.624029 0.266228 0 
5 0.702128 0.035787 0.657691 0.002553 0.648628 0.273246 0 
5 0.723404 0.070313 0.764951 0.004911 0.732781 0.269737 0 
5 0.744681 0.113817 0.853764 0.007877 0.821336 0.28114 1 
5 0.765957 0.115828 0.867599 0.007972 0.813827 0.264474 1 
5 0.787234 0.125916 0.853764 0.008641 0.776023 0.281579 1 
5 0.808511 0.104389 0.830259 0.007191 0.726567 0.330702 1 
5 0.829787 0.076528 0.80006 0.00528 0.68695 0.357018 0 
5 0.851064 0.096673 0.784885 0.006658 0.656137 0.399561 1 
5 0.87234 0.116308 0.757215 0.007929 0.6261 0.492105 1 
5 0.893617 0.107572 0.709908 0.007268 0.587002 0.475877 1 
5 0.914894 0.032935 0.646683 0.002262 0.549974 0.397807 0 
5 0.93617 0.088777 0.657542 0.005083 0.518384 0.634649 1 
5 0.957447 0.05272 0.645492 0.003199 0.487312 0.577632 0 
5 0.978723 0.090879 0.62288 0.006099 0.539876 0.597807 1 
5 1 0.084364 0.615888 0.005573 0.524599 0.663596 1 
