3 0 0.047076 0.480661 0.003467 0.422915 0.414912 0 
3 0.021277 0.047076 0.462065 0.003467 0.422915 0.414912 0 
3 0.042553 0.046956 0.427849 0.003467 0.422915 0.414912 0 
3 0.06383 0.046956 0.367301 0.003467 0.422915 0.414912 0 
3 0.085106 0.046806 0.308985 0.003467 0.422915 0.414912 0 
3 0.106383 0.076108 0.263314 0.003467 0.422915 0.414912 1 
3 0.12766 0.043533 0.221065 0.003467 0.422915 0.414912 0 
3 0.148936 0.076108 0.191758 0.003467 0.422915 0.414912 1 
3 0.170213 0.043533 0.170783 0.003467 0.422915 0.414912 0 
3 0.191489 0.043533 0.170485 0.003467 0.422915 0.414912 0 
3 0.212766 0.074877 0.201726 0.003467 0.422915 0.414912 1 
3 0.234043 0.076798 0.25305 0.003467 0.422915 0.414912 1 
3 0.255319 0.082473 0.35183 0.003467 0.422915 0.414912 1 
3 0.276596 0.082473 0.456561 0.003467 0.422915 0.414912 1 
3 0.297872 0.043533 0.479322 0.003467 0.422915 0.414912 0 
3 0.319149 0.043533 0.534365 0.003467 0.422915 0.414912 0 
3 0.340426 0.043533 0.552365 0.003467 0.422915 0.414912 0 
3 0.361702 0.043533 0.543439 0.003467 0.422915 0.414912 0 
3 0.382979 0.045394 0.578399 0.003467 0.422915 0.414912 0 
3 0.404255 0.045244 0.584499 0.003467 0.422915 0.414912 0 
3 0.425532 0.045244 0.559357 0.003467 0.422915 0.414912 0 
3 0.446809 0.045244 0.53972 0.003467 0.422915 0.414912 0 
3 0.468085 0.045244 0.518149 0.003467 0.422915 0.414912 0 
3 0.489362 0.045244 0.511455 0.003467 0.422915 0.414912 0 
3 0.510638 0.045244 0.502083 0.003467 0.422915 0.414912 0 
3 0.531915 0.045244 0.48676 0.003467 0.422915 0.414912 0 
3 0.553191 0.045244 0.481404 0.003467 0.422915 0.414912 0 
3 0.574468 0.043863 0.479322 0.003467 0.422915 0.414912 0 
3 0.595745 0.045244 0.480214 0.003467 0.422915 0.414912 0 
3 0.617021 0.045274 0.465338 0.003467 0.422915 0.414912 0 
3 0.638298 0.045244 0.464891 0.003467 0.422915 0.414912 0 
3 0.659574 0.045244 0.470396 0.003467 0.422915 0.414912 0 
3 0.680851 0.045244 0.490181 0.003467 0.422915 0.414912 0 
3 0.702128 0.045244 0.531836 0.003467 0.422915 0.414912 0 
3 0.723404 0.043983 0.615293 0.003467 0.422915 0.414912 0 
3 0.744681 0.045244 0.67465 0.003467 0.422915 0.414912 0 
3 0.765957 0.045244 0.659625 0.003467 0.422915 0.414912 0 
3 0.787234 0.043563 0.635228 0.003467 0.422915 0.414912 0 
3 0.808511 0.043563 0.59283 0.003467 0.422915 0.414912 0 
3 0.829787 0.043533 0.569473 0.003467 0.422915 0.414912 0 
3 0.851064 0.045394 0.550431 0.003467 0.422915 0.414912 0 
3 0.87234 0.045244 0.531389 0.003467 0.422915 0.414912 0 
3 0.893617 0.043893 0.485123 0.003467 0.422915 0.414912 0 
3 0.914894 0.043533 0.431866 0.003467 0.422915 0.414912 0 
3 0.93617 0.045394 0.480661 0.003467 0.422915 0.414912 0 
3 0.957447 0.045394 0.486611 0.003467 0.422915 0.414912 0 
3 0.978723 0.045394 0.508033 0.003467 0.422915 0.414912 0 
3 1 0.045394 0.506397 0.003467 0.422915 0.414912 0 
