5 0 0.136244 0.622583 0.008945 0.49508 0.771491 1 
5 0.021277 0.134742 0.60726 0.008791 0.466339 0.784211 1 
5 0.042553 0.150624 0.57111 0.009881 0.525893 0.735965 1 
5 0.06383 0.117569 0.517703 0.007684 0.509839 0.731579 1 
5 0.085106 0.06518 0.455519 0.004206 0.469964 0.794298 0 
5 0.106383 0.064939 0.405683 0.003776 0.439151 0.787719 0 
5 0.12766 0.060196 0.355103 0.003292 0.409373 0.787719 0 
5 0.148936 0.058064 0.313895 0.002869 0.387364 0.787719 0 
5 0.170213 0.058845 0.286522 0.003488 0.367426 0.794298 0 
5 0.191489 0.058064 0.285183 0.002588 0.352149 0.794298 0 
5 0.212766 0.060046 0.318804 0.003222 0.358622 0.797368 0 
5 0.234043 0.074907 0.369087 0.004763 0.370533 0.826316 0 
5 0.255319 0.096223 0.482594 0.00618 0.434231 0.714035 0 
5 0.276596 0.155488 0.603541 0.010131 0.494562 0.677632 1 
5 0.297872 0.050258 0.668551 0.003309 0.533402 0.639474 0 
5 0.319149 0.094182 0.76867 0.006128 0.600984 0.660526 0 
5 0.340426 0.1188 0.786671 0.007783 0.65536 0.561842 1 
5 0.361702 0.086496 0.769414 0.005704 0.694977 0.508333 0 
5 0.382979 0.080942 0.756323 0.00538 0.707405 0.45614 0 
5 0.404255 0.080461 0.742636 0.005351 0.697566 0.430702 0 
5 0.425532 0.07875 0.71928 0.005247 0.689798 0.41886 0 
5 0.446809 0.077609 0.685659 0.005189 0.670637 0.467105 0 
5 0.468085 0.075898 0.65665 0.005083 0.648369 0.466228 0 
5 0.489362 0.053651 0.637162 0.00361 0.638011 0.462719 0 
5 0.510638 0.077519 0.616334 0.005127 0.625842 0.442105 0 
5 0.531915 0.0523 0.596549 0.003014 0.616261 0.417544 0 
5 0.553191 0.049177 0.586581 0.003351 0.644744 0.383333 0 
5 0.574468 0.070824 0.570812 0.004805 0.656137 0.357456 0 
5 0.595745 0.056623 0.55906 0.003855 0.631797 0.386842 0 
5 0.617021 0.047856 0.542547 0.003268 0.635422 0.370175 0 
5 0.638298 0.054792 0.538679 0.003741 0.623252 0.37807 0 
5 0.659574 0.064129 0.555638 0.004366 0.63102 0.416667 0 
5 0.680851 0.057314 0.588367 0.003889 0.619886 0.425877 0 
5 0.702128 0.073015 0.662005 0.004946 0.646038 0.46886 0 
5 0.723404 0.10502 0.766439 0.007059 0.702486 0.474561 1 
5 0.744681 0.138405 0.859566 0.009273 0.758933 0.425 1 
5 0.765957 0.150925 0.881732 0.01016 0.750906 0.436404 1 
5 0.787234 0.128287 0.865665 0.008544 0.698084 0.536842 1 
5 0.808511 0.096073 0.835614 0.006348 0.663905 0.510965 1 
5 0.829787 0.080071 0.812556 0.005274 0.628172 0.557895 0 
5 0.851064 0.077759 0.796489 0.00512 0.596323 0.586404 0 
5 0.87234 0.077039 0.773282 0.00511 0.575608 0.553947 0 
5 0.893617 0.050228 0.723892 0.003068 0.540135 0.579386 0 
5 0.914894 0.041522 0.6687 0.002775 0.509839 0.557895 0 
5 0.93617 0.104239 0.688039 0.004481 0.481875 0.604825 1 
5 0.957447 0.055482 0.672121 0.002356 0.456758 0.57807 0 
5 0.978723 0.164165 0.653823 0.011039 0.517607 0.652632 1 
5 1 0.145401 0.648765 0.009672 0.499223 0.78114 1 
