1 0 0.038699 0.455668 0.002491 0.453133 0.726316 0 
1 0.021277 0.038699 0.404344 0.002158 0.419731 0.726316 0 
1 0.042553 0.03894 0.364624 0.00257 0.469446 0.645175 0 
1 0.06383 0.038669 0.326242 0.002459 0.443811 0.713596 0 
1 0.085106 0.044404 0.274174 0.002445 0.402123 0.662719 1 
1 0.106383 0.037709 0.237578 0.001786 0.355515 0.706579 0 
1 0.12766 0.038699 0.211693 0.001442 0.318229 0.728509 0 
1 0.148936 0.032815 0.178518 0.001776 0.285085 0.838158 0 
1 0.170213 0.031164 0.168997 0.001224 0.255308 0.860088 0 
1 0.191489 0.029512 0.158733 0.000976 0.222941 0.860088 0 
1 0.212766 0.030563 0.159923 0.000931 0.206111 0.860088 0 
1 0.234043 0.032755 0.173014 0.00086 0.191611 0.860088 0 
1 0.255319 0.036418 0.191758 0.000931 0.198084 0.860088 0 
1 0.276596 0.020956 0.221214 0.00087 0.184878 0.910965 0 
1 0.297872 0.022307 0.249331 0.000906 0.15044 0.945614 0 
1 0.319149 0.034046 0.321035 0.000931 0.166235 0.923684 0 
1 0.340426 0.03927 0.412972 0.000976 0.219834 0.923684 1 
1 0.361702 0.0399 0.491074 0.000899 0.25738 0.864912 1 
1 0.382979 0.040231 0.566498 0.000976 0.282237 0.821053 1 
1 0.404255 0.040381 0.625112 0.000953 0.296737 0.777193 1 
1 0.425532 0.044584 0.642815 0.000976 0.29855 0.726316 1 
1 0.446809 0.044043 0.64341 0.000976 0.284309 0.726316 1 
1 0.468085 0.042212 0.642963 0.001435 0.285085 0.78114 1 
1 0.489362 0.045755 0.63493 0.002393 0.268255 0.692105 1 
1 0.510638 0.044073 0.624517 0.00227 0.264112 0.78114 1 
1 0.531915 0.044374 0.599375 0.000976 0.256862 0.78114 1 
1 0.553191 0.043653 0.573341 0.000976 0.270326 0.78114 1 
1 0.574468 0.043833 0.558762 0.000976 0.256344 0.78114 1 
1 0.595745 0.043623 0.548051 0.001176 0.250129 0.78114 1 
1 0.617021 0.042032 0.547605 0.001776 0.243138 0.835965 1 
1 0.638298 0.041371 0.551919 0.000976 0.239254 0.835965 1 
1 0.659574 0.042632 0.577655 0.000976 0.24262 0.835965 1 
1 0.680851 0.042152 0.611871 0.000976 0.249353 0.835965 1 
1 0.702128 0.042332 0.672716 0.001417 0.284309 0.839474 1 
1 0.723404 0.041401 0.722702 0.001259 0.361989 0.736842 1 
1 0.744681 0.044224 0.789795 0.002894 0.473071 0.641228 1 
1 0.765957 0.043683 0.802737 0.002879 0.512688 0.701754 1 
1 0.787234 0.041972 0.78072 0.002518 0.497411 0.762281 1 
1 0.808511 0.042783 0.749033 0.002707 0.476178 0.758772 1 
1 0.829787 0.053861 0.731032 0.003112 0.459865 0.707895 1 
1 0.851064 0.045665 0.719429 0.002995 0.445106 0.709649 1 
1 0.87234 0.044164 0.689081 0.002422 0.429052 0.726316 1 
1 0.893617 0.042212 0.633889 0.002551 0.412998 0.770175 1 
1 0.914894 0.040801 0.580928 0.001872 0.385293 0.770175 1 
1 0.93617 0.041221 0.573193 0.002441 0.372864 0.791228 1 
1 0.957447 0.041251 0.566349 0.002119 0.367426 0.785088 1 
1 0.978723 0.040981 0.529753 0.002428 0.440704 0.694737 1 
1 1 0.040231 0.487057 0.002416 0.437856 0.726316 1 
