1 0 0.089138 0.307349 0.006047 0.381409 0.398246 1 
1 0.021277 0.088807 0.272687 0.006034 0.353185 0.411842 1 
1 0.042553 0.088958 0.242487 0.006064 0.402123 0.414035 1 
1 0.06383 0.07905 0.20366 0.005347 0.38115 0.474123 1 
1 0.085106 0.059055 0.166171 0.003949 0.327033 0.530702 0 
1 0.106383 0.044284 0.13136 0.002931 0.27913 0.557456 0 
1 0.12766 0.041161 0.105177 0.002721 0.241844 0.592982 0 
1 0.148936 0.036838 0.082565 0.002447 0.200155 0.561842 0 
1 0.170213 0.024709 0.071407 0.001653 0.17478 0.560965 0 
1 0.191489 0.024439 0.073639 0.001635 0.156396 0.564035 0 
1 0.212766 0.027921 0.083606 0.001867 0.141895 0.548246 0 
1 0.234043 0.031164 0.095359 0.002079 0.141378 0.584649 0 
1 0.255319 0.031314 0.116334 0.002081 0.142931 0.657456 0 
1 0.276596 0.040291 0.14341 0.002092 0.146556 0.604386 0 
1 0.297872 0.042302 0.172121 0.001938 0.130502 0.609649 0 
1 0.319149 0.071815 0.220321 0.00211 0.142672 0.653509 1 
1 0.340426 0.034016 0.273728 0.002252 0.178923 0.666667 0 
1 0.361702 0.056533 0.322821 0.002642 0.195753 0.686404 0 
1 0.382979 0.081722 0.368194 0.003145 0.223718 0.689035 1 
1 0.404255 0.089138 0.390211 0.002426 0.22087 0.689035 1 
1 0.425532 0.089138 0.39512 0.002435 0.228638 0.667105 1 
1 0.446809 0.089138 0.382475 0.002152 0.227084 0.689035 1 
1 0.468085 0.081512 0.367301 0.002902 0.231486 0.689035 1 
1 0.489362 0.089138 0.359863 0.00242 0.22087 0.662281 1 
1 0.510638 0.089138 0.359417 0.004566 0.222941 0.75 1 
1 0.531915 0.072235 0.349003 0.004103 0.222683 0.807018 1 
1 0.553191 0.061487 0.323564 0.003309 0.221906 0.801316 0 
1 0.574468 0.051849 0.304671 0.003241 0.22087 0.789912 0 
1 0.595745 0.05314 0.297977 0.00307 0.204039 0.805702 0 
1 0.617021 0.049388 0.289943 0.003162 0.20145 0.794298 0 
1 0.638298 0.049478 0.295448 0.003 0.197307 0.800877 0 
1 0.659574 0.05323 0.307349 0.002919 0.196271 0.805702 0 
1 0.680851 0.054461 0.317019 0.003278 0.194977 0.821053 0 
1 0.702128 0.083674 0.332639 0.004024 0.226049 0.785965 1 
1 0.723404 0.075748 0.353913 0.004587 0.24754 0.704386 1 
1 0.744681 0.067581 0.409551 0.004574 0.28146 0.714035 1 
1 0.765957 0.088027 0.459982 0.00569 0.33972 0.646491 1 
1 0.787234 0.089138 0.47828 0.005777 0.404713 0.575439 1 
1 0.808511 0.089138 0.463255 0.005785 0.41015 0.610088 1 
1 0.829787 0.088207 0.44094 0.005758 0.402123 0.626754 1 
1 0.851064 0.085085 0.415353 0.005569 0.382185 0.65307 1 
1 0.87234 0.0783 0.397054 0.005125 0.366649 0.674561 1 
1 0.893617 0.061907 0.365665 0.004206 0.348006 0.679386 0 
1 0.914894 0.054822 0.336061 0.003556 0.331176 0.664474 0 
1 0.93617 0.082803 0.350788 0.005235 0.31797 0.711404 1 
1 0.957447 0.074306 0.348408 0.004809 0.315122 0.689035 1 
1 0.978723 0.090309 0.350788 0.00585 0.400829 0.569298 1 
1 1 0.063829 0.330408 0.00429 0.390989 0.594298 0 
