7 0 0.062598 0.413716 0.003467 0.422915 0.414912 0 
7 0.021277 0.062598 0.361053 0.003467 0.422915 0.414912 0 
7 0.042553 0.062598 0.334276 0.003467 0.422915 0.414912 0 
7 0.06383 0.062598 0.276108 0.003467 0.422915 0.414912 0 
7 0.085106 0.062598 0.230289 0.003467 0.422915 0.414912 0 
7 0.106383 0.061637 0.197263 0.003467 0.422915 0.414912 0 
7 0.12766 0.061637 0.163344 0.003467 0.422915 0.414912 0 
7 0.148936 0.061637 0.139691 0.003467 0.422915 0.414912 0 
7 0.170213 0.060886 0.12169 0.003467 0.422915 0.414912 0 
7 0.191489 0.060886 0.113508 0.003467 0.422915 0.414912 0 
7 0.212766 0.060886 0.119161 0.003467 0.422915 0.414912 0 
7 0.234043 0.061637 0.128682 0.003467 0.422915 0.414912 0 
7 0.255319 0.062598 0.152633 0.003467 0.422915 0.414912 0 
7 0.276596 0.062598 0.17837 0.003467 0.422915 0.414912 0 
7 0.297872 0.068362 0.208123 0.003467 0.422915 0.414912 0 
7 0.319149 0.062598 0.268521 0.003467 0.422915 0.414912 0 
7 0.340426 0.060466 0.345879 0.003467 0.422915 0.414912 0 
7 0.361702 0.058605 0.418477 0.003467 0.422915 0.414912 0 
7 0.382979 0.062598 0.485867 0.003467 0.422915 0.414912 0 
7 0.404255 0.062598 0.52886 0.003467 0.422915 0.414912 0 
7 0.425532 0.060556 0.537043 0.003467 0.422915 0.414912 0 
7 0.446809 0.062598 0.534811 0.003467 0.422915 0.414912 0 
7 0.468085 0.076828 0.519191 0.003467 0.422915 0.414912 0 
7 0.489362 0.062598 0.514877 0.003467 0.422915 0.414912 0 
7 0.510638 0.076828 0.500744 0.003467 0.422915 0.414912 1 
7 0.531915 0.062598 0.487206 0.003467 0.422915 0.414912 0 
7 0.553191 0.076828 0.464148 0.003467 0.422915 0.414912 1 
7 0.574468 0.076828 0.446147 0.003467 0.422915 0.414912 0 
7 0.595745 0.076828 0.432312 0.003467 0.422915 0.414912 0 
7 0.617021 0.076828 0.421006 0.003467 0.422915 0.414912 0 
7 0.638298 0.076828 0.429337 0.003467 0.422915 0.414912 0 
7 0.659574 0.084244 0.445254 0.003467 0.422915 0.414912 1 
7 0.680851 0.093611 0.472776 0.003467 0.422915 0.414912 1 
7 0.702128 0.114387 0.542101 0.003467 0.422915 0.414912 1 
7 0.723404 0.121202 0.619905 0.003467 0.422915 0.414912 1 
7 0.744681 0.121202 0.680452 0.003467 0.422915 0.414912 1 
7 0.765957 0.121202 0.696073 0.003467 0.422915 0.414912 1 
7 0.787234 0.099135 0.674799 0.003467 0.422915 0.414912 1 
7 0.808511 0.076828 0.649509 0.003467 0.422915 0.414912 1 
7 0.829787 0.089798 0.615144 0.003467 0.422915 0.414912 1 
7 0.851064 0.076828 0.576763 0.003467 0.422915 0.414912 1 
7 0.87234 0.062598 0.550283 0.003467 0.422915 0.414912 0 
7 0.893617 0.062598 0.49762 0.003467 0.422915 0.414912 0 
7 0.914894 0.062598 0.442725 0.003467 0.422915 0.414912 0 
7 0.93617 0.076828 0.455965 0.003467 0.422915 0.414912 1 
7 0.957447 0.062598 0.438262 0.003467 0.422915 0.414912 0 
7 0.978723 0.062598 0.442725 0.003467 0.422915 0.414912 0 
7 1 0.062598 0.411782 0.003467 0.422915 0.414912 0 
