5 0 0.06545 0.440494 0.004526 0.385293 0.364474 1 
5 0.021277 0.062868 0.423088 0.004325 0.353962 0.398684 1 
5 0.042553 0.077069 0.393335 0.005293 0.407561 0.329825 1 
5 0.06383 0.05209 0.341714 0.003579 0.378819 0.35307 0 
5 0.085106 0.037529 0.279679 0.00258 0.329363 0.377632 0 
5 0.106383 0.030083 0.233115 0.002056 0.274728 0.44386 0 
5 0.12766 0.028402 0.190122 0.001936 0.23537 0.46886 0 
5 0.148936 0.027561 0.159923 0.001872 0.2087 0.497807 0 
5 0.170213 0.02621 0.143558 0.001776 0.197307 0.565789 0 
5 0.191489 0.02648 0.144451 0.001793 0.188762 0.577632 0 
5 0.212766 0.02678 0.169741 0.001818 0.203263 0.525 0 
5 0.234043 0.027261 0.202618 0.001853 0.222165 0.488596 0 
5 0.255319 0.033025 0.296787 0.002268 0.287675 0.363596 0 
5 0.276596 0.041161 0.370277 0.00286 0.365614 0.295175 0 
5 0.297872 0.029963 0.358078 0.002077 0.39798 0.30307 0 
5 0.319149 0.033656 0.417435 0.002356 0.455722 0.199561 0 
5 0.340426 0.061277 0.451056 0.004283 0.482134 0.240789 1 
5 0.361702 0.070464 0.467718 0.004817 0.474625 0.289474 1 
5 0.382979 0.095683 0.507141 0.006591 0.476955 0.33114 1 
5 0.404255 0.086976 0.517108 0.005991 0.467633 0.304386 1 
5 0.425532 0.148223 0.503422 0.010154 0.464526 0.25 1 
5 0.446809 0.076888 0.48914 0.005241 0.457276 0.31886 1 
5 0.468085 0.071304 0.480512 0.004929 0.46608 0.341228 1 
5 0.489362 0.073376 0.472032 0.005077 0.471517 0.299561 1 
5 0.510638 0.07869 0.464594 0.005442 0.46116 0.289474 1 
5 0.531915 0.077339 0.456858 0.005353 0.466857 0.276754 1 
5 0.553191 0.060586 0.443023 0.004188 0.483428 0.2 1 
5 0.574468 0.07917 0.445998 0.005463 0.495339 0.216667 1 
5 0.595745 0.072865 0.442874 0.005023 0.494303 0.227193 1 
5 0.617021 0.072205 0.435585 0.004979 0.491455 0.255263 1 
5 0.638298 0.09169 0.428741 0.006338 0.480839 0.241667 1 
5 0.659574 0.071184 0.422196 0.004929 0.472294 0.223684 1 
5 0.680851 0.063018 0.421303 0.004375 0.474107 0.194298 1 
5 0.702128 0.074877 0.423386 0.005208 0.483946 0.175 1 
5 0.723404 0.057524 0.426064 0.004007 0.469705 0.19386 0 
5 0.744681 0.048006 0.451056 0.003353 0.464008 0.173246 0 
5 0.765957 0.042182 0.490479 0.002956 0.44174 0.259649 0 
5 0.787234 0.058244 0.525141 0.004086 0.466339 0.227193 1 
5 0.808511 0.057614 0.497173 0.004024 0.472812 0.203509 1 
5 0.829787 0.033626 0.46504 0.002356 0.449508 0.224561 0 
5 0.851064 0.040321 0.446593 0.002815 0.426722 0.260526 0 
5 0.87234 0.032695 0.421154 0.002275 0.401346 0.301754 0 
5 0.893617 0.034766 0.382773 0.00243 0.368462 0.288596 0 
5 0.914894 0.031434 0.348408 0.002192 0.34231 0.339474 0 
5 0.93617 0.040501 0.407468 0.002829 0.328845 0.400877 0 
5 0.957447 0.046385 0.433204 0.00317 0.319265 0.382018 0 
5 0.978723 0.057824 0.451205 0.003677 0.406784 0.317982 1 
5 1 0.062267 0.452693 0.004308 0.404195 0.35 1 
