7 0 0.029993 0.429485 0.001963 0.430865 0.625 1 
7 0.021277 0.032845 0.417882 0.002131 0.399534 0.672368 1 
7 0.042553 0.044284 0.380095 0.002885 0.457276 0.605263 1 
7 0.06383 0.034856 0.324755 0.00227 0.428793 0.624561 1 
7 0.085106 0.029002 0.261083 0.001863 0.399275 0.651754 0 
7 0.106383 0.029002 0.213478 0.001764 0.359399 0.65614 0 
7 0.12766 0.028942 0.175692 0.00177 0.328327 0.660526 0 
7 0.148936 0.028101 0.145641 0.001759 0.311238 0.660526 0 
7 0.170213 0.027591 0.129277 0.000839 0.288452 0.660526 0 
7 0.191489 0.027321 0.127343 0.000839 0.269549 0.686842 0 
7 0.212766 0.028462 0.13255 0.000839 0.263594 0.67807 0 
7 0.234043 0.028672 0.144451 0.000835 0.252719 0.67807 0 
7 0.255319 0.029062 0.183576 0.000839 0.264889 0.67807 0 
7 0.276596 0.029062 0.22047 0.000868 0.282755 0.67807 0 
7 0.297872 0.029362 0.267926 0.000839 0.278612 0.647368 0 
7 0.319149 0.029933 0.340524 0.001196 0.311756 0.647368 0 
7 0.340426 0.031104 0.398096 0.001973 0.356033 0.657456 1 
7 0.361702 0.032695 0.444659 0.002088 0.386846 0.685526 1 
7 0.382979 0.038069 0.479917 0.002468 0.407561 0.678509 1 
7 0.404255 0.038069 0.487355 0.00241 0.404454 0.673246 1 
7 0.425532 0.038069 0.487206 0.002455 0.393578 0.66886 1 
7 0.446809 0.037559 0.477685 0.00241 0.377007 0.659211 1 
7 0.468085 0.031404 0.46385 0.002017 0.365614 0.657456 1 
7 0.489362 0.031314 0.459238 0.002021 0.347229 0.670175 1 
7 0.510638 0.035367 0.449122 0.002181 0.333506 0.689912 1 
7 0.531915 0.033325 0.435436 0.00211 0.316934 0.677193 1 
7 0.553191 0.035187 0.427849 0.002181 0.321595 0.676754 1 
7 0.574468 0.033055 0.420113 0.002098 0.311238 0.667544 1 
7 0.595745 0.030954 0.409848 0.00194 0.293889 0.682456 0 
7 0.617021 0.030323 0.405237 0.001369 0.286121 0.687719 0 
7 0.638298 0.029693 0.4036 0.001215 0.274728 0.699561 0 
7 0.659574 0.030173 0.408361 0.001219 0.27188 0.686842 0 
7 0.680851 0.030863 0.429337 0.001936 0.278871 0.699561 0 
7 0.702128 0.032965 0.458792 0.002115 0.302693 0.738158 1 
7 0.723404 0.034586 0.496132 0.002212 0.360176 0.710965 1 
7 0.744681 0.043563 0.551324 0.002821 0.452097 0.658333 1 
7 0.765957 0.043383 0.559357 0.002831 0.506473 0.589035 1 
7 0.787234 0.03912 0.529009 0.002559 0.492491 0.614912 1 
7 0.808511 0.035607 0.477388 0.002316 0.458053 0.623684 1 
7 0.829787 0.030503 0.440345 0.001969 0.430347 0.623246 0 
7 0.851064 0.031104 0.416989 0.002 0.41274 0.632018 0 
7 0.87234 0.029542 0.397054 0.001718 0.384516 0.65614 0 
7 0.893617 0.032575 0.375781 0.002131 0.354221 0.577632 1 
7 0.914894 0.029933 0.342904 0.001951 0.325997 0.560088 0 
7 0.93617 0.031494 0.373103 0.002052 0.322631 0.633772 0 
7 0.957447 0.030353 0.372508 0.001973 0.313827 0.559211 0 
7 0.978723 0.034406 0.371616 0.002264 0.37623 0.5 1 
7 1 0.030593 0.348408 0.002017 0.366132 0.505702 0 
