7 0 0.028612 0.360161 0.001211 0.318229 0.748684 0 
7 0.021277 0.028522 0.302142 0.001016 0.291818 0.770614 0 
7 0.042553 0.028702 0.242487 0.00168 0.340497 0.702632 0 
7 0.06383 0.029002 0.210057 0.001543 0.301139 0.704825 0 
7 0.085106 0.027531 0.180303 0.001477 0.258674 0.792544 0 
7 0.106383 0.027081 0.163493 0.001332 0.225272 0.858333 0 
7 0.12766 0.027081 0.15903 0.001336 0.206888 0.889035 0 
7 0.148936 0.02672 0.153972 0.000962 0.193941 0.902193 0 
7 0.170213 0.029062 0.165873 0.000868 0.192646 0.902193 0 
7 0.191489 0.029963 0.170783 0.000885 0.194977 0.902193 1 
7 0.212766 0.030113 0.188783 0.000858 0.198602 0.880263 1 
7 0.234043 0.028402 0.207974 0.000885 0.20378 0.880263 0 
7 0.255319 0.028612 0.2349 0.001172 0.225013 0.880263 0 
7 0.276596 0.031914 0.289497 0.001737 0.260746 0.846053 1 
7 0.297872 0.033355 0.344392 0.002104 0.262817 0.867982 1 
7 0.319149 0.036808 0.389616 0.002219 0.279648 0.867982 1 
7 0.340426 0.044824 0.446445 0.002416 0.299845 0.802193 1 
7 0.361702 0.046295 0.468908 0.002811 0.303988 0.808333 1 
7 0.382979 0.046235 0.472776 0.002811 0.31305 0.808333 1 
7 0.404255 0.046325 0.465635 0.002811 0.326515 0.808333 1 
7 0.425532 0.050468 0.468759 0.003203 0.327292 0.808333 1 
7 0.446809 0.048967 0.463106 0.003182 0.334024 0.822368 1 
7 0.468085 0.046325 0.459387 0.002892 0.315122 0.833772 1 
7 0.489362 0.045304 0.457751 0.002848 0.334024 0.802193 1 
7 0.510638 0.048337 0.454627 0.003135 0.329881 0.829825 1 
7 0.531915 0.049538 0.45418 0.00307 0.330917 0.846053 1 
7 0.553191 0.053591 0.453585 0.003454 0.322631 0.861404 1 
7 0.574468 0.056203 0.45537 0.003625 0.328068 0.859211 1 
7 0.595745 0.050498 0.451056 0.003255 0.318747 0.820614 1 
7 0.617021 0.053561 0.455965 0.003423 0.315122 0.820614 1 
7 0.638298 0.05275 0.448974 0.0034 0.31305 0.817105 1 
7 0.659574 0.083884 0.454627 0.003887 0.334024 0.833772 1 
7 0.680851 0.049418 0.421452 0.003141 0.332729 0.830263 1 
7 0.702128 0.047406 0.421154 0.003002 0.339979 0.820614 1 
7 0.723404 0.042122 0.429932 0.002285 0.329622 0.802193 1 
7 0.744681 0.036568 0.425022 0.002285 0.306577 0.802193 0 
7 0.765957 0.034436 0.399286 0.002185 0.291041 0.796053 0 
7 0.787234 0.034136 0.378459 0.002181 0.277576 0.790789 0 
7 0.808511 0.031494 0.36745 0.001799 0.284827 0.855702 0 
7 0.829787 0.034406 0.367301 0.002202 0.300104 0.781579 0 
7 0.851064 0.034316 0.34945 0.002185 0.306836 0.796053 0 
7 0.87234 0.033205 0.320738 0.001747 0.294925 0.770614 0 
7 0.893617 0.034646 0.335168 0.00177 0.267219 0.802193 0 
7 0.914894 0.031074 0.332639 0.001209 0.255049 0.880263 0 
7 0.93617 0.031824 0.334127 0.000974 0.252978 0.880263 0 
7 0.957447 0.034856 0.310324 0.00177 0.244174 0.770614 0 
7 0.978723 0.030713 0.289051 0.001523 0.312015 0.814474 0 
7 1 0.030263 0.246504 0.000839 0.305541 0.726754 0 
