2 0 0.028071 0.237281 0.000841 0.258415 0.841667 1 
2 0.021277 0.027861 0.207528 0.000839 0.237442 0.841667 1 
2 0.042553 0.027381 0.175989 0.000841 0.300621 0.797807 1 
2 0.06383 0.027561 0.156055 0.000841 0.28405 0.797807 1 
2 0.085106 0.023208 0.135376 0.000837 0.247022 0.797807 0 
2 0.106383 0.020566 0.131955 0.000835 0.210772 0.819737 0 
2 0.12766 0.019395 0.131062 0.000839 0.201968 0.863596 0 
2 0.148936 0.020806 0.141476 0.000839 0.194459 0.885526 0 
2 0.170213 0.031494 0.172419 0.000839 0.208441 0.885526 1 
2 0.191489 0.028462 0.212139 0.000841 0.234076 0.885526 1 
2 0.212766 0.030803 0.29158 0.00161 0.308648 0.826754 1 
2 0.234043 0.044314 0.370574 0.000893 0.370274 0.782018 1 
2 0.255319 0.029152 0.400327 0.00173 0.467374 0.696053 0 
2 0.276596 0.032214 0.460131 0.002065 0.536769 0.629386 1 
2 0.297872 0.02636 0.490479 0.00167 0.511652 0.75614 0 
2 0.319149 0.027141 0.517554 0.000841 0.495598 0.717544 0 
2 0.340426 0.027021 0.569473 0.001643 0.509322 0.799561 0 
2 0.361702 0.027051 0.590301 0.001664 0.519679 0.812281 0 
2 0.382979 0.028552 0.585242 0.001747 0.520456 0.783772 0 
2 0.404255 0.028792 0.576168 0.00177 0.529777 0.796053 0 
2 0.425532 0.029693 0.574978 0.001834 0.53651 0.739912 0 
2 0.446809 0.031734 0.575573 0.001992 0.541688 0.788158 1 
2 0.468085 0.028912 0.568432 0.001953 0.529001 0.804386 0 
2 0.489362 0.028372 0.563374 0.001768 0.53392 0.829825 0 
2 0.510638 0.027711 0.564118 0.001762 0.552305 0.816667 0 
2 0.531915 0.028642 0.561886 0.001766 0.559037 0.767105 0 
2 0.553191 0.027621 0.558316 0.001701 0.559296 0.801316 0 
2 0.574468 0.02675 0.548646 0.001651 0.557742 0.804825 0 
2 0.595745 0.027261 0.542844 0.00168 0.555412 0.797807 0 
2 0.617021 0.030203 0.543291 0.001865 0.552305 0.77193 0 
2 0.638298 0.027981 0.542844 0.001724 0.547126 0.766228 0 
2 0.659574 0.028191 0.546117 0.001741 0.554117 0.774123 0 
2 0.680851 0.027441 0.528712 0.001695 0.551787 0.766228 0 
2 0.702128 0.027381 0.512199 0.001695 0.534697 0.814912 0 
2 0.723404 0.02657 0.478727 0.001591 0.490937 0.832895 0 
2 0.744681 0.027171 0.450164 0.001045 0.441222 0.798246 0 
2 0.765957 0.028161 0.425915 0.000978 0.421284 0.760088 0 
2 0.787234 0.028822 0.424725 0.000978 0.412222 0.747368 0 
2 0.808511 0.028762 0.443767 0.000995 0.403677 0.747368 0 
2 0.829787 0.027471 0.432014 0.001658 0.414811 0.747368 0 
2 0.851064 0.027681 0.394377 0.00114 0.399793 0.725439 0 
2 0.87234 0.027951 0.355995 0.000841 0.366132 0.690351 0 
2 0.893617 0.028792 0.383963 0.000841 0.329622 0.69693 1 
2 0.914894 0.028462 0.390806 0.000866 0.291559 0.767105 0 
2 0.93617 0.029783 0.410295 0.000841 0.276541 0.775877 1 
2 0.957447 0.030233 0.421601 0.000841 0.26696 0.784649 1 
2 0.978723 0.033626 0.41208 0.001172 0.354221 0.732018 1 
2 1 0.034286 0.379798 0.001344 0.354997 0.738596 1 
