1 0 0.080911 0.383368 0.005316 0.404454 0.595175 1 
1 0.021277 0.080461 0.346474 0.005258 0.371569 0.60614 1 
1 0.042553 0.083433 0.312853 0.005471 0.423874 0.564912 1 
1 0.06383 0.077369 0.271199 0.005077 0.40057 0.569737 1 
1 0.085106 0.069563 0.229991 0.00457 0.353703 0.614035 0 
1 0.106383 0.056623 0.194585 0.003714 0.314086 0.621491 0 
1 0.12766 0.043173 0.164832 0.002829 0.2768 0.630263 0 
1 0.148936 0.041942 0.145939 0.002736 0.248317 0.675877 0 
1 0.170213 0.032154 0.131806 0.002083 0.217763 0.714474 0 
1 0.191489 0.024078 0.122136 0.001556 0.184878 0.689035 0 
1 0.212766 0.029272 0.130021 0.001901 0.174521 0.736404 0 
1 0.234043 0.030413 0.139393 0.001967 0.167012 0.736842 0 
1 0.255319 0.035607 0.161559 0.002295 0.176075 0.779386 0 
1 0.276596 0.031374 0.195031 0.002009 0.185914 0.814035 0 
1 0.297872 0.034796 0.234752 0.002113 0.181771 0.852193 0 
1 0.319149 0.048337 0.302886 0.003078 0.200932 0.860088 0 
1 0.340426 0.06545 0.365516 0.003342 0.222165 0.831579 0 
1 0.361702 0.081152 0.406129 0.00376 0.243397 0.809649 1 
1 0.382979 0.081902 0.443172 0.003934 0.260228 0.831579 1 
1 0.404255 0.083704 0.458494 0.003909 0.273951 0.809649 1 
1 0.425532 0.084394 0.441535 0.00343 0.270844 0.765789 1 
1 0.446809 0.081902 0.412229 0.002948 0.255308 0.765789 1 
1 0.468085 0.079621 0.391848 0.003141 0.267478 0.74386 1 
1 0.489362 0.077579 0.364326 0.003139 0.253237 0.765789 1 
1 0.510638 0.073706 0.349896 0.004034 0.267478 0.753509 1 
1 0.531915 0.073166 0.324606 0.003338 0.250906 0.765789 1 
1 0.553191 0.078119 0.302142 0.00302 0.259451 0.72193 1 
1 0.574468 0.067641 0.281018 0.002946 0.257897 0.765789 1 
1 0.595745 0.056713 0.267926 0.003243 0.249612 0.809649 0 
1 0.617021 0.053981 0.254835 0.002937 0.224236 0.787719 0 
1 0.638298 0.05263 0.249628 0.002948 0.232781 0.787719 0 
1 0.659574 0.069773 0.261678 0.003143 0.274469 0.809649 1 
1 0.680851 0.056893 0.273579 0.003405 0.274987 0.809649 0 
1 0.702128 0.068332 0.292026 0.004169 0.303211 0.792105 1 
1 0.723404 0.057223 0.324011 0.003311 0.314345 0.734649 0 
1 0.744681 0.072355 0.431866 0.004271 0.355515 0.675877 1 
1 0.765957 0.085625 0.530051 0.005501 0.437856 0.602193 1 
1 0.787234 0.087336 0.546117 0.005582 0.467115 0.560088 1 
1 0.808511 0.086976 0.524993 0.005573 0.454946 0.588596 1 
1 0.829787 0.086045 0.508777 0.005532 0.449508 0.566228 1 
1 0.851064 0.086526 0.501339 0.005555 0.433195 0.6 1 
1 0.87234 0.085175 0.48557 0.005484 0.414552 0.675 1 
1 0.893617 0.078119 0.449866 0.005037 0.38115 0.724123 1 
1 0.914894 0.070253 0.412824 0.004314 0.357587 0.727632 1 
1 0.93617 0.069113 0.421749 0.004217 0.334283 0.75 1 
1 0.957447 0.068362 0.408063 0.00441 0.324961 0.697807 1 
1 0.978723 0.081302 0.406427 0.005312 0.401864 0.608333 1 
1 1 0.069863 0.378756 0.00456 0.406007 0.624561 1 
