7 0 0.062327 0.221958 0.003467 0.422915 0.414912 0 
7 0.021277 0.070163 0.17465 0.003467 0.422915 0.414912 0 
7 0.042553 0.070163 0.132996 0.003467 0.422915 0.414912 0 
7 0.06383 0.070163 0.101309 0.003467 0.422915 0.414912 0 
7 0.085106 0.070163 0.084796 0.003467 0.422915 0.414912 0 
7 0.106383 0.073256 0.066498 0.003467 0.422915 0.414912 0 
7 0.12766 0.070163 0.060547 0.003467 0.422915 0.414912 0 
7 0.148936 0.062327 0.053704 0.003467 0.422915 0.414912 0 
7 0.170213 0.055242 0.058167 0.003467 0.422915 0.414912 0 
7 0.191489 0.071394 0.064713 0.003467 0.422915 0.414912 0 
7 0.212766 0.071394 0.067837 0.003467 0.422915 0.414912 0 
7 0.234043 0.067131 0.08435 0.003467 0.422915 0.414912 0 
7 0.255319 0.073826 0.100863 0.003467 0.422915 0.414912 0 
7 0.276596 0.073826 0.138798 0.003467 0.422915 0.414912 0 
7 0.297872 0.075237 0.185361 0.003467 0.422915 0.414912 1 
7 0.319149 0.075237 0.235942 0.003467 0.422915 0.414912 1 
7 0.340426 0.07866 0.285332 0.003467 0.422915 0.414912 1 
7 0.361702 0.080611 0.311812 0.003467 0.422915 0.414912 1 
7 0.382979 0.073826 0.321779 0.003467 0.422915 0.414912 1 
7 0.404255 0.073826 0.325796 0.003467 0.422915 0.414912 1 
7 0.425532 0.073826 0.329515 0.003467 0.422915 0.414912 1 
7 0.446809 0.082323 0.327284 0.003467 0.422915 0.414912 1 
7 0.468085 0.075237 0.322821 0.003467 0.422915 0.414912 1 
7 0.489362 0.080611 0.319845 0.003467 0.422915 0.414912 1 
7 0.510638 0.080611 0.310027 0.003467 0.422915 0.414912 1 
7 0.531915 0.074306 0.296489 0.003467 0.422915 0.414912 1 
7 0.553191 0.075237 0.286819 0.003467 0.422915 0.414912 1 
7 0.574468 0.082323 0.281613 0.003467 0.422915 0.414912 1 
7 0.595745 0.075237 0.285183 0.003467 0.422915 0.414912 1 
7 0.617021 0.082323 0.290687 0.003467 0.422915 0.414912 1 
7 0.638298 0.082323 0.290241 0.003467 0.422915 0.414912 1 
7 0.659574 0.075237 0.297084 0.003467 0.422915 0.414912 1 
7 0.680851 0.082323 0.296489 0.003467 0.422915 0.414912 1 
7 0.702128 0.082323 0.314192 0.003467 0.422915 0.414912 1 
7 0.723404 0.080611 0.321184 0.003467 0.422915 0.414912 1 
7 0.744681 0.080611 0.325945 0.003467 0.422915 0.414912 1 
7 0.765957 0.082323 0.315829 0.003467 0.422915 0.414912 1 
7 0.787234 0.080611 0.314192 0.003467 0.422915 0.414912 1 
7 0.808511 0.082323 0.324457 0.003467 0.422915 0.414912 1 
7 0.829787 0.075237 0.359863 0.003467 0.422915 0.414912 1 
7 0.851064 0.090819 0.346772 0.003467 0.422915 0.414912 1 
7 0.87234 0.075237 0.314787 0.003467 0.422915 0.414912 0 
7 0.893617 0.075237 0.324457 0.003467 0.422915 0.414912 0 
7 0.914894 0.080611 0.324606 0.003467 0.422915 0.414912 1 
7 0.93617 0.080611 0.331449 0.003467 0.422915 0.414912 1 
7 0.957447 0.07866 0.303779 0.003467 0.422915 0.414912 1 
7 0.978723 0.075237 0.286968 0.003467 0.422915 0.414912 0 
7 1 0.07866 0.244421 0.003467 0.422915 0.414912 1 
