1 0 0.029572 0.226421 0.000837 0.271103 0.726754 0 
1 0.021277 0.028852 0.194436 0.000837 0.23537 0.726754 0 
1 0.042553 0.028642 0.160815 0.000839 0.294666 0.704825 0 
1 0.06383 0.029602 0.134484 0.000837 0.264371 0.704825 0 
1 0.085106 0.028762 0.111871 0.000835 0.218281 0.726754 0 
1 0.106383 0.024859 0.101012 0.000839 0.182548 0.814474 0 
1 0.12766 0.025009 0.090152 0.000837 0.161056 0.814474 0 
1 0.148936 0.024979 0.08792 0.000835 0.141636 0.814474 0 
1 0.170213 0.024919 0.09521 0.000831 0.126359 0.836404 0 
1 0.191489 0.025459 0.099226 0.000694 0.117297 0.814474 0 
1 0.212766 0.02615 0.115591 0.000831 0.12377 0.836404 0 
1 0.234043 0.025039 0.12288 0.000831 0.119886 0.836404 0 
1 0.255319 0.025069 0.137013 0.000831 0.118074 0.836404 0 
1 0.276596 0.028101 0.18313 0.000831 0.133351 0.836404 0 
1 0.297872 0.029783 0.226718 0.000831 0.13594 0.836404 0 
1 0.319149 0.029512 0.2651 0.00119 0.146556 0.902193 0 
1 0.340426 0.030053 0.312556 0.001012 0.184878 0.902193 0 
1 0.361702 0.031824 0.346177 0.000839 0.199637 0.858333 0 
1 0.382979 0.030863 0.360904 0.001413 0.221129 0.9 0 
1 0.404255 0.032064 0.365665 0.00085 0.224495 0.858333 0 
1 0.425532 0.031824 0.362243 0.001134 0.23304 0.858333 0 
1 0.446809 0.031584 0.354656 0.001043 0.242361 0.814474 0 
1 0.468085 0.032064 0.357929 0.000841 0.238995 0.814474 0 
1 0.489362 0.031464 0.344392 0.000858 0.242879 0.792544 0 
1 0.510638 0.030743 0.332937 0.000841 0.230192 0.792544 0 
1 0.531915 0.029903 0.313597 0.000841 0.2232 0.792544 0 
1 0.553191 0.029903 0.299613 0.000839 0.211031 0.792544 0 
1 0.574468 0.029062 0.287712 0.000841 0.212584 0.814474 0 
1 0.595745 0.028792 0.285629 0.000837 0.201709 0.814474 0 
1 0.617021 0.028912 0.287117 0.000839 0.207664 0.814474 0 
1 0.638298 0.029633 0.286819 0.000837 0.209736 0.770614 0 
1 0.659574 0.029512 0.288902 0.000839 0.216209 0.770614 0 
1 0.680851 0.027471 0.284737 0.001855 0.230968 0.858333 0 
1 0.702128 0.029182 0.290985 0.001967 0.254272 0.858333 0 
1 0.723404 0.030443 0.304225 0.000926 0.258156 0.792544 1 
1 0.744681 0.029663 0.305564 0.000858 0.242879 0.814474 0 
1 0.765957 0.029212 0.297679 0.00085 0.236147 0.814474 0 
1 0.787234 0.028612 0.287414 0.000841 0.218799 0.858333 0 
1 0.808511 0.029212 0.303779 0.000858 0.227084 0.858333 0 
1 0.829787 0.030653 0.324755 0.000839 0.234076 0.770614 1 
1 0.851064 0.030293 0.303332 0.000841 0.241326 0.770614 1 
1 0.87234 0.029362 0.271794 0.000839 0.228897 0.770614 0 
1 0.893617 0.031344 0.298869 0.000839 0.210513 0.770614 1 
1 0.914894 0.029602 0.297977 0.000839 0.192646 0.770614 1 
1 0.93617 0.031734 0.303481 0.00107 0.190834 0.770614 1 
1 0.957447 0.030984 0.280125 0.000839 0.191352 0.770614 1 
1 0.978723 0.029723 0.256323 0.001766 0.259969 0.746491 1 
1 1 0.028522 0.216305 0.000837 0.263076 0.770614 0 
