1 0 0.02651 0.219429 0.001747 0.252978 0.575877 0 
1 0.021277 0.027201 0.184023 0.001786 0.227861 0.616667 0 
1 0.042553 0.028522 0.148021 0.001884 0.286898 0.480263 0 
1 0.06383 0.027081 0.11931 0.001789 0.263594 0.513596 0 
1 0.085106 0.028131 0.093127 0.001853 0.218799 0.508772 0 
1 0.106383 0.027651 0.076168 0.00182 0.177628 0.523684 0 
1 0.12766 0.02636 0.065903 0.001737 0.150181 0.559649 0 
1 0.148936 0.02618 0.06382 0.00172 0.122216 0.598684 0 
1 0.170213 0.025339 0.053109 0.001666 0.103832 0.577632 0 
1 0.191489 0.0257 0.072151 0.001693 0.091662 0.619737 0 
1 0.212766 0.02618 0.085391 0.00172 0.084412 0.627193 0 
1 0.234043 0.02654 0.103392 0.001745 0.087778 0.612719 0 
1 0.255319 0.027831 0.129872 0.001832 0.09218 0.563158 0 
1 0.276596 0.029062 0.180006 0.001915 0.122475 0.554825 1 
1 0.297872 0.029002 0.22404 0.001909 0.116779 0.636404 1 
1 0.319149 0.028582 0.264356 0.001876 0.143708 0.630702 0 
1 0.340426 0.029152 0.317168 0.001917 0.163905 0.679386 1 
1 0.361702 0.029182 0.339185 0.001913 0.178405 0.676316 1 
1 0.382979 0.029182 0.34945 0.001915 0.182807 0.663596 1 
1 0.404255 0.029182 0.33859 0.001913 0.186691 0.660088 1 
1 0.425532 0.029182 0.337697 0.001915 0.187985 0.662281 1 
1 0.446809 0.029182 0.334424 0.001911 0.184102 0.673246 1 
1 0.468085 0.029152 0.329664 0.001909 0.178923 0.699561 1 
1 0.489362 0.029182 0.316424 0.001903 0.168048 0.713596 1 
1 0.510638 0.029032 0.308242 0.001888 0.16028 0.721053 1 
1 0.531915 0.029122 0.298126 0.001897 0.155878 0.72193 1 
1 0.553191 0.029152 0.293811 0.001892 0.154065 0.72807 1 
1 0.574468 0.029002 0.288753 0.001878 0.141895 0.75307 1 
1 0.595745 0.028642 0.287861 0.001853 0.135681 0.758333 1 
1 0.617021 0.028852 0.292919 0.00178 0.101761 0.799561 1 
1 0.638298 0.028732 0.283547 0.001813 0.116779 0.707456 1 
1 0.659574 0.029182 0.291729 0.001899 0.152771 0.702193 1 
1 0.680851 0.028221 0.277596 0.001836 0.161833 0.698684 0 
1 0.702128 0.028942 0.294853 0.00189 0.184619 0.640351 1 
1 0.723404 0.028912 0.303481 0.001894 0.191352 0.657018 1 
1 0.744681 0.029032 0.312258 0.001897 0.193682 0.666667 1 
1 0.765957 0.029152 0.326837 0.001909 0.18928 0.645175 1 
1 0.787234 0.029362 0.352127 0.001932 0.200155 0.589035 1 
1 0.808511 0.03933 0.372954 0.002611 0.246504 0.484211 1 
1 0.829787 0.040831 0.367748 0.002711 0.260487 0.474561 1 
1 0.851064 0.036177 0.337251 0.002399 0.247799 0.515351 1 
1 0.87234 0.031254 0.304671 0.002065 0.225013 0.557018 1 
1 0.893617 0.031434 0.312258 0.002071 0.197825 0.582895 1 
1 0.914894 0.029062 0.308539 0.001907 0.167012 0.626316 0 
1 0.93617 0.031104 0.312556 0.002038 0.159503 0.651316 1 
1 0.957447 0.029062 0.295001 0.001894 0.157949 0.642105 0 
1 0.978723 0.029362 0.286076 0.001934 0.237442 0.499561 1 
1 1 0.029062 0.255132 0.001921 0.244174 0.504386 0 
