2 0 0.06539 0.430378 0.003467 0.422915 0.414912 0 
2 0.021277 0.069593 0.402112 0.003467 0.422915 0.414912 0 
2 0.042553 0.077969 0.370723 0.003467 0.422915 0.414912 1 
2 0.06383 0.069593 0.318209 0.003467 0.422915 0.414912 0 
2 0.085106 0.06539 0.259744 0.003467 0.422915 0.414912 0 
2 0.106383 0.06539 0.221363 0.003467 0.422915 0.414912 0 
2 0.12766 0.062748 0.191758 0.003467 0.422915 0.414912 0 
2 0.148936 0.061187 0.165724 0.003467 0.422915 0.414912 0 
2 0.170213 0.053561 0.158286 0.003467 0.422915 0.414912 0 
2 0.191489 0.053561 0.164237 0.003467 0.422915 0.414912 0 
2 0.212766 0.053561 0.190271 0.003467 0.422915 0.414912 0 
2 0.234043 0.056293 0.237281 0.003467 0.422915 0.414912 0 
2 0.255319 0.059025 0.340077 0.003467 0.422915 0.414912 0 
2 0.276596 0.061727 0.415055 0.003467 0.422915 0.414912 0 
2 0.297872 0.059025 0.421154 0.003467 0.422915 0.414912 0 
2 0.319149 0.059025 0.473222 0.003467 0.422915 0.414912 0 
2 0.340426 0.056323 0.495537 0.003467 0.422915 0.414912 0 
2 0.361702 0.061727 0.49762 0.003467 0.422915 0.414912 0 
2 0.382979 0.070974 0.534811 0.003467 0.422915 0.414912 0 
2 0.404255 0.091419 0.551324 0.003467 0.422915 0.414912 1 
2 0.425532 0.064459 0.547605 0.003467 0.422915 0.414912 0 
2 0.446809 0.061727 0.531836 0.003467 0.422915 0.414912 0 
2 0.468085 0.059025 0.518447 0.003467 0.422915 0.414912 0 
2 0.489362 0.061727 0.513984 0.003467 0.422915 0.414912 0 
2 0.510638 0.064459 0.505058 0.003467 0.422915 0.414912 0 
2 0.531915 0.064459 0.500298 0.003467 0.422915 0.414912 0 
2 0.553191 0.061727 0.497917 0.003467 0.422915 0.414912 0 
2 0.574468 0.061727 0.492413 0.003467 0.422915 0.414912 0 
2 0.595745 0.056113 0.493306 0.003467 0.422915 0.414912 0 
2 0.617021 0.056113 0.480809 0.003467 0.422915 0.414912 0 
2 0.638298 0.056113 0.473222 0.003467 0.422915 0.414912 0 
2 0.659574 0.056113 0.47828 0.003467 0.422915 0.414912 0 
2 0.680851 0.056293 0.477388 0.003467 0.422915 0.414912 0 
2 0.702128 0.053561 0.487355 0.003467 0.422915 0.414912 0 
2 0.723404 0.061727 0.493901 0.003467 0.422915 0.414912 0 
2 0.744681 0.098235 0.547754 0.003467 0.422915 0.414912 1 
2 0.765957 0.087066 0.565457 0.003467 0.422915 0.414912 1 
2 0.787234 0.061727 0.537638 0.003467 0.422915 0.414912 0 
2 0.808511 0.056113 0.498959 0.003467 0.422915 0.414912 0 
2 0.829787 0.053561 0.45909 0.003467 0.422915 0.414912 0 
2 0.851064 0.053561 0.434543 0.003467 0.422915 0.414912 0 
2 0.87234 0.051609 0.409551 0.003467 0.422915 0.414912 0 
2 0.893617 0.050829 0.385302 0.003467 0.422915 0.414912 0 
2 0.914894 0.050829 0.368045 0.003467 0.422915 0.414912 0 
2 0.93617 0.056113 0.421154 0.003467 0.422915 0.414912 0 
2 0.957447 0.051609 0.445254 0.003467 0.422915 0.414912 0 
2 0.978723 0.056113 0.454032 0.003467 0.422915 0.414912 0 
2 1 0.056113 0.449271 0.003467 0.422915 0.414912 0 
