3 0 0.049838 0.354359 0.003467 0.422915 0.414912 0 
3 0.021277 0.049838 0.285481 0.003467 0.422915 0.414912 0 
3 0.042553 0.043053 0.232223 0.003467 0.422915 0.414912 0 
3 0.06383 0.043053 0.198007 0.003467 0.422915 0.414912 0 
3 0.085106 0.043053 0.166766 0.003467 0.422915 0.414912 0 
3 0.106383 0.043053 0.152633 0.003467 0.422915 0.414912 0 
3 0.12766 0.043053 0.150402 0.003467 0.422915 0.414912 0 
3 0.148936 0.069953 0.154567 0.003467 0.422915 0.414912 0 
3 0.170213 0.071064 0.178816 0.003467 0.422915 0.414912 0 
3 0.191489 0.071064 0.21928 0.003467 0.422915 0.414912 0 
3 0.212766 0.071064 0.29634 0.003467 0.422915 0.414912 0 
3 0.234043 0.068242 0.384261 0.003467 0.422915 0.414912 0 
3 0.255319 0.068242 0.413567 0.003467 0.422915 0.414912 0 
3 0.276596 0.068242 0.481702 0.003467 0.422915 0.414912 0 
3 0.297872 0.068242 0.498066 0.003467 0.422915 0.414912 0 
3 0.319149 0.072475 0.504612 0.003467 0.422915 0.414912 1 
3 0.340426 0.073916 0.546266 0.003467 0.422915 0.414912 1 
3 0.361702 0.072475 0.551026 0.003467 0.422915 0.414912 1 
3 0.382979 0.076768 0.533472 0.003467 0.422915 0.414912 1 
3 0.404255 0.075327 0.523059 0.003467 0.422915 0.414912 1 
3 0.425532 0.071064 0.526629 0.003467 0.422915 0.414912 1 
3 0.446809 0.071064 0.52886 0.003467 0.422915 0.414912 1 
3 0.468085 0.071064 0.522017 0.003467 0.422915 0.414912 1 
3 0.489362 0.071064 0.523059 0.003467 0.422915 0.414912 1 
3 0.510638 0.071064 0.522166 0.003467 0.422915 0.414912 1 
3 0.531915 0.071064 0.522017 0.003467 0.422915 0.414912 1 
3 0.553191 0.071064 0.522166 0.003467 0.422915 0.414912 1 
3 0.574468 0.071064 0.514579 0.003467 0.422915 0.414912 1 
3 0.595745 0.055482 0.509075 0.003467 0.422915 0.414912 0 
3 0.617021 0.055482 0.512794 0.003467 0.422915 0.414912 0 
3 0.638298 0.068242 0.512199 0.003467 0.422915 0.414912 1 
3 0.659574 0.055482 0.51205 0.003467 0.422915 0.414912 0 
3 0.680851 0.055482 0.502678 0.003467 0.422915 0.414912 0 
3 0.702128 0.069653 0.495686 0.003467 0.422915 0.414912 1 
3 0.723404 0.071064 0.464296 0.003467 0.422915 0.414912 1 
3 0.744681 0.072475 0.438857 0.003467 0.422915 0.414912 1 
3 0.765957 0.073916 0.423535 0.003467 0.422915 0.414912 1 
3 0.787234 0.076768 0.432163 0.003467 0.422915 0.414912 1 
3 0.808511 0.075327 0.444362 0.003467 0.422915 0.414912 1 
3 0.829787 0.054702 0.423683 0.003467 0.422915 0.414912 0 
3 0.851064 0.053621 0.391699 0.003467 0.422915 0.414912 0 
3 0.87234 0.051849 0.353764 0.003467 0.422915 0.414912 0 
3 0.893617 0.051849 0.377715 0.003467 0.422915 0.414912 0 
3 0.914894 0.051849 0.394525 0.003467 0.422915 0.414912 0 
3 0.93617 0.051849 0.417435 0.003467 0.422915 0.414912 0 
3 0.957447 0.053621 0.415353 0.003467 0.422915 0.414912 0 
3 0.978723 0.051849 0.40598 0.003467 0.422915 0.414912 0 
3 1 0.051849 0.378161 0.003467 0.422915 0.414912 0 
