5 0 0.098775 0.400179 0.003467 0.422915 0.414912 1 
5 0.021277 0.088117 0.333085 0.003467 0.422915 0.414912 0 
5 0.042553 0.077819 0.272389 0.003467 0.422915 0.414912 0 
5 0.06383 0.072745 0.226272 0.003467 0.422915 0.414912 0 
5 0.085106 0.072295 0.182386 0.003467 0.422915 0.414912 0 
5 0.106383 0.072295 0.158733 0.003467 0.422915 0.414912 0 
5 0.12766 0.072295 0.145195 0.003467 0.422915 0.414912 0 
5 0.148936 0.072745 0.149658 0.003467 0.422915 0.414912 0 
5 0.170213 0.072745 0.167807 0.003467 0.422915 0.414912 0 
5 0.191489 0.074517 0.206486 0.003467 0.422915 0.414912 0 
5 0.212766 0.088117 0.289497 0.003467 0.422915 0.414912 0 
5 0.234043 0.107572 0.387385 0.003467 0.422915 0.414912 1 
5 0.255319 0.096253 0.405237 0.003467 0.422915 0.414912 1 
5 0.276596 0.119791 0.466677 0.003467 0.422915 0.414912 1 
5 0.297872 0.096253 0.484677 0.003467 0.422915 0.414912 1 
5 0.319149 0.114117 0.49152 0.003467 0.422915 0.414912 1 
5 0.340426 0.107572 0.527968 0.003467 0.422915 0.414912 1 
5 0.361702 0.119491 0.550878 0.003467 0.422915 0.414912 1 
5 0.382979 0.120031 0.532282 0.003467 0.422915 0.414912 1 
5 0.404255 0.107572 0.516067 0.003467 0.422915 0.414912 1 
5 0.425532 0.107572 0.517554 0.003467 0.422915 0.414912 1 
5 0.446809 0.107572 0.511455 0.003467 0.422915 0.414912 1 
5 0.468085 0.107572 0.499554 0.003467 0.422915 0.414912 1 
5 0.489362 0.096253 0.491372 0.003467 0.422915 0.414912 0 
5 0.510638 0.089498 0.484528 0.003467 0.422915 0.414912 0 
5 0.531915 0.089498 0.468015 0.003467 0.422915 0.414912 0 
5 0.553191 0.086075 0.46147 0.003467 0.422915 0.414912 0 
5 0.574468 0.086075 0.453436 0.003467 0.422915 0.414912 0 
5 0.595745 0.074517 0.436775 0.003467 0.422915 0.414912 0 
5 0.617021 0.074517 0.440196 0.003467 0.422915 0.414912 0 
5 0.638298 0.076318 0.442874 0.003467 0.422915 0.414912 0 
5 0.659574 0.088567 0.443916 0.003467 0.422915 0.414912 0 
5 0.680851 0.074517 0.43127 0.003467 0.422915 0.414912 0 
5 0.702128 0.05221 0.421898 0.003467 0.422915 0.414912 0 
5 0.723404 0.051459 0.395567 0.003467 0.422915 0.414912 0 
5 0.744681 0.051459 0.381583 0.003467 0.422915 0.414912 0 
5 0.765957 0.051459 0.363582 0.003467 0.422915 0.414912 0 
5 0.787234 0.051459 0.388724 0.003467 0.422915 0.414912 0 
5 0.808511 0.074517 0.397054 0.003467 0.422915 0.414912 0 
5 0.829787 0.083614 0.383517 0.003467 0.422915 0.414912 0 
5 0.851064 0.059445 0.355103 0.003467 0.422915 0.414912 0 
5 0.87234 0.051459 0.327581 0.003467 0.422915 0.414912 0 
5 0.893617 0.074517 0.358971 0.003467 0.422915 0.414912 0 
5 0.914894 0.074517 0.378459 0.003467 0.422915 0.414912 0 
5 0.93617 0.089498 0.412526 0.003467 0.422915 0.414912 1 
5 0.957447 0.086075 0.418328 0.003467 0.422915 0.414912 1 
5 0.978723 0.074517 0.414906 0.003467 0.422915 0.414912 0 
5 1 0.089498 0.393038 0.003467 0.422915 0.414912 1 
