7 0 0.045004 0.482743 0.003054 0.424133 0.513158 0 
7 0.021277 0.044434 0.456709 0.002993 0.392025 0.585526 0 
7 0.042553 0.047106 0.420559 0.003174 0.433713 0.485088 0 
7 0.06383 0.043773 0.359268 0.002962 0.396427 0.56886 0 
7 0.085106 0.042632 0.296638 0.002829 0.348006 0.629386 0 
7 0.106383 0.041642 0.253496 0.002734 0.299845 0.660526 0 
7 0.12766 0.040561 0.204255 0.002665 0.250388 0.660526 0 
7 0.148936 0.036208 0.170039 0.002381 0.209218 0.652632 0 
7 0.170213 0.035697 0.146236 0.002354 0.185396 0.662719 0 
7 0.191489 0.031914 0.13493 0.002108 0.167271 0.633333 0 
7 0.212766 0.031974 0.144749 0.002108 0.163387 0.672807 0 
7 0.234043 0.031824 0.161113 0.002092 0.168824 0.696053 0 
7 0.255319 0.03933 0.196221 0.002582 0.192646 0.718421 0 
7 0.276596 0.040801 0.238173 0.002655 0.212584 0.72807 0 
7 0.297872 0.041672 0.277298 0.002717 0.214138 0.728509 0 
7 0.319149 0.042752 0.36507 0.002808 0.248576 0.661404 0 
7 0.340426 0.044013 0.434841 0.002923 0.292336 0.604386 0 
7 0.361702 0.046295 0.477239 0.003118 0.331952 0.547807 0 
7 0.382979 0.047856 0.514579 0.003261 0.356033 0.501316 0 
7 0.404255 0.049147 0.520381 0.00328 0.364319 0.487719 1 
7 0.425532 0.045064 0.5 0.003083 0.365096 0.503947 0 
7 0.446809 0.045034 0.472032 0.003068 0.356033 0.499561 0 
7 0.468085 0.044854 0.448081 0.003047 0.344899 0.510088 0 
7 0.489362 0.044644 0.429485 0.00302 0.337131 0.521491 0 
7 0.510638 0.045064 0.418477 0.003043 0.323408 0.517982 0 
7 0.531915 0.044884 0.409997 0.003031 0.320559 0.529825 0 
7 0.553191 0.044914 0.394972 0.003033 0.323925 0.532456 0 
7 0.574468 0.044734 0.378161 0.003016 0.31797 0.54693 0 
7 0.595745 0.044314 0.353466 0.002968 0.302693 0.564912 0 
7 0.617021 0.044164 0.343201 0.002939 0.295961 0.60614 0 
7 0.638298 0.044104 0.344689 0.002927 0.279648 0.623684 0 
7 0.659574 0.044073 0.354954 0.002929 0.28405 0.602193 0 
7 0.680851 0.043863 0.36983 0.002923 0.292336 0.576316 0 
7 0.702128 0.047916 0.423386 0.00323 0.334801 0.52807 1 
7 0.723404 0.055212 0.512199 0.00387 0.395391 0.432456 1 
7 0.744681 0.070734 0.568581 0.004865 0.46841 0.361404 1 
7 0.765957 0.071875 0.587176 0.004861 0.464785 0.337281 1 
7 0.787234 0.070734 0.564415 0.004751 0.44174 0.343421 1 
7 0.808511 0.070013 0.513835 0.004742 0.406525 0.411842 1 
7 0.829787 0.070013 0.480512 0.00474 0.37623 0.439035 1 
7 0.851064 0.057043 0.446593 0.003608 0.358881 0.456579 1 
7 0.87234 0.045094 0.430675 0.003083 0.341792 0.474561 0 
7 0.893617 0.044974 0.4036 0.003054 0.320818 0.480702 0 
7 0.914894 0.044674 0.375037 0.003037 0.3058 0.513596 0 
7 0.93617 0.044854 0.40479 0.003022 0.305023 0.516228 0 
7 0.957447 0.044764 0.408361 0.003006 0.311497 0.494298 0 
7 0.978723 0.048757 0.415799 0.003351 0.389177 0.349123 1 
7 1 0.044134 0.395716 0.003049 0.399275 0.373246 0 
