5 0 0.041702 0.439453 0.002676 0.379078 0.771053 1 
5 0.021277 0.03897 0.400476 0.002453 0.345935 0.769737 1 
5 0.042553 0.045785 0.373252 0.002939 0.39798 0.635088 1 
5 0.06383 0.03945 0.314341 0.002547 0.380114 0.652193 1 
5 0.085106 0.035187 0.260042 0.00225 0.340238 0.718421 0 
5 0.106383 0.033836 0.219131 0.002144 0.307872 0.769737 0 
5 0.12766 0.032034 0.191758 0.002029 0.288193 0.784211 0 
5 0.148936 0.031434 0.173312 0.001938 0.273951 0.809649 0 
5 0.170213 0.031434 0.16989 0.001855 0.263076 0.809649 0 
5 0.191489 0.031944 0.179262 0.002002 0.255049 0.805702 0 
5 0.212766 0.032124 0.2169 0.001924 0.267737 0.853509 0 
5 0.234043 0.033896 0.259298 0.001697 0.274728 0.84386 0 
5 0.255319 0.042452 0.341565 0.002653 0.337908 0.808772 1 
5 0.276596 0.037378 0.415501 0.002366 0.397204 0.728509 0 
5 0.297872 0.038069 0.437072 0.002466 0.433713 0.576316 0 
5 0.319149 0.03975 0.490479 0.002628 0.489902 0.516228 1 
5 0.340426 0.03975 0.524993 0.002653 0.510875 0.517544 1 
5 0.361702 0.03975 0.541654 0.002655 0.523822 0.520614 1 
5 0.382979 0.03975 0.568432 0.002659 0.525634 0.530263 1 
5 0.404255 0.03942 0.563225 0.002636 0.516054 0.533333 1 
5 0.425532 0.037709 0.56263 0.002507 0.515277 0.473684 0 
5 0.446809 0.03924 0.56263 0.002619 0.510875 0.504386 1 
5 0.468085 0.038609 0.556828 0.002588 0.509322 0.490351 1 
5 0.489362 0.037559 0.549241 0.002524 0.509322 0.498684 0 
5 0.510638 0.035427 0.538828 0.002372 0.500259 0.558333 0 
5 0.531915 0.035427 0.535109 0.002368 0.489384 0.567544 0 
5 0.553191 0.035427 0.53377 0.002368 0.493527 0.563158 0 
5 0.574468 0.035427 0.52648 0.002358 0.482651 0.591667 0 
5 0.595745 0.037979 0.516662 0.002516 0.475142 0.551754 1 
5 0.617021 0.037258 0.499405 0.002468 0.477991 0.535088 0 
5 0.638298 0.035667 0.490777 0.002368 0.472812 0.563158 0 
5 0.659574 0.035457 0.486165 0.002343 0.455463 0.576754 0 
5 0.680851 0.035337 0.485123 0.002322 0.451838 0.635965 0 
5 0.702128 0.040231 0.504165 0.00263 0.457017 0.578947 1 
5 0.723404 0.034556 0.524844 0.002283 0.467374 0.566228 0 
5 0.744681 0.044974 0.549688 0.00296 0.480839 0.596491 1 
5 0.765957 0.057163 0.546266 0.003774 0.518125 0.510088 1 
5 0.787234 0.05305 0.523802 0.003519 0.52667 0.503509 1 
5 0.808511 0.038309 0.488099 0.002557 0.496116 0.464035 1 
5 0.829787 0.036208 0.451056 0.002428 0.469446 0.445614 0 
5 0.851064 0.033475 0.434097 0.002229 0.439151 0.482018 0 
5 0.87234 0.032245 0.413121 0.002148 0.423097 0.492544 0 
5 0.893617 0.033806 0.375037 0.002227 0.384516 0.593421 0 
5 0.914894 0.036508 0.333978 0.002385 0.356292 0.633333 0 
5 0.93617 0.03939 0.388129 0.002561 0.341015 0.667105 1 
5 0.957447 0.03975 0.411633 0.00258 0.323149 0.676754 1 
5 0.978723 0.041762 0.413716 0.00274 0.388141 0.583333 1 
5 1 0.047586 0.408807 0.003103 0.365355 0.672807 1 
