7 0 0.06599 0.387087 0.003467 0.422915 0.414912 0 
7 0.021277 0.061967 0.337251 0.003467 0.422915 0.414912 0 
7 0.042553 0.055512 0.310176 0.003467 0.422915 0.414912 0 
7 0.06383 0.042452 0.260785 0.003467 0.422915 0.414912 0 
7 0.085106 0.051489 0.220173 0.003467 0.422915 0.414912 0 
7 0.106383 0.05302 0.183428 0.003467 0.422915 0.414912 0 
7 0.12766 0.05296 0.150997 0.003467 0.422915 0.414912 0 
7 0.148936 0.051489 0.126897 0.003467 0.422915 0.414912 0 
7 0.170213 0.061967 0.117525 0.003467 0.422915 0.414912 0 
7 0.191489 0.061967 0.111574 0.003467 0.422915 0.414912 0 
7 0.212766 0.061967 0.1144 0.003467 0.422915 0.414912 0 
7 0.234043 0.061967 0.119607 0.003467 0.422915 0.414912 0 
7 0.255319 0.06623 0.140137 0.003467 0.422915 0.414912 0 
7 0.276596 0.06623 0.167212 0.003467 0.422915 0.414912 0 
7 0.297872 0.072175 0.20604 0.003467 0.422915 0.414912 0 
7 0.319149 0.077039 0.278935 0.003467 0.422915 0.414912 0 
7 0.340426 0.085265 0.350491 0.003467 0.422915 0.414912 0 
7 0.361702 0.089558 0.41684 0.003467 0.422915 0.414912 1 
7 0.382979 0.108863 0.480661 0.003467 0.422915 0.414912 1 
7 0.404255 0.1185 0.511752 0.003467 0.422915 0.414912 1 
7 0.425532 0.1185 0.518001 0.003467 0.422915 0.414912 1 
7 0.446809 0.108863 0.504314 0.003467 0.422915 0.414912 1 
7 0.468085 0.104329 0.486314 0.003467 0.422915 0.414912 1 
7 0.489362 0.104329 0.463701 0.003467 0.422915 0.414912 1 
7 0.510638 0.087366 0.438262 0.003467 0.422915 0.414912 0 
7 0.531915 0.087366 0.410741 0.003467 0.422915 0.414912 0 
7 0.553191 0.083614 0.381732 0.003467 0.422915 0.414912 0 
7 0.574468 0.081062 0.355846 0.003467 0.422915 0.414912 0 
7 0.595745 0.081062 0.337846 0.003467 0.422915 0.414912 0 
7 0.617021 0.077039 0.324308 0.003467 0.422915 0.414912 0 
7 0.638298 0.081062 0.318953 0.003467 0.422915 0.414912 0 
7 0.659574 0.081062 0.316126 0.003467 0.422915 0.414912 0 
7 0.680851 0.081062 0.324159 0.003467 0.422915 0.414912 0 
7 0.702128 0.083614 0.35064 0.003467 0.422915 0.414912 0 
7 0.723404 0.104329 0.397203 0.003467 0.422915 0.414912 1 
7 0.744681 0.134682 0.481999 0.003467 0.422915 0.414912 1 
7 0.765957 0.137294 0.550878 0.003467 0.422915 0.414912 1 
7 0.787234 0.119731 0.560845 0.003467 0.422915 0.414912 1 
7 0.808511 0.1185 0.544927 0.003467 0.422915 0.414912 1 
7 0.829787 0.104329 0.521868 0.003467 0.422915 0.414912 1 
7 0.851064 0.104329 0.493603 0.003467 0.422915 0.414912 1 
7 0.87234 0.089558 0.49152 0.003467 0.422915 0.414912 1 
7 0.893617 0.083614 0.444511 0.003467 0.422915 0.414912 1 
7 0.914894 0.083614 0.396013 0.003467 0.422915 0.414912 1 
7 0.93617 0.087366 0.414162 0.003467 0.422915 0.414912 1 
7 0.957447 0.083614 0.401815 0.003467 0.422915 0.414912 1 
7 0.978723 0.073976 0.398096 0.003467 0.422915 0.414912 0 
7 1 0.067071 0.375632 0.003467 0.422915 0.414912 0 
