4 0 0.042843 0.382178 0.002896 0.380373 0.395614 0 
4 0.021277 0.031464 0.327135 0.00214 0.339461 0.412719 0 
4 0.042553 0.048337 0.272687 0.003299 0.396427 0.347807 0 
4 0.06383 0.046505 0.236686 0.003162 0.363542 0.499561 0 
4 0.085106 0.036448 0.193395 0.002472 0.312015 0.51886 0 
4 0.106383 0.027741 0.18075 0.001876 0.26463 0.586842 0 
4 0.12766 0.02648 0.172419 0.001793 0.247022 0.562281 0 
4 0.148936 0.027621 0.177923 0.001872 0.243138 0.569737 0 
4 0.170213 0.046085 0.208271 0.003135 0.261005 0.538158 0 
4 0.191489 0.051309 0.241744 0.003504 0.279648 0.567982 0 
4 0.212766 0.05269 0.324159 0.003596 0.340756 0.600439 0 
4 0.234043 0.075688 0.411931 0.005168 0.431642 0.559211 0 
4 0.255319 0.082323 0.447932 0.005673 0.551787 0.385526 0 
4 0.276596 0.164705 0.519637 0.011417 0.657949 0.265789 0 
4 0.297872 0.13162 0.563969 0.00909 0.657431 0.25 0 
4 0.319149 0.163714 0.592978 0.011323 0.693941 0.262281 0 
4 0.340426 0.344632 0.652633 0.023691 0.734852 0.292105 1 
4 0.361702 0.782875 0.69042 0.053653 0.763335 0.245614 1 
4 0.382979 0.508917 0.704255 0.034804 0.787416 0.192982 1 
4 0.404255 0.396421 0.711098 0.027083 0.819524 0.153509 1 
4 0.425532 0.852738 0.728355 0.058134 0.831434 0.122807 1 
4 0.446809 0.870181 0.748735 0.059474 0.830917 0.158772 1 
4 0.468085 0.751441 0.756769 0.051314 0.819006 0.166228 1 
4 0.489362 0.939204 0.766587 0.063884 0.840497 0.109649 1 
4 0.510638 0.943137 0.784588 0.063325 0.868203 0.110526 1 
4 0.531915 0.966074 0.787861 0.064389 0.88581 0.084649 1 
4 0.553191 0.970908 0.77834 0.218789 0.892284 0.122368 1 
4 0.574468 0.939204 0.777893 0.509112 0.888141 0.147368 1 
4 0.595745 0.968296 0.776852 0.220174 0.88115 0.200877 1 
4 0.617021 0.945298 0.782356 0.06304 0.88581 0.186404 1 
4 0.638298 0.939204 0.771199 0.062835 0.883221 0.166667 1 
4 0.659574 0.939204 0.767777 0.063053 0.889177 0.154386 1 
4 0.680851 0.939204 0.747397 0.063487 0.874676 0.182018 1 
4 0.702128 1 0.712883 0.066732 0.809684 0.23114 1 
4 0.723404 0.428215 0.669444 0.028799 0.708441 0.357456 1 
4 0.744681 0.123424 0.646534 0.008423 0.62869 0.307895 0 
4 0.765957 0.096734 0.615442 0.006635 0.564474 0.314912 0 
4 0.787234 0.109103 0.605326 0.007451 0.531331 0.399123 0 
4 0.808511 0.173832 0.612169 0.011861 0.519679 0.43114 0 
4 0.829787 0.130059 0.592383 0.008897 0.5145 0.366667 0 
4 0.851064 0.085235 0.546564 0.005835 0.49275 0.412281 0 
4 0.87234 0.050829 0.507438 0.003463 0.461937 0.403509 0 
4 0.893617 0.13195 0.529158 0.008972 0.414293 0.585965 0 
4 0.914894 0.054551 0.512794 0.003685 0.368721 0.498246 0 
4 0.93617 0.06584 0.512794 0.004435 0.350078 0.535526 0 
4 0.957447 0.044914 0.499851 0.003012 0.339202 0.484649 0 
4 0.978723 0.041852 0.47352 0.002827 0.41015 0.438596 0 
4 1 0.03888 0.43499 0.002611 0.39565 0.444737 0 
