2 0 0.028101 0.249628 0.001894 0.322631 0.541667 0 
2 0.021277 0.02681 0.21199 0.001805 0.303729 0.570175 0 
2 0.042553 0.028492 0.192502 0.001928 0.357587 0.44693 1 
2 0.06383 0.028041 0.163791 0.001897 0.342828 0.494737 1 
2 0.085106 0.028342 0.130765 0.001911 0.308131 0.536404 1 
2 0.106383 0.02678 0.105475 0.001801 0.270326 0.578509 0 
2 0.12766 0.021376 0.076763 0.001433 0.231486 0.641667 0 
2 0.148936 0.020506 0.062481 0.001373 0.210513 0.657456 0 
2 0.170213 0.019965 0.055787 0.001334 0.193164 0.679825 0 
2 0.191489 0.018224 0.053853 0.001213 0.187468 0.682895 0 
2 0.212766 0.019635 0.063225 0.001309 0.190316 0.692105 0 
2 0.234043 0.020776 0.075126 0.001388 0.211807 0.642105 0 
2 0.255319 0.02684 0.100863 0.001801 0.28405 0.536404 0 
2 0.276596 0.028131 0.135971 0.001899 0.365096 0.416228 1 
2 0.297872 0.027261 0.147873 0.001845 0.397204 0.428947 0 
2 0.319149 0.028402 0.195924 0.001926 0.456758 0.416667 1 
2 0.340426 0.029332 0.247545 0.001992 0.491455 0.378947 1 
2 0.361702 0.030113 0.291729 0.002052 0.494303 0.405702 1 
2 0.382979 0.036628 0.346177 0.002499 0.508027 0.387281 1 
2 0.404255 0.035667 0.373252 0.002437 0.496375 0.414474 1 
2 0.425532 0.073676 0.374591 0.005014 0.491455 0.485088 1 
2 0.446809 0.074276 0.363582 0.004998 0.481616 0.508772 1 
2 0.468085 0.06566 0.346772 0.004362 0.483687 0.506579 1 
2 0.489362 0.073586 0.34573 0.004938 0.477214 0.515351 1 
2 0.510638 0.0662 0.332639 0.004435 0.462714 0.532456 1 
2 0.531915 0.071604 0.319994 0.004807 0.460383 0.482456 1 
2 0.553191 0.076858 0.303332 0.005152 0.472294 0.483333 1 
2 0.574468 0.080311 0.295299 0.005376 0.465044 0.488596 1 
2 0.595745 0.06572 0.284588 0.004414 0.44666 0.450877 1 
2 0.617021 0.071544 0.283249 0.004811 0.460383 0.464474 1 
2 0.638298 0.06596 0.284588 0.004418 0.444329 0.473684 1 
2 0.659574 0.071935 0.302142 0.004825 0.443553 0.498246 1 
2 0.680851 0.072955 0.316572 0.004886 0.441481 0.504386 1 
2 0.702128 0.096523 0.349003 0.006477 0.449767 0.577193 1 
2 0.723404 0.112736 0.388872 0.007449 0.458312 0.617544 1 
2 0.744681 0.114747 0.459387 0.007179 0.472553 0.603509 1 
2 0.765957 0.113937 0.50119 0.007366 0.469964 0.604386 1 
2 0.787234 0.104299 0.501041 0.006988 0.499482 0.527632 1 
2 0.808511 0.096523 0.480512 0.006504 0.5 0.500877 1 
2 0.829787 0.09262 0.446593 0.006253 0.47566 0.52807 1 
2 0.851064 0.09196 0.416543 0.006176 0.453133 0.595175 1 
2 0.87234 0.07935 0.393633 0.005301 0.442258 0.623684 1 
2 0.893617 0.067761 0.360161 0.004518 0.411186 0.586404 1 
2 0.914894 0.05239 0.324606 0.003506 0.38581 0.57193 0 
2 0.93617 0.05311 0.347664 0.00356 0.360953 0.613158 0 
2 0.957447 0.047886 0.355995 0.003203 0.353962 0.588596 0 
2 0.978723 0.075988 0.364177 0.005114 0.433972 0.533772 1 
2 1 0.069083 0.349747 0.004624 0.428793 0.517105 1 
