2 0 0.02672 0.345284 0.001774 0.341792 0.536842 0 
2 0.021277 0.02645 0.308242 0.001757 0.322113 0.560965 0 
2 0.042553 0.028281 0.287266 0.00188 0.375971 0.466228 1 
2 0.06383 0.02588 0.250223 0.00172 0.357069 0.513158 0 
2 0.085106 0.024529 0.216453 0.001633 0.321077 0.538596 0 
2 0.106383 0.024619 0.190568 0.001637 0.278353 0.521491 0 
2 0.12766 0.029813 0.163344 0.001996 0.250388 0.556579 1 
2 0.148936 0.025249 0.148319 0.001697 0.220352 0.634649 0 
2 0.170213 0.029302 0.151592 0.001971 0.197566 0.630702 1 
2 0.191489 0.02663 0.159923 0.001795 0.194977 0.65307 0 
2 0.212766 0.027771 0.197114 0.001876 0.206111 0.614474 1 
2 0.234043 0.029452 0.256918 0.001998 0.235888 0.55307 1 
2 0.255319 0.030323 0.358227 0.002073 0.318488 0.535965 1 
2 0.276596 0.036778 0.464296 0.002503 0.409891 0.470175 1 
2 0.297872 0.034856 0.456263 0.00237 0.460383 0.363158 1 
2 0.319149 0.042212 0.508777 0.002875 0.539358 0.298684 1 
2 0.340426 0.047016 0.529158 0.003191 0.586225 0.237719 1 
2 0.361702 0.046175 0.522315 0.003141 0.593993 0.225 1 
2 0.382979 0.05287 0.564713 0.003577 0.595546 0.258772 1 
2 0.404255 0.056113 0.579292 0.003781 0.583376 0.285088 1 
2 0.425532 0.048907 0.563374 0.003313 0.580787 0.261404 1 
2 0.446809 0.046625 0.542249 0.003174 0.57535 0.242982 1 
2 0.468085 0.042873 0.530794 0.002935 0.567323 0.239912 1 
2 0.489362 0.040741 0.524695 0.0028 0.562403 0.241667 1 
2 0.510638 0.03903 0.519339 0.00269 0.543242 0.244298 1 
2 0.531915 0.044013 0.515769 0.003045 0.530036 0.251316 1 
2 0.553191 0.043083 0.508777 0.002987 0.544795 0.223684 1 
2 0.574468 0.041251 0.500595 0.002865 0.542206 0.241667 1 
2 0.595745 0.037378 0.496132 0.002605 0.533143 0.239912 1 
2 0.617021 0.035817 0.48914 0.002503 0.527706 0.230702 1 
2 0.638298 0.033535 0.4759 0.002347 0.51217 0.257895 1 
2 0.659574 0.033716 0.482297 0.002358 0.50492 0.266667 1 
2 0.680851 0.034196 0.490033 0.002393 0.510616 0.27193 1 
2 0.702128 0.038579 0.509372 0.002698 0.541947 0.232895 1 
2 0.723404 0.040351 0.529604 0.002819 0.55593 0.254386 1 
2 0.744681 0.047226 0.593573 0.00327 0.592439 0.236404 1 
2 0.765957 0.064459 0.646385 0.004416 0.617297 0.249561 1 
2 0.787234 0.070764 0.640583 0.004844 0.609788 0.268421 1 
2 0.808511 0.061757 0.60726 0.004246 0.575608 0.288596 1 
2 0.829787 0.046085 0.565308 0.003193 0.540653 0.290351 1 
2 0.851064 0.045725 0.546712 0.003166 0.51217 0.308772 1 
2 0.87234 0.040681 0.524546 0.002819 0.479803 0.324561 1 
2 0.893617 0.034046 0.484975 0.002372 0.44174 0.322807 0 
2 0.914894 0.031674 0.439453 0.00221 0.41507 0.317105 0 
2 0.93617 0.038789 0.48795 0.002688 0.386846 0.425439 1 
2 0.957447 0.036748 0.500595 0.002536 0.363024 0.432456 0 
2 0.978723 0.044794 0.499702 0.003085 0.44899 0.295175 1 
2 1 0.045004 0.498512 0.003093 0.438374 0.355702 1 
