4 0 0.056923 0.164981 0.003467 0.422915 0.414912 0 
4 0.021277 0.055242 0.107111 0.003467 0.422915 0.414912 0 
4 0.042553 0.055242 0.071556 0.003467 0.422915 0.414912 0 
4 0.06383 0.055242 0.043886 0.003467 0.422915 0.414912 0 
4 0.085106 0.055242 0.0241 0.003467 0.422915 0.414912 0 
4 0.106383 0.040351 0.00967 0.003467 0.422915 0.414912 0 
4 0.12766 0.040351 0.00119 0.003467 0.422915 0.414912 0 
4 0.148936 0.055242 0 0.003467 0.422915 0.414912 0 
4 0.170213 0.055242 0.001488 0.003467 0.422915 0.414912 0 
4 0.191489 0.068212 0.003868 0.003467 0.422915 0.414912 0 
4 0.212766 0.068212 0.016215 0.003467 0.422915 0.414912 0 
4 0.234043 0.055242 0.033175 0.003467 0.422915 0.414912 0 
4 0.255319 0.055242 0.044035 0.003467 0.422915 0.414912 0 
4 0.276596 0.055242 0.079738 0.003467 0.422915 0.414912 0 
4 0.297872 0.055242 0.121244 0.003467 0.422915 0.414912 0 
4 0.319149 0.056923 0.160518 0.003467 0.422915 0.414912 0 
4 0.340426 0.058394 0.213627 0.003467 0.422915 0.414912 0 
4 0.361702 0.058394 0.244868 0.003467 0.422915 0.414912 0 
4 0.382979 0.058394 0.257066 0.003467 0.422915 0.414912 0 
4 0.404255 0.06578 0.259298 0.003467 0.422915 0.414912 0 
4 0.425532 0.058394 0.256918 0.003467 0.422915 0.414912 0 
4 0.446809 0.074817 0.249331 0.003467 0.422915 0.414912 1 
4 0.468085 0.058394 0.243677 0.003467 0.422915 0.414912 0 
4 0.489362 0.058394 0.235347 0.003467 0.422915 0.414912 0 
4 0.510638 0.058394 0.226123 0.003467 0.422915 0.414912 0 
4 0.531915 0.058394 0.218982 0.003467 0.422915 0.414912 0 
4 0.553191 0.056923 0.210354 0.003467 0.422915 0.414912 0 
4 0.574468 0.058394 0.209164 0.003467 0.422915 0.414912 0 
4 0.595745 0.058394 0.214073 0.003467 0.422915 0.414912 0 
4 0.617021 0.058394 0.221065 0.003467 0.422915 0.414912 0 
4 0.638298 0.058394 0.220024 0.003467 0.422915 0.414912 0 
4 0.659574 0.056923 0.212586 0.003467 0.422915 0.414912 0 
4 0.680851 0.056923 0.201726 0.003467 0.422915 0.414912 0 
4 0.702128 0.056923 0.206486 0.003467 0.422915 0.414912 0 
4 0.723404 0.056923 0.205594 0.003467 0.422915 0.414912 0 
4 0.744681 0.056923 0.203362 0.003467 0.422915 0.414912 0 
4 0.765957 0.056923 0.206784 0.003467 0.422915 0.414912 0 
4 0.787234 0.056923 0.213776 0.003467 0.422915 0.414912 0 
4 0.808511 0.074817 0.224636 0.003467 0.422915 0.414912 1 
4 0.829787 0.058394 0.232966 0.003467 0.422915 0.414912 0 
4 0.851064 0.056923 0.220173 0.003467 0.422915 0.414912 0 
4 0.87234 0.056923 0.19756 0.003467 0.422915 0.414912 0 
4 0.893617 0.058394 0.215561 0.003467 0.422915 0.414912 0 
4 0.914894 0.058394 0.223743 0.003467 0.422915 0.414912 0 
4 0.93617 0.058394 0.24219 0.003467 0.422915 0.414912 0 
4 0.957447 0.074817 0.236686 0.003467 0.422915 0.414912 1 
4 0.978723 0.058394 0.233859 0.003467 0.422915 0.414912 0 
4 1 0.058394 0.200536 0.003467 0.422915 0.414912 0 
