3 0 0.044224 0.437221 0.003045 0.355774 0.364474 1 
3 0.021277 0.03972 0.417584 0.002748 0.327292 0.390789 1 
3 0.042553 0.047346 0.388426 0.003249 0.38115 0.307456 1 
3 0.06383 0.043683 0.338441 0.003004 0.35681 0.315789 1 
3 0.085106 0.032545 0.271497 0.002237 0.311756 0.390789 0 
3 0.106383 0.029452 0.225082 0.002011 0.267737 0.451754 0 
3 0.12766 0.027531 0.182832 0.00187 0.230192 0.519298 0 
3 0.148936 0.02684 0.157542 0.00182 0.197825 0.557895 0 
3 0.170213 0.02642 0.149807 0.001793 0.185137 0.544298 0 
3 0.191489 0.02666 0.150253 0.001809 0.173226 0.534649 0 
3 0.212766 0.027141 0.173609 0.001843 0.179441 0.509649 0 
3 0.234043 0.027171 0.21809 0.001843 0.194459 0.577193 0 
3 0.255319 0.027801 0.315382 0.001884 0.255308 0.536842 0 
3 0.276596 0.049177 0.408956 0.003384 0.334801 0.385526 1 
3 0.297872 0.032124 0.391104 0.002223 0.374417 0.303947 0 
3 0.319149 0.049748 0.448378 0.003471 0.430606 0.260965 1 
3 0.340426 0.041401 0.46742 0.002871 0.467633 0.272368 1 
3 0.361702 0.040471 0.46385 0.002802 0.474625 0.257895 1 
3 0.382979 0.048277 0.507289 0.00334 0.48783 0.281579 1 
3 0.404255 0.051609 0.517108 0.003569 0.483687 0.275 1 
3 0.425532 0.047676 0.507438 0.003303 0.494562 0.268421 1 
3 0.446809 0.043713 0.486611 0.003037 0.501813 0.236404 1 
3 0.468085 0.044584 0.484231 0.003093 0.495339 0.267544 1 
3 0.489362 0.077429 0.479917 0.005376 0.506732 0.272368 1 
3 0.510638 0.077999 0.475454 0.00542 0.490161 0.285526 1 
3 0.531915 0.080071 0.469949 0.005567 0.488866 0.259649 1 
3 0.553191 0.084544 0.468908 0.005881 0.5 0.257895 1 
3 0.574468 0.062928 0.464445 0.004377 0.496116 0.244298 1 
3 0.595745 0.040411 0.464296 0.002813 0.495857 0.197368 0 
3 0.617021 0.037919 0.454775 0.002638 0.494562 0.203509 0 
3 0.638298 0.034016 0.449271 0.002374 0.483687 0.223684 0 
3 0.659574 0.033746 0.456858 0.00236 0.480321 0.217105 0 
3 0.680851 0.040261 0.461172 0.002806 0.481875 0.194298 0 
3 0.702128 0.038309 0.469354 0.002673 0.495598 0.257456 0 
3 0.723404 0.054311 0.463999 0.003789 0.498187 0.280702 1 
3 0.744681 0.083854 0.474264 0.005843 0.5145 0.237281 1 
3 0.765957 0.093341 0.496876 0.006483 0.509839 0.308333 1 
3 0.787234 0.112225 0.52648 0.007769 0.512429 0.290351 1 
3 0.808511 0.102438 0.505356 0.00711 0.513982 0.239912 1 
3 0.829787 0.084784 0.467569 0.005914 0.496893 0.156579 1 
3 0.851064 0.07839 0.446593 0.005461 0.471258 0.215789 1 
3 0.87234 0.073436 0.421303 0.004747 0.439927 0.235526 1 
3 0.893617 0.05296 0.377566 0.003687 0.412222 0.192982 1 
3 0.914894 0.032154 0.352425 0.002248 0.384516 0.217544 0 
3 0.93617 0.047256 0.407468 0.003295 0.365614 0.298684 0 
3 0.957447 0.053441 0.433651 0.003725 0.353703 0.255702 1 
3 0.978723 0.09253 0.44823 0.006444 0.445106 0.26886 1 
3 1 0.080851 0.446445 0.005609 0.427758 0.270175 1 
