1 0 0.056203 0.310324 0.003467 0.422915 0.414912 0 
1 0.021277 0.056203 0.273877 0.003467 0.422915 0.414912 0 
1 0.042553 0.054912 0.257513 0.003467 0.422915 0.414912 0 
1 0.06383 0.056203 0.217941 0.003467 0.422915 0.414912 0 
1 0.085106 0.056203 0.186849 0.003467 0.422915 0.414912 0 
1 0.106383 0.056203 0.157394 0.003467 0.422915 0.414912 0 
1 0.12766 0.056203 0.142963 0.003467 0.422915 0.414912 0 
1 0.148936 0.056203 0.128236 0.003467 0.422915 0.414912 0 
1 0.170213 0.061637 0.12526 0.003467 0.422915 0.414912 0 
1 0.191489 0.061637 0.13136 0.003467 0.422915 0.414912 0 
1 0.212766 0.061817 0.163791 0.003467 0.422915 0.414912 0 
1 0.234043 0.061817 0.216007 0.003467 0.422915 0.414912 0 
1 0.255319 0.082022 0.314192 0.003467 0.422915 0.414912 1 
1 0.276596 0.075057 0.417435 0.003467 0.422915 0.414912 1 
1 0.297872 0.082022 0.411038 0.003467 0.422915 0.414912 1 
1 0.319149 0.089258 0.466528 0.003467 0.422915 0.414912 1 
1 0.340426 0.083193 0.478429 0.003467 0.422915 0.414912 1 
1 0.361702 0.083193 0.477834 0.003467 0.422915 0.414912 1 
1 0.382979 0.093821 0.519637 0.003467 0.422915 0.414912 1 
1 0.404255 0.093821 0.539274 0.003467 0.422915 0.414912 1 
1 0.425532 0.089258 0.53258 0.003467 0.422915 0.414912 1 
1 0.446809 0.089258 0.512645 0.003467 0.422915 0.414912 1 
1 0.468085 0.089258 0.508033 0.003467 0.422915 0.414912 1 
1 0.489362 0.093821 0.501041 0.003467 0.422915 0.414912 1 
1 0.510638 0.089258 0.492115 0.003467 0.422915 0.414912 1 
1 0.531915 0.093821 0.487057 0.003467 0.422915 0.414912 1 
1 0.553191 0.089678 0.490181 0.003467 0.422915 0.414912 1 
1 0.574468 0.097274 0.488694 0.003467 0.422915 0.414912 1 
1 0.595745 0.093821 0.49152 0.003467 0.422915 0.414912 1 
1 0.617021 0.097274 0.481107 0.003467 0.422915 0.414912 1 
1 0.638298 0.089708 0.474561 0.003467 0.422915 0.414912 1 
1 0.659574 0.089708 0.478727 0.003467 0.422915 0.414912 1 
1 0.680851 0.093821 0.476644 0.003467 0.422915 0.414912 1 
1 0.702128 0.097274 0.482446 0.003467 0.422915 0.414912 1 
1 0.723404 0.089258 0.479024 0.003467 0.422915 0.414912 1 
1 0.744681 0.10541 0.506694 0.003467 0.422915 0.414912 1 
1 0.765957 0.097274 0.55296 0.003467 0.422915 0.414912 1 
1 0.787234 0.083193 0.546117 0.003467 0.422915 0.414912 1 
1 0.808511 0.074517 0.499256 0.003467 0.422915 0.414912 0 
1 0.829787 0.056263 0.467718 0.003467 0.422915 0.414912 0 
1 0.851064 0.074517 0.44094 0.003467 0.422915 0.414912 0 
1 0.87234 0.056263 0.41446 0.003467 0.422915 0.414912 0 
1 0.893617 0.056263 0.373847 0.003467 0.422915 0.414912 0 
1 0.914894 0.046265 0.329813 0.003467 0.422915 0.414912 0 
1 0.93617 0.056263 0.381583 0.003467 0.422915 0.414912 0 
1 0.957447 0.074517 0.415055 0.003467 0.422915 0.414912 0 
1 0.978723 0.074517 0.44332 0.003467 0.422915 0.414912 0 
1 1 0.082022 0.447486 0.003467 0.422915 0.414912 1 
