6 0 0.042572 0.550431 0.002956 0.483428 0.438158 1 
6 0.021277 0.040741 0.53615 0.002821 0.458312 0.485088 1 
6 0.042553 0.042452 0.505653 0.002956 0.505697 0.368421 1 
6 0.06383 0.040201 0.4518 0.002786 0.48291 0.427193 1 
6 0.085106 0.038639 0.396162 0.002663 0.445624 0.427193 1 
6 0.106383 0.037348 0.34216 0.002563 0.397204 0.466667 0 
6 0.12766 0.047106 0.286819 0.00322 0.354997 0.545614 1 
6 0.148936 0.033505 0.253496 0.002285 0.315381 0.596053 0 
6 0.170213 0.032154 0.233115 0.002183 0.302952 0.667544 0 
6 0.191489 0.029633 0.234603 0.001996 0.287416 0.742105 0 
6 0.212766 0.030743 0.265546 0.002061 0.295702 0.8 0 
6 0.234043 0.033115 0.310027 0.001747 0.329881 0.751754 0 
6 0.255319 0.033566 0.426807 0.002241 0.401346 0.60614 0 
6 0.276596 0.033656 0.536001 0.00231 0.488089 0.563596 0 
6 0.297872 0.034016 0.562035 0.002337 0.538581 0.535965 0 
6 0.319149 0.05233 0.631955 0.003644 0.623511 0.457018 1 
6 0.340426 0.051159 0.641029 0.003506 0.669601 0.439035 1 
6 0.361702 0.036568 0.620202 0.002486 0.676592 0.449123 0 
6 0.382979 0.042092 0.650699 0.002852 0.702745 0.427632 1 
6 0.404255 0.041041 0.654865 0.002781 0.703521 0.433772 1 
6 0.425532 0.038669 0.626897 0.002617 0.694459 0.442982 1 
6 0.446809 0.040381 0.606367 0.002748 0.683843 0.429825 1 
6 0.468085 0.041041 0.587176 0.002813 0.674262 0.410088 1 
6 0.489362 0.175573 0.576614 0.012758 0.586225 0.103947 1 
6 0.510638 0.121713 0.569473 0.008704 0.599689 0.024123 1 
6 0.531915 0.110334 0.558316 0.008321 0.616261 0.004386 1 
6 0.553191 0.115408 0.545968 0.009113 0.639047 0 1 
6 0.574468 0.096253 0.541208 0.007356 0.620663 0.000439 1 
6 0.595745 0.100606 0.515918 0.008166 0.612118 0.002632 1 
6 0.617021 0.040921 0.513091 0.002835 0.591921 0.028509 0 
6 0.638298 0.044674 0.506248 0.003085 0.571983 0.00614 0 
6 0.659574 0.041011 0.515769 0.002825 0.545313 0.052193 0 
6 0.680851 0.097334 0.530943 0.006751 0.545572 0.023246 1 
6 0.702128 0.079621 0.55906 0.005577 0.559037 0.075439 1 
6 0.723404 0.063198 0.605028 0.004422 0.587778 0.030702 1 
6 0.744681 0.115047 0.697411 0.008091 0.643967 0.033333 1 
6 0.765957 0.128798 0.72166 0.009053 0.670119 0.006579 1 
6 0.787234 0.133752 0.717644 0.00942 0.642672 0.018421 1 
6 0.808511 0.084724 0.687295 0.005993 0.591662 0.067544 1 
6 0.829787 0.097304 0.657096 0.006886 0.553858 0.133772 1 
6 0.851064 0.075537 0.632252 0.005305 0.521491 0.223684 1 
6 0.87234 0.066621 0.613508 0.004659 0.494562 0.349123 1 
6 0.893617 0.05257 0.581077 0.003689 0.459865 0.270175 0 
6 0.914894 0.061637 0.547902 0.004339 0.429311 0.287719 1 
6 0.93617 0.095713 0.599821 0.006724 0.416365 0.328947 1 
6 0.957447 0.068032 0.618715 0.004807 0.406784 0.321053 1 
6 0.978723 0.090098 0.619161 0.006385 0.503625 0.205702 1 
6 1 0.097964 0.603689 0.006961 0.491714 0.27193 1 
