5 0 0.073766 0.467272 0.004954 0.513465 0.446053 1 
5 0.021277 0.071785 0.450164 0.004763 0.472035 0.475877 1 
5 0.042553 0.072685 0.412229 0.004863 0.525117 0.390351 1 
5 0.06383 0.064939 0.362541 0.00436 0.491973 0.474561 0 
5 0.085106 0.062628 0.310919 0.004196 0.445106 0.511404 0 
5 0.106383 0.044734 0.259893 0.003004 0.389436 0.521491 0 
5 0.12766 0.043803 0.221214 0.002931 0.343345 0.551754 0 
5 0.148936 0.043263 0.196519 0.002896 0.306059 0.522368 0 
5 0.170213 0.043563 0.180899 0.002912 0.275505 0.6 0 
5 0.191489 0.044104 0.188188 0.002921 0.267219 0.608333 0 
5 0.212766 0.044644 0.218834 0.002968 0.284309 0.592544 0 
5 0.234043 0.046595 0.261381 0.003116 0.328586 0.603509 0 
5 0.255319 0.067431 0.357929 0.004553 0.440186 0.477632 0 
5 0.276596 0.087847 0.425617 0.005926 0.554117 0.421491 1 
5 0.297872 0.059025 0.418179 0.004073 0.629467 0.286842 0 
5 0.319149 0.06635 0.466825 0.004591 0.716468 0.240351 0 
5 0.340426 0.087967 0.499405 0.006045 0.748835 0.257895 1 
5 0.361702 0.088207 0.513984 0.006074 0.737183 0.208772 1 
5 0.382979 0.087757 0.551324 0.006045 0.735629 0.248246 1 
5 0.404255 0.087637 0.56144 0.006026 0.724236 0.257018 1 
5 0.425532 0.086075 0.541059 0.005941 0.717504 0.257018 1 
5 0.446809 0.070043 0.520083 0.00485 0.711548 0.206579 0 
5 0.468085 0.05296 0.508182 0.0037 0.705334 0.213158 0 
5 0.489362 0.080371 0.497917 0.005575 0.703263 0.27807 1 
5 0.510638 0.070253 0.489735 0.004836 0.685655 0.265351 0 
5 0.531915 0.087547 0.48319 0.005966 0.679441 0.301316 1 
5 0.553191 0.088267 0.476941 0.005955 0.685914 0.341228 1 
5 0.574468 0.088357 0.469354 0.005947 0.6797 0.360965 1 
5 0.595745 0.091299 0.464594 0.00614 0.669083 0.359649 1 
5 0.617021 0.088868 0.459387 0.005958 0.669601 0.412719 1 
5 0.638298 0.07842 0.451503 0.005262 0.612895 0.365789 1 
5 0.659574 0.06593 0.448527 0.00447 0.646556 0.296053 0 
5 0.680851 0.049267 0.455668 0.003407 0.650181 0.297368 0 
5 0.702128 0.076979 0.474412 0.005297 0.674262 0.280263 1 
5 0.723404 0.091149 0.493603 0.00625 0.705593 0.297368 1 
5 0.744681 0.096944 0.543291 0.006633 0.747799 0.254825 1 
5 0.765957 0.127987 0.596697 0.008758 0.776541 0.271491 1 
5 0.787234 0.187102 0.611425 0.01281 0.816157 0.237281 1 
5 0.808511 0.109253 0.585838 0.007526 0.814863 0.193421 1 
5 0.829787 0.093071 0.552663 0.006415 0.787157 0.205702 1 
5 0.851064 0.107482 0.533472 0.007312 0.755826 0.312281 1 
5 0.87234 0.108563 0.50967 0.00737 0.710513 0.308772 1 
5 0.893617 0.071815 0.466677 0.004888 0.665717 0.297368 0 
5 0.914894 0.069953 0.423386 0.004782 0.609529 0.289912 0 
5 0.93617 0.074997 0.470693 0.005154 0.548679 0.435965 0 
5 0.957447 0.05233 0.477685 0.003627 0.49508 0.315789 0 
5 0.978723 0.095803 0.486314 0.006687 0.564992 0.358333 1 
5 1 0.097154 0.482297 0.00667 0.534438 0.451316 1 
