6 0 0.071815 0.507289 0.003467 0.422915 0.414912 1 
6 0.021277 0.086075 0.477388 0.003467 0.422915 0.414912 1 
6 0.042553 0.056323 0.446147 0.003467 0.422915 0.414912 1 
6 0.06383 0.042422 0.39155 0.003467 0.422915 0.414912 0 
6 0.085106 0.056323 0.332937 0.003467 0.422915 0.414912 1 
6 0.106383 0.075958 0.284588 0.003467 0.422915 0.414912 1 
6 0.12766 0.056323 0.237429 0.003467 0.422915 0.414912 1 
6 0.148936 0.056173 0.205891 0.003467 0.422915 0.414912 1 
6 0.170213 0.061637 0.178816 0.003467 0.422915 0.414912 1 
6 0.191489 0.060886 0.165129 0.003467 0.422915 0.414912 1 
6 0.212766 0.060886 0.166468 0.003467 0.422915 0.414912 1 
6 0.234043 0.060886 0.174502 0.003467 0.422915 0.414912 1 
6 0.255319 0.062598 0.209164 0.003467 0.422915 0.414912 1 
6 0.276596 0.068362 0.250372 0.003467 0.422915 0.414912 1 
6 0.297872 0.075267 0.307944 0.003467 0.422915 0.414912 1 
6 0.319149 0.075357 0.406724 0.003467 0.422915 0.414912 1 
6 0.340426 0.075357 0.492115 0.003467 0.422915 0.414912 1 
6 0.361702 0.075357 0.545671 0.003467 0.422915 0.414912 1 
6 0.382979 0.075357 0.580184 0.003467 0.422915 0.414912 1 
6 0.404255 0.075357 0.571705 0.003467 0.422915 0.414912 1 
6 0.425532 0.075267 0.547307 0.003467 0.422915 0.414912 1 
6 0.446809 0.071815 0.508033 0.003467 0.422915 0.414912 1 
6 0.468085 0.075267 0.474859 0.003467 0.422915 0.414912 1 
6 0.489362 0.075267 0.443469 0.003467 0.422915 0.414912 1 
6 0.510638 0.071815 0.421898 0.003467 0.422915 0.414912 1 
6 0.531915 0.062598 0.39884 0.003467 0.422915 0.414912 1 
6 0.553191 0.056323 0.375632 0.003467 0.422915 0.414912 0 
6 0.574468 0.056323 0.352425 0.003467 0.422915 0.414912 0 
6 0.595745 0.056323 0.346623 0.003467 0.422915 0.414912 0 
6 0.617021 0.056323 0.338441 0.003467 0.422915 0.414912 0 
6 0.638298 0.062598 0.338292 0.003467 0.422915 0.414912 1 
6 0.659574 0.068362 0.355103 0.003467 0.422915 0.414912 1 
6 0.680851 0.075357 0.394228 0.003467 0.422915 0.414912 1 
6 0.702128 0.108292 0.475007 0.003467 0.422915 0.414912 1 
6 0.723404 0.11784 0.559209 0.003467 0.422915 0.414912 1 
6 0.744681 0.119731 0.627492 0.003467 0.422915 0.414912 1 
6 0.765957 0.116969 0.627641 0.003467 0.422915 0.414912 1 
6 0.787234 0.103188 0.595061 0.003467 0.422915 0.414912 1 
6 0.808511 0.075357 0.551175 0.003467 0.422915 0.414912 1 
6 0.829787 0.075267 0.510562 0.003467 0.422915 0.414912 1 
6 0.851064 0.075267 0.485719 0.003467 0.422915 0.414912 1 
6 0.87234 0.071815 0.465784 0.003467 0.422915 0.414912 1 
6 0.893617 0.068362 0.422642 0.003467 0.422915 0.414912 0 
6 0.914894 0.068362 0.388277 0.003467 0.422915 0.414912 0 
6 0.93617 0.071815 0.406575 0.003467 0.422915 0.414912 1 
6 0.957447 0.042572 0.403451 0.003467 0.422915 0.414912 0 
6 0.978723 0.042572 0.408509 0.003467 0.422915 0.414912 0 
6 1 0.042422 0.389021 0.003467 0.422915 0.414912 0 
