4 0 0.040711 0.489735 0.003467 0.422915 0.414912 0 
4 0.021277 0.040711 0.468611 0.003467 0.422915 0.414912 0 
4 0.042553 0.040711 0.445254 0.003467 0.422915 0.414912 0 
4 0.06383 0.040711 0.387533 0.003467 0.422915 0.414912 0 
4 0.085106 0.040711 0.324457 0.003467 0.422915 0.414912 0 
4 0.106383 0.040711 0.278042 0.003467 0.422915 0.414912 0 
4 0.12766 0.040711 0.234603 0.003467 0.422915 0.414912 0 
4 0.148936 0.040711 0.198155 0.003467 0.422915 0.414912 0 
4 0.170213 0.040591 0.17837 0.003467 0.422915 0.414912 0 
4 0.191489 0.040591 0.179857 0.003467 0.422915 0.414912 0 
4 0.212766 0.040591 0.205296 0.003467 0.422915 0.414912 0 
4 0.234043 0.040591 0.257513 0.003467 0.422915 0.414912 0 
4 0.255319 0.06524 0.354359 0.003467 0.422915 0.414912 1 
4 0.276596 0.040591 0.464296 0.003467 0.422915 0.414912 0 
4 0.297872 0.040591 0.467569 0.003467 0.422915 0.414912 0 
4 0.319149 0.040591 0.530199 0.003467 0.422915 0.414912 0 
4 0.340426 0.040591 0.548349 0.003467 0.422915 0.414912 0 
4 0.361702 0.040591 0.538084 0.003467 0.422915 0.414912 0 
4 0.382979 0.040591 0.578102 0.003467 0.422915 0.414912 0 
4 0.404255 0.040591 0.592978 0.003467 0.422915 0.414912 0 
4 0.425532 0.040591 0.570515 0.003467 0.422915 0.414912 0 
4 0.446809 0.040591 0.540167 0.003467 0.422915 0.414912 0 
4 0.468085 0.040591 0.536894 0.003467 0.422915 0.414912 0 
4 0.489362 0.040591 0.524844 0.003467 0.422915 0.414912 0 
4 0.510638 0.040591 0.515323 0.003467 0.422915 0.414912 0 
4 0.531915 0.040591 0.50848 0.003467 0.422915 0.414912 0 
4 0.553191 0.040591 0.504612 0.003467 0.422915 0.414912 0 
4 0.574468 0.040591 0.497769 0.003467 0.422915 0.414912 0 
4 0.595745 0.040591 0.490777 0.003467 0.422915 0.414912 0 
4 0.617021 0.040591 0.477388 0.003467 0.422915 0.414912 0 
4 0.638298 0.040591 0.465635 0.003467 0.422915 0.414912 0 
4 0.659574 0.040591 0.473966 0.003467 0.422915 0.414912 0 
4 0.680851 0.040591 0.494942 0.003467 0.422915 0.414912 0 
4 0.702128 0.040591 0.539423 0.003467 0.422915 0.414912 0 
4 0.723404 0.040591 0.584499 0.003467 0.422915 0.414912 0 
4 0.744681 0.040591 0.673609 0.003467 0.422915 0.414912 0 
4 0.765957 0.040591 0.701428 0.003467 0.422915 0.414912 0 
4 0.787234 0.040591 0.692056 0.003467 0.422915 0.414912 0 
4 0.808511 0.040591 0.660666 0.003467 0.422915 0.414912 0 
4 0.829787 0.040591 0.625558 0.003467 0.422915 0.414912 0 
4 0.851064 0.040591 0.608747 0.003467 0.422915 0.414912 0 
4 0.87234 0.040591 0.583457 0.003467 0.422915 0.414912 0 
4 0.893617 0.040591 0.534216 0.003467 0.422915 0.414912 0 
4 0.914894 0.040591 0.479024 0.003467 0.422915 0.414912 0 
4 0.93617 0.040591 0.522464 0.003467 0.422915 0.414912 0 
4 0.957447 0.040591 0.531092 0.003467 0.422915 0.414912 0 
4 0.978723 0.040591 0.537638 0.003467 0.422915 0.414912 0 
4 1 0.040591 0.526778 0.003467 0.422915 0.414912 0 
