2 0 0.063648 0.430378 0.003467 0.422915 0.414912 0 
2 0.021277 0.043833 0.394377 0.003467 0.422915 0.414912 0 
2 0.042553 0.043833 0.383368 0.003467 0.422915 0.414912 0 
2 0.06383 0.043683 0.334722 0.003467 0.422915 0.414912 0 
2 0.085106 0.043683 0.282654 0.003467 0.422915 0.414912 0 
2 0.106383 0.058514 0.250521 0.003467 0.422915 0.414912 0 
2 0.12766 0.043683 0.213329 0.003467 0.422915 0.414912 0 
2 0.148936 0.058514 0.184618 0.003467 0.422915 0.414912 0 
2 0.170213 0.075507 0.171973 0.003467 0.422915 0.414912 0 
2 0.191489 0.075627 0.174799 0.003467 0.422915 0.414912 0 
2 0.212766 0.077069 0.20723 0.003467 0.422915 0.414912 0 
2 0.234043 0.07878 0.257066 0.003467 0.422915 0.414912 0 
2 0.255319 0.07878 0.36745 0.003467 0.422915 0.414912 0 
2 0.276596 0.07878 0.486611 0.003467 0.422915 0.414912 0 
2 0.297872 0.043683 0.52291 0.003467 0.422915 0.414912 0 
2 0.319149 0.043833 0.611128 0.003467 0.422915 0.414912 0 
2 0.340426 0.043833 0.640137 0.003467 0.422915 0.414912 0 
2 0.361702 0.043833 0.642071 0.003467 0.422915 0.414912 0 
2 0.382979 0.121202 0.672716 0.003467 0.422915 0.414912 1 
2 0.404255 0.121202 0.681196 0.003467 0.422915 0.414912 1 
2 0.425532 0.043953 0.65665 0.003467 0.422915 0.414912 0 
2 0.446809 0.121202 0.631062 0.003467 0.422915 0.414912 1 
2 0.468085 0.043833 0.613359 0.003467 0.422915 0.414912 0 
2 0.489362 0.089498 0.59878 0.003467 0.422915 0.414912 1 
2 0.510638 0.121202 0.591342 0.003467 0.422915 0.414912 1 
2 0.531915 0.089498 0.583457 0.003467 0.422915 0.414912 1 
2 0.553191 0.089498 0.574978 0.003467 0.422915 0.414912 1 
2 0.574468 0.121202 0.571407 0.003467 0.422915 0.414912 1 
2 0.595745 0.043833 0.559952 0.003467 0.422915 0.414912 0 
2 0.617021 0.089498 0.547902 0.003467 0.422915 0.414912 1 
2 0.638298 0.121202 0.550134 0.003467 0.422915 0.414912 1 
2 0.659574 0.121202 0.569176 0.003467 0.422915 0.414912 1 
2 0.680851 0.121202 0.598929 0.003467 0.422915 0.414912 1 
2 0.702128 0.152756 0.667063 0.003467 0.422915 0.414912 1 
2 0.723404 0.150354 0.76748 0.003467 0.422915 0.414912 1 
2 0.744681 0.121202 0.829366 0.003467 0.422915 0.414912 1 
2 0.765957 0.121202 0.819101 0.003467 0.422915 0.414912 1 
2 0.787234 0.121202 0.788456 0.003467 0.422915 0.414912 1 
2 0.808511 0.121202 0.74695 0.003467 0.422915 0.414912 1 
2 0.829787 0.043953 0.709313 0.003467 0.422915 0.414912 0 
2 0.851064 0.121202 0.6867 0.003467 0.422915 0.414912 1 
2 0.87234 0.121202 0.654121 0.003467 0.422915 0.414912 1 
2 0.893617 0.043833 0.595805 0.003467 0.422915 0.414912 0 
2 0.914894 0.07878 0.541654 0.003467 0.422915 0.414912 0 
2 0.93617 0.086075 0.569473 0.003467 0.422915 0.414912 1 
2 0.957447 0.07878 0.546415 0.003467 0.422915 0.414912 0 
2 0.978723 0.07878 0.562333 0.003467 0.422915 0.414912 0 
2 1 0.07878 0.551175 0.003467 0.422915 0.414912 0 
