2 0 0.106161 0.518149 0.003467 0.422915 0.414912 1 
2 0.021277 0.103999 0.497025 0.003467 0.422915 0.414912 1 
2 0.042553 0.106161 0.473073 0.003467 0.422915 0.414912 1 
2 0.06383 0.075207 0.407319 0.003467 0.422915 0.414912 0 
2 0.085106 0.075207 0.349747 0.003467 0.422915 0.414912 0 
2 0.106383 0.077879 0.30244 0.003467 0.422915 0.414912 0 
2 0.12766 0.077879 0.252008 0.003467 0.422915 0.414912 0 
2 0.148936 0.075207 0.220024 0.003467 0.422915 0.414912 0 
2 0.170213 0.074997 0.193544 0.003467 0.422915 0.414912 0 
2 0.191489 0.074727 0.184023 0.003467 0.422915 0.414912 0 
2 0.212766 0.075267 0.216007 0.003467 0.422915 0.414912 0 
2 0.234043 0.077879 0.260339 0.003467 0.422915 0.414912 0 
2 0.255319 0.086075 0.368789 0.003467 0.422915 0.414912 0 
2 0.276596 0.099766 0.479917 0.003467 0.422915 0.414912 1 
2 0.297872 0.081452 0.520083 0.003467 0.422915 0.414912 0 
2 0.319149 0.090729 0.603541 0.003467 0.422915 0.414912 0 
2 0.340426 0.090729 0.619458 0.003467 0.422915 0.414912 0 
2 0.361702 0.077669 0.613359 0.003467 0.422915 0.414912 0 
2 0.382979 0.091119 0.640732 0.003467 0.422915 0.414912 0 
2 0.404255 0.091119 0.645195 0.003467 0.422915 0.414912 0 
2 0.425532 0.091119 0.613359 0.003467 0.422915 0.414912 0 
2 0.446809 0.077669 0.58435 0.003467 0.422915 0.414912 0 
2 0.468085 0.090729 0.557423 0.003467 0.422915 0.414912 0 
2 0.489362 0.090729 0.547456 0.003467 0.422915 0.414912 0 
2 0.510638 0.077669 0.535406 0.003467 0.422915 0.414912 0 
2 0.531915 0.090729 0.524398 0.003467 0.422915 0.414912 0 
2 0.553191 0.077669 0.518149 0.003467 0.422915 0.414912 0 
2 0.574468 0.077669 0.510562 0.003467 0.422915 0.414912 0 
2 0.595745 0.077669 0.492711 0.003467 0.422915 0.414912 0 
2 0.617021 0.077669 0.479024 0.003467 0.422915 0.414912 0 
2 0.638298 0.075207 0.473669 0.003467 0.422915 0.414912 0 
2 0.659574 0.077669 0.484528 0.003467 0.422915 0.414912 0 
2 0.680851 0.077669 0.508182 0.003467 0.422915 0.414912 0 
2 0.702128 0.10475 0.566796 0.003467 0.422915 0.414912 1 
2 0.723404 0.091119 0.661559 0.003467 0.422915 0.414912 0 
2 0.744681 0.091119 0.737281 0.003467 0.422915 0.414912 0 
2 0.765957 0.091119 0.740702 0.003467 0.422915 0.414912 0 
2 0.787234 0.091119 0.710057 0.003467 0.422915 0.414912 1 
2 0.808511 0.091119 0.67108 0.003467 0.422915 0.414912 1 
2 0.829787 0.090729 0.641922 0.003467 0.422915 0.414912 1 
2 0.851064 0.091119 0.624814 0.003467 0.422915 0.414912 1 
2 0.87234 0.091119 0.598036 0.003467 0.422915 0.414912 1 
2 0.893617 0.091119 0.546117 0.003467 0.422915 0.414912 1 
2 0.914894 0.077669 0.49643 0.003467 0.422915 0.414912 0 
2 0.93617 0.094122 0.523802 0.003467 0.422915 0.414912 1 
2 0.957447 0.090729 0.518596 0.003467 0.422915 0.414912 1 
2 0.978723 0.098295 0.530794 0.003467 0.422915 0.414912 1 
2 1 0.090729 0.521422 0.003467 0.422915 0.414912 1 
