5 0 0.085895 0.367004 0.003467 0.422915 0.414912 0 
5 0.021277 0.071875 0.299018 0.003467 0.422915 0.414912 0 
5 0.042553 0.071875 0.246802 0.003467 0.422915 0.414912 0 
5 0.06383 0.071875 0.213032 0.003467 0.422915 0.414912 0 
5 0.085106 0.071875 0.182981 0.003467 0.422915 0.414912 0 
5 0.106383 0.075087 0.163195 0.003467 0.422915 0.414912 0 
5 0.12766 0.073316 0.150253 0.003467 0.422915 0.414912 0 
5 0.148936 0.060226 0.14698 0.003467 0.422915 0.414912 0 
5 0.170213 0.069863 0.166468 0.003467 0.422915 0.414912 0 
5 0.191489 0.074997 0.195626 0.003467 0.422915 0.414912 0 
5 0.212766 0.077459 0.256769 0.003467 0.422915 0.414912 0 
5 0.234043 0.073316 0.317911 0.003467 0.422915 0.414912 0 
5 0.255319 0.073316 0.34335 0.003467 0.422915 0.414912 0 
5 0.276596 0.071604 0.406278 0.003467 0.422915 0.414912 0 
5 0.297872 0.081422 0.437816 0.003467 0.422915 0.414912 0 
5 0.319149 0.073316 0.472478 0.003467 0.422915 0.414912 0 
5 0.340426 0.07842 0.518298 0.003467 0.422915 0.414912 0 
5 0.361702 0.081782 0.533472 0.003467 0.422915 0.414912 0 
5 0.382979 0.073316 0.519637 0.003467 0.422915 0.414912 0 
5 0.404255 0.07842 0.50967 0.003467 0.422915 0.414912 0 
5 0.425532 0.065089 0.519191 0.003467 0.422915 0.414912 0 
5 0.446809 0.062387 0.52053 0.003467 0.422915 0.414912 0 
5 0.468085 0.074126 0.517852 0.003467 0.422915 0.414912 0 
5 0.489362 0.069863 0.518596 0.003467 0.422915 0.414912 0 
5 0.510638 0.073316 0.513835 0.003467 0.422915 0.414912 0 
5 0.531915 0.069863 0.507141 0.003467 0.422915 0.414912 0 
5 0.553191 0.062387 0.503422 0.003467 0.422915 0.414912 0 
5 0.574468 0.062387 0.495388 0.003467 0.422915 0.414912 0 
5 0.595745 0.062387 0.488991 0.003467 0.422915 0.414912 0 
5 0.617021 0.060376 0.483041 0.003467 0.422915 0.414912 0 
5 0.638298 0.060376 0.47828 0.003467 0.422915 0.414912 0 
5 0.659574 0.062387 0.487057 0.003467 0.422915 0.414912 0 
5 0.680851 0.062387 0.468015 0.003467 0.422915 0.414912 0 
5 0.702128 0.060376 0.456263 0.003467 0.422915 0.414912 0 
5 0.723404 0.074997 0.416543 0.003467 0.422915 0.414912 0 
5 0.744681 0.073316 0.398393 0.003467 0.422915 0.414912 0 
5 0.765957 0.074997 0.379798 0.003467 0.422915 0.414912 0 
5 0.787234 0.074997 0.374591 0.003467 0.422915 0.414912 0 
5 0.808511 0.084064 0.377864 0.003467 0.422915 0.414912 1 
5 0.829787 0.07842 0.375335 0.003467 0.422915 0.414912 1 
5 0.851064 0.073316 0.352127 0.003467 0.422915 0.414912 0 
5 0.87234 0.073316 0.329069 0.003467 0.422915 0.414912 0 
5 0.893617 0.074997 0.36507 0.003467 0.422915 0.414912 1 
5 0.914894 0.074997 0.382029 0.003467 0.422915 0.414912 1 
5 0.93617 0.062387 0.40598 0.003467 0.422915 0.414912 0 
5 0.957447 0.069863 0.40717 0.003467 0.422915 0.414912 0 
5 0.978723 0.062387 0.391699 0.003467 0.422915 0.414912 0 
5 1 0.062387 0.36745 0.003467 0.422915 0.414912 0 
