2 0 0.087096 0.33978 0.005864 0.373382 0.494298 1 
2 0.021277 0.067912 0.304522 0.004555 0.343345 0.517105 1 
2 0.042553 0.078269 0.282356 0.005287 0.409114 0.477632 1 
2 0.06383 0.0653 0.250074 0.0044 0.39073 0.496491 1 
2 0.085106 0.062958 0.225082 0.004213 0.35914 0.549561 1 
2 0.106383 0.064339 0.19399 0.004285 0.326256 0.591667 1 
2 0.12766 0.051969 0.16989 0.003434 0.293371 0.627632 0 
2 0.148936 0.050468 0.157691 0.003317 0.263594 0.651316 0 
2 0.170213 0.046175 0.148914 0.003031 0.244174 0.66886 0 
2 0.191489 0.050078 0.156501 0.003282 0.234593 0.695614 0 
2 0.212766 0.056653 0.193841 0.003712 0.244692 0.704825 0 
2 0.234043 0.059835 0.252752 0.003955 0.272139 0.651754 0 
2 0.255319 0.093341 0.358227 0.00624 0.353444 0.597368 1 
2 0.276596 0.093971 0.468611 0.006271 0.432936 0.528509 1 
2 0.297872 0.085985 0.486611 0.005779 0.473848 0.412719 1 
2 0.319149 0.090549 0.544183 0.006099 0.547903 0.298246 1 
2 0.340426 0.095443 0.560547 0.006516 0.593993 0.276754 1 
2 0.361702 0.090309 0.549093 0.00614 0.590886 0.263158 1 
2 0.382979 0.10556 0.581672 0.007187 0.604609 0.264912 1 
2 0.404255 0.104299 0.587623 0.007098 0.593216 0.336842 1 
2 0.425532 0.09148 0.559952 0.006217 0.584671 0.302632 1 
2 0.446809 0.090549 0.536001 0.00612 0.584412 0.280702 1 
2 0.468085 0.089678 0.520232 0.006066 0.576126 0.300439 1 
2 0.489362 0.089978 0.507141 0.006095 0.579234 0.278947 1 
2 0.510638 0.090068 0.498215 0.006109 0.566287 0.263158 1 
2 0.531915 0.089678 0.486165 0.00608 0.559296 0.26886 1 
2 0.553191 0.089678 0.482148 0.006082 0.573019 0.237281 1 
2 0.574468 0.089168 0.475305 0.00607 0.576903 0.253509 1 
2 0.595745 0.089138 0.464891 0.006086 0.57276 0.245614 1 
2 0.617021 0.089138 0.456114 0.006105 0.571724 0.291667 1 
2 0.638298 0.088297 0.451205 0.006036 0.557483 0.302632 1 
2 0.659574 0.088567 0.455073 0.00602 0.556447 0.350439 1 
2 0.680851 0.087216 0.460577 0.005916 0.55334 0.38114 1 
2 0.702128 0.087216 0.481404 0.005877 0.581305 0.335965 1 
2 0.723404 0.087727 0.503719 0.00591 0.605386 0.336842 1 
2 0.744681 0.088477 0.573341 0.005899 0.647074 0.337719 1 
2 0.765957 0.092771 0.6446 0.006136 0.669342 0.39693 1 
2 0.787234 0.0919 0.641178 0.006095 0.665458 0.325 1 
2 0.808511 0.091239 0.604582 0.006059 0.63102 0.38114 1 
2 0.829787 0.089498 0.580036 0.005947 0.601761 0.405263 1 
2 0.851064 0.088898 0.556531 0.005926 0.562403 0.433333 1 
2 0.87234 0.087066 0.537191 0.005837 0.53159 0.472807 1 
2 0.893617 0.068332 0.499702 0.004603 0.490678 0.48114 0 
2 0.914894 0.043383 0.453288 0.002939 0.455463 0.436842 0 
2 0.93617 0.086526 0.483487 0.005766 0.423097 0.639035 1 
2 0.957447 0.086646 0.488248 0.005663 0.405748 0.614912 1 
2 0.978723 0.090849 0.491818 0.006014 0.501036 0.496491 1 
2 1 0.09175 0.494496 0.006076 0.495339 0.498246 1 
