5 0 0.083884 0.53853 0.005544 0.428276 0.679386 0 
5 0.021277 0.062477 0.526629 0.004098 0.41015 0.683333 0 
5 0.042553 0.132731 0.489438 0.008795 0.462973 0.585088 1 
5 0.06383 0.107872 0.444362 0.00711 0.448731 0.655702 1 
5 0.085106 0.107422 0.375483 0.006955 0.415588 0.755263 1 
5 0.106383 0.043113 0.327432 0.002761 0.383221 0.798684 0 
5 0.12766 0.048697 0.277893 0.003114 0.355515 0.743421 0 
5 0.148936 0.034556 0.245463 0.002221 0.339461 0.74386 0 
5 0.170213 0.034826 0.22776 0.002227 0.321854 0.775 0 
5 0.191489 0.031104 0.229098 0.00198 0.313827 0.796053 0 
5 0.212766 0.041582 0.25781 0.002655 0.321595 0.776316 0 
5 0.234043 0.033145 0.307498 0.002127 0.335577 0.742982 0 
5 0.255319 0.078269 0.410443 0.005125 0.406525 0.658772 0 
5 0.276596 0.218176 0.530051 0.014481 0.476955 0.586404 1 
5 0.297872 0.079891 0.577953 0.005359 0.536769 0.477632 1 
5 0.319149 0.114747 0.652187 0.008008 0.596064 0.504825 1 
5 0.340426 0.072535 0.661708 0.00485 0.624029 0.447807 0 
5 0.361702 0.068722 0.633294 0.004605 0.617038 0.411404 0 
5 0.382979 0.055122 0.626153 0.003704 0.628949 0.378947 0 
5 0.404255 0.049027 0.608004 0.003299 0.604609 0.374123 0 
5 0.425532 0.049628 0.590598 0.003351 0.588814 0.355702 0 
5 0.446809 0.047106 0.567688 0.003199 0.579234 0.355263 0 
5 0.468085 0.041191 0.545373 0.002802 0.537804 0.351754 0 
5 0.489362 0.048217 0.535406 0.003286 0.571983 0.307456 0 
5 0.510638 0.048037 0.527075 0.003303 0.552046 0.288158 0 
5 0.531915 0.048037 0.515174 0.003322 0.550492 0.260965 0 
5 0.553191 0.048037 0.511306 0.003359 0.571724 0.250439 0 
5 0.574468 0.048037 0.506099 0.003371 0.573537 0.256579 0 
5 0.595745 0.048037 0.496132 0.00338 0.571207 0.266667 0 
5 0.617021 0.048037 0.484231 0.003378 0.552305 0.288596 0 
5 0.638298 0.048037 0.479768 0.00339 0.548421 0.300877 0 
5 0.659574 0.047886 0.488248 0.00338 0.544019 0.278509 0 
5 0.680851 0.048457 0.50476 0.003376 0.555412 0.339474 0 
5 0.702128 0.053981 0.546415 0.003704 0.582341 0.345175 0 
5 0.723404 0.098355 0.628979 0.006722 0.636976 0.307018 1 
5 0.744681 0.678876 0.709313 0.045529 0.697048 0.097368 1 
5 0.765957 0.087456 0.711842 0.00581 0.684878 0.388596 1 
5 0.787234 0.076888 0.693544 0.005172 0.647074 0.389912 0 
5 0.808511 0.068602 0.668849 0.004605 0.611082 0.397807 0 
5 0.829787 0.067912 0.647575 0.004584 0.576126 0.40307 0 
5 0.851064 0.169809 0.631211 0.011547 0.548679 0.435965 1 
5 0.87234 0.067191 0.616186 0.004616 0.515536 0.458772 0 
5 0.893617 0.097694 0.574085 0.006317 0.480062 0.477193 1 
5 0.914894 0.074397 0.530199 0.005075 0.444847 0.489474 0 
5 0.93617 0.130059 0.552663 0.008934 0.416882 0.534649 1 
5 0.957447 0.072565 0.557423 0.004659 0.389694 0.540789 0 
5 0.978723 0.132281 0.547754 0.009084 0.452097 0.494737 1 
5 1 0.080221 0.536745 0.005424 0.433454 0.619298 0 
