5 0 0.036268 0.582118 0.002457 0.471258 0.602632 0 
5 0.021277 0.042092 0.567539 0.002862 0.443035 0.560088 1 
5 0.042553 0.071094 0.541803 0.004904 0.498446 0.435088 1 
5 0.06383 0.050919 0.488991 0.003544 0.476437 0.475877 1 
5 0.085106 0.053681 0.436477 0.00372 0.43449 0.529386 1 
5 0.106383 0.03984 0.383666 0.002715 0.393061 0.600877 1 
5 0.12766 0.034136 0.327879 0.002293 0.343086 0.666667 0 
5 0.148936 0.033025 0.294406 0.0022 0.313568 0.666667 0 
5 0.170213 0.033025 0.27105 0.002233 0.288969 0.738158 0 
5 0.191489 0.032755 0.26748 0.00221 0.273175 0.767982 0 
5 0.212766 0.032905 0.297084 0.002221 0.272916 0.735526 0 
5 0.234043 0.034466 0.354359 0.002349 0.301916 0.688596 0 
5 0.255319 0.048667 0.473817 0.003319 0.373382 0.554386 1 
5 0.276596 0.072325 0.598929 0.004942 0.455981 0.451754 1 
5 0.297872 0.050829 0.634484 0.003492 0.512429 0.344737 1 
5 0.319149 0.100006 0.72166 0.006851 0.593216 0.318421 1 
5 0.340426 0.050859 0.735644 0.003488 0.624288 0.257456 1 
5 0.361702 0.064429 0.716007 0.004464 0.629984 0.194737 1 
5 0.382979 0.13153 0.741148 0.00925 0.645262 0.226316 1 
5 0.404255 0.106551 0.736983 0.007407 0.63827 0.181579 1 
5 0.425532 0.084724 0.704999 0.005904 0.616261 0.223246 1 
5 0.446809 0.087276 0.662303 0.006128 0.609788 0.22807 1 
5 0.468085 0.060856 0.625707 0.004287 0.599948 0.182895 1 
5 0.489362 0.044944 0.607557 0.003166 0.595287 0.161404 0 
5 0.510638 0.037138 0.589408 0.002592 0.575091 0.226316 0 
5 0.531915 0.037498 0.563672 0.002594 0.579234 0.201316 0 
5 0.553191 0.037589 0.556084 0.002605 0.602538 0.162281 0 
5 0.574468 0.037468 0.543142 0.002599 0.603832 0.172368 0 
5 0.595745 0.036688 0.528265 0.00254 0.584153 0.221491 0 
5 0.617021 0.036508 0.512794 0.00252 0.581564 0.229386 0 
5 0.638298 0.036268 0.512199 0.002503 0.56551 0.234649 0 
5 0.659574 0.037258 0.525141 0.00257 0.557224 0.260526 0 
5 0.680851 0.037468 0.551175 0.002586 0.555412 0.265351 0 
5 0.702128 0.038099 0.596251 0.002636 0.569912 0.263158 0 
5 0.723404 0.043383 0.675394 0.002968 0.605904 0.281579 0 
5 0.744681 0.102378 0.796638 0.006934 0.675816 0.255702 1 
5 0.765957 0.079741 0.826688 0.005422 0.70145 0.269737 1 
5 0.787234 0.076948 0.822077 0.005262 0.677628 0.327193 1 
5 0.808511 0.076708 0.792324 0.005305 0.634904 0.309649 1 
5 0.829787 0.084664 0.762719 0.005891 0.60435 0.367105 1 
5 0.851064 0.072625 0.748735 0.00505 0.583894 0.400439 1 
5 0.87234 0.046085 0.713924 0.003178 0.528483 0.479825 0 
5 0.893617 0.043593 0.661113 0.002995 0.514759 0.445614 0 
5 0.914894 0.037018 0.602797 0.002528 0.483946 0.505263 0 
5 0.93617 0.040231 0.638947 0.002732 0.460383 0.535088 0 
5 0.957447 0.037679 0.632699 0.002563 0.443553 0.607895 0 
5 0.978723 0.046205 0.615591 0.00316 0.521491 0.43114 0 
5 1 0.04008 0.600119 0.002759 0.517866 0.479825 0 
