2 0 0.072085 0.429039 0.003968 0.423097 0.706579 1 
2 0.021277 0.070524 0.393633 0.003004 0.409373 0.732895 1 
2 0.042553 0.075027 0.365963 0.004877 0.465821 0.662281 1 
2 0.06383 0.068422 0.327284 0.004427 0.456499 0.67193 1 
2 0.085106 0.074246 0.29515 0.002929 0.419213 0.680263 1 
2 0.106383 0.049718 0.263612 0.003191 0.392284 0.737281 0 
2 0.12766 0.045184 0.234454 0.002904 0.360176 0.725 0 
2 0.148936 0.045094 0.219875 0.0029 0.341274 0.705702 0 
2 0.170213 0.041642 0.217644 0.002692 0.304505 0.71886 0 
2 0.191489 0.044464 0.228652 0.002871 0.300363 0.742544 0 
2 0.212766 0.045515 0.267034 0.002925 0.31797 0.772807 0 
2 0.234043 0.047166 0.31925 0.003043 0.35448 0.759649 0 
2 0.255319 0.061096 0.444213 0.003951 0.435008 0.755263 0 
2 0.276596 0.07839 0.565754 0.005037 0.528742 0.679386 1 
2 0.297872 0.060466 0.595656 0.003941 0.564992 0.561404 0 
2 0.319149 0.079711 0.67346 0.005212 0.645262 0.628509 1 
2 0.340426 0.081272 0.692205 0.005274 0.67711 0.617982 1 
2 0.361702 0.076048 0.676584 0.004952 0.684619 0.572368 1 
2 0.382979 0.082773 0.701874 0.005403 0.691611 0.60307 1 
2 0.404255 0.07959 0.70366 0.005187 0.691093 0.584649 1 
2 0.425532 0.074967 0.676882 0.004859 0.669601 0.539474 1 
2 0.446809 0.071304 0.6385 0.004668 0.641378 0.579386 1 
2 0.468085 0.066831 0.615591 0.004358 0.635163 0.59693 0 
2 0.489362 0.059986 0.595805 0.003907 0.622993 0.573246 0 
2 0.510638 0.055212 0.576465 0.003598 0.607198 0.511404 0 
2 0.531915 0.071664 0.569325 0.004715 0.601502 0.532895 1 
2 0.553191 0.064339 0.551026 0.004256 0.612118 0.490351 0 
2 0.574468 0.054942 0.536894 0.003635 0.60668 0.485965 0 
2 0.595745 0.055872 0.529009 0.003704 0.595287 0.433772 0 
2 0.617021 0.05239 0.512645 0.003457 0.58985 0.474561 0 
2 0.638298 0.05239 0.512199 0.00345 0.57535 0.533333 0 
2 0.659574 0.05239 0.515323 0.003454 0.565769 0.542982 0 
2 0.680851 0.05239 0.533175 0.003471 0.562403 0.531579 0 
2 0.702128 0.053561 0.567837 0.003554 0.575608 0.468421 0 
2 0.723404 0.056353 0.63136 0.003749 0.606422 0.561404 0 
2 0.744681 0.083163 0.752306 0.00548 0.671673 0.534211 1 
2 0.765957 0.088747 0.799911 0.005823 0.708959 0.50307 1 
2 0.787234 0.087547 0.796043 0.00571 0.685655 0.547807 1 
2 0.808511 0.077969 0.768373 0.005104 0.637752 0.515351 1 
2 0.829787 0.075087 0.741148 0.004911 0.607457 0.610965 1 
2 0.851064 0.075447 0.719875 0.004923 0.580269 0.609211 1 
2 0.87234 0.074607 0.700089 0.004855 0.550492 0.610088 1 
2 0.893617 0.068992 0.660964 0.004524 0.525375 0.637281 1 
2 0.914894 0.055632 0.604582 0.003515 0.488866 0.601316 0 
2 0.93617 0.080101 0.622285 0.004682 0.458053 0.697807 1 
2 0.957447 0.076828 0.603094 0.00436 0.418954 0.677193 1 
2 0.978723 0.077789 0.60607 0.005041 0.516054 0.627193 1 
2 1 0.075477 0.594317 0.004861 0.498446 0.667105 1 
