1 0 0.059325 0.433056 0.003889 0.457276 0.620175 0 
1 0.021277 0.045725 0.383219 0.002748 0.442517 0.601316 0 
1 0.042553 0.049177 0.347664 0.003203 0.494303 0.53114 0 
1 0.06383 0.049418 0.30363 0.002781 0.476437 0.509211 0 
1 0.085106 0.049838 0.267926 0.003157 0.425945 0.514474 0 
1 0.106383 0.044764 0.223445 0.002777 0.401864 0.627632 0 
1 0.12766 0.036568 0.192205 0.002393 0.38348 0.615789 0 
1 0.148936 0.030083 0.175097 0.001982 0.353703 0.57807 0 
1 0.170213 0.022727 0.157394 0.001521 0.327809 0.654386 0 
1 0.191489 0.021706 0.151443 0.001417 0.304764 0.664474 0 
1 0.212766 0.022367 0.159476 0.001454 0.287416 0.698246 0 
1 0.234043 0.022427 0.170634 0.001454 0.269032 0.728947 0 
1 0.255319 0.022487 0.19637 0.001454 0.261781 0.765789 0 
1 0.276596 0.02648 0.214817 0.001699 0.278353 0.79693 0 
1 0.297872 0.02624 0.246355 0.001531 0.226567 0.833772 0 
1 0.319149 0.030443 0.319548 0.001859 0.242103 0.88114 0 
1 0.340426 0.040351 0.394525 0.002547 0.286898 0.764474 0 
1 0.361702 0.067371 0.461619 0.002256 0.323408 0.719737 1 
1 0.382979 0.073256 0.530348 0.002009 0.344381 0.634211 1 
1 0.404255 0.075507 0.56025 0.002009 0.352926 0.634211 1 
1 0.425532 0.075297 0.564862 0.002619 0.356033 0.67807 1 
1 0.446809 0.071574 0.54582 0.002175 0.348006 0.67807 1 
1 0.468085 0.065029 0.530348 0.004059 0.334542 0.674123 1 
1 0.489362 0.063618 0.512794 0.003934 0.324443 0.739474 1 
1 0.510638 0.064729 0.484826 0.003891 0.32289 0.673246 1 
1 0.531915 0.060406 0.453734 0.00372 0.309684 0.673684 0 
1 0.553191 0.057133 0.42532 0.003635 0.318488 0.647368 0 
1 0.574468 0.05296 0.397798 0.002281 0.302952 0.684649 0 
1 0.595745 0.047376 0.383666 0.002027 0.296479 0.684649 0 
1 0.617021 0.048457 0.373698 0.001951 0.288193 0.684649 0 
1 0.638298 0.047136 0.376227 0.002015 0.295184 0.684649 0 
1 0.659574 0.046866 0.384707 0.002015 0.294666 0.684649 0 
1 0.680851 0.05281 0.408956 0.001516 0.288969 0.609649 0 
1 0.702128 0.056353 0.458346 0.003405 0.318229 0.602193 1 
1 0.723404 0.063438 0.54091 0.004165 0.395391 0.615351 1 
1 0.744681 0.0792 0.642071 0.005181 0.516572 0.594298 1 
1 0.765957 0.080401 0.678667 0.005363 0.563439 0.607018 1 
1 0.787234 0.07911 0.674353 0.005131 0.555412 0.632456 1 
1 0.808511 0.072415 0.654865 0.004784 0.541429 0.642105 1 
1 0.829787 0.068452 0.627194 0.004516 0.529001 0.606579 1 
1 0.851064 0.061457 0.606813 0.003847 0.502071 0.628509 1 
1 0.87234 0.060886 0.584945 0.003779 0.489125 0.650439 1 
1 0.893617 0.06581 0.552217 0.003932 0.457794 0.672368 1 
1 0.914894 0.057374 0.506843 0.003376 0.424909 0.640789 1 
1 0.93617 0.06557 0.517108 0.003974 0.387882 0.685526 1 
1 0.957447 0.059265 0.497025 0.003639 0.385293 0.662719 1 
1 0.978723 0.057284 0.470842 0.003639 0.435008 0.636404 1 
1 1 0.049448 0.440345 0.00323 0.428793 0.638158 0 
