1 0 0.043083 0.390509 0.002829 0.367167 0.57807 0 
1 0.021277 0.037799 0.342904 0.00248 0.350596 0.589474 0 
1 0.042553 0.040201 0.311961 0.002659 0.403418 0.510526 0 
1 0.06383 0.036868 0.267331 0.002437 0.377007 0.566228 0 
1 0.085106 0.031914 0.222702 0.002092 0.342569 0.584649 0 
1 0.106383 0.030743 0.191312 0.002009 0.318747 0.592982 0 
1 0.12766 0.030473 0.16632 0.00199 0.297773 0.584649 0 
1 0.148936 0.029512 0.1446 0.001926 0.282755 0.602632 0 
1 0.170213 0.028972 0.13136 0.001886 0.259192 0.669298 0 
1 0.191489 0.028762 0.126897 0.00187 0.236406 0.725 0 
1 0.212766 0.028372 0.127938 0.001838 0.215691 0.756579 0 
1 0.234043 0.028011 0.141178 0.001813 0.20145 0.79386 0 
1 0.255319 0.027591 0.169295 0.00178 0.194718 0.784649 0 
1 0.276596 0.028462 0.194139 0.001832 0.194459 0.797807 0 
1 0.297872 0.028822 0.243231 0.00092 0.159762 0.831579 0 
1 0.319149 0.030803 0.321928 0.001942 0.188762 0.823246 0 
1 0.340426 0.037198 0.390062 0.002349 0.226049 0.787281 0 
1 0.361702 0.042422 0.449866 0.0027 0.262817 0.797807 0 
1 0.382979 0.041912 0.480512 0.002676 0.285344 0.766667 0 
1 0.404255 0.041762 0.485867 0.002676 0.282496 0.750877 0 
1 0.425532 0.041221 0.47709 0.002648 0.284568 0.721053 0 
1 0.446809 0.040771 0.453585 0.002628 0.286639 0.751316 0 
1 0.468085 0.035997 0.429783 0.00231 0.282755 0.726754 0 
1 0.489362 0.031344 0.407914 0.002019 0.269032 0.690789 0 
1 0.510638 0.030924 0.380393 0.002 0.278612 0.652632 0 
1 0.531915 0.029512 0.348111 0.001909 0.270844 0.656579 0 
1 0.553191 0.029242 0.321035 0.001903 0.283791 0.627632 0 
1 0.574468 0.029152 0.299316 0.001762 0.267996 0.634211 0 
1 0.595745 0.029002 0.283844 0.001629 0.249871 0.634211 0 
1 0.617021 0.028762 0.272092 0.001843 0.243397 0.652193 0 
1 0.638298 0.029122 0.270158 0.001899 0.23304 0.590789 0 
1 0.659574 0.029242 0.284439 0.001917 0.237442 0.597807 0 
1 0.680851 0.029182 0.306159 0.001919 0.245728 0.571491 0 
1 0.702128 0.029903 0.356144 0.001961 0.273692 0.592105 0 
1 0.723404 0.032575 0.431568 0.002131 0.325738 0.550877 0 
1 0.744681 0.090819 0.534811 0.006028 0.411445 0.496053 1 
1 0.765957 0.111174 0.577358 0.007455 0.43941 0.486842 1 
1 0.787234 0.087937 0.565754 0.005893 0.431901 0.491228 1 
1 0.808511 0.097874 0.551324 0.006548 0.412998 0.535965 1 
1 0.829787 0.136003 0.538084 0.009076 0.400311 0.540351 1 
1 0.851064 0.102048 0.52529 0.006811 0.384516 0.595175 1 
1 0.87234 0.107692 0.509521 0.007144 0.374417 0.589912 1 
1 0.893617 0.073015 0.473371 0.00483 0.349042 0.575877 1 
1 0.914894 0.059115 0.43737 0.003916 0.32755 0.559211 1 
1 0.93617 0.0659 0.45418 0.00436 0.313309 0.591667 1 
1 0.957447 0.055512 0.437816 0.003675 0.300104 0.574561 1 
1 0.978723 0.061066 0.420113 0.004071 0.337649 0.529386 1 
1 1 0.048517 0.380839 0.003236 0.323666 0.561404 1 
