5 0 0.042452 0.572151 0.002829 0.477214 0.574561 0 
5 0.021277 0.042452 0.54939 0.002815 0.447695 0.610088 0 
5 0.042553 0.055602 0.530051 0.003729 0.504402 0.463158 1 
5 0.06383 0.03981 0.477983 0.002657 0.475919 0.564035 0 
5 0.085106 0.032605 0.414609 0.002063 0.432677 0.642982 0 
5 0.106383 0.023928 0.365516 0.001531 0.383998 0.762719 0 
5 0.12766 0.014891 0.32044 0.000947 0.331434 0.699561 0 
5 0.148936 0.013841 0.282208 0.000883 0.295961 0.603947 0 
5 0.170213 0.013 0.262422 0.000835 0.266183 0.596491 0 
5 0.191489 0.01297 0.255281 0.000835 0.256603 0.619298 0 
5 0.212766 0.014471 0.28429 0.000924 0.265407 0.658333 0 
5 0.234043 0.029693 0.340226 0.001793 0.306059 0.765789 0 
5 0.255319 0.036838 0.454775 0.002351 0.392543 0.6 0 
5 0.276596 0.037468 0.573341 0.002501 0.479544 0.465789 0 
5 0.297872 0.043383 0.607409 0.002946 0.537027 0.311842 0 
5 0.319149 0.072325 0.694882 0.005054 0.627136 0.239912 1 
5 0.340426 0.095142 0.71571 0.00668 0.673485 0.242544 1 
5 0.361702 0.07863 0.697709 0.005496 0.683066 0.222368 1 
5 0.382979 0.073946 0.72285 0.005212 0.690834 0.241667 1 
5 0.404255 0.093251 0.712437 0.006541 0.681512 0.273684 1 
5 0.425532 0.068182 0.685957 0.004803 0.672708 0.222368 1 
5 0.446809 0.060496 0.657245 0.004254 0.663646 0.212719 1 
5 0.468085 0.060196 0.635376 0.004553 0.649922 0.231579 1 
5 0.489362 0.062207 0.60964 0.004929 0.637752 0.225877 1 
5 0.510638 0.057524 0.601755 0.004231 0.6116 0.224123 1 
5 0.531915 0.061217 0.592681 0.004348 0.602538 0.216667 1 
5 0.553191 0.060196 0.591193 0.004659 0.626877 0.216228 1 
5 0.574468 0.060196 0.580928 0.004479 0.621699 0.214474 1 
5 0.595745 0.059205 0.570515 0.004445 0.600207 0.210965 1 
5 0.617021 0.058004 0.561589 0.004103 0.58493 0.235965 1 
5 0.638298 0.056203 0.564564 0.003824 0.570171 0.257456 1 
5 0.659574 0.054431 0.581077 0.004117 0.558001 0.287281 1 
5 0.680851 0.047346 0.612913 0.003332 0.556447 0.279386 0 
5 0.702128 0.051339 0.676584 0.003978 0.594252 0.263158 0 
5 0.723404 0.067311 0.767777 0.004877 0.665458 0.236404 1 
5 0.744681 0.074306 0.839929 0.005264 0.749612 0.261404 1 
5 0.765957 0.075327 0.839631 0.005324 0.734852 0.289035 1 
5 0.787234 0.067041 0.82044 0.004751 0.690575 0.286404 1 
5 0.808511 0.070674 0.793663 0.005048 0.658985 0.292982 1 
5 0.829787 0.066861 0.764802 0.004778 0.622734 0.366667 1 
5 0.851064 0.074517 0.735347 0.005258 0.592439 0.427632 1 
5 0.87234 0.074397 0.709164 0.005177 0.567064 0.455702 1 
5 0.893617 0.046235 0.65665 0.003182 0.519938 0.516667 0 
5 0.914894 0.03945 0.598185 0.002659 0.490678 0.564474 0 
5 0.93617 0.042843 0.636864 0.002856 0.467633 0.560965 0 
5 0.957447 0.042512 0.629128 0.00284 0.45624 0.577193 0 
5 0.978723 0.043053 0.605326 0.002904 0.541947 0.404825 0 
5 1 0.042752 0.587623 0.002881 0.525117 0.489035 0 
