2 0 0.041191 0.346177 0.003467 0.422915 0.414912 0 
2 0.021277 0.040861 0.278935 0.003467 0.422915 0.414912 0 
2 0.042553 0.040861 0.222107 0.003467 0.422915 0.414912 0 
2 0.06383 0.040861 0.18194 0.003467 0.422915 0.414912 0 
2 0.085106 0.040861 0.136418 0.003467 0.422915 0.414912 0 
2 0.106383 0.040861 0.118715 0.003467 0.422915 0.414912 0 
2 0.12766 0.040231 0.124814 0.003467 0.422915 0.414912 0 
2 0.148936 0.041131 0.121839 0.003467 0.422915 0.414912 0 
2 0.170213 0.041431 0.142815 0.003467 0.422915 0.414912 0 
2 0.191489 0.047886 0.182535 0.003467 0.422915 0.414912 0 
2 0.212766 0.047886 0.261678 0.003467 0.422915 0.414912 0 
2 0.234043 0.047886 0.35064 0.003467 0.422915 0.414912 0 
2 0.255319 0.047886 0.366706 0.003467 0.422915 0.414912 0 
2 0.276596 0.047886 0.421601 0.003467 0.422915 0.414912 0 
2 0.297872 0.047886 0.442428 0.003467 0.422915 0.414912 0 
2 0.319149 0.047886 0.455073 0.003467 0.422915 0.414912 0 
2 0.340426 0.055332 0.505802 0.003467 0.422915 0.414912 0 
2 0.361702 0.049538 0.53258 0.003467 0.422915 0.414912 0 
2 0.382979 0.064909 0.526778 0.003467 0.422915 0.414912 1 
2 0.404255 0.057734 0.523207 0.003467 0.422915 0.414912 0 
2 0.425532 0.056803 0.52172 0.003467 0.422915 0.414912 0 
2 0.446809 0.048637 0.525885 0.003467 0.422915 0.414912 0 
2 0.468085 0.048637 0.525885 0.003467 0.422915 0.414912 0 
2 0.489362 0.049087 0.523654 0.003467 0.422915 0.414912 0 
2 0.510638 0.049538 0.534216 0.003467 0.422915 0.414912 0 
2 0.531915 0.054491 0.534662 0.003467 0.422915 0.414912 0 
2 0.553191 0.053321 0.530348 0.003467 0.422915 0.414912 0 
2 0.574468 0.049538 0.526778 0.003467 0.422915 0.414912 0 
2 0.595745 0.049538 0.523951 0.003467 0.422915 0.414912 0 
2 0.617021 0.049538 0.524249 0.003467 0.422915 0.414912 0 
2 0.638298 0.049538 0.528265 0.003467 0.422915 0.414912 0 
2 0.659574 0.049538 0.529753 0.003467 0.422915 0.414912 0 
2 0.680851 0.049538 0.51205 0.003467 0.422915 0.414912 0 
2 0.702128 0.048637 0.499256 0.003467 0.422915 0.414912 0 
2 0.723404 0.047886 0.470544 0.003467 0.422915 0.414912 0 
2 0.744681 0.047886 0.448378 0.003467 0.422915 0.414912 0 
2 0.765957 0.047886 0.427551 0.003467 0.422915 0.414912 0 
2 0.787234 0.047886 0.446742 0.003467 0.422915 0.414912 0 
2 0.808511 0.047886 0.458197 0.003467 0.422915 0.414912 0 
2 0.829787 0.047886 0.441089 0.003467 0.422915 0.414912 0 
2 0.851064 0.047736 0.394823 0.003467 0.422915 0.414912 0 
2 0.87234 0.046535 0.365367 0.003467 0.422915 0.414912 0 
2 0.893617 0.047886 0.390062 0.003467 0.422915 0.414912 0 
2 0.914894 0.047886 0.404195 0.003467 0.422915 0.414912 0 
2 0.93617 0.047886 0.418923 0.003467 0.422915 0.414912 0 
2 0.957447 0.047886 0.419667 0.003467 0.422915 0.414912 0 
2 0.978723 0.047886 0.405237 0.003467 0.422915 0.414912 0 
2 1 0.047886 0.382922 0.003467 0.422915 0.414912 0 
