2 0 0.067882 0.318506 0.004265 0.379596 0.537719 1 
2 0.021277 0.049748 0.285034 0.003297 0.356551 0.525 0 
2 0.042553 0.053771 0.251413 0.003523 0.407043 0.437719 0 
2 0.06383 0.051219 0.218982 0.003371 0.387364 0.453509 0 
2 0.085106 0.049448 0.184915 0.003309 0.349301 0.525 0 
2 0.106383 0.044013 0.157542 0.002923 0.313568 0.561404 0 
2 0.12766 0.042302 0.136864 0.00279 0.268514 0.600439 0 
2 0.148936 0.034316 0.12526 0.002148 0.239254 0.605263 0 
2 0.170213 0.044013 0.115591 0.002902 0.214915 0.617544 0 
2 0.191489 0.035757 0.129723 0.002248 0.208441 0.611842 0 
2 0.212766 0.043173 0.168551 0.002752 0.221388 0.609211 0 
2 0.234043 0.037559 0.214668 0.00253 0.258415 0.529386 0 
2 0.255319 0.047586 0.310324 0.003504 0.332729 0.526754 0 
2 0.276596 0.071995 0.409551 0.005041 0.402123 0.48114 1 
2 0.297872 0.030323 0.413419 0.002152 0.425686 0.426316 0 
2 0.319149 0.070283 0.478578 0.004886 0.489125 0.435965 1 
2 0.340426 0.07836 0.504314 0.005287 0.539358 0.401754 1 
2 0.361702 0.067221 0.504909 0.004584 0.563956 0.375 1 
2 0.382979 0.087667 0.551324 0.005937 0.562403 0.311842 1 
2 0.404255 0.087426 0.56501 0.005854 0.553858 0.388158 1 
2 0.425532 0.087426 0.548497 0.005829 0.546608 0.433333 1 
2 0.446809 0.087426 0.531092 0.005835 0.543501 0.445614 1 
2 0.468085 0.087426 0.521273 0.005841 0.545313 0.42807 1 
2 0.489362 0.087426 0.51205 0.005852 0.541688 0.45614 1 
2 0.510638 0.087426 0.505504 0.005845 0.538063 0.437719 1 
2 0.531915 0.087426 0.497917 0.005843 0.539617 0.424561 1 
2 0.553191 0.087426 0.493157 0.005854 0.562144 0.373246 1 
2 0.574468 0.087426 0.475305 0.00591 0.561885 0.360088 1 
2 0.595745 0.087426 0.484528 0.005906 0.558778 0.398684 1 
2 0.617021 0.081722 0.480512 0.005555 0.550492 0.390789 1 
2 0.638298 0.07905 0.481999 0.005372 0.545054 0.412719 1 
2 0.659574 0.0786 0.488843 0.005326 0.537286 0.44386 1 
2 0.680851 0.084844 0.502231 0.005729 0.546867 0.4 1 
2 0.702128 0.087426 0.52291 0.00587 0.564215 0.396053 1 
2 0.723404 0.116489 0.550431 0.007871 0.595028 0.385088 1 
2 0.744681 0.122613 0.595359 0.008355 0.626618 0.338596 1 
2 0.765957 0.150084 0.621988 0.010239 0.62869 0.385526 1 
2 0.787234 0.123394 0.606665 0.0084 0.622734 0.357456 1 
2 0.808511 0.059715 0.560547 0.004082 0.581046 0.300439 0 
2 0.829787 0.048517 0.525736 0.003342 0.532885 0.309211 0 
2 0.851064 0.060736 0.50476 0.004163 0.502848 0.339474 0 
2 0.87234 0.042482 0.477239 0.00291 0.477732 0.370614 0 
2 0.893617 0.042332 0.443023 0.002885 0.440704 0.376316 0 
2 0.914894 0.03939 0.403154 0.002682 0.412222 0.410965 0 
2 0.93617 0.047496 0.439453 0.003178 0.39798 0.571053 0 
2 0.957447 0.068332 0.463255 0.004551 0.39565 0.548246 0 
2 0.978723 0.090519 0.472627 0.006055 0.493268 0.451316 1 
2 1 0.088297 0.47114 0.005879 0.489902 0.539474 1 
