4 0 0.06575 0.450312 0.004539 0.368462 0.38114 0 
4 0.021277 0.075868 0.433651 0.005214 0.341792 0.439912 1 
4 0.042553 0.093101 0.396459 0.006375 0.393061 0.375877 1 
4 0.06383 0.068962 0.343201 0.004724 0.370533 0.391228 0 
4 0.085106 0.037859 0.281464 0.002592 0.319524 0.421053 0 
4 0.106383 0.032034 0.241446 0.002179 0.275764 0.497368 0 
4 0.12766 0.030924 0.198155 0.002096 0.235888 0.477632 0 
4 0.148936 0.029122 0.168551 0.001978 0.203263 0.51886 0 
4 0.170213 0.02687 0.152931 0.00182 0.18203 0.544737 0 
4 0.191489 0.0269 0.157542 0.00182 0.176592 0.557895 0 
4 0.212766 0.027711 0.185361 0.001876 0.188503 0.512281 0 
4 0.234043 0.028221 0.224487 0.001921 0.214397 0.450439 0 
4 0.255319 0.037168 0.314192 0.002559 0.280166 0.339035 0 
4 0.276596 0.047916 0.390509 0.00333 0.350596 0.293421 0 
4 0.297872 0.034166 0.369682 0.002368 0.40057 0.264912 0 
4 0.319149 0.057464 0.426659 0.003982 0.460383 0.258772 0 
4 0.340426 0.055812 0.456561 0.003864 0.493268 0.262719 0 
4 0.361702 0.068662 0.473669 0.004753 0.495598 0.281579 0 
4 0.382979 0.099556 0.517108 0.006855 0.494821 0.402632 1 
4 0.404255 0.094182 0.533621 0.006473 0.485241 0.42193 1 
4 0.425532 0.089408 0.521125 0.006142 0.489125 0.435088 1 
4 0.446809 0.082202 0.502231 0.005652 0.484205 0.391667 1 
4 0.468085 0.068482 0.492562 0.004715 0.484723 0.338596 0 
4 0.489362 0.068932 0.483785 0.004753 0.484464 0.335088 0 
4 0.510638 0.086346 0.479322 0.005949 0.476178 0.340789 1 
4 0.531915 0.068722 0.468313 0.004738 0.451579 0.307895 0 
4 0.553191 0.069503 0.467272 0.004817 0.482651 0.268421 0 
4 0.574468 0.081452 0.457899 0.005623 0.485759 0.304386 1 
4 0.595745 0.067731 0.448081 0.004678 0.477473 0.264912 0 
4 0.617021 0.067491 0.443023 0.004668 0.471258 0.241228 0 
4 0.638298 0.062207 0.43618 0.004304 0.462973 0.239912 0 
4 0.659574 0.064519 0.434543 0.004462 0.461419 0.23114 0 
4 0.680851 0.067071 0.430973 0.004641 0.465303 0.266667 1 
4 0.702128 0.067761 0.43975 0.004684 0.479285 0.298684 1 
4 0.723404 0.067761 0.445998 0.004697 0.502589 0.227193 1 
4 0.744681 0.059535 0.469801 0.004144 0.510875 0.202193 0 
4 0.765957 0.068482 0.511455 0.004776 0.509581 0.260088 1 
4 0.787234 0.068962 0.535109 0.004796 0.515536 0.248246 1 
4 0.808511 0.060076 0.503868 0.00419 0.503884 0.200877 0 
4 0.829787 0.046866 0.474115 0.00329 0.48058 0.155702 0 
4 0.851064 0.041882 0.453436 0.002933 0.455722 0.182895 0 
4 0.87234 0.03963 0.416691 0.002767 0.425427 0.227193 0 
4 0.893617 0.041011 0.386492 0.002856 0.396168 0.223246 0 
4 0.914894 0.029182 0.353169 0.002025 0.361471 0.316228 0 
4 0.93617 0.035367 0.409253 0.002455 0.344122 0.352193 0 
4 0.957447 0.042002 0.439155 0.002916 0.334801 0.335526 0 
4 0.978723 0.064699 0.454775 0.004487 0.419731 0.311404 1 
4 1 0.06566 0.450312 0.004551 0.417141 0.313158 1 
