4 0 0.061036 0.371616 0.003467 0.422915 0.414912 0 
4 0.021277 0.05215 0.303332 0.003467 0.422915 0.414912 0 
4 0.042553 0.051219 0.245314 0.003467 0.422915 0.414912 0 
4 0.06383 0.051219 0.203362 0.003467 0.422915 0.414912 0 
4 0.085106 0.051219 0.177328 0.003467 0.422915 0.414912 0 
4 0.106383 0.051219 0.15546 0.003467 0.422915 0.414912 0 
4 0.12766 0.051219 0.148319 0.003467 0.422915 0.414912 0 
4 0.148936 0.051219 0.147426 0.003467 0.422915 0.414912 0 
4 0.170213 0.072625 0.165873 0.003467 0.422915 0.414912 1 
4 0.191489 0.072625 0.200982 0.003467 0.422915 0.414912 1 
4 0.212766 0.072625 0.285034 0.003467 0.422915 0.414912 1 
4 0.234043 0.074817 0.375186 0.003467 0.422915 0.414912 1 
4 0.255319 0.074817 0.387682 0.003467 0.422915 0.414912 1 
4 0.276596 0.069713 0.455817 0.003467 0.422915 0.414912 1 
4 0.297872 0.053861 0.480065 0.003467 0.422915 0.414912 0 
4 0.319149 0.053861 0.49643 0.003467 0.422915 0.414912 0 
4 0.340426 0.069713 0.546266 0.003467 0.422915 0.414912 1 
4 0.361702 0.069713 0.566944 0.003467 0.422915 0.414912 1 
4 0.382979 0.076888 0.558167 0.003467 0.422915 0.414912 1 
4 0.404255 0.076888 0.551026 0.003467 0.422915 0.414912 1 
4 0.425532 0.076888 0.550283 0.003467 0.422915 0.414912 1 
4 0.446809 0.076888 0.551175 0.003467 0.422915 0.414912 1 
4 0.468085 0.074817 0.544035 0.003467 0.422915 0.414912 1 
4 0.489362 0.076888 0.540315 0.003467 0.422915 0.414912 1 
4 0.510638 0.076888 0.542398 0.003467 0.422915 0.414912 1 
4 0.531915 0.076318 0.540018 0.003467 0.422915 0.414912 1 
4 0.553191 0.074817 0.533175 0.003467 0.422915 0.414912 1 
4 0.574468 0.074817 0.512348 0.003467 0.422915 0.414912 1 
4 0.595745 0.062748 0.506248 0.003467 0.422915 0.414912 0 
4 0.617021 0.074817 0.508926 0.003467 0.422915 0.414912 1 
4 0.638298 0.062748 0.506992 0.003467 0.422915 0.414912 0 
4 0.659574 0.069713 0.505356 0.003467 0.422915 0.414912 1 
4 0.680851 0.062748 0.491074 0.003467 0.422915 0.414912 0 
4 0.702128 0.062748 0.48676 0.003467 0.422915 0.414912 0 
4 0.723404 0.053861 0.45909 0.003467 0.422915 0.414912 0 
4 0.744681 0.05215 0.439899 0.003467 0.422915 0.414912 0 
4 0.765957 0.05215 0.426659 0.003467 0.422915 0.414912 0 
4 0.787234 0.05215 0.426361 0.003467 0.422915 0.414912 0 
4 0.808511 0.053861 0.445254 0.003467 0.422915 0.414912 0 
4 0.829787 0.053861 0.433204 0.003467 0.422915 0.414912 0 
4 0.851064 0.053861 0.39512 0.003467 0.422915 0.414912 0 
4 0.87234 0.053861 0.36507 0.003467 0.422915 0.414912 0 
4 0.893617 0.062748 0.385302 0.003467 0.422915 0.414912 0 
4 0.914894 0.062748 0.397947 0.003467 0.422915 0.414912 0 
4 0.93617 0.074817 0.420262 0.003467 0.422915 0.414912 1 
4 0.957447 0.074817 0.414609 0.003467 0.422915 0.414912 1 
4 0.978723 0.069713 0.402856 0.003467 0.422915 0.414912 1 
4 1 0.069713 0.380095 0.003467 0.422915 0.414912 1 
