5 0 0.037318 0.522315 0.001768 0.431642 0.765789 0 
5 0.021277 0.038309 0.513984 0.001666 0.400052 0.765789 0 
5 0.042553 0.036208 0.485123 0.002231 0.45391 0.765789 0 
5 0.06383 0.032094 0.432014 0.001778 0.432418 0.765789 0 
5 0.085106 0.02639 0.375037 0.001367 0.375971 0.764035 0 
5 0.106383 0.024799 0.327432 0.000953 0.325738 0.765789 0 
5 0.12766 0.01294 0.278191 0.000723 0.274728 0.658772 0 
5 0.148936 0.011679 0.243677 0.000754 0.233817 0.616667 0 
5 0.170213 0.000901 0.225826 0.000058 0.207664 0.547807 0 
5 0.191489 0 0.222404 0.000058 0.189798 0.557456 0 
5 0.212766 0.011559 0.254984 0.000754 0.201191 0.625 0 
5 0.234043 0.014051 0.30363 0.000906 0.24029 0.753947 0 
5 0.255319 0.029933 0.411931 0.001182 0.319006 0.765789 0 
5 0.276596 0.041011 0.530051 0.002133 0.409632 0.765789 0 
5 0.297872 0.036508 0.566052 0.002395 0.465821 0.65614 0 
5 0.319149 0.043653 0.640286 0.002896 0.530813 0.517105 0 
5 0.340426 0.095022 0.658286 0.006311 0.567582 0.568421 1 
5 0.361702 0.075898 0.644154 0.005135 0.568099 0.477193 1 
5 0.382979 0.064969 0.663791 0.004462 0.571724 0.457018 1 
5 0.404255 0.059055 0.662898 0.004096 0.558001 0.421491 1 
5 0.425532 0.055993 0.635525 0.003887 0.553599 0.393421 1 
5 0.446809 0.043863 0.598185 0.003035 0.550233 0.430263 1 
5 0.468085 0.044884 0.568581 0.003101 0.544019 0.434649 1 
5 0.489362 0.043743 0.545225 0.003012 0.537027 0.456579 0 
5 0.510638 0.043653 0.528563 0.003 0.52175 0.489035 0 
5 0.531915 0.043653 0.510711 0.002991 0.517866 0.478947 0 
5 0.553191 0.043653 0.493008 0.002997 0.535733 0.47193 0 
5 0.574468 0.043653 0.490628 0.002995 0.528483 0.479386 0 
5 0.595745 0.043653 0.484677 0.002991 0.525893 0.47807 0 
5 0.617021 0.043653 0.478875 0.002989 0.511911 0.50614 0 
5 0.638298 0.043653 0.470991 0.002985 0.502848 0.530702 0 
5 0.659574 0.044854 0.497917 0.003062 0.49275 0.515351 1 
5 0.680851 0.054491 0.520976 0.003687 0.490161 0.522807 1 
5 0.702128 0.047766 0.560399 0.003268 0.504661 0.517105 1 
5 0.723404 0.073796 0.647873 0.005044 0.57043 0.482456 1 
5 0.744681 0.120842 0.713924 0.008037 0.632574 0.600439 1 
5 0.765957 0.103128 0.710354 0.006828 0.619627 0.557895 1 
5 0.787234 0.073346 0.690866 0.004882 0.571466 0.547368 1 
5 0.808511 0.071304 0.665129 0.004825 0.536251 0.54386 1 
5 0.829787 0.058995 0.642963 0.004055 0.510098 0.501316 1 
5 0.851064 0.044464 0.6205 0.003054 0.484464 0.575877 0 
5 0.87234 0.044194 0.596697 0.003014 0.465821 0.591228 0 
5 0.893617 0.043953 0.552217 0.002977 0.425686 0.621491 0 
5 0.914894 0.041642 0.505356 0.0028 0.398757 0.659211 0 
5 0.93617 0.041582 0.542398 0.002723 0.388659 0.732456 0 
5 0.957447 0.041011 0.554746 0.002632 0.383221 0.759211 0 
5 0.978723 0.042783 0.551026 0.002763 0.468669 0.631579 0 
5 1 0.03981 0.538976 0.002553 0.456499 0.70307 0 
