7 0 0.049988 0.253347 0.003467 0.422915 0.414912 0 
7 0.021277 0.048547 0.217197 0.003467 0.422915 0.414912 0 
7 0.042553 0.048547 0.203065 0.003467 0.422915 0.414912 0 
7 0.06383 0.046836 0.162154 0.003467 0.422915 0.414912 0 
7 0.085106 0.048187 0.128682 0.003467 0.422915 0.414912 0 
7 0.106383 0.063468 0.096549 0.003467 0.422915 0.414912 0 
7 0.12766 0.063468 0.075722 0.003467 0.422915 0.414912 0 
7 0.148936 0.063468 0.060101 0.003467 0.422915 0.414912 0 
7 0.170213 0.064399 0.05787 0.003467 0.422915 0.414912 0 
7 0.191489 0.064399 0.058614 0.003467 0.422915 0.414912 0 
7 0.212766 0.064399 0.06873 0.003467 0.422915 0.414912 0 
7 0.234043 0.066561 0.078102 0.003467 0.422915 0.414912 0 
7 0.255319 0.066561 0.08911 0.003467 0.422915 0.414912 0 
7 0.276596 0.066561 0.124814 0.003467 0.422915 0.414912 0 
7 0.297872 0.072445 0.166766 0.003467 0.422915 0.414912 0 
7 0.319149 0.09253 0.213329 0.003467 0.422915 0.414912 1 
7 0.340426 0.0783 0.271497 0.003467 0.422915 0.414912 1 
7 0.361702 0.089738 0.313746 0.003467 0.422915 0.414912 1 
7 0.382979 0.091269 0.332044 0.003467 0.422915 0.414912 1 
7 0.404255 0.09253 0.34573 0.003467 0.422915 0.414912 1 
7 0.425532 0.09253 0.345582 0.003467 0.422915 0.414912 1 
7 0.446809 0.091269 0.337846 0.003467 0.422915 0.414912 1 
7 0.468085 0.091269 0.324606 0.003467 0.422915 0.414912 1 
7 0.489362 0.087697 0.307051 0.003467 0.422915 0.414912 1 
7 0.510638 0.088177 0.293514 0.003467 0.422915 0.414912 1 
7 0.531915 0.085925 0.27596 0.003467 0.422915 0.414912 1 
7 0.553191 0.075718 0.262124 0.003467 0.422915 0.414912 0 
7 0.574468 0.075718 0.254984 0.003467 0.422915 0.414912 0 
7 0.595745 0.075718 0.252008 0.003467 0.422915 0.414912 0 
7 0.617021 0.075718 0.249479 0.003467 0.422915 0.414912 0 
7 0.638298 0.075718 0.250818 0.003467 0.422915 0.414912 0 
7 0.659574 0.07878 0.260637 0.003467 0.422915 0.414912 1 
7 0.680851 0.082773 0.262422 0.003467 0.422915 0.414912 1 
7 0.702128 0.084664 0.288307 0.003467 0.422915 0.414912 1 
7 0.723404 0.082773 0.314192 0.003467 0.422915 0.414912 1 
7 0.744681 0.091269 0.331747 0.003467 0.422915 0.414912 1 
7 0.765957 0.098565 0.351979 0.003467 0.422915 0.414912 1 
7 0.787234 0.087697 0.38679 0.003467 0.422915 0.414912 1 
7 0.808511 0.082773 0.371913 0.003467 0.422915 0.414912 1 
7 0.829787 0.082773 0.36507 0.003467 0.422915 0.414912 1 
7 0.851064 0.085925 0.334871 0.003467 0.422915 0.414912 1 
7 0.87234 0.074457 0.297828 0.003467 0.422915 0.414912 0 
7 0.893617 0.070404 0.29158 0.003467 0.422915 0.414912 0 
7 0.914894 0.07878 0.285629 0.003467 0.422915 0.414912 1 
7 0.93617 0.084664 0.308242 0.003467 0.422915 0.414912 1 
7 0.957447 0.075718 0.29515 0.003467 0.422915 0.414912 0 
7 0.978723 0.072445 0.274323 0.003467 0.422915 0.414912 0 
7 1 0.070404 0.246802 0.003467 0.422915 0.414912 0 
