5 0 0.058394 0.288753 0.003467 0.422915 0.414912 1 
5 0.021277 0.056923 0.229098 0.003467 0.422915 0.414912 1 
5 0.042553 0.055242 0.175245 0.003467 0.422915 0.414912 1 
5 0.06383 0.055242 0.140881 0.003467 0.422915 0.414912 0 
5 0.085106 0.055242 0.10726 0.003467 0.422915 0.414912 0 
5 0.106383 0.055242 0.084201 0.003467 0.422915 0.414912 0 
5 0.12766 0.055242 0.072002 0.003467 0.422915 0.414912 0 
5 0.148936 0.055242 0.071407 0.003467 0.422915 0.414912 0 
5 0.170213 0.055242 0.088218 0.003467 0.422915 0.414912 0 
5 0.191489 0.058394 0.104136 0.003467 0.422915 0.414912 1 
5 0.212766 0.058394 0.144897 0.003467 0.422915 0.414912 1 
5 0.234043 0.058394 0.187742 0.003467 0.422915 0.414912 1 
5 0.255319 0.074817 0.204403 0.003467 0.422915 0.414912 1 
5 0.276596 0.058394 0.256323 0.003467 0.422915 0.414912 1 
5 0.297872 0.056923 0.293365 0.003467 0.422915 0.414912 0 
5 0.319149 0.058394 0.329366 0.003467 0.422915 0.414912 1 
5 0.340426 0.072895 0.39155 0.003467 0.422915 0.414912 1 
5 0.361702 0.074817 0.415948 0.003467 0.422915 0.414912 1 
5 0.382979 0.082713 0.41446 0.003467 0.422915 0.414912 1 
5 0.404255 0.074817 0.410295 0.003467 0.422915 0.414912 1 
5 0.425532 0.074817 0.411038 0.003467 0.422915 0.414912 1 
5 0.446809 0.074817 0.41446 0.003467 0.422915 0.414912 1 
5 0.468085 0.088237 0.412972 0.003467 0.422915 0.414912 1 
5 0.489362 0.074817 0.41089 0.003467 0.422915 0.414912 1 
5 0.510638 0.088237 0.411633 0.003467 0.422915 0.414912 1 
5 0.531915 0.088237 0.406278 0.003467 0.422915 0.414912 1 
5 0.553191 0.074817 0.403303 0.003467 0.422915 0.414912 1 
5 0.574468 0.082713 0.400476 0.003467 0.422915 0.414912 1 
5 0.595745 0.082713 0.396757 0.003467 0.422915 0.414912 1 
5 0.617021 0.082713 0.396757 0.003467 0.422915 0.414912 1 
5 0.638298 0.074817 0.396906 0.003467 0.422915 0.414912 1 
5 0.659574 0.082713 0.394525 0.003467 0.422915 0.414912 1 
5 0.680851 0.088237 0.383666 0.003467 0.422915 0.414912 1 
5 0.702128 0.074817 0.374888 0.003467 0.422915 0.414912 1 
5 0.723404 0.058394 0.340375 0.003467 0.422915 0.414912 0 
5 0.744681 0.058394 0.317316 0.003467 0.422915 0.414912 0 
5 0.765957 0.056923 0.297233 0.003467 0.422915 0.414912 0 
5 0.787234 0.056923 0.283993 0.003467 0.422915 0.414912 0 
5 0.808511 0.056923 0.291134 0.003467 0.422915 0.414912 0 
5 0.829787 0.056923 0.311514 0.003467 0.422915 0.414912 0 
5 0.851064 0.058394 0.298721 0.003467 0.422915 0.414912 0 
5 0.87234 0.058394 0.273728 0.003467 0.422915 0.414912 0 
5 0.893617 0.07866 0.30601 0.003467 0.422915 0.414912 1 
5 0.914894 0.082713 0.330556 0.003467 0.422915 0.414912 1 
5 0.93617 0.089798 0.359863 0.003467 0.422915 0.414912 1 
5 0.957447 0.089708 0.356888 0.003467 0.422915 0.414912 1 
5 0.978723 0.089708 0.346623 0.003467 0.422915 0.414912 1 
5 1 0.088237 0.322374 0.003467 0.422915 0.414912 1 
