3 0 0.035037 0.563969 0.002297 0.497929 0.675877 0 
3 0.021277 0.034856 0.55058 0.002287 0.472812 0.712281 0 
3 0.042553 0.034046 0.52529 0.002231 0.510616 0.571053 0 
3 0.06383 0.032815 0.474859 0.002175 0.516313 0.57193 0 
3 0.085106 0.031824 0.415055 0.001992 0.47566 0.592544 0 
3 0.106383 0.030954 0.366855 0.001919 0.420508 0.636404 0 
3 0.12766 0.030353 0.31449 0.001851 0.379078 0.658333 0 
3 0.148936 0.02648 0.276703 0.001762 0.340497 0.740351 0 
3 0.170213 0.024018 0.25424 0.001595 0.314604 0.789912 0 
3 0.191489 0.023538 0.247099 0.001564 0.302434 0.791228 0 
3 0.212766 0.02633 0.280274 0.001743 0.31564 0.83114 0 
3 0.234043 0.029633 0.333234 0.001876 0.338685 0.767544 0 
3 0.255319 0.031104 0.45909 0.001832 0.417918 0.671491 0 
3 0.276596 0.033926 0.588664 0.002268 0.499482 0.607895 0 
3 0.297872 0.035847 0.610235 0.002376 0.542206 0.618421 0 
3 0.319149 0.041101 0.684171 0.002713 0.61885 0.544298 1 
3 0.340426 0.042002 0.702916 0.00279 0.661833 0.518421 1 
3 0.361702 0.041311 0.682386 0.002744 0.655619 0.539474 1 
3 0.382979 0.042933 0.698304 0.002848 0.665199 0.510088 1 
3 0.404255 0.042873 0.701874 0.002854 0.654065 0.512281 1 
3 0.425532 0.041522 0.675841 0.002761 0.637494 0.515789 1 
3 0.446809 0.03987 0.646534 0.002648 0.628172 0.544737 1 
3 0.468085 0.040891 0.621988 0.002734 0.620145 0.514912 1 
3 0.489362 0.040141 0.611574 0.002698 0.608493 0.510965 1 
3 0.510638 0.037799 0.593127 0.002549 0.593734 0.509649 1 
3 0.531915 0.036958 0.570068 0.002489 0.593734 0.510526 0 
3 0.553191 0.037529 0.564267 0.002532 0.617556 0.439912 1 
3 0.574468 0.036778 0.554151 0.002482 0.618591 0.436842 0 
3 0.595745 0.034826 0.533621 0.00236 0.603832 0.497807 0 
3 0.617021 0.035607 0.531241 0.002405 0.600725 0.501754 0 
3 0.638298 0.034376 0.521422 0.002324 0.585966 0.50307 0 
3 0.659574 0.034646 0.525588 0.002343 0.587002 0.500877 0 
3 0.680851 0.034616 0.543291 0.002337 0.593993 0.49386 0 
3 0.702128 0.034226 0.578994 0.002324 0.606939 0.473684 0 
3 0.723404 0.035637 0.637757 0.002424 0.632574 0.497807 0 
3 0.744681 0.044554 0.739066 0.002989 0.675557 0.49386 1 
3 0.765957 0.057193 0.806605 0.003851 0.698602 0.486404 1 
3 0.787234 0.058004 0.801993 0.003901 0.679441 0.527632 1 
3 0.808511 0.044914 0.772538 0.003047 0.639306 0.573684 1 
3 0.829787 0.041071 0.738173 0.002784 0.605645 0.621491 1 
3 0.851064 0.041942 0.725379 0.002813 0.570948 0.661404 1 
3 0.87234 0.042212 0.692949 0.002821 0.545572 0.664912 1 
3 0.893617 0.040561 0.64817 0.002703 0.514759 0.679825 1 
3 0.914894 0.037048 0.594763 0.002484 0.490161 0.658772 1 
3 0.93617 0.038579 0.621541 0.002572 0.460383 0.737281 1 
3 0.957447 0.038339 0.609491 0.002528 0.435785 0.714912 1 
3 0.978723 0.03954 0.587474 0.002632 0.506473 0.592105 1 
3 1 0.03942 0.577507 0.002626 0.498446 0.661842 1 
