5 0 0.034046 0.380095 0.000995 0.339979 0.769298 0 
5 0.021277 0.031884 0.316275 0.000995 0.318229 0.769298 0 
5 0.042553 0.033806 0.265843 0.001797 0.370533 0.725439 0 
5 0.06383 0.033325 0.229694 0.000974 0.345158 0.710088 0 
5 0.085106 0.034616 0.199643 0.000841 0.293889 0.710088 0 
5 0.106383 0.024859 0.185213 0.001583 0.268773 0.862281 0 
5 0.12766 0.024649 0.180006 0.001554 0.263335 0.898246 0 
5 0.148936 0.025279 0.190866 0.001537 0.261523 0.900877 0 
5 0.170213 0.02588 0.213478 0.001631 0.278094 0.889035 0 
5 0.191489 0.029272 0.252901 0.001749 0.295961 0.848246 0 
5 0.212766 0.056833 0.334871 0.001865 0.353703 0.794737 1 
5 0.234043 0.166386 0.425171 0.002285 0.418695 0.712281 1 
5 0.255319 0.051579 0.463404 0.003284 0.51709 0.599123 1 
5 0.276596 0.034166 0.520976 0.002248 0.580528 0.564474 0 
5 0.297872 0.033025 0.541208 0.002158 0.543501 0.630702 0 
5 0.319149 0.032935 0.561291 0.002144 0.544795 0.617982 0 
5 0.340426 0.047076 0.622136 0.003145 0.538322 0.312281 1 
5 0.361702 0.051609 0.634037 0.003533 0.533661 0.304825 1 
5 0.382979 0.034736 0.633145 0.002376 0.522268 0.320175 0 
5 0.404255 0.049928 0.62645 0.00345 0.526411 0.253509 1 
5 0.425532 0.047736 0.632847 0.003336 0.535215 0.284649 1 
5 0.446809 0.047736 0.636566 0.003349 0.535992 0.284649 1 
5 0.468085 0.047736 0.6446 0.00334 0.527706 0.284649 1 
5 0.489362 0.033025 0.649212 0.002293 0.525117 0.279386 0 
5 0.510638 0.033025 0.659625 0.002167 0.524599 0.521491 0 
5 0.531915 0.033025 0.663939 0.002104 0.536769 0.637719 0 
5 0.553191 0.033025 0.669741 0.002098 0.545572 0.567982 0 
5 0.574468 0.033085 0.668105 0.002092 0.539876 0.579825 0 
5 0.595745 0.033085 0.662749 0.002081 0.527447 0.650439 0 
5 0.617021 0.032935 0.650253 0.002075 0.52667 0.677632 0 
5 0.638298 0.032935 0.647278 0.001851 0.523045 0.681579 0 
5 0.659574 0.032935 0.638054 0.001998 0.525375 0.681579 0 
5 0.680851 0.032935 0.611128 0.001624 0.5145 0.681579 0 
5 0.702128 0.032935 0.596549 0.001637 0.511911 0.681579 0 
5 0.723404 0.032935 0.561291 0.001367 0.476437 0.681579 0 
5 0.744681 0.032184 0.540762 0.000868 0.440704 0.681579 0 
5 0.765957 0.029482 0.522017 0.000972 0.401864 0.725439 0 
5 0.787234 0.032725 0.521422 0.001105 0.411963 0.747368 0 
5 0.808511 0.031494 0.513686 0.001284 0.442258 0.703509 0 
5 0.829787 0.030113 0.492413 0.001151 0.447695 0.703509 0 
5 0.851064 0.027351 0.437221 0.000912 0.419731 0.725439 0 
5 0.87234 0.02696 0.392294 0.00085 0.387623 0.681579 0 
5 0.893617 0.028462 0.407766 0.000841 0.340497 0.703509 0 
5 0.914894 0.028462 0.410295 0.000839 0.31305 0.703509 0 
5 0.93617 0.031434 0.430378 0.000833 0.288193 0.703509 0 
5 0.957447 0.030773 0.43008 0.000833 0.278612 0.725439 0 
5 0.978723 0.032245 0.420857 0.00085 0.360435 0.725439 0 
5 1 0.030113 0.381583 0.000935 0.365355 0.769298 0 
