6 0 0.045785 0.272835 0.003467 0.422915 0.414912 1 
6 0.021277 0.044314 0.212139 0.003467 0.422915 0.414912 0 
6 0.042553 0.044314 0.166468 0.003467 0.422915 0.414912 0 
6 0.06383 0.044314 0.130765 0.003467 0.422915 0.414912 0 
6 0.085106 0.041792 0.100119 0.003467 0.422915 0.414912 0 
6 0.106383 0.04011 0.087325 0.003467 0.422915 0.414912 0 
6 0.12766 0.04011 0.072895 0.003467 0.422915 0.414912 0 
6 0.148936 0.040861 0.070366 0.003467 0.422915 0.414912 0 
6 0.170213 0.044314 0.080631 0.003467 0.422915 0.414912 0 
6 0.191489 0.044314 0.095359 0.003467 0.422915 0.414912 0 
6 0.212766 0.044314 0.118566 0.003467 0.422915 0.414912 0 
6 0.234043 0.044314 0.142517 0.003467 0.422915 0.414912 0 
6 0.255319 0.049117 0.166766 0.003467 0.422915 0.414912 1 
6 0.276596 0.047526 0.215561 0.003467 0.422915 0.414912 1 
6 0.297872 0.051879 0.271348 0.003467 0.422915 0.414912 1 
6 0.319149 0.051669 0.326093 0.003467 0.422915 0.414912 1 
6 0.340426 0.049297 0.368492 0.003467 0.422915 0.414912 1 
6 0.361702 0.050318 0.386195 0.003467 0.422915 0.414912 1 
6 0.382979 0.049297 0.373996 0.003467 0.422915 0.414912 1 
6 0.404255 0.048187 0.361202 0.003467 0.422915 0.414912 1 
6 0.425532 0.047526 0.352722 0.003467 0.422915 0.414912 1 
6 0.446809 0.047526 0.33859 0.003467 0.422915 0.414912 1 
6 0.468085 0.047526 0.329664 0.003467 0.422915 0.414912 1 
6 0.489362 0.045785 0.322226 0.003467 0.422915 0.414912 0 
6 0.510638 0.045785 0.310027 0.003467 0.422915 0.414912 0 
6 0.531915 0.045785 0.303035 0.003467 0.422915 0.414912 0 
6 0.553191 0.047526 0.287266 0.003467 0.422915 0.414912 1 
6 0.574468 0.045785 0.280422 0.003467 0.422915 0.414912 0 
6 0.595745 0.045785 0.278637 0.003467 0.422915 0.414912 0 
6 0.617021 0.047526 0.281315 0.003467 0.422915 0.414912 1 
6 0.638298 0.047526 0.283993 0.003467 0.422915 0.414912 1 
6 0.659574 0.047526 0.293216 0.003467 0.422915 0.414912 1 
6 0.680851 0.047526 0.297233 0.003467 0.422915 0.414912 1 
6 0.702128 0.047526 0.314639 0.003467 0.422915 0.414912 1 
6 0.723404 0.045785 0.314787 0.003467 0.422915 0.414912 0 
6 0.744681 0.047526 0.328176 0.003467 0.422915 0.414912 1 
6 0.765957 0.047526 0.349598 0.003467 0.422915 0.414912 1 
6 0.787234 0.047526 0.345284 0.003467 0.422915 0.414912 1 
6 0.808511 0.045785 0.324011 0.003467 0.422915 0.414912 0 
6 0.829787 0.047526 0.309878 0.003467 0.422915 0.414912 1 
6 0.851064 0.047526 0.281166 0.003467 0.422915 0.414912 1 
6 0.87234 0.045785 0.257959 0.003467 0.422915 0.414912 0 
6 0.893617 0.047526 0.270753 0.003467 0.422915 0.414912 1 
6 0.914894 0.045785 0.278042 0.003467 0.422915 0.414912 0 
6 0.93617 0.047526 0.291877 0.003467 0.422915 0.414912 1 
6 0.957447 0.049117 0.272538 0.003467 0.422915 0.414912 1 
6 0.978723 0.047526 0.260785 0.003467 0.422915 0.414912 1 
6 1 0.047526 0.232966 0.003467 0.422915 0.414912 1 
