4 0 0.068842 0.356739 0.003467 0.422915 0.414912 0 
4 0.021277 0.049838 0.290836 0.003467 0.422915 0.414912 0 
4 0.042553 0.049838 0.235942 0.003467 0.422915 0.414912 0 
4 0.06383 0.045755 0.196073 0.003467 0.422915 0.414912 0 
4 0.085106 0.041431 0.171378 0.003467 0.422915 0.414912 0 
4 0.106383 0.042692 0.156947 0.003467 0.422915 0.414912 0 
4 0.12766 0.042572 0.153823 0.003467 0.422915 0.414912 0 
4 0.148936 0.045755 0.160815 0.003467 0.422915 0.414912 0 
4 0.170213 0.068512 0.183725 0.003467 0.422915 0.414912 0 
4 0.191489 0.073316 0.220173 0.003467 0.422915 0.414912 0 
4 0.212766 0.076828 0.300208 0.003467 0.422915 0.414912 0 
4 0.234043 0.076828 0.383368 0.003467 0.422915 0.414912 0 
4 0.255319 0.07893 0.411187 0.003467 0.422915 0.414912 1 
4 0.276596 0.080972 0.46623 0.003467 0.422915 0.414912 1 
4 0.297872 0.07893 0.492264 0.003467 0.422915 0.414912 1 
4 0.319149 0.082983 0.510562 0.003467 0.422915 0.414912 1 
4 0.340426 0.107842 0.555936 0.003467 0.422915 0.414912 1 
4 0.361702 0.097244 0.56382 0.003467 0.422915 0.414912 1 
4 0.382979 0.080972 0.549539 0.003467 0.422915 0.414912 1 
4 0.404255 0.080972 0.535109 0.003467 0.422915 0.414912 1 
4 0.425532 0.07893 0.529604 0.003467 0.422915 0.414912 1 
4 0.446809 0.07893 0.529307 0.003467 0.422915 0.414912 1 
4 0.468085 0.074397 0.523654 0.003467 0.422915 0.414912 0 
4 0.489362 0.076828 0.521571 0.003467 0.422915 0.414912 1 
4 0.510638 0.074757 0.525885 0.003467 0.422915 0.414912 0 
4 0.531915 0.074757 0.52291 0.003467 0.422915 0.414912 0 
4 0.553191 0.070584 0.522315 0.003467 0.422915 0.414912 0 
4 0.574468 0.072655 0.515918 0.003467 0.422915 0.414912 0 
4 0.595745 0.070584 0.508182 0.003467 0.422915 0.414912 0 
4 0.617021 0.072655 0.512794 0.003467 0.422915 0.414912 0 
4 0.638298 0.070584 0.520381 0.003467 0.422915 0.414912 0 
4 0.659574 0.072655 0.514877 0.003467 0.422915 0.414912 1 
4 0.680851 0.068512 0.506992 0.003467 0.422915 0.414912 0 
4 0.702128 0.06644 0.504314 0.003467 0.422915 0.414912 0 
4 0.723404 0.057674 0.476644 0.003467 0.422915 0.414912 0 
4 0.744681 0.056083 0.458346 0.003467 0.422915 0.414912 0 
4 0.765957 0.056083 0.437072 0.003467 0.422915 0.414912 0 
4 0.787234 0.057674 0.451949 0.003467 0.422915 0.414912 0 
4 0.808511 0.057674 0.481404 0.003467 0.422915 0.414912 0 
4 0.829787 0.057674 0.465784 0.003467 0.422915 0.414912 0 
4 0.851064 0.056083 0.420262 0.003467 0.422915 0.414912 0 
4 0.87234 0.054251 0.385004 0.003467 0.422915 0.414912 0 
4 0.893617 0.057674 0.415501 0.003467 0.422915 0.414912 0 
4 0.914894 0.057674 0.43127 0.003467 0.422915 0.414912 0 
4 0.93617 0.070584 0.443916 0.003467 0.422915 0.414912 1 
4 0.957447 0.068512 0.430973 0.003467 0.422915 0.414912 1 
4 0.978723 0.06644 0.417882 0.003467 0.422915 0.414912 0 
4 1 0.06644 0.384409 0.003467 0.422915 0.414912 0 
