6 0 0.036838 0.348408 0.000839 0.314863 0.677632 0 
6 0.021277 0.037168 0.290836 0.001113 0.285603 0.639474 0 
6 0.042553 0.036628 0.240256 0.000858 0.338685 0.639474 0 
6 0.06383 0.036177 0.207676 0.000837 0.307613 0.639474 0 
6 0.085106 0.01279 0.175543 0.000841 0.262558 0.829825 0 
6 0.106383 0.01285 0.158435 0.000841 0.221129 0.845175 0 
6 0.12766 0.015462 0.15055 0.000841 0.2087 0.902632 0 
6 0.148936 0.017834 0.157989 0.000841 0.206111 0.902632 0 
6 0.170213 0.025129 0.182684 0.001213 0.227861 0.89386 0 
6 0.191489 0.028822 0.217644 0.001132 0.24029 0.885088 0 
6 0.212766 0.033025 0.278191 0.001764 0.289228 0.850439 0 
6 0.234043 0.033716 0.337102 0.001672 0.329622 0.84693 0 
6 0.255319 0.029843 0.367599 0.001955 0.394614 0.734211 0 
6 0.276596 0.028522 0.427849 0.001566 0.45391 0.667982 0 
6 0.297872 0.028071 0.468313 0.001593 0.448472 0.680263 0 
6 0.319149 0.027741 0.499405 0.001766 0.472553 0.719298 0 
6 0.340426 0.029512 0.554002 0.001905 0.492232 0.687281 0 
6 0.361702 0.028732 0.572746 0.001861 0.505955 0.704825 0 
6 0.382979 0.028942 0.56992 0.001878 0.521233 0.651316 0 
6 0.404255 0.027501 0.558762 0.001776 0.540911 0.640789 0 
6 0.425532 0.028672 0.563076 0.001847 0.561108 0.617982 0 
6 0.446809 0.028852 0.562184 0.001861 0.567064 0.603947 0 
6 0.468085 0.028822 0.562779 0.001859 0.576385 0.592105 0 
6 0.489362 0.028762 0.554002 0.001859 0.585448 0.576316 0 
6 0.510638 0.028702 0.5482 0.001859 0.596064 0.585965 0 
6 0.531915 0.030233 0.543588 0.001953 0.610047 0.530263 0 
6 0.553191 0.028822 0.545671 0.00187 0.622993 0.532895 0 
6 0.574468 0.029002 0.532282 0.001882 0.624806 0.542982 0 
6 0.595745 0.029633 0.526629 0.001924 0.630761 0.508772 0 
6 0.617021 0.030053 0.521422 0.001953 0.63361 0.525 0 
6 0.638298 0.030863 0.518298 0.002005 0.641895 0.498684 1 
6 0.659574 0.033866 0.517108 0.002204 0.648628 0.473684 1 
6 0.680851 0.032755 0.496876 0.002133 0.649146 0.482018 1 
6 0.702128 0.035097 0.482892 0.002291 0.65536 0.442105 1 
6 0.723404 0.030924 0.441833 0.002034 0.621958 0.494298 1 
6 0.744681 0.029212 0.427105 0.001917 0.585448 0.556579 0 
6 0.765957 0.028402 0.400327 0.001847 0.537286 0.649123 0 
6 0.787234 0.028612 0.387682 0.001855 0.511911 0.595175 0 
6 0.808511 0.028732 0.398542 0.001863 0.482393 0.620614 0 
6 0.829787 0.028642 0.40598 0.001857 0.473848 0.654825 0 
6 0.851064 0.034856 0.388872 0.002266 0.479285 0.589035 1 
6 0.87234 0.028822 0.358822 0.001894 0.454687 0.632895 0 
6 0.893617 0.035097 0.390658 0.002289 0.426463 0.707018 1 
6 0.914894 0.032214 0.404046 0.002094 0.383998 0.782456 1 
6 0.93617 0.036808 0.432163 0.00237 0.372864 0.803509 1 
6 0.957447 0.036568 0.427105 0.002327 0.348783 0.842544 1 
6 0.978723 0.037438 0.406129 0.002397 0.414293 0.726316 1 
6 1 0.036478 0.382624 0.002345 0.4029 0.786404 1 
