1 0 0.056923 0.199197 0.003467 0.422915 0.414912 0 
1 0.021277 0.055242 0.153823 0.003467 0.422915 0.414912 0 
1 0.042553 0.055242 0.118417 0.003467 0.422915 0.414912 0 
1 0.06383 0.055242 0.09283 0.003467 0.422915 0.414912 0 
1 0.085106 0.055242 0.0723 0.003467 0.422915 0.414912 0 
1 0.106383 0.041131 0.058614 0.003467 0.422915 0.414912 0 
1 0.12766 0.055242 0.054002 0.003467 0.422915 0.414912 0 
1 0.148936 0.055242 0.053407 0.003467 0.422915 0.414912 0 
1 0.170213 0.067641 0.05906 0.003467 0.422915 0.414912 1 
1 0.191489 0.067641 0.066796 0.003467 0.422915 0.414912 1 
1 0.212766 0.073436 0.085391 0.003467 0.422915 0.414912 1 
1 0.234043 0.068152 0.098483 0.003467 0.422915 0.414912 1 
1 0.255319 0.067641 0.114698 0.003467 0.422915 0.414912 1 
1 0.276596 0.074817 0.154567 0.003467 0.422915 0.414912 1 
1 0.297872 0.076108 0.203808 0.003467 0.422915 0.414912 1 
1 0.319149 0.076258 0.245165 0.003467 0.422915 0.414912 1 
1 0.340426 0.078119 0.314341 0.003467 0.422915 0.414912 1 
1 0.361702 0.085895 0.349301 0.003467 0.422915 0.414912 1 
1 0.382979 0.089078 0.353913 0.003467 0.422915 0.414912 1 
1 0.404255 0.086436 0.359714 0.003467 0.422915 0.414912 1 
1 0.425532 0.089078 0.354061 0.003467 0.422915 0.414912 1 
1 0.446809 0.085895 0.351235 0.003467 0.422915 0.414912 1 
1 0.468085 0.082323 0.346772 0.003467 0.422915 0.414912 1 
1 0.489362 0.078119 0.344392 0.003467 0.422915 0.414912 1 
1 0.510638 0.078119 0.332639 0.003467 0.422915 0.414912 1 
1 0.531915 0.082323 0.32535 0.003467 0.422915 0.414912 1 
1 0.553191 0.082323 0.323267 0.003467 0.422915 0.414912 1 
1 0.574468 0.085895 0.318953 0.003467 0.422915 0.414912 1 
1 0.595745 0.086436 0.317614 0.003467 0.422915 0.414912 1 
1 0.617021 0.085895 0.322969 0.003467 0.422915 0.414912 1 
1 0.638298 0.086436 0.322374 0.003467 0.422915 0.414912 1 
1 0.659574 0.082323 0.332788 0.003467 0.422915 0.414912 1 
1 0.680851 0.085895 0.336805 0.003467 0.422915 0.414912 1 
1 0.702128 0.076258 0.350045 0.003467 0.422915 0.414912 1 
1 0.723404 0.078119 0.340226 0.003467 0.422915 0.414912 1 
1 0.744681 0.074667 0.330556 0.003467 0.422915 0.414912 1 
1 0.765957 0.067641 0.314341 0.003467 0.422915 0.414912 0 
1 0.787234 0.059685 0.308985 0.003467 0.422915 0.414912 0 
1 0.808511 0.074877 0.332342 0.003467 0.422915 0.414912 1 
1 0.829787 0.074697 0.350491 0.003467 0.422915 0.414912 1 
1 0.851064 0.074427 0.327581 0.003467 0.422915 0.414912 1 
1 0.87234 0.074427 0.294109 0.003467 0.422915 0.414912 1 
1 0.893617 0.078119 0.314936 0.003467 0.422915 0.414912 1 
1 0.914894 0.076258 0.320143 0.003467 0.422915 0.414912 1 
1 0.93617 0.082323 0.344243 0.003467 0.422915 0.414912 1 
1 0.957447 0.082323 0.345284 0.003467 0.422915 0.414912 1 
1 0.978723 0.078119 0.335466 0.003467 0.422915 0.414912 1 
1 1 0.076258 0.306754 0.003467 0.422915 0.414912 1 
