7 0 0.080641 0.557126 0.00522 0.503884 0.724123 0 
7 0.021277 0.084064 0.545076 0.005422 0.477732 0.74693 0 
7 0.042553 0.083944 0.509075 0.005434 0.522786 0.681579 0 
7 0.06383 0.056143 0.450015 0.003612 0.497411 0.698684 0 
7 0.085106 0.053771 0.391104 0.003448 0.460901 0.673684 0 
7 0.106383 0.049117 0.329217 0.002933 0.422838 0.717105 0 
7 0.12766 0.049658 0.271645 0.002902 0.378042 0.78114 0 
7 0.148936 0.06626 0.235049 0.002939 0.334542 0.778947 0 
7 0.170213 0.031494 0.207676 0.002 0.309425 0.748246 0 
7 0.191489 0.046836 0.208123 0.002179 0.286121 0.779825 0 
7 0.212766 0.06566 0.212586 0.002432 0.274987 0.794298 0 
7 0.234043 0.05281 0.212883 0.002324 0.269291 0.794298 0 
7 0.255319 0.050859 0.247992 0.002646 0.295443 0.794298 0 
7 0.276596 0.06635 0.29039 0.002665 0.3203 0.794298 0 
7 0.297872 0.076648 0.333383 0.002661 0.316675 0.809649 0 
7 0.319149 0.080491 0.420857 0.003546 0.351631 0.787719 0 
7 0.340426 0.080221 0.508182 0.005062 0.397462 0.755702 0 
7 0.361702 0.099225 0.567391 0.006128 0.43682 0.787719 1 
7 0.382979 0.096223 0.63136 0.005715 0.457535 0.757456 1 
7 0.404255 0.096223 0.650997 0.005771 0.453133 0.772368 1 
7 0.425532 0.096703 0.64222 0.005796 0.454687 0.754825 1 
7 0.446809 0.09244 0.627938 0.004817 0.43682 0.794298 1 
7 0.468085 0.09244 0.610533 0.005559 0.428534 0.784649 1 
7 0.489362 0.09244 0.58435 0.004497 0.415588 0.794298 1 
7 0.510638 0.09244 0.556382 0.004221 0.399016 0.816228 1 
7 0.531915 0.09244 0.53377 0.003415 0.385293 0.816228 1 
7 0.553191 0.09244 0.506694 0.004117 0.388659 0.794298 1 
7 0.574468 0.069383 0.48676 0.002993 0.374158 0.760526 0 
7 0.595745 0.073796 0.473222 0.002964 0.357328 0.750439 0 
7 0.617021 0.084574 0.458197 0.00339 0.332988 0.728509 1 
7 0.638298 0.089138 0.45537 0.002914 0.329363 0.728509 1 
7 0.659574 0.089138 0.46266 0.002912 0.328845 0.728509 1 
7 0.680851 0.086946 0.474115 0.003336 0.324443 0.772368 1 
7 0.702128 0.089138 0.519191 0.003884 0.352926 0.772368 1 
7 0.723404 0.086796 0.566944 0.005021 0.397721 0.770614 1 
7 0.744681 0.093371 0.682535 0.005928 0.481357 0.751754 1 
7 0.765957 0.094512 0.711247 0.006026 0.548162 0.70307 1 
7 0.787234 0.090819 0.697263 0.005756 0.541947 0.697807 1 
7 0.808511 0.086826 0.658435 0.005486 0.509322 0.720175 1 
7 0.829787 0.086826 0.619458 0.005403 0.484723 0.772368 1 
7 0.851064 0.086826 0.587771 0.004923 0.459347 0.787719 1 
7 0.87234 0.086826 0.569027 0.004639 0.436561 0.787719 1 
7 0.893617 0.088237 0.534514 0.002902 0.403677 0.634211 1 
7 0.914894 0.086826 0.505058 0.002455 0.387364 0.640789 1 
7 0.93617 0.086826 0.522464 0.002711 0.386069 0.649561 1 
7 0.957447 0.090008 0.525439 0.005442 0.387364 0.706579 1 
7 0.978723 0.089468 0.519488 0.005841 0.47825 0.655702 1 
7 1 0.070554 0.483041 0.004574 0.466857 0.681579 0 
