5 0 0.030833 0.493306 0.002044 0.388141 0.42807 0 
5 0.021277 0.030413 0.477239 0.002021 0.36898 0.458772 0 
5 0.042553 0.030713 0.44704 0.002042 0.415329 0.363596 0 
5 0.06383 0.030383 0.391104 0.002023 0.391248 0.435088 0 
5 0.085106 0.030263 0.333085 0.002023 0.348524 0.460526 0 
5 0.106383 0.030353 0.285183 0.002038 0.295702 0.507456 0 
5 0.12766 0.030293 0.232074 0.002061 0.26204 0.537719 0 
5 0.148936 0.030533 0.210205 0.002067 0.228638 0.578509 0 
5 0.170213 0.029512 0.189676 0.002007 0.209218 0.540789 0 
5 0.191489 0.028912 0.1867 0.001965 0.19653 0.577632 0 
5 0.212766 0.028732 0.193246 0.001953 0.205334 0.55307 0 
5 0.234043 0.029422 0.248884 0.001998 0.233299 0.527632 0 
5 0.255319 0.031134 0.356144 0.002104 0.31564 0.447807 0 
5 0.276596 0.032665 0.455519 0.002189 0.393061 0.410526 0 
5 0.297872 0.029663 0.453436 0.001984 0.436302 0.317544 0 
5 0.319149 0.031014 0.506843 0.002075 0.510357 0.278947 0 
5 0.340426 0.032124 0.518893 0.002152 0.547126 0.235088 0 
5 0.361702 0.030713 0.514133 0.002071 0.552046 0.209211 0 
5 0.382979 0.032755 0.544481 0.00221 0.552305 0.22193 0 
5 0.404255 0.032575 0.553853 0.002192 0.542206 0.260088 0 
5 0.425532 0.030503 0.534662 0.002059 0.535474 0.238596 0 
5 0.446809 0.030353 0.518001 0.00205 0.529001 0.250439 0 
5 0.468085 0.030353 0.506992 0.00205 0.530036 0.255263 0 
5 0.489362 0.030353 0.494347 0.002048 0.520974 0.25307 0 
5 0.510638 0.030353 0.488694 0.00205 0.503625 0.25614 0 
5 0.531915 0.030353 0.478429 0.002048 0.504143 0.260965 0 
5 0.553191 0.030353 0.482743 0.00205 0.520715 0.205702 0 
5 0.574468 0.030353 0.479173 0.002054 0.530036 0.191228 0 
5 0.595745 0.030353 0.46147 0.002056 0.52434 0.257018 0 
5 0.617021 0.030293 0.464445 0.002038 0.529001 0.23114 0 
5 0.638298 0.030353 0.456858 0.002036 0.530295 0.236404 0 
5 0.659574 0.030353 0.464148 0.002036 0.497929 0.265789 0 
5 0.680851 0.030353 0.483636 0.002044 0.503366 0.245614 0 
5 0.702128 0.030353 0.510562 0.00204 0.518902 0.257456 0 
5 0.723404 0.030984 0.546117 0.002086 0.53159 0.250877 0 
5 0.744681 0.035577 0.607557 0.002393 0.554117 0.248684 1 
5 0.765957 0.037468 0.623921 0.002522 0.596064 0.179825 1 
5 0.787234 0.034436 0.607409 0.002327 0.598136 0.234211 1 
5 0.808511 0.030353 0.566796 0.002036 0.566028 0.225439 0 
5 0.829787 0.030353 0.539423 0.002029 0.541429 0.249561 0 
5 0.851064 0.030353 0.5241 0.002025 0.515536 0.27193 0 
5 0.87234 0.030353 0.50238 0.002025 0.484464 0.346491 0 
5 0.893617 0.030353 0.459387 0.002034 0.451062 0.367982 0 
5 0.914894 0.030353 0.422196 0.002029 0.417141 0.373684 0 
5 0.93617 0.030743 0.47114 0.002044 0.400052 0.409211 0 
5 0.957447 0.030353 0.493157 0.002023 0.387882 0.452632 0 
5 0.978723 0.030533 0.497025 0.002023 0.471517 0.357895 0 
5 1 0.030503 0.488396 0.002025 0.459606 0.401316 0 
