5 0 0.042572 0.519191 0.003467 0.422915 0.414912 0 
5 0.021277 0.042572 0.495537 0.003467 0.422915 0.414912 0 
5 0.042553 0.042422 0.466825 0.003467 0.422915 0.414912 0 
5 0.06383 0.042272 0.408212 0.003467 0.422915 0.414912 0 
5 0.085106 0.042272 0.351086 0.003467 0.422915 0.414912 0 
5 0.106383 0.042272 0.301696 0.003467 0.422915 0.414912 0 
5 0.12766 0.042122 0.255281 0.003467 0.422915 0.414912 0 
5 0.148936 0.042122 0.22166 0.003467 0.422915 0.414912 0 
5 0.170213 0.056173 0.201279 0.003467 0.422915 0.414912 1 
5 0.191489 0.056173 0.201726 0.003467 0.422915 0.414912 1 
5 0.212766 0.075958 0.229694 0.003467 0.422915 0.414912 1 
5 0.234043 0.076438 0.278786 0.003467 0.422915 0.414912 1 
5 0.255319 0.086075 0.380988 0.003467 0.422915 0.414912 1 
5 0.276596 0.09208 0.498959 0.003467 0.422915 0.414912 1 
5 0.297872 0.047886 0.525141 0.003467 0.422915 0.414912 0 
5 0.319149 0.047886 0.606813 0.003467 0.422915 0.414912 0 
5 0.340426 0.047886 0.631062 0.003467 0.422915 0.414912 0 
5 0.361702 0.042572 0.615144 0.003467 0.422915 0.414912 0 
5 0.382979 0.047886 0.642071 0.003467 0.422915 0.414912 0 
5 0.404255 0.047886 0.642963 0.003467 0.422915 0.414912 0 
5 0.425532 0.042572 0.623326 0.003467 0.422915 0.414912 0 
5 0.446809 0.047886 0.59402 0.003467 0.422915 0.414912 0 
5 0.468085 0.047886 0.567539 0.003467 0.422915 0.414912 0 
5 0.489362 0.047886 0.549985 0.003467 0.422915 0.414912 0 
5 0.510638 0.047886 0.537638 0.003467 0.422915 0.414912 0 
5 0.531915 0.042572 0.528414 0.003467 0.422915 0.414912 0 
5 0.553191 0.042422 0.517852 0.003467 0.422915 0.414912 0 
5 0.574468 0.042422 0.506694 0.003467 0.422915 0.414912 0 
5 0.595745 0.042422 0.495686 0.003467 0.422915 0.414912 0 
5 0.617021 0.042422 0.473073 0.003467 0.422915 0.414912 0 
5 0.638298 0.042422 0.459685 0.003467 0.422915 0.414912 0 
5 0.659574 0.042422 0.471586 0.003467 0.422915 0.414912 0 
5 0.680851 0.042572 0.497471 0.003467 0.422915 0.414912 0 
5 0.702128 0.047886 0.553407 0.003467 0.422915 0.414912 1 
5 0.723404 0.047886 0.635228 0.003467 0.422915 0.414912 1 
5 0.744681 0.047886 0.694287 0.003467 0.422915 0.414912 1 
5 0.765957 0.047886 0.682684 0.003467 0.422915 0.414912 1 
5 0.787234 0.047886 0.664981 0.003467 0.422915 0.414912 1 
5 0.808511 0.042482 0.624517 0.003467 0.422915 0.414912 0 
5 0.829787 0.042422 0.597739 0.003467 0.422915 0.414912 0 
5 0.851064 0.047886 0.579143 0.003467 0.422915 0.414912 0 
5 0.87234 0.042572 0.554002 0.003467 0.422915 0.414912 0 
5 0.893617 0.042422 0.518744 0.003467 0.422915 0.414912 0 
5 0.914894 0.042272 0.471288 0.003467 0.422915 0.414912 0 
5 0.93617 0.056323 0.509223 0.003467 0.422915 0.414912 1 
5 0.957447 0.042512 0.522761 0.003467 0.422915 0.414912 0 
5 0.978723 0.056323 0.52886 0.003467 0.422915 0.414912 1 
5 1 0.047886 0.514281 0.003467 0.422915 0.414912 0 
