2 0 0.041702 0.425469 0.002651 0.409373 0.719298 1 
2 0.021277 0.041612 0.378012 0.002678 0.382703 0.747807 1 
2 0.042553 0.05323 0.349747 0.003475 0.433454 0.585965 1 
2 0.06383 0.033986 0.318953 0.00221 0.414293 0.652193 0 
2 0.085106 0.021046 0.27834 0.001327 0.369239 0.717544 0 
2 0.106383 0.014771 0.252008 0.000953 0.334024 0.657895 0 
2 0.12766 0.01327 0.220768 0.000858 0.284309 0.585088 0 
2 0.148936 0.01279 0.202916 0.000833 0.246504 0.533772 0 
2 0.170213 0.01264 0.202618 0.000827 0.223977 0.557456 0 
2 0.191489 0.01279 0.212586 0.000833 0.209995 0.611842 0 
2 0.212766 0.014081 0.248289 0.000906 0.216986 0.739474 0 
2 0.234043 0.023628 0.301993 0.00108 0.252978 0.765789 0 
2 0.255319 0.034016 0.410146 0.002158 0.343863 0.717982 0 
2 0.276596 0.041131 0.540167 0.002669 0.435785 0.586842 1 
2 0.297872 0.042122 0.593425 0.002796 0.498187 0.467105 1 
2 0.319149 0.056413 0.688188 0.003835 0.578716 0.317982 1 
2 0.340426 0.072085 0.718536 0.004892 0.634386 0.310965 1 
2 0.361702 0.084604 0.720619 0.005914 0.649663 0.336842 1 
2 0.382979 0.089498 0.757215 0.006267 0.663905 0.340789 1 
2 0.404255 0.099886 0.767777 0.006973 0.664164 0.356579 1 
2 0.425532 0.089678 0.752603 0.006199 0.65536 0.361842 1 
2 0.446809 0.083944 0.717048 0.005818 0.648369 0.359649 1 
2 0.468085 0.085655 0.697263 0.005924 0.641378 0.389035 1 
2 0.489362 0.087216 0.698155 0.006007 0.629208 0.397807 1 
2 0.510638 0.083313 0.68551 0.005661 0.615743 0.414912 1 
2 0.531915 0.083974 0.674799 0.005779 0.60435 0.423684 1 
2 0.553191 0.088898 0.670783 0.006107 0.629467 0.369298 1 
2 0.574468 0.084334 0.665427 0.005808 0.630761 0.370614 1 
2 0.595745 0.088537 0.65665 0.006099 0.626359 0.387281 1 
2 0.617021 0.088357 0.644749 0.006061 0.616779 0.414035 1 
2 0.638298 0.086105 0.636269 0.005899 0.605904 0.448684 1 
2 0.659574 0.072265 0.659625 0.004963 0.601502 0.417544 1 
2 0.680851 0.072775 0.69994 0.005027 0.597359 0.430702 1 
2 0.702128 0.077609 0.760934 0.005409 0.627395 0.40614 1 
2 0.723404 0.087096 0.845879 0.006061 0.687209 0.327632 1 
2 0.744681 0.107602 0.909402 0.007349 0.743915 0.350439 1 
2 0.765957 0.099105 0.897054 0.006768 0.71362 0.373684 1 
2 0.787234 0.097184 0.869682 0.006685 0.657172 0.412281 1 
2 0.808511 0.079861 0.830408 0.00554 0.617815 0.405263 1 
2 0.829787 0.070223 0.790092 0.004909 0.585966 0.410088 1 
2 0.851064 0.069383 0.769711 0.004873 0.556706 0.421491 1 
2 0.87234 0.042933 0.733413 0.00301 0.525117 0.460965 0 
2 0.893617 0.042062 0.674204 0.002871 0.483687 0.562719 0 
2 0.914894 0.040891 0.599226 0.002703 0.455722 0.66886 0 
2 0.93617 0.03981 0.610533 0.002563 0.439669 0.70614 0 
2 0.957447 0.038219 0.6144 0.002441 0.424133 0.689474 0 
2 0.978723 0.041161 0.595507 0.00263 0.499741 0.614035 0 
2 1 0.040621 0.576763 0.002607 0.490678 0.623684 0 
