4 0 0.070704 0.552663 0.00381 0.467374 0.676754 1 
4 0.021277 0.086135 0.540167 0.004576 0.436302 0.644298 1 
4 0.042553 0.074066 0.507885 0.004842 0.49767 0.627632 1 
4 0.06383 0.06551 0.449866 0.004258 0.487571 0.663158 0 
4 0.085106 0.06563 0.399137 0.004254 0.444847 0.688596 0 
4 0.106383 0.045334 0.346921 0.002933 0.412481 0.712719 0 
4 0.12766 0.045214 0.293365 0.002919 0.382185 0.688158 0 
4 0.148936 0.03942 0.256918 0.002551 0.342569 0.671053 0 
4 0.170213 0.030413 0.241595 0.001944 0.323149 0.690789 0 
4 0.191489 0.034226 0.241297 0.002221 0.31797 0.709649 0 
4 0.212766 0.041251 0.277447 0.002665 0.329363 0.728509 0 
4 0.234043 0.047676 0.323267 0.003103 0.363283 0.717982 0 
4 0.255319 0.068032 0.432609 0.004464 0.438633 0.622368 0 
4 0.276596 0.076888 0.534662 0.005085 0.540653 0.582456 1 
4 0.297872 0.072445 0.569176 0.004828 0.587778 0.455702 1 
4 0.319149 0.075447 0.64936 0.005021 0.656914 0.527193 1 
4 0.340426 0.080221 0.65903 0.005359 0.690057 0.482018 1 
4 0.361702 0.075958 0.635525 0.005056 0.680994 0.445614 1 
4 0.382979 0.084664 0.689973 0.005625 0.673485 0.530263 1 
4 0.404255 0.077969 0.687742 0.005154 0.660798 0.514912 1 
4 0.425532 0.058815 0.67227 0.003882 0.636458 0.514474 0 
4 0.446809 0.068032 0.647724 0.004485 0.622734 0.514912 1 
4 0.468085 0.076588 0.634633 0.005044 0.612377 0.577632 1 
4 0.489362 0.071274 0.6205 0.004672 0.603314 0.54386 1 
4 0.510638 0.069323 0.609491 0.004524 0.584671 0.583333 1 
4 0.531915 0.069353 0.598929 0.00453 0.581823 0.550877 1 
4 0.553191 0.072025 0.588367 0.00474 0.609788 0.504825 1 
4 0.574468 0.066531 0.580036 0.004381 0.598912 0.52193 0 
4 0.595745 0.070494 0.580184 0.004641 0.58985 0.538596 1 
4 0.617021 0.063348 0.572151 0.004161 0.578198 0.528509 0 
4 0.638298 0.056773 0.554002 0.003727 0.569394 0.535088 0 
4 0.659574 0.0659 0.582565 0.004319 0.56784 0.525877 1 
4 0.680851 0.063889 0.605028 0.004173 0.565251 0.600877 0 
4 0.702128 0.075027 0.650402 0.004923 0.58001 0.625 1 
4 0.723404 0.073586 0.711395 0.004809 0.610564 0.703509 1 
4 0.744681 0.090969 0.788753 0.005895 0.689539 0.596491 1 
4 0.765957 0.095022 0.803779 0.006219 0.727861 0.517105 1 
4 0.787234 0.089318 0.77715 0.00586 0.710772 0.554386 1 
4 0.808511 0.073946 0.739512 0.004879 0.669342 0.548684 1 
4 0.829787 0.06572 0.712586 0.004346 0.642413 0.509649 0 
4 0.851064 0.064969 0.688634 0.004317 0.618074 0.512281 0 
4 0.87234 0.055272 0.65903 0.003668 0.589332 0.538158 0 
4 0.893617 0.044254 0.618566 0.00295 0.562144 0.503509 0 
4 0.914894 0.042662 0.569771 0.002852 0.514759 0.48114 0 
4 0.93617 0.06545 0.595061 0.004312 0.489125 0.659649 0 
4 0.957447 0.063168 0.601309 0.002277 0.450803 0.577193 0 
4 0.978723 0.075808 0.587325 0.005021 0.529777 0.548684 1 
4 1 0.061367 0.582713 0.004044 0.526411 0.626316 0 
