7 0 0.042422 0.366706 0.003467 0.422915 0.414912 0 
7 0.021277 0.042422 0.318358 0.003467 0.422915 0.414912 0 
7 0.042553 0.042272 0.296935 0.003467 0.422915 0.414912 0 
7 0.06383 0.042272 0.247397 0.003467 0.422915 0.414912 0 
7 0.085106 0.042272 0.202023 0.003467 0.422915 0.414912 0 
7 0.106383 0.042122 0.164981 0.003467 0.422915 0.414912 0 
7 0.12766 0.042122 0.139839 0.003467 0.422915 0.414912 0 
7 0.148936 0.042122 0.115293 0.003467 0.422915 0.414912 0 
7 0.170213 0.041942 0.097292 0.003467 0.422915 0.414912 0 
7 0.191489 0.041942 0.090301 0.003467 0.422915 0.414912 0 
7 0.212766 0.042122 0.096846 0.003467 0.422915 0.414912 0 
7 0.234043 0.042122 0.10607 0.003467 0.422915 0.414912 0 
7 0.255319 0.056173 0.122136 0.003467 0.422915 0.414912 0 
7 0.276596 0.056173 0.140286 0.003467 0.422915 0.414912 0 
7 0.297872 0.068362 0.168253 0.003467 0.422915 0.414912 1 
7 0.319149 0.068362 0.231627 0.003467 0.422915 0.414912 1 
7 0.340426 0.068362 0.300952 0.003467 0.422915 0.414912 1 
7 0.361702 0.075357 0.358078 0.003467 0.422915 0.414912 1 
7 0.382979 0.075357 0.41446 0.003467 0.422915 0.414912 1 
7 0.404255 0.075207 0.446742 0.003467 0.422915 0.414912 1 
7 0.425532 0.073406 0.455965 0.003467 0.422915 0.414912 1 
7 0.446809 0.075267 0.458792 0.003467 0.422915 0.414912 1 
7 0.468085 0.079651 0.473371 0.003467 0.422915 0.414912 1 
7 0.489362 0.075267 0.468462 0.003467 0.422915 0.414912 1 
7 0.510638 0.075267 0.449866 0.003467 0.422915 0.414912 1 
7 0.531915 0.075267 0.421303 0.003467 0.422915 0.414912 1 
7 0.553191 0.069893 0.385004 0.003467 0.422915 0.414912 1 
7 0.574468 0.071815 0.364624 0.003467 0.422915 0.414912 1 
7 0.595745 0.071815 0.342309 0.003467 0.422915 0.414912 1 
7 0.617021 0.068542 0.335019 0.003467 0.422915 0.414912 1 
7 0.638298 0.071815 0.337995 0.003467 0.422915 0.414912 1 
7 0.659574 0.075267 0.350491 0.003467 0.422915 0.414912 1 
7 0.680851 0.076438 0.370128 0.003467 0.422915 0.414912 1 
7 0.702128 0.079651 0.443618 0.003467 0.422915 0.414912 1 
7 0.723404 0.077429 0.537935 0.003467 0.422915 0.414912 1 
7 0.744681 0.075357 0.615888 0.003467 0.422915 0.414912 1 
7 0.765957 0.075267 0.634484 0.003467 0.422915 0.414912 1 
7 0.787234 0.075267 0.6144 0.003467 0.422915 0.414912 1 
7 0.808511 0.075267 0.590896 0.003467 0.422915 0.414912 1 
7 0.829787 0.075267 0.558167 0.003467 0.422915 0.414912 1 
7 0.851064 0.075267 0.528117 0.003467 0.422915 0.414912 1 
7 0.87234 0.056323 0.501636 0.003467 0.422915 0.414912 0 
7 0.893617 0.056323 0.456709 0.003467 0.422915 0.414912 0 
7 0.914894 0.056323 0.414758 0.003467 0.422915 0.414912 0 
7 0.93617 0.042572 0.429783 0.003467 0.422915 0.414912 0 
7 0.957447 0.042572 0.414906 0.003467 0.422915 0.414912 0 
7 0.978723 0.042422 0.402856 0.003467 0.422915 0.414912 0 
7 1 0.042422 0.381285 0.003467 0.422915 0.414912 0 
