5 0 0.095052 0.564267 0.003467 0.422915 0.414912 1 
5 0.021277 0.10475 0.535704 0.003467 0.422915 0.414912 1 
5 0.042553 0.090939 0.507141 0.003467 0.422915 0.414912 1 
5 0.06383 0.078209 0.443023 0.003467 0.422915 0.414912 0 
5 0.085106 0.078209 0.387831 0.003467 0.422915 0.414912 0 
5 0.106383 0.077609 0.335168 0.003467 0.422915 0.414912 0 
5 0.12766 0.074817 0.291729 0.003467 0.422915 0.414912 0 
5 0.148936 0.074817 0.252306 0.003467 0.422915 0.414912 0 
5 0.170213 0.074817 0.227313 0.003467 0.422915 0.414912 0 
5 0.191489 0.074817 0.225082 0.003467 0.422915 0.414912 0 
5 0.212766 0.075958 0.24695 0.003467 0.422915 0.414912 0 
5 0.234043 0.07839 0.293514 0.003467 0.422915 0.414912 0 
5 0.255319 0.090939 0.387385 0.003467 0.422915 0.414912 1 
5 0.276596 0.106131 0.486611 0.003467 0.422915 0.414912 1 
5 0.297872 0.074517 0.506546 0.003467 0.422915 0.414912 0 
5 0.319149 0.090369 0.594466 0.003467 0.422915 0.414912 1 
5 0.340426 0.090369 0.65427 0.003467 0.422915 0.414912 1 
5 0.361702 0.074517 0.670336 0.003467 0.422915 0.414912 0 
5 0.382979 0.117329 0.714222 0.003467 0.422915 0.414912 1 
5 0.404255 0.125796 0.721511 0.003467 0.422915 0.414912 1 
5 0.425532 0.117329 0.691907 0.003467 0.422915 0.414912 1 
5 0.446809 0.10475 0.655757 0.003467 0.422915 0.414912 1 
5 0.468085 0.117329 0.634186 0.003467 0.422915 0.414912 1 
5 0.489362 0.117329 0.6144 0.003467 0.422915 0.414912 1 
5 0.510638 0.125796 0.597292 0.003467 0.422915 0.414912 1 
5 0.531915 0.117329 0.583457 0.003467 0.422915 0.414912 1 
5 0.553191 0.117329 0.566796 0.003467 0.422915 0.414912 1 
5 0.574468 0.10475 0.547456 0.003467 0.422915 0.414912 1 
5 0.595745 0.117329 0.529902 0.003467 0.422915 0.414912 1 
5 0.617021 0.10475 0.511455 0.003467 0.422915 0.414912 1 
5 0.638298 0.090369 0.507885 0.003467 0.422915 0.414912 0 
5 0.659574 0.125796 0.527522 0.003467 0.422915 0.414912 1 
5 0.680851 0.129398 0.552068 0.003467 0.422915 0.414912 1 
5 0.702128 0.134682 0.612764 0.003467 0.422915 0.414912 1 
5 0.723404 0.134772 0.686849 0.003467 0.422915 0.414912 1 
5 0.744681 0.117329 0.733413 0.003467 0.422915 0.414912 1 
5 0.765957 0.090369 0.721214 0.003467 0.422915 0.414912 0 
5 0.787234 0.074517 0.696816 0.003467 0.422915 0.414912 0 
5 0.808511 0.074517 0.652782 0.003467 0.422915 0.414912 0 
5 0.829787 0.041732 0.62407 0.003467 0.422915 0.414912 0 
5 0.851064 0.041762 0.598185 0.003467 0.422915 0.414912 0 
5 0.87234 0.041732 0.569771 0.003467 0.422915 0.414912 0 
5 0.893617 0.041732 0.527075 0.003467 0.422915 0.414912 0 
5 0.914894 0.041732 0.479917 0.003467 0.422915 0.414912 0 
5 0.93617 0.041762 0.521868 0.003467 0.422915 0.414912 0 
5 0.957447 0.041762 0.532431 0.003467 0.422915 0.414912 0 
5 0.978723 0.080911 0.550431 0.003467 0.422915 0.414912 0 
5 1 0.041762 0.540018 0.003467 0.422915 0.414912 0 
