4 0 0.056263 0.436924 0.003467 0.422915 0.414912 0 
4 0.021277 0.057644 0.416989 0.003467 0.422915 0.414912 0 
4 0.042553 0.048487 0.392443 0.003467 0.422915 0.414912 0 
4 0.06383 0.046445 0.329366 0.003467 0.422915 0.414912 0 
4 0.085106 0.045455 0.269711 0.003467 0.422915 0.414912 0 
4 0.106383 0.045455 0.226272 0.003467 0.422915 0.414912 0 
4 0.12766 0.045455 0.189527 0.003467 0.422915 0.414912 0 
4 0.148936 0.063108 0.163642 0.003467 0.422915 0.414912 1 
4 0.170213 0.057464 0.145195 0.003467 0.422915 0.414912 0 
4 0.191489 0.057464 0.1446 0.003467 0.422915 0.414912 1 
4 0.212766 0.057464 0.168551 0.003467 0.422915 0.414912 1 
4 0.234043 0.046445 0.205594 0.003467 0.422915 0.414912 0 
4 0.255319 0.057464 0.292621 0.003467 0.422915 0.414912 1 
4 0.276596 0.048487 0.372954 0.003467 0.422915 0.414912 0 
4 0.297872 0.046445 0.360309 0.003467 0.422915 0.414912 0 
4 0.319149 0.057464 0.418923 0.003467 0.422915 0.414912 1 
4 0.340426 0.057464 0.447783 0.003467 0.422915 0.414912 1 
4 0.361702 0.057464 0.463255 0.003467 0.422915 0.414912 1 
4 0.382979 0.074457 0.50357 0.003467 0.422915 0.414912 1 
4 0.404255 0.074457 0.518298 0.003467 0.422915 0.414912 1 
4 0.425532 0.057794 0.502827 0.003467 0.422915 0.414912 1 
4 0.446809 0.057794 0.486909 0.003467 0.422915 0.414912 1 
4 0.468085 0.057794 0.480809 0.003467 0.422915 0.414912 1 
4 0.489362 0.074457 0.473073 0.003467 0.422915 0.414912 1 
4 0.510638 0.057794 0.468611 0.003467 0.422915 0.414912 1 
4 0.531915 0.057794 0.463701 0.003467 0.422915 0.414912 1 
4 0.553191 0.057794 0.458197 0.003467 0.422915 0.414912 1 
4 0.574468 0.057794 0.455965 0.003467 0.422915 0.414912 1 
4 0.595745 0.057794 0.44942 0.003467 0.422915 0.414912 1 
4 0.617021 0.057794 0.441238 0.003467 0.422915 0.414912 1 
4 0.638298 0.057794 0.440048 0.003467 0.422915 0.414912 1 
4 0.659574 0.057794 0.44094 0.003467 0.422915 0.414912 1 
4 0.680851 0.057794 0.43737 0.003467 0.422915 0.414912 1 
4 0.702128 0.057794 0.441684 0.003467 0.422915 0.414912 1 
4 0.723404 0.057794 0.442577 0.003467 0.422915 0.414912 1 
4 0.744681 0.074457 0.469801 0.003467 0.422915 0.414912 1 
4 0.765957 0.074457 0.504165 0.003467 0.422915 0.414912 1 
4 0.787234 0.057794 0.526183 0.003467 0.422915 0.414912 1 
4 0.808511 0.057794 0.494347 0.003467 0.422915 0.414912 1 
4 0.829787 0.047346 0.461619 0.003467 0.422915 0.414912 0 
4 0.851064 0.057464 0.444362 0.003467 0.422915 0.414912 0 
4 0.87234 0.048487 0.422196 0.003467 0.422915 0.414912 0 
4 0.893617 0.046445 0.388575 0.003467 0.422915 0.414912 0 
4 0.914894 0.046445 0.351979 0.003467 0.422915 0.414912 0 
4 0.93617 0.051219 0.399881 0.003467 0.422915 0.414912 0 
4 0.957447 0.057464 0.427254 0.003467 0.422915 0.414912 1 
4 0.978723 0.057464 0.444213 0.003467 0.422915 0.414912 1 
4 1 0.051219 0.437519 0.003467 0.422915 0.414912 0 
