6 0 0.085565 0.541803 0.003467 0.422915 0.414912 1 
6 0.021277 0.085565 0.506992 0.003467 0.422915 0.414912 1 
6 0.042553 0.078209 0.477834 0.003467 0.422915 0.414912 1 
6 0.06383 0.064519 0.415204 0.003467 0.422915 0.414912 0 
6 0.085106 0.064519 0.351532 0.003467 0.422915 0.414912 0 
6 0.106383 0.064519 0.303184 0.003467 0.422915 0.414912 0 
6 0.12766 0.064519 0.260934 0.003467 0.422915 0.414912 0 
6 0.148936 0.064519 0.221363 0.003467 0.422915 0.414912 0 
6 0.170213 0.054251 0.194585 0.003467 0.422915 0.414912 0 
6 0.191489 0.054612 0.179262 0.003467 0.422915 0.414912 0 
6 0.212766 0.056713 0.179708 0.003467 0.422915 0.414912 0 
6 0.234043 0.056713 0.194287 0.003467 0.422915 0.414912 0 
6 0.255319 0.074817 0.227016 0.003467 0.422915 0.414912 1 
6 0.276596 0.063378 0.267777 0.003467 0.422915 0.414912 0 
6 0.297872 0.082683 0.318655 0.003467 0.422915 0.414912 1 
6 0.319149 0.097574 0.409848 0.003467 0.422915 0.414912 1 
6 0.340426 0.097574 0.501041 0.003467 0.422915 0.414912 1 
6 0.361702 0.107542 0.562779 0.003467 0.422915 0.414912 1 
6 0.382979 0.119731 0.6144 0.003467 0.422915 0.414912 1 
6 0.404255 0.119731 0.618863 0.003467 0.422915 0.414912 1 
6 0.425532 0.119731 0.591491 0.003467 0.422915 0.414912 1 
6 0.446809 0.090939 0.555043 0.003467 0.422915 0.414912 1 
6 0.468085 0.090939 0.522761 0.003467 0.422915 0.414912 1 
6 0.489362 0.090939 0.485719 0.003467 0.422915 0.414912 1 
6 0.510638 0.084574 0.464296 0.003467 0.422915 0.414912 1 
6 0.531915 0.074817 0.442577 0.003467 0.422915 0.414912 1 
6 0.553191 0.059865 0.421154 0.003467 0.422915 0.414912 0 
6 0.574468 0.063378 0.407617 0.003467 0.422915 0.414912 0 
6 0.595745 0.059865 0.391253 0.003467 0.422915 0.414912 0 
6 0.617021 0.059865 0.379203 0.003467 0.422915 0.414912 0 
6 0.638298 0.075958 0.374591 0.003467 0.422915 0.414912 1 
6 0.659574 0.084574 0.38069 0.003467 0.422915 0.414912 1 
6 0.680851 0.106311 0.407022 0.003467 0.422915 0.414912 1 
6 0.702128 0.097574 0.471288 0.003467 0.422915 0.414912 1 
6 0.723404 0.108232 0.562928 0.003467 0.422915 0.414912 1 
6 0.744681 0.119731 0.644897 0.003467 0.422915 0.414912 1 
6 0.765957 0.106311 0.658286 0.003467 0.422915 0.414912 1 
6 0.787234 0.088717 0.637905 0.003467 0.422915 0.414912 1 
6 0.808511 0.080911 0.592978 0.003467 0.422915 0.414912 1 
6 0.829787 0.080911 0.555787 0.003467 0.422915 0.414912 1 
6 0.851064 0.080911 0.523951 0.003467 0.422915 0.414912 1 
6 0.87234 0.080911 0.504017 0.003467 0.422915 0.414912 1 
6 0.893617 0.063378 0.459982 0.003467 0.422915 0.414912 0 
6 0.914894 0.062447 0.420559 0.003467 0.422915 0.414912 0 
6 0.93617 0.074817 0.440345 0.003467 0.422915 0.414912 0 
6 0.957447 0.063378 0.437965 0.003467 0.422915 0.414912 0 
6 0.978723 0.063378 0.438709 0.003467 0.422915 0.414912 0 
6 1 0.063378 0.421452 0.003467 0.422915 0.414912 0 
