4 0 0.05212 0.422791 0.003394 0.338426 0.634649 1 
4 0.021277 0.046355 0.371467 0.003037 0.306577 0.63114 1 
4 0.042553 0.050498 0.3133 0.003311 0.380891 0.589912 1 
4 0.06383 0.044854 0.263463 0.002952 0.341015 0.603509 1 
4 0.085106 0.043173 0.218536 0.002821 0.299327 0.726316 0 
4 0.106383 0.042032 0.187742 0.002705 0.266701 0.758333 0 
4 0.12766 0.034766 0.176436 0.002235 0.222165 0.774123 0 
4 0.148936 0.037859 0.179857 0.00243 0.193941 0.791667 0 
4 0.170213 0.040741 0.204106 0.002599 0.206629 0.817544 0 
4 0.191489 0.043383 0.245314 0.002773 0.249612 0.769737 0 
4 0.212766 0.053561 0.329217 0.003463 0.320041 0.809649 1 
4 0.234043 0.064699 0.425915 0.004179 0.397462 0.687719 1 
4 0.255319 0.049027 0.437965 0.003226 0.492491 0.540351 1 
4 0.276596 0.077969 0.483636 0.005162 0.589332 0.50614 1 
4 0.297872 0.049147 0.492115 0.003261 0.544278 0.482456 1 
4 0.319149 0.045455 0.48676 0.003018 0.542983 0.420175 0 
4 0.340426 0.054491 0.527819 0.003612 0.55593 0.481579 1 
4 0.361702 0.053591 0.536001 0.003546 0.579751 0.485088 1 
4 0.382979 0.057584 0.532877 0.003814 0.589591 0.480263 1 
4 0.404255 0.057464 0.517703 0.003812 0.604091 0.453509 1 
4 0.425532 0.05221 0.510414 0.003481 0.603832 0.444737 1 
4 0.446809 0.055032 0.507736 0.003668 0.612895 0.395175 1 
4 0.468085 0.049988 0.491967 0.003359 0.600466 0.387719 1 
4 0.489362 0.049808 0.492413 0.003346 0.610306 0.404825 1 
4 0.510638 0.054131 0.496876 0.003629 0.614707 0.461842 1 
4 0.531915 0.061367 0.500446 0.004094 0.631797 0.425439 1 
4 0.553191 0.064459 0.500893 0.0043 0.629984 0.432018 1 
4 0.574468 0.060376 0.496132 0.00403 0.632833 0.444298 1 
4 0.595745 0.05314 0.488843 0.003562 0.627136 0.424123 1 
4 0.617021 0.091299 0.492413 0.006194 0.617297 0.281579 1 
4 0.638298 0.107752 0.486462 0.007353 0.613672 0.332895 1 
4 0.659574 0.147262 0.487206 0.009994 0.607457 0.357895 1 
4 0.680851 0.158971 0.477834 0.010804 0.607975 0.31886 1 
4 0.702128 0.119761 0.47709 0.008151 0.598654 0.341228 1 
4 0.723404 0.055602 0.452841 0.003779 0.55334 0.311404 0 
4 0.744681 0.043803 0.438262 0.002981 0.516831 0.32193 0 
4 0.765957 0.044434 0.425915 0.002997 0.470741 0.371053 0 
4 0.787234 0.047946 0.451056 0.003224 0.468669 0.332895 0 
4 0.808511 0.048367 0.46266 0.003272 0.472294 0.377632 0 
4 0.829787 0.044374 0.439453 0.002975 0.474625 0.433772 0 
4 0.851064 0.042632 0.40717 0.002811 0.449508 0.486404 0 
4 0.87234 0.041672 0.377566 0.002719 0.422579 0.535088 0 
4 0.893617 0.041462 0.402559 0.002671 0.371828 0.675 0 
4 0.914894 0.041792 0.413121 0.002661 0.341274 0.720175 0 
4 0.93617 0.043743 0.44332 0.00279 0.317193 0.714912 0 
4 0.957447 0.044614 0.454627 0.002865 0.311497 0.687719 0 
4 0.978723 0.083433 0.453585 0.005037 0.444847 0.567982 1 
4 1 0.049358 0.438709 0.003295 0.434749 0.51886 0 
