5 0 0.063258 0.563523 0.004348 0.466339 0.503509 1 
5 0.021277 0.055662 0.541952 0.003824 0.440186 0.547807 1 
5 0.042553 0.063829 0.519488 0.004408 0.496634 0.452193 1 
5 0.06383 0.051969 0.47352 0.003575 0.472035 0.496491 1 
5 0.085106 0.048247 0.41446 0.003091 0.434231 0.574561 0 
5 0.106383 0.03999 0.362541 0.002705 0.389436 0.664912 0 
5 0.12766 0.032755 0.312258 0.002206 0.347747 0.674561 0 
5 0.148936 0.032425 0.272835 0.002177 0.307354 0.703509 0 
5 0.170213 0.030413 0.253645 0.002044 0.285603 0.701754 0 
5 0.191489 0.028011 0.250521 0.001882 0.269291 0.712719 0 
5 0.212766 0.031854 0.278935 0.002137 0.276541 0.718421 0 
5 0.234043 0.032785 0.330854 0.002202 0.30347 0.692544 0 
5 0.255319 0.038159 0.456412 0.002597 0.376489 0.577632 0 
5 0.276596 0.046836 0.569622 0.003218 0.466598 0.484649 0 
5 0.297872 0.04005 0.597292 0.002779 0.515795 0.474123 0 
5 0.319149 0.071124 0.664237 0.004954 0.586484 0.370175 1 
5 0.340426 0.068992 0.67465 0.004774 0.625065 0.341228 1 
5 0.361702 0.034856 0.648616 0.002399 0.626877 0.289035 0 
5 0.382979 0.050769 0.668551 0.003481 0.636199 0.323684 1 
5 0.404255 0.037438 0.667956 0.002563 0.620663 0.364912 0 
5 0.425532 0.047346 0.636715 0.003238 0.5971 0.354825 0 
5 0.446809 0.037108 0.607557 0.002555 0.586484 0.329825 0 
5 0.468085 0.051699 0.579143 0.003579 0.591144 0.310526 1 
5 0.489362 0.042032 0.56263 0.002929 0.581823 0.344737 0 
5 0.510638 0.046595 0.547159 0.003261 0.556447 0.309649 1 
5 0.531915 0.033115 0.526778 0.00231 0.548679 0.289474 0 
5 0.553191 0.038459 0.526183 0.00269 0.585966 0.249123 0 
5 0.574468 0.034556 0.510265 0.002418 0.591403 0.259649 0 
5 0.595745 0.033626 0.501041 0.002354 0.585448 0.251754 0 
5 0.617021 0.034766 0.489735 0.002395 0.571207 0.270175 0 
5 0.638298 0.033355 0.480512 0.00232 0.546867 0.309211 0 
5 0.659574 0.032695 0.486016 0.002262 0.545313 0.329825 0 
5 0.680851 0.033085 0.497025 0.002295 0.543242 0.354825 0 
5 0.702128 0.032515 0.517406 0.0022 0.555671 0.383333 0 
5 0.723404 0.033656 0.57111 0.002262 0.5826 0.375 0 
5 0.744681 0.067852 0.683725 0.004576 0.638788 0.33114 1 
5 0.765957 0.054071 0.735942 0.003668 0.667012 0.321053 1 
5 0.787234 0.04002 0.733413 0.002713 0.643708 0.375877 0 
5 0.808511 0.038699 0.708271 0.002613 0.611082 0.367544 0 
5 0.829787 0.03927 0.675989 0.002665 0.576385 0.390789 0 
5 0.851064 0.040651 0.663195 0.002773 0.553858 0.448246 0 
5 0.87234 0.055692 0.653228 0.003814 0.524599 0.464912 1 
5 0.893617 0.044794 0.610384 0.003085 0.490937 0.449123 1 
5 0.914894 0.036298 0.559804 0.002497 0.45624 0.508772 0 
5 0.93617 0.043593 0.601458 0.002997 0.440704 0.544737 1 
5 0.957447 0.046235 0.605475 0.003184 0.430088 0.522368 1 
5 0.978723 0.055272 0.598185 0.003845 0.506732 0.391228 1 
5 1 0.051609 0.580333 0.003587 0.495339 0.450439 1 
