5 0 0.043893 0.470991 0.002946 0.428534 0.604386 0 
5 0.021277 0.043803 0.454032 0.00291 0.401346 0.642544 0 
5 0.042553 0.044194 0.427403 0.002935 0.445365 0.578947 0 
5 0.06383 0.042632 0.369979 0.002829 0.413516 0.613158 0 
5 0.085106 0.041131 0.308242 0.002717 0.362248 0.747807 0 
5 0.106383 0.040711 0.261827 0.002634 0.32755 0.754386 0 
5 0.12766 0.036598 0.216305 0.002264 0.285603 0.765789 0 
5 0.148936 0.032335 0.192056 0.001934 0.250129 0.765789 0 
5 0.170213 0.032275 0.176138 0.001982 0.22579 0.764035 0 
5 0.191489 0.031104 0.173907 0.001755 0.216209 0.765789 0 
5 0.212766 0.034286 0.19994 0.002162 0.235111 0.75 0 
5 0.234043 0.03933 0.248884 0.002576 0.267737 0.735965 0 
5 0.255319 0.040951 0.343499 0.002719 0.347229 0.603947 0 
5 0.276596 0.042722 0.452246 0.002902 0.42957 0.5 0 
5 0.297872 0.042783 0.46147 0.002954 0.485241 0.480263 0 
5 0.319149 0.051249 0.528117 0.00381 0.565769 0.382895 1 
5 0.340426 0.058514 0.540762 0.004445 0.611082 0.340351 1 
5 0.361702 0.059235 0.525885 0.004273 0.620145 0.309211 1 
5 0.382979 0.084604 0.551473 0.006003 0.630502 0.361842 1 
5 0.404255 0.081212 0.566201 0.005661 0.629726 0.363596 1 
5 0.425532 0.073526 0.552217 0.005185 0.622993 0.380702 1 
5 0.446809 0.071274 0.53496 0.004902 0.61885 0.420175 1 
5 0.468085 0.06581 0.52053 0.004518 0.616779 0.369298 1 
5 0.489362 0.070644 0.515918 0.004886 0.629984 0.360088 1 
5 0.510638 0.070464 0.505802 0.004832 0.638788 0.375439 1 
5 0.531915 0.061667 0.497025 0.004244 0.627395 0.35307 1 
5 0.553191 0.073916 0.498215 0.005397 0.656655 0.336842 1 
5 0.574468 0.067311 0.490033 0.004929 0.662869 0.340789 1 
5 0.595745 0.061667 0.483636 0.004526 0.649922 0.350439 1 
5 0.617021 0.056173 0.47114 0.003984 0.629984 0.35307 1 
5 0.638298 0.061667 0.46385 0.004071 0.624288 0.345175 1 
5 0.659574 0.05227 0.476346 0.003367 0.619886 0.337719 0 
5 0.680851 0.050348 0.490628 0.003282 0.597359 0.361842 0 
5 0.702128 0.057704 0.527522 0.003862 0.611082 0.383772 1 
5 0.723404 0.066621 0.592681 0.004551 0.661315 0.352193 1 
5 0.744681 0.089798 0.650402 0.006275 0.728897 0.346053 1 
5 0.765957 0.084694 0.641029 0.005914 0.720093 0.294737 1 
5 0.787234 0.086706 0.617376 0.005991 0.6797 0.372807 1 
5 0.808511 0.083073 0.581523 0.00582 0.641895 0.395175 1 
5 0.829787 0.071755 0.560845 0.004784 0.603314 0.403509 1 
5 0.851064 0.068782 0.536745 0.004863 0.566028 0.439474 1 
5 0.87234 0.083073 0.512496 0.005521 0.54376 0.459211 1 
5 0.893617 0.05212 0.471288 0.00361 0.498705 0.485088 0 
5 0.914894 0.043023 0.433353 0.002873 0.467633 0.540351 0 
5 0.93617 0.043593 0.491074 0.002919 0.450803 0.560965 0 
5 0.957447 0.043473 0.506397 0.00291 0.44174 0.590351 0 
5 0.978723 0.048487 0.51086 0.003014 0.513465 0.475 0 
5 1 0.047166 0.499702 0.00322 0.503366 0.487719 0 
