7 0 0.058394 0.217048 0.003467 0.422915 0.414912 0 
7 0.021277 0.056923 0.164832 0.003467 0.422915 0.414912 0 
7 0.042553 0.056923 0.13136 0.003467 0.422915 0.414912 0 
7 0.06383 0.055242 0.101309 0.003467 0.422915 0.414912 0 
7 0.085106 0.055242 0.08554 0.003467 0.422915 0.414912 0 
7 0.106383 0.055242 0.068432 0.003467 0.422915 0.414912 0 
7 0.12766 0.055242 0.063374 0.003467 0.422915 0.414912 0 
7 0.148936 0.055242 0.060696 0.003467 0.422915 0.414912 0 
7 0.170213 0.055242 0.065308 0.003467 0.422915 0.414912 0 
7 0.191489 0.055242 0.068878 0.003467 0.422915 0.414912 0 
7 0.212766 0.066741 0.083755 0.003467 0.422915 0.414912 0 
7 0.234043 0.066741 0.096846 0.003467 0.422915 0.414912 0 
7 0.255319 0.066741 0.114103 0.003467 0.422915 0.414912 0 
7 0.276596 0.074817 0.147426 0.003467 0.422915 0.414912 1 
7 0.297872 0.076258 0.190271 0.003467 0.422915 0.414912 1 
7 0.319149 0.076258 0.239215 0.003467 0.422915 0.414912 1 
7 0.340426 0.075808 0.293514 0.003467 0.422915 0.414912 1 
7 0.361702 0.076258 0.319994 0.003467 0.422915 0.414912 1 
7 0.382979 0.075657 0.339185 0.003467 0.422915 0.414912 1 
7 0.404255 0.076258 0.339482 0.003467 0.422915 0.414912 1 
7 0.425532 0.076258 0.34454 0.003467 0.422915 0.414912 1 
7 0.446809 0.076258 0.348557 0.003467 0.422915 0.414912 1 
7 0.468085 0.076258 0.341416 0.003467 0.422915 0.414912 1 
7 0.489362 0.076258 0.329069 0.003467 0.422915 0.414912 1 
7 0.510638 0.074427 0.312705 0.003467 0.422915 0.414912 1 
7 0.531915 0.074427 0.294258 0.003467 0.422915 0.414912 1 
7 0.553191 0.074427 0.27715 0.003467 0.422915 0.414912 1 
7 0.574468 0.057013 0.264802 0.003467 0.422915 0.414912 0 
7 0.595745 0.066741 0.265248 0.003467 0.422915 0.414912 0 
7 0.617021 0.066741 0.267331 0.003467 0.422915 0.414912 0 
7 0.638298 0.056923 0.263612 0.003467 0.422915 0.414912 0 
7 0.659574 0.066741 0.26986 0.003467 0.422915 0.414912 0 
7 0.680851 0.057103 0.263463 0.003467 0.422915 0.414912 0 
7 0.702128 0.057043 0.27834 0.003467 0.422915 0.414912 0 
7 0.723404 0.056923 0.286373 0.003467 0.422915 0.414912 0 
7 0.744681 0.056923 0.286968 0.003467 0.422915 0.414912 0 
7 0.765957 0.056923 0.277447 0.003467 0.422915 0.414912 0 
7 0.787234 0.056923 0.273579 0.003467 0.422915 0.414912 0 
7 0.808511 0.058394 0.287563 0.003467 0.422915 0.414912 0 
7 0.829787 0.058394 0.300208 0.003467 0.422915 0.414912 0 
7 0.851064 0.057344 0.284885 0.003467 0.422915 0.414912 0 
7 0.87234 0.056923 0.256471 0.003467 0.422915 0.414912 0 
7 0.893617 0.066741 0.279084 0.003467 0.422915 0.414912 1 
7 0.914894 0.056923 0.280422 0.003467 0.422915 0.414912 0 
7 0.93617 0.058394 0.29039 0.003467 0.422915 0.414912 0 
7 0.957447 0.058394 0.265992 0.003467 0.422915 0.414912 0 
7 0.978723 0.056923 0.245909 0.003467 0.422915 0.414912 0 
7 1 0.056923 0.208123 0.003467 0.422915 0.414912 0 
