4 0 0.051849 0.347516 0.003467 0.422915 0.414912 0 
4 0.021277 0.049838 0.282803 0.003467 0.422915 0.414912 0 
4 0.042553 0.043053 0.225528 0.003467 0.422915 0.414912 0 
4 0.06383 0.043053 0.182535 0.003467 0.422915 0.414912 0 
4 0.085106 0.043053 0.156055 0.003467 0.422915 0.414912 0 
4 0.106383 0.043053 0.140881 0.003467 0.422915 0.414912 0 
4 0.12766 0.069653 0.130467 0.003467 0.422915 0.414912 1 
4 0.148936 0.068242 0.141029 0.003467 0.422915 0.414912 1 
4 0.170213 0.043053 0.170783 0.003467 0.422915 0.414912 0 
4 0.191489 0.041131 0.207379 0.003467 0.422915 0.414912 0 
4 0.212766 0.068242 0.290687 0.003467 0.422915 0.414912 1 
4 0.234043 0.071034 0.384707 0.003467 0.422915 0.414912 1 
4 0.255319 0.071034 0.414758 0.003467 0.422915 0.414912 1 
4 0.276596 0.069653 0.475007 0.003467 0.422915 0.414912 1 
4 0.297872 0.068242 0.498066 0.003467 0.422915 0.414912 1 
4 0.319149 0.072445 0.509819 0.003467 0.422915 0.414912 1 
4 0.340426 0.076708 0.554299 0.003467 0.422915 0.414912 1 
4 0.361702 0.075297 0.561589 0.003467 0.422915 0.414912 1 
4 0.382979 0.073886 0.540464 0.003467 0.422915 0.414912 1 
4 0.404255 0.072445 0.531092 0.003467 0.422915 0.414912 1 
4 0.425532 0.072445 0.527522 0.003467 0.422915 0.414912 1 
4 0.446809 0.068242 0.53258 0.003467 0.422915 0.414912 1 
4 0.468085 0.068242 0.530646 0.003467 0.422915 0.414912 1 
4 0.489362 0.055482 0.520232 0.003467 0.422915 0.414912 0 
4 0.510638 0.055482 0.521868 0.003467 0.422915 0.414912 0 
4 0.531915 0.055482 0.517554 0.003467 0.422915 0.414912 0 
4 0.553191 0.055482 0.505802 0.003467 0.422915 0.414912 0 
4 0.574468 0.054551 0.505504 0.003467 0.422915 0.414912 0 
4 0.595745 0.068242 0.500893 0.003467 0.422915 0.414912 1 
4 0.617021 0.055182 0.506992 0.003467 0.422915 0.414912 0 
4 0.638298 0.055482 0.504017 0.003467 0.422915 0.414912 0 
4 0.659574 0.055482 0.512348 0.003467 0.422915 0.414912 0 
4 0.680851 0.069653 0.506248 0.003467 0.422915 0.414912 1 
4 0.702128 0.069653 0.501636 0.003467 0.422915 0.414912 1 
4 0.723404 0.071034 0.476495 0.003467 0.422915 0.414912 1 
4 0.744681 0.071034 0.462065 0.003467 0.422915 0.414912 1 
4 0.765957 0.071034 0.447783 0.003467 0.422915 0.414912 1 
4 0.787234 0.082803 0.447337 0.003467 0.422915 0.414912 1 
4 0.808511 0.073886 0.444213 0.003467 0.422915 0.414912 1 
4 0.829787 0.068242 0.421303 0.003467 0.422915 0.414912 1 
4 0.851064 0.049838 0.380988 0.003467 0.422915 0.414912 0 
4 0.87234 0.049838 0.349003 0.003467 0.422915 0.414912 0 
4 0.893617 0.051639 0.371616 0.003467 0.422915 0.414912 0 
4 0.914894 0.049838 0.387831 0.003467 0.422915 0.414912 0 
4 0.93617 0.049838 0.410443 0.003467 0.422915 0.414912 0 
4 0.957447 0.049838 0.410146 0.003467 0.422915 0.414912 0 
4 0.978723 0.049838 0.401964 0.003467 0.422915 0.414912 0 
4 1 0.049838 0.371616 0.003467 0.422915 0.414912 0 
