4 0 0.054912 0.574085 0.003606 0.486794 0.585526 1 
4 0.021277 0.049117 0.558316 0.00328 0.466857 0.579386 1 
4 0.042553 0.090309 0.541654 0.006051 0.52175 0.533772 1 
4 0.06383 0.064069 0.487652 0.004281 0.515277 0.498684 1 
4 0.085106 0.050739 0.42532 0.003369 0.478509 0.577193 1 
4 0.106383 0.060016 0.373252 0.003951 0.450544 0.607456 1 
4 0.12766 0.053861 0.315085 0.003041 0.418436 0.673684 1 
4 0.148936 0.031074 0.278489 0.002019 0.394096 0.675 0 
4 0.170213 0.037438 0.262868 0.002414 0.374417 0.738596 0 
4 0.191489 0.03963 0.262571 0.00254 0.366649 0.740789 0 
4 0.212766 0.040891 0.296935 0.002626 0.369757 0.764035 0 
4 0.234043 0.049057 0.352574 0.003178 0.392284 0.70614 1 
4 0.255319 0.086045 0.458792 0.005671 0.461937 0.572807 1 
4 0.276596 0.141588 0.581821 0.009487 0.549197 0.514035 1 
4 0.297872 0.068122 0.646087 0.004711 0.604091 0.414912 1 
4 0.319149 0.114957 0.743826 0.007997 0.684102 0.351754 1 
4 0.340426 0.110364 0.774621 0.00763 0.715432 0.340351 1 
4 0.361702 0.123394 0.770306 0.00854 0.726308 0.290789 1 
4 0.382979 0.10502 0.779381 0.007304 0.73537 0.298684 1 
4 0.404255 0.095082 0.770158 0.006606 0.72579 0.288596 1 
4 0.425532 0.068902 0.745909 0.004796 0.718281 0.267105 1 
4 0.446809 0.063468 0.733859 0.004435 0.698084 0.282018 1 
4 0.468085 0.062898 0.709908 0.004418 0.6797 0.298246 1 
4 0.489362 0.047946 0.696965 0.003382 0.666494 0.292982 0 
4 0.510638 0.055452 0.684469 0.003909 0.647851 0.299561 0 
4 0.531915 0.044764 0.665129 0.003174 0.637235 0.247368 0 
4 0.553191 0.069773 0.659179 0.004963 0.661056 0.253509 1 
4 0.574468 0.064789 0.662154 0.004593 0.653288 0.266667 1 
4 0.595745 0.061066 0.655311 0.004325 0.644744 0.250439 0 
4 0.617021 0.042963 0.641029 0.003045 0.629467 0.259211 0 
4 0.638298 0.053621 0.646236 0.003808 0.621958 0.29386 0 
4 0.659574 0.075898 0.671824 0.005363 0.618332 0.370175 1 
4 0.680851 0.087276 0.714073 0.006118 0.621699 0.449561 1 
4 0.702128 0.096673 0.778786 0.006703 0.65044 0.471491 1 
4 0.723404 0.287919 0.878459 0.019638 0.730192 0.483772 1 
4 0.744681 0.361084 0.943618 0.024231 0.804247 0.397368 1 
4 0.765957 0.345232 0.945552 0.023292 0.789228 0.38114 1 
4 0.787234 0.176924 0.912824 0.012013 0.750388 0.358333 1 
4 0.808511 0.112646 0.877417 0.007702 0.699379 0.364474 1 
4 0.829787 0.088267 0.836358 0.006078 0.669601 0.36886 1 
4 0.851064 0.09205 0.807349 0.006369 0.641378 0.370614 1 
4 0.87234 0.086856 0.762124 0.005982 0.611859 0.40614 0 
4 0.893617 0.056263 0.709015 0.003887 0.57768 0.427193 0 
4 0.914894 0.033415 0.646087 0.002331 0.539617 0.391228 0 
4 0.93617 0.043023 0.647575 0.002973 0.510098 0.528509 0 
4 0.957447 0.036928 0.629723 0.00252 0.483169 0.510965 0 
4 0.978723 0.066651 0.620649 0.004528 0.533143 0.542982 0 
4 1 0.069713 0.609194 0.004703 0.518384 0.580702 0 
