3 0 0.106731 0.526331 0.003467 0.422915 0.414912 1 
3 0.021277 0.106731 0.510116 0.003467 0.422915 0.414912 1 
3 0.042553 0.106131 0.480661 0.003467 0.422915 0.414912 1 
3 0.06383 0.086075 0.412824 0.003467 0.422915 0.414912 1 
3 0.085106 0.082473 0.355251 0.003467 0.422915 0.414912 1 
3 0.106383 0.077789 0.311514 0.003467 0.422915 0.414912 0 
3 0.12766 0.076438 0.260339 0.003467 0.422915 0.414912 0 
3 0.148936 0.075958 0.221958 0.003467 0.422915 0.414912 0 
3 0.170213 0.076858 0.19875 0.003467 0.422915 0.414912 0 
3 0.191489 0.05305 0.196073 0.003467 0.422915 0.414912 0 
3 0.212766 0.077579 0.227016 0.003467 0.422915 0.414912 0 
3 0.234043 0.07863 0.273431 0.003467 0.422915 0.414912 0 
3 0.255319 0.099616 0.382922 0.003467 0.422915 0.414912 1 
3 0.276596 0.149664 0.501488 0.003467 0.422915 0.414912 1 
3 0.297872 0.056113 0.535406 0.003467 0.422915 0.414912 0 
3 0.319149 0.082473 0.612615 0.003467 0.422915 0.414912 0 
3 0.340426 0.057674 0.631508 0.003467 0.422915 0.414912 0 
3 0.361702 0.079711 0.614847 0.003467 0.422915 0.414912 0 
3 0.382979 0.083794 0.64222 0.003467 0.422915 0.414912 0 
3 0.404255 0.083794 0.642963 0.003467 0.422915 0.414912 0 
3 0.425532 0.086075 0.616929 0.003467 0.422915 0.414912 1 
3 0.446809 0.083794 0.591342 0.003467 0.422915 0.414912 0 
3 0.468085 0.10475 0.572002 0.003467 0.422915 0.414912 1 
3 0.489362 0.083794 0.55906 0.003467 0.422915 0.414912 0 
3 0.510638 0.083794 0.545968 0.003467 0.422915 0.414912 0 
3 0.531915 0.083794 0.537786 0.003467 0.422915 0.414912 0 
3 0.553191 0.082473 0.536745 0.003467 0.422915 0.414912 0 
3 0.574468 0.083794 0.533472 0.003467 0.422915 0.414912 0 
3 0.595745 0.057674 0.534811 0.003467 0.422915 0.414912 0 
3 0.617021 0.079711 0.518447 0.003467 0.422915 0.414912 0 
3 0.638298 0.082473 0.515025 0.003467 0.422915 0.414912 0 
3 0.659574 0.082473 0.539423 0.003467 0.422915 0.414912 0 
3 0.680851 0.086796 0.576168 0.003467 0.422915 0.414912 0 
3 0.702128 0.107272 0.632847 0.003467 0.422915 0.414912 1 
3 0.723404 0.10475 0.726569 0.003467 0.422915 0.414912 1 
3 0.744681 0.10475 0.799911 0.003467 0.422915 0.414912 1 
3 0.765957 0.10475 0.788307 0.003467 0.422915 0.414912 1 
3 0.787234 0.090909 0.767331 0.003467 0.422915 0.414912 1 
3 0.808511 0.083794 0.724933 0.003467 0.422915 0.414912 0 
3 0.829787 0.083794 0.695924 0.003467 0.422915 0.414912 0 
3 0.851064 0.116759 0.675989 0.003467 0.422915 0.414912 1 
3 0.87234 0.10475 0.648616 0.003467 0.422915 0.414912 1 
3 0.893617 0.083794 0.590003 0.003467 0.422915 0.414912 0 
3 0.914894 0.083794 0.535257 0.003467 0.422915 0.414912 0 
3 0.93617 0.083794 0.559506 0.003467 0.422915 0.414912 0 
3 0.957447 0.086075 0.551175 0.003467 0.422915 0.414912 0 
3 0.978723 0.083794 0.554597 0.003467 0.422915 0.414912 0 
3 1 0.083794 0.549539 0.003467 0.422915 0.414912 0 
