4 0 0.053981 0.41327 0.003467 0.422915 0.414912 0 
4 0.021277 0.060796 0.401964 0.003467 0.422915 0.414912 1 
4 0.042553 0.060796 0.376822 0.003467 0.422915 0.414912 1 
4 0.06383 0.057464 0.31806 0.003467 0.422915 0.414912 0 
4 0.085106 0.057464 0.257959 0.003467 0.422915 0.414912 0 
4 0.106383 0.068422 0.218239 0.003467 0.422915 0.414912 1 
4 0.12766 0.060796 0.179857 0.003467 0.422915 0.414912 1 
4 0.148936 0.067761 0.160815 0.003467 0.422915 0.414912 1 
4 0.170213 0.046085 0.142815 0.003467 0.422915 0.414912 0 
4 0.191489 0.046085 0.141178 0.003467 0.422915 0.414912 0 
4 0.212766 0.067581 0.160071 0.003467 0.422915 0.414912 1 
4 0.234043 0.072055 0.210057 0.003467 0.422915 0.414912 1 
4 0.255319 0.076378 0.301993 0.003467 0.422915 0.414912 1 
4 0.276596 0.084814 0.385302 0.003467 0.422915 0.414912 1 
4 0.297872 0.049117 0.374145 0.003467 0.422915 0.414912 0 
4 0.319149 0.049838 0.428295 0.003467 0.422915 0.414912 0 
4 0.340426 0.051069 0.447932 0.003467 0.422915 0.414912 0 
4 0.361702 0.05257 0.449122 0.003467 0.422915 0.414912 0 
4 0.382979 0.087336 0.491967 0.003467 0.422915 0.414912 1 
4 0.404255 0.091269 0.510265 0.003467 0.422915 0.414912 1 
4 0.425532 0.091269 0.498364 0.003467 0.422915 0.414912 1 
4 0.446809 0.056743 0.483338 0.003467 0.422915 0.414912 0 
4 0.468085 0.091269 0.489735 0.003467 0.422915 0.414912 1 
4 0.489362 0.089888 0.487355 0.003467 0.422915 0.414912 1 
4 0.510638 0.089888 0.479173 0.003467 0.422915 0.414912 1 
4 0.531915 0.089888 0.476198 0.003467 0.422915 0.414912 1 
4 0.553191 0.089888 0.477983 0.003467 0.422915 0.414912 1 
4 0.574468 0.089888 0.474412 0.003467 0.422915 0.414912 1 
4 0.595745 0.089888 0.474115 0.003467 0.422915 0.414912 1 
4 0.617021 0.060196 0.46385 0.003467 0.422915 0.414912 0 
4 0.638298 0.055692 0.456709 0.003467 0.422915 0.414912 0 
4 0.659574 0.084814 0.459238 0.003467 0.422915 0.414912 1 
4 0.680851 0.060196 0.456709 0.003467 0.422915 0.414912 0 
4 0.702128 0.084814 0.454924 0.003467 0.422915 0.414912 1 
4 0.723404 0.056743 0.445701 0.003467 0.422915 0.414912 0 
4 0.744681 0.056743 0.457007 0.003467 0.422915 0.414912 0 
4 0.765957 0.056743 0.46385 0.003467 0.422915 0.414912 0 
4 0.787234 0.056743 0.504463 0.003467 0.422915 0.414912 0 
4 0.808511 0.060196 0.48914 0.003467 0.422915 0.414912 0 
4 0.829787 0.050648 0.461024 0.003467 0.422915 0.414912 0 
4 0.851064 0.060196 0.445403 0.003467 0.422915 0.414912 0 
4 0.87234 0.056743 0.412229 0.003467 0.422915 0.414912 0 
4 0.893617 0.049117 0.372954 0.003467 0.422915 0.414912 0 
4 0.914894 0.047076 0.34097 0.003467 0.422915 0.414912 0 
4 0.93617 0.089888 0.388426 0.003467 0.422915 0.414912 1 
4 0.957447 0.071694 0.411485 0.003467 0.422915 0.414912 1 
4 0.978723 0.089888 0.424874 0.003467 0.422915 0.414912 1 
4 1 0.060196 0.418477 0.003467 0.422915 0.414912 0 
