7 0 0.051459 0.395716 0.003149 0.33972 0.50307 0 
7 0.021277 0.050588 0.382624 0.00333 0.296996 0.497368 0 
7 0.042553 0.044254 0.342011 0.003022 0.333506 0.445614 0 
7 0.06383 0.041071 0.283993 0.002796 0.295702 0.525439 0 
7 0.085106 0.03915 0.229694 0.002715 0.247022 0.565789 0 
7 0.106383 0.031344 0.178965 0.002108 0.205852 0.592982 0 
7 0.12766 0.029302 0.141773 0.001951 0.154583 0.692544 0 
7 0.148936 0.023898 0.121095 0.001548 0.124288 0.726316 0 
7 0.170213 0.025609 0.101904 0.00167 0.096323 0.744737 0 
7 0.191489 0.024078 0.100863 0.001564 0.079492 0.75 0 
7 0.212766 0.024619 0.10726 0.001597 0.075091 0.780263 0 
7 0.234043 0.02633 0.117078 0.001708 0.083635 0.775439 0 
7 0.255319 0.027321 0.152336 0.001774 0.107198 0.746053 0 
7 0.276596 0.030924 0.194734 0.001924 0.136199 0.702193 0 
7 0.297872 0.031824 0.230735 0.002077 0.154324 0.716228 0 
7 0.319149 0.040711 0.287266 0.00269 0.192905 0.675 0 
7 0.340426 0.043293 0.332937 0.002856 0.227861 0.664912 0 
7 0.361702 0.044374 0.364772 0.002946 0.256085 0.638158 0 
7 0.382979 0.060196 0.409402 0.004128 0.280684 0.630263 0 
7 0.404255 0.058214 0.418179 0.003866 0.280425 0.651316 0 
7 0.425532 0.049778 0.405832 0.00329 0.277317 0.642105 0 
7 0.446809 0.045575 0.398988 0.003078 0.26696 0.681579 0 
7 0.468085 0.048097 0.391401 0.003162 0.258415 0.710526 0 
7 0.489362 0.047256 0.386343 0.003168 0.257639 0.709211 0 
7 0.510638 0.044824 0.384261 0.002941 0.247799 0.704386 0 
7 0.531915 0.040261 0.376079 0.002605 0.234076 0.689912 0 
7 0.553191 0.037348 0.369384 0.002445 0.220611 0.689474 0 
7 0.574468 0.041011 0.363285 0.002686 0.214138 0.667544 0 
7 0.595745 0.041431 0.362987 0.002719 0.204298 0.679386 0 
7 0.617021 0.03978 0.359863 0.002601 0.193682 0.698246 0 
7 0.638298 0.037769 0.35421 0.00247 0.188762 0.727632 0 
7 0.659574 0.038489 0.354954 0.002516 0.193941 0.678509 0 
7 0.680851 0.037258 0.352574 0.002445 0.203521 0.689912 0 
7 0.702128 0.033265 0.358673 0.002183 0.224236 0.648684 0 
7 0.723404 0.037378 0.34945 0.002455 0.251683 0.593421 0 
7 0.744681 0.042242 0.36864 0.002819 0.285603 0.564912 0 
7 0.765957 0.062628 0.424874 0.004148 0.338167 0.532895 1 
7 0.787234 0.075447 0.453585 0.005021 0.396168 0.535526 1 
7 0.808511 0.071574 0.431122 0.004578 0.397721 0.502632 1 
7 0.829787 0.048097 0.396608 0.003336 0.36898 0.522368 1 
7 0.851064 0.047166 0.374442 0.003008 0.341533 0.538158 1 
7 0.87234 0.042392 0.347218 0.002829 0.313827 0.527632 0 
7 0.893617 0.040291 0.326391 0.002686 0.28405 0.568421 0 
7 0.914894 0.035577 0.30482 0.00236 0.261781 0.58114 0 
7 0.93617 0.043623 0.329961 0.002898 0.255567 0.566667 1 
7 0.957447 0.041702 0.334871 0.0028 0.258415 0.506579 0 
7 0.978723 0.070373 0.339929 0.004967 0.357069 0.428509 1 
7 1 0.045064 0.308093 0.003054 0.352926 0.448684 1 
