5 0 0.087877 0.508331 0.005787 0.487571 0.511404 1 
5 0.021277 0.087426 0.492413 0.005758 0.459606 0.548684 1 
5 0.042553 0.088087 0.460428 0.005887 0.511393 0.510965 1 
5 0.06383 0.081242 0.409253 0.005378 0.489125 0.594298 0 
5 0.085106 0.077969 0.363434 0.005135 0.440445 0.65 0 
5 0.106383 0.063378 0.313002 0.00414 0.398239 0.717105 0 
5 0.12766 0.059805 0.263166 0.003471 0.35448 0.714035 0 
5 0.148936 0.051939 0.2349 0.00333 0.322372 0.757895 0 
5 0.170213 0.053471 0.212586 0.00334 0.303729 0.766667 0 
5 0.191489 0.047676 0.214966 0.002991 0.289228 0.772368 0 
5 0.212766 0.051069 0.24338 0.003322 0.302434 0.729386 0 
5 0.234043 0.051489 0.300208 0.003442 0.329622 0.664035 0 
5 0.255319 0.074336 0.400327 0.004911 0.418177 0.577193 0 
5 0.276596 0.089438 0.509075 0.005889 0.485759 0.499123 1 
5 0.297872 0.056533 0.506248 0.003774 0.515018 0.497368 0 
5 0.319149 0.089138 0.563076 0.005941 0.586743 0.364035 1 
5 0.340426 0.089138 0.568134 0.005945 0.623252 0.321491 1 
5 0.361702 0.089138 0.55058 0.005982 0.625583 0.329825 1 
5 0.382979 0.089138 0.578399 0.005953 0.625324 0.357456 1 
5 0.404255 0.147142 0.584945 0.009846 0.611859 0.430263 1 
5 0.425532 0.123814 0.561291 0.008336 0.598654 0.428947 1 
5 0.446809 0.089708 0.534067 0.006072 0.596064 0.42193 1 
5 0.468085 0.096794 0.515472 0.006562 0.586225 0.428509 1 
5 0.489362 0.093071 0.503273 0.006302 0.575091 0.436404 1 
5 0.510638 0.072385 0.491372 0.00489 0.556189 0.448246 0 
5 0.531915 0.070944 0.480809 0.004776 0.551528 0.44386 0 
5 0.553191 0.080311 0.474264 0.005436 0.560073 0.385965 0 
5 0.574468 0.055212 0.462362 0.003745 0.557483 0.402632 0 
5 0.595745 0.076348 0.457304 0.005199 0.559037 0.382456 0 
5 0.617021 0.067401 0.452098 0.004466 0.56784 0.402193 0 
5 0.638298 0.05227 0.443767 0.00354 0.535733 0.39386 0 
5 0.659574 0.066981 0.450164 0.004537 0.529001 0.38114 0 
5 0.680851 0.055452 0.451354 0.003683 0.511652 0.399561 0 
5 0.702128 0.05212 0.461321 0.003538 0.511911 0.349561 0 
5 0.723404 0.048847 0.475156 0.003353 0.519679 0.296491 0 
5 0.744681 0.050769 0.528414 0.0035 0.542206 0.344298 0 
5 0.765957 0.077099 0.582862 0.005318 0.575091 0.32807 0 
5 0.787234 0.086015 0.608896 0.005926 0.60927 0.372368 1 
5 0.808511 0.05215 0.582862 0.003575 0.5826 0.362281 0 
5 0.829787 0.044944 0.553853 0.003076 0.547385 0.339912 0 
5 0.851064 0.070494 0.533323 0.005004 0.52175 0.393421 0 
5 0.87234 0.049327 0.518298 0.003344 0.499741 0.375 0 
5 0.893617 0.053651 0.491669 0.003654 0.48291 0.402632 0 
5 0.914894 0.042632 0.451354 0.002904 0.449508 0.381579 0 
5 0.93617 0.071634 0.498661 0.004809 0.425686 0.532895 0 
5 0.957447 0.083073 0.505504 0.005299 0.414293 0.587281 1 
5 0.978723 0.090339 0.511604 0.005928 0.516054 0.484211 1 
5 1 0.088447 0.506397 0.005781 0.504402 0.569737 1 
