3 0 0.041732 0.568581 0.002821 0.476178 0.582018 1 
3 0.021277 0.041101 0.546415 0.002767 0.454428 0.615351 1 
3 0.042553 0.041522 0.524249 0.002811 0.505179 0.50614 1 
3 0.06383 0.040801 0.476198 0.002744 0.479803 0.57193 1 
3 0.085106 0.040831 0.417584 0.002719 0.443035 0.641228 1 
3 0.106383 0.040681 0.369533 0.002678 0.394614 0.706579 1 
3 0.12766 0.038759 0.311663 0.00253 0.353185 0.758333 1 
3 0.148936 0.036508 0.273877 0.001915 0.313568 0.794298 0 
3 0.170213 0.034226 0.260637 0.001691 0.293112 0.794298 0 
3 0.191489 0.033205 0.249479 0.001637 0.279648 0.794298 0 
3 0.212766 0.034917 0.274621 0.001795 0.288969 0.794298 0 
3 0.234043 0.038339 0.324159 0.002287 0.318488 0.774123 0 
3 0.255319 0.040831 0.423237 0.002688 0.384516 0.679825 0 
3 0.276596 0.041822 0.508182 0.002796 0.454946 0.58114 0 
3 0.297872 0.041071 0.5241 0.002757 0.4855 0.480702 0 
3 0.319149 0.042392 0.618715 0.002881 0.565251 0.411404 1 
3 0.340426 0.043143 0.679857 0.002962 0.622993 0.362281 1 
3 0.361702 0.043533 0.699494 0.002989 0.653288 0.359649 1 
3 0.382979 0.046595 0.75186 0.00323 0.671932 0.344737 1 
3 0.404255 0.047076 0.771348 0.003263 0.665976 0.345614 1 
3 0.425532 0.047076 0.75424 0.003245 0.657949 0.370175 1 
3 0.446809 0.041912 0.720024 0.002854 0.644226 0.365789 0 
3 0.468085 0.043143 0.700833 0.002904 0.63102 0.40307 1 
3 0.489362 0.043413 0.688188 0.002916 0.617815 0.414474 1 
3 0.510638 0.044344 0.680899 0.002979 0.604868 0.405702 1 
3 0.531915 0.042212 0.661113 0.002829 0.605386 0.369737 0 
3 0.553191 0.042843 0.65427 0.002883 0.626618 0.314912 1 
3 0.574468 0.042662 0.641029 0.00286 0.622734 0.311404 1 
3 0.595745 0.042662 0.625112 0.002854 0.619109 0.333772 1 
3 0.617021 0.042152 0.608599 0.002808 0.605645 0.35307 0 
3 0.638298 0.042722 0.60845 0.002846 0.599171 0.366228 1 
3 0.659574 0.042662 0.619012 0.00284 0.587778 0.400877 1 
3 0.680851 0.042002 0.639988 0.002798 0.57768 0.39386 0 
3 0.702128 0.042572 0.701577 0.002823 0.594511 0.419737 0 
3 0.723404 0.043923 0.79039 0.002896 0.662351 0.374123 1 
3 0.744681 0.043953 0.867004 0.002889 0.731227 0.355263 1 
3 0.765957 0.043863 0.863434 0.002881 0.720352 0.384649 1 
3 0.787234 0.044524 0.830854 0.002939 0.668048 0.409211 1 
3 0.808511 0.044674 0.791877 0.002989 0.622216 0.472368 1 
3 0.829787 0.042722 0.758256 0.002856 0.586484 0.464035 1 
3 0.851064 0.043413 0.730884 0.002879 0.566287 0.520175 1 
3 0.87234 0.043713 0.703065 0.002892 0.539358 0.561842 1 
3 0.893617 0.041822 0.650848 0.002761 0.509581 0.588158 0 
3 0.914894 0.041101 0.600119 0.002686 0.482393 0.640789 0 
3 0.93617 0.044554 0.634037 0.002906 0.466598 0.642105 1 
3 0.957447 0.042182 0.632104 0.002779 0.438115 0.65614 1 
3 0.978723 0.042092 0.615442 0.002767 0.471517 0.586842 1 
3 1 0.042302 0.595656 0.00279 0.496893 0.535526 1 
