2 0 0.029723 0.300208 0.001905 0.305282 0.675 1 
2 0.021277 0.029422 0.267629 0.001878 0.2913 0.664912 0 
2 0.042553 0.030233 0.242785 0.001959 0.344899 0.585088 1 
2 0.06383 0.029572 0.216305 0.001905 0.326256 0.641667 1 
2 0.085106 0.029242 0.182237 0.001863 0.300104 0.67807 0 
2 0.106383 0.029152 0.158435 0.001851 0.273692 0.72193 0 
2 0.12766 0.028942 0.132699 0.001803 0.256603 0.72193 0 
2 0.148936 0.028942 0.124219 0.001778 0.238477 0.72193 0 
2 0.170213 0.027261 0.115591 0.000935 0.227861 0.72193 0 
2 0.191489 0.027561 0.12526 0.001057 0.220611 0.72193 0 
2 0.212766 0.028251 0.157394 0.001211 0.226567 0.72193 0 
2 0.234043 0.028942 0.204999 0.00172 0.247022 0.674561 0 
2 0.255319 0.031644 0.299167 0.002054 0.314863 0.676754 1 
2 0.276596 0.029723 0.381434 0.001959 0.384775 0.512719 0 
2 0.297872 0.029332 0.393782 0.001957 0.430088 0.432456 0 
2 0.319149 0.029422 0.452693 0.001996 0.501036 0.337281 0 
2 0.340426 0.029422 0.488396 0.002036 0.545313 0.338158 0 
2 0.361702 0.029422 0.5 0.00204 0.551528 0.324561 0 
2 0.382979 0.030473 0.519191 0.002125 0.565251 0.296053 0 
2 0.404255 0.029723 0.521868 0.002075 0.559814 0.312281 0 
2 0.425532 0.030473 0.516067 0.002121 0.552563 0.309649 0 
2 0.446809 0.032725 0.508033 0.002273 0.554376 0.311842 1 
2 0.468085 0.034706 0.505058 0.002412 0.550492 0.325439 1 
2 0.489362 0.029422 0.499851 0.002052 0.552563 0.335526 0 
2 0.510638 0.029422 0.488991 0.00205 0.543242 0.333333 0 
2 0.531915 0.029332 0.482743 0.002042 0.535215 0.359211 0 
2 0.553191 0.029392 0.483487 0.00205 0.553599 0.344737 0 
2 0.574468 0.029392 0.478578 0.002052 0.558778 0.326754 0 
2 0.595745 0.029182 0.465189 0.002042 0.55593 0.329386 0 
2 0.617021 0.029062 0.458197 0.002029 0.538063 0.331579 0 
2 0.638298 0.029062 0.453288 0.002029 0.538581 0.335965 0 
2 0.659574 0.029122 0.455965 0.002034 0.532885 0.345614 0 
2 0.680851 0.029182 0.470247 0.00204 0.542465 0.385526 0 
2 0.702128 0.029392 0.488991 0.00205 0.557742 0.305702 0 
2 0.723404 0.030383 0.521125 0.002117 0.595546 0.305263 0 
2 0.744681 0.036057 0.598036 0.002522 0.65536 0.248684 1 
2 0.765957 0.035877 0.611425 0.002503 0.672191 0.295614 1 
2 0.787234 0.035127 0.578399 0.002464 0.622734 0.312281 1 
2 0.808511 0.030803 0.540018 0.002164 0.583635 0.295614 0 
2 0.829787 0.029422 0.508331 0.002052 0.546867 0.35614 0 
2 0.851064 0.029422 0.487504 0.002032 0.518125 0.367982 0 
2 0.87234 0.029332 0.462214 0.002007 0.488089 0.400439 0 
2 0.893617 0.029122 0.428593 0.001986 0.457794 0.434649 0 
2 0.914894 0.028071 0.3856 0.001913 0.428534 0.451316 0 
2 0.93617 0.029332 0.433056 0.001973 0.397721 0.50614 0 
2 0.957447 0.029392 0.445552 0.001948 0.369498 0.529386 0 
2 0.978723 0.029482 0.452693 0.00194 0.422838 0.475877 0 
2 1 0.031164 0.45299 0.002032 0.411445 0.555263 1 
