2 0 0.090609 0.402559 0.005922 0.402382 0.490351 1 
2 0.021277 0.09172 0.368343 0.006064 0.38115 0.448684 1 
2 0.042553 0.090459 0.33859 0.006072 0.441481 0.334649 1 
2 0.06383 0.089168 0.305564 0.005976 0.428017 0.414912 1 
2 0.085106 0.081002 0.275216 0.005386 0.401088 0.504386 1 
2 0.106383 0.069953 0.235793 0.004643 0.365873 0.51886 0 
2 0.12766 0.073376 0.213478 0.004865 0.334024 0.604386 0 
2 0.148936 0.056023 0.193692 0.003689 0.306318 0.627632 0 
2 0.170213 0.047376 0.189676 0.002856 0.291818 0.557456 0 
2 0.191489 0.033596 0.191312 0.002208 0.266183 0.655702 0 
2 0.212766 0.051129 0.232371 0.003359 0.277059 0.667544 0 
2 0.234043 0.05326 0.291729 0.003515 0.302693 0.542544 0 
2 0.255319 0.103819 0.399137 0.00693 0.378042 0.572368 1 
2 0.276596 0.172121 0.51443 0.011539 0.467374 0.486842 1 
2 0.297872 0.077309 0.555043 0.00522 0.515795 0.373684 0 
2 0.319149 0.10463 0.634037 0.007017 0.601502 0.307456 1 
2 0.340426 0.126966 0.656947 0.00738 0.651735 0.29693 1 
2 0.361702 0.108082 0.650104 0.007285 0.655619 0.294298 1 
2 0.382979 0.151735 0.695626 0.010284 0.671673 0.371491 1 
2 0.404255 0.139156 0.709461 0.009408 0.668048 0.34693 1 
2 0.425532 0.138525 0.702618 0.009343 0.660798 0.368421 1 
2 0.446809 0.10499 0.671973 0.007067 0.658467 0.312281 1 
2 0.468085 0.10583 0.664683 0.007113 0.63827 0.257895 1 
2 0.489362 0.138135 0.658137 0.009267 0.628431 0.306579 1 
2 0.510638 0.161223 0.644154 0.010822 0.602279 0.320614 1 
2 0.531915 0.135853 0.627194 0.009094 0.5971 0.365789 1 
2 0.553191 0.128408 0.620946 0.008521 0.612118 0.367544 1 
2 0.574468 0.137414 0.6205 0.009136 0.60668 0.387719 1 
2 0.595745 0.107812 0.604433 0.007127 0.596323 0.391667 1 
2 0.617021 0.106491 0.591639 0.007061 0.593475 0.358333 1 
2 0.638298 0.104389 0.588218 0.006899 0.579492 0.415351 1 
2 0.659574 0.103759 0.603094 0.00684 0.573537 0.442105 1 
2 0.680851 0.097394 0.616632 0.006404 0.583635 0.42807 0 
2 0.702128 0.095923 0.654567 0.006338 0.602279 0.370614 0 
2 0.723404 0.096433 0.70247 0.00641 0.636199 0.33114 0 
2 0.744681 0.114807 0.787414 0.007665 0.685396 0.339035 1 
2 0.765957 0.135643 0.807498 0.00908 0.718281 0.274123 1 
2 0.787234 0.119161 0.781166 0.00801 0.687209 0.208333 1 
2 0.808511 0.100246 0.741595 0.006743 0.64319 0.299561 0 
2 0.829787 0.093221 0.701726 0.006207 0.604091 0.375 0 
2 0.851064 0.092771 0.673163 0.006174 0.578457 0.432456 0 
2 0.87234 0.088327 0.649955 0.00585 0.544278 0.411842 0 
2 0.893617 0.064789 0.599673 0.004317 0.507768 0.386842 0 
2 0.914894 0.047076 0.550431 0.00317 0.468928 0.428509 0 
2 0.93617 0.077669 0.587176 0.00517 0.435785 0.588158 0 
2 0.957447 0.075027 0.586581 0.004412 0.416106 0.665789 0 
2 0.978723 0.085985 0.577358 0.005694 0.507509 0.545614 0 
2 1 0.078149 0.559357 0.005154 0.496634 0.610088 0 
