5 0 0.045304 0.58078 0.003467 0.422915 0.414912 0 
5 0.021277 0.071694 0.555043 0.003467 0.422915 0.414912 1 
5 0.042553 0.045304 0.522464 0.003467 0.422915 0.414912 0 
5 0.06383 0.045304 0.464891 0.003467 0.422915 0.414912 0 
5 0.085106 0.045304 0.403898 0.003467 0.422915 0.414912 0 
5 0.106383 0.045304 0.35778 0.003467 0.422915 0.414912 0 
5 0.12766 0.045304 0.309134 0.003467 0.422915 0.414912 0 
5 0.148936 0.045304 0.267629 0.003467 0.422915 0.414912 0 
5 0.170213 0.049868 0.245611 0.003467 0.422915 0.414912 0 
5 0.191489 0.044554 0.241744 0.003467 0.422915 0.414912 0 
5 0.212766 0.049868 0.263612 0.003467 0.422915 0.414912 0 
5 0.234043 0.044554 0.311366 0.003467 0.422915 0.414912 0 
5 0.255319 0.056263 0.41208 0.003467 0.422915 0.414912 0 
5 0.276596 0.081632 0.50848 0.003467 0.422915 0.414912 1 
5 0.297872 0.041582 0.539423 0.003467 0.422915 0.414912 0 
5 0.319149 0.049868 0.637013 0.003467 0.422915 0.414912 0 
5 0.340426 0.049868 0.69756 0.003467 0.422915 0.414912 0 
5 0.361702 0.045635 0.720173 0.003467 0.422915 0.414912 0 
5 0.382979 0.104179 0.75543 0.003467 0.422915 0.414912 1 
5 0.404255 0.090098 0.760042 0.003467 0.422915 0.414912 1 
5 0.425532 0.090098 0.730437 0.003467 0.422915 0.414912 1 
5 0.446809 0.090098 0.692949 0.003467 0.422915 0.414912 1 
5 0.468085 0.081632 0.658584 0.003467 0.422915 0.414912 1 
5 0.489362 0.081632 0.627194 0.003467 0.422915 0.414912 1 
5 0.510638 0.081632 0.6205 0.003467 0.422915 0.414912 1 
5 0.531915 0.049868 0.59997 0.003467 0.422915 0.414912 0 
5 0.553191 0.044554 0.582118 0.003467 0.422915 0.414912 0 
5 0.574468 0.044554 0.565605 0.003467 0.422915 0.414912 0 
5 0.595745 0.044554 0.551919 0.003467 0.422915 0.414912 0 
5 0.617021 0.041882 0.538976 0.003467 0.422915 0.414912 0 
5 0.638298 0.044554 0.533918 0.003467 0.422915 0.414912 0 
5 0.659574 0.049868 0.556084 0.003467 0.422915 0.414912 0 
5 0.680851 0.081632 0.588069 0.003467 0.422915 0.414912 1 
5 0.702128 0.090098 0.645939 0.003467 0.422915 0.414912 1 
5 0.723404 0.090098 0.73133 0.003467 0.422915 0.414912 1 
5 0.744681 0.090098 0.797084 0.003467 0.422915 0.414912 1 
5 0.765957 0.081632 0.799464 0.003467 0.422915 0.414912 1 
5 0.787234 0.049868 0.77596 0.003467 0.422915 0.414912 0 
5 0.808511 0.044554 0.743529 0.003467 0.422915 0.414912 0 
5 0.829787 0.044554 0.713478 0.003467 0.422915 0.414912 0 
5 0.851064 0.090098 0.693395 0.003467 0.422915 0.414912 1 
5 0.87234 0.044554 0.660666 0.003467 0.422915 0.414912 0 
5 0.893617 0.043833 0.615888 0.003467 0.422915 0.414912 0 
5 0.914894 0.041642 0.559655 0.003467 0.422915 0.414912 0 
5 0.93617 0.090098 0.594763 0.003467 0.422915 0.414912 1 
5 0.957447 0.081632 0.598036 0.003467 0.422915 0.414912 1 
5 0.978723 0.081632 0.598929 0.003467 0.422915 0.414912 1 
5 1 0.044554 0.578697 0.003467 0.422915 0.414912 0 
