3 0 0.087426 0.470098 0.005781 0.486018 0.568421 1 
3 0.021277 0.086556 0.450461 0.0058 0.457535 0.58114 1 
3 0.042553 0.087126 0.421154 0.005843 0.513465 0.507018 1 
3 0.06383 0.077369 0.371616 0.004981 0.4855 0.588596 1 
3 0.085106 0.0532 0.313746 0.003494 0.445365 0.597368 0 
3 0.106383 0.055182 0.264951 0.003822 0.393578 0.608333 0 
3 0.12766 0.051789 0.218239 0.003382 0.355515 0.691667 0 
3 0.148936 0.046025 0.193246 0.002995 0.329622 0.695614 0 
3 0.170213 0.045034 0.178072 0.003002 0.309684 0.711842 0 
3 0.191489 0.045094 0.183576 0.002923 0.285603 0.732895 0 
3 0.212766 0.046235 0.205594 0.003008 0.30088 0.723246 0 
3 0.234043 0.044644 0.260339 0.002912 0.329622 0.642982 0 
3 0.255319 0.058995 0.366706 0.00436 0.413516 0.489474 0 
3 0.276596 0.070434 0.460875 0.005004 0.487312 0.451316 0 
3 0.297872 0.047376 0.465784 0.003083 0.533143 0.304825 0 
3 0.319149 0.088567 0.521868 0.005985 0.60927 0.362719 1 
3 0.340426 0.089138 0.536299 0.005926 0.66753 0.283772 1 
3 0.361702 0.090429 0.534365 0.006055 0.678923 0.225877 1 
3 0.382979 0.090999 0.570366 0.006169 0.694459 0.249561 1 
3 0.404255 0.097634 0.574978 0.006651 0.695495 0.268421 1 
3 0.425532 0.103158 0.561589 0.007052 0.693682 0.167105 1 
3 0.446809 0.098205 0.541654 0.006726 0.687727 0.190789 1 
3 0.468085 0.103459 0.53258 0.007063 0.691869 0.211404 1 
3 0.489362 0.103489 0.52886 0.007044 0.698602 0.199123 1 
3 0.510638 0.104329 0.519637 0.007115 0.698343 0.192544 1 
3 0.531915 0.10481 0.512348 0.007148 0.697048 0.207018 1 
3 0.553191 0.10583 0.508628 0.007243 0.716209 0.210965 1 
3 0.574468 0.115047 0.501041 0.007902 0.713102 0.218421 1 
3 0.595745 0.128378 0.5 0.008774 0.718022 0.208333 1 
3 0.617021 0.125255 0.488694 0.008573 0.710772 0.214912 1 
3 0.638298 0.111355 0.47947 0.007653 0.686432 0.190789 1 
3 0.659574 0.100907 0.487057 0.00694 0.679441 0.178947 1 
3 0.680851 0.102228 0.494198 0.007025 0.684619 0.215789 1 
3 0.702128 0.097964 0.515025 0.00672 0.688762 0.183333 1 
3 0.723404 0.093431 0.538976 0.006394 0.711807 0.182456 1 
3 0.744681 0.094302 0.604582 0.006444 0.725013 0.202632 1 
3 0.765957 0.10478 0.654121 0.007214 0.736924 0.179825 1 
3 0.787234 0.104389 0.663047 0.007216 0.743656 0.138596 1 
3 0.808511 0.103519 0.632847 0.007125 0.71362 0.175 1 
3 0.829787 0.102228 0.607409 0.007059 0.674521 0.185526 1 
3 0.851064 0.107782 0.583755 0.00743 0.64811 0.2 1 
3 0.87234 0.098775 0.559506 0.006791 0.609011 0.225877 1 
3 0.893617 0.092921 0.522166 0.006365 0.572501 0.290351 1 
3 0.914894 0.087336 0.473817 0.005962 0.519679 0.328509 1 
3 0.93617 0.088447 0.504909 0.006018 0.487312 0.330263 1 
3 0.957447 0.088147 0.509075 0.005881 0.445624 0.434211 1 
3 0.978723 0.099706 0.510116 0.006761 0.554376 0.335526 1 
3 1 0.096163 0.507736 0.006531 0.544019 0.339912 1 
