7 0 0.029963 0.307944 0.002 0.233817 0.778509 0 
7 0.021277 0.027321 0.243975 0.001809 0.207923 0.784649 0 
7 0.042553 0.028372 0.191907 0.001851 0.258674 0.703509 0 
7 0.06383 0.027951 0.15427 0.001724 0.228379 0.727632 0 
7 0.085106 0.024919 0.12526 0.001649 0.178146 0.794298 0 
7 0.106383 0.024739 0.107111 0.001629 0.143449 0.848246 0 
7 0.12766 0.024709 0.101012 0.001626 0.112636 0.85 0 
7 0.148936 0.024529 0.0964 0.001614 0.101761 0.848246 0 
7 0.170213 0.023808 0.09997 0.001566 0.096841 0.868421 0 
7 0.191489 0.024919 0.10726 0.001641 0.09477 0.880263 0 
7 0.212766 0.024919 0.119607 0.001639 0.095287 0.882018 0 
7 0.234043 0.024919 0.143707 0.001332 0.095287 0.902632 0 
7 0.255319 0.025429 0.176584 0.001643 0.10927 0.900877 0 
7 0.276596 0.0269 0.224487 0.001772 0.13361 0.890789 0 
7 0.297872 0.028101 0.27105 0.001824 0.139565 0.878509 0 
7 0.319149 0.029633 0.320738 0.001157 0.15769 0.766667 0 
7 0.340426 0.031614 0.381732 0.001583 0.177887 0.749123 0 
7 0.361702 0.032064 0.412675 0.001685 0.190316 0.757895 0 
7 0.382979 0.033115 0.429039 0.002212 0.195495 0.778509 1 
7 0.404255 0.034826 0.442874 0.002322 0.209736 0.814474 1 
7 0.425532 0.035937 0.452693 0.001587 0.209477 0.771053 1 
7 0.446809 0.035937 0.464891 0.00216 0.214138 0.771053 1 
7 0.468085 0.035937 0.470098 0.001988 0.216209 0.771053 1 
7 0.489362 0.035937 0.469354 0.001383 0.142672 0.836842 1 
7 0.510638 0.037438 0.464743 0.002239 0.199896 0.771053 1 
7 0.531915 0.037138 0.452693 0.002341 0.201968 0.775439 1 
7 0.553191 0.035937 0.429932 0.002034 0.192128 0.792982 1 
7 0.574468 0.035937 0.404046 0.001647 0.192387 0.792982 1 
7 0.595745 0.033776 0.382922 0.00161 0.189539 0.792982 1 
7 0.617021 0.029422 0.368045 0.001662 0.191869 0.792982 0 
7 0.638298 0.029422 0.367004 0.001732 0.195236 0.792982 0 
7 0.659574 0.029963 0.364772 0.001828 0.205075 0.779825 0 
7 0.680851 0.029422 0.347069 0.00183 0.207664 0.765789 0 
7 0.702128 0.029422 0.354954 0.001967 0.216986 0.771491 0 
7 0.723404 0.028972 0.360458 0.001936 0.219834 0.777632 0 
7 0.744681 0.029422 0.358375 0.001614 0.209218 0.771053 0 
7 0.765957 0.029422 0.344838 0.001965 0.191869 0.764474 0 
7 0.787234 0.029212 0.334424 0.001963 0.168307 0.679825 0 
7 0.808511 0.029482 0.324755 0.001996 0.148628 0.670614 0 
7 0.829787 0.030113 0.324457 0.002042 0.170378 0.629825 0 
7 0.851064 0.031224 0.309134 0.002121 0.191093 0.593421 1 
7 0.87234 0.031374 0.286076 0.002129 0.188503 0.614474 1 
7 0.893617 0.031134 0.30244 0.002106 0.167789 0.655702 1 
7 0.914894 0.029512 0.297679 0.001994 0.153288 0.680702 0 
7 0.93617 0.030083 0.297084 0.002029 0.152771 0.684649 0 
7 0.957447 0.029572 0.276703 0.001996 0.154065 0.65614 0 
7 0.978723 0.030233 0.255876 0.002059 0.225272 0.498684 0 
7 1 0.028492 0.211395 0.001938 0.220611 0.558333 0 
