2 0 0.066831 0.359863 0.004375 0.387105 0.590351 1 
2 0.021277 0.054011 0.331003 0.003577 0.368721 0.590789 0 
2 0.042553 0.06596 0.306903 0.004416 0.42957 0.498684 1 
2 0.06383 0.053471 0.271943 0.003577 0.413257 0.524123 0 
2 0.085106 0.054732 0.237578 0.00366 0.385293 0.51886 0 
2 0.106383 0.050108 0.208866 0.003328 0.34956 0.571053 0 
2 0.12766 0.044043 0.17956 0.002906 0.309166 0.609211 0 
2 0.148936 0.041762 0.165129 0.002744 0.282496 0.607895 0 
2 0.170213 0.035277 0.156352 0.002324 0.26204 0.617105 0 
2 0.191489 0.031554 0.167063 0.002079 0.24262 0.655263 0 
2 0.212766 0.043113 0.204106 0.002829 0.267737 0.640351 0 
2 0.234043 0.050228 0.256769 0.003313 0.3058 0.569737 0 
2 0.255319 0.080071 0.369979 0.005334 0.398239 0.517982 1 
2 0.276596 0.102078 0.471288 0.006818 0.480839 0.554386 1 
2 0.297872 0.05305 0.48557 0.003571 0.522009 0.348246 0 
2 0.319149 0.081632 0.543737 0.005565 0.595805 0.366667 1 
2 0.340426 0.083764 0.555787 0.005679 0.620922 0.349123 1 
2 0.361702 0.055152 0.549985 0.003756 0.627395 0.342982 0 
2 0.382979 0.079771 0.581226 0.005422 0.622216 0.403947 1 
2 0.404255 0.068272 0.581375 0.004622 0.605645 0.420614 1 
2 0.425532 0.078119 0.564564 0.005249 0.584412 0.464474 1 
2 0.446809 0.075027 0.539274 0.005029 0.578716 0.440789 1 
2 0.468085 0.076108 0.523802 0.005091 0.567064 0.422368 1 
2 0.489362 0.075027 0.518001 0.005004 0.558001 0.482018 1 
2 0.510638 0.075027 0.508331 0.005002 0.535474 0.484649 1 
2 0.531915 0.075027 0.501339 0.004994 0.536251 0.517544 1 
2 0.553191 0.075027 0.497173 0.005 0.541947 0.486404 1 
2 0.574468 0.075027 0.487355 0.005019 0.549974 0.417982 1 
2 0.595745 0.075027 0.480958 0.005012 0.533661 0.473684 1 
2 0.617021 0.077369 0.46742 0.005199 0.530813 0.407456 1 
2 0.638298 0.060856 0.463255 0.004076 0.449249 0.514474 0 
2 0.659574 0.074997 0.469206 0.005052 0.511652 0.464035 1 
2 0.680851 0.075177 0.478875 0.005044 0.511652 0.453947 1 
2 0.702128 0.06602 0.491074 0.004489 0.516831 0.395175 0 
2 0.723404 0.054371 0.521273 0.003745 0.537027 0.335965 0 
2 0.744681 0.070584 0.595656 0.004869 0.569394 0.375439 1 
2 0.765957 0.081662 0.645195 0.005594 0.628431 0.349123 1 
2 0.787234 0.081422 0.635823 0.005582 0.62869 0.277193 1 
2 0.808511 0.074787 0.600714 0.005135 0.597359 0.320614 1 
2 0.829787 0.067071 0.567837 0.004641 0.57043 0.316228 0 
2 0.851064 0.072355 0.540315 0.00499 0.541429 0.339912 1 
2 0.87234 0.054431 0.517108 0.003747 0.505179 0.353947 0 
2 0.893617 0.05236 0.477536 0.003569 0.477991 0.41886 0 
2 0.914894 0.051369 0.434543 0.003471 0.452615 0.462281 0 
2 0.93617 0.07842 0.475156 0.005206 0.423874 0.59693 1 
2 0.957447 0.072415 0.47947 0.00479 0.397462 0.55307 1 
2 0.978723 0.077789 0.495388 0.005179 0.497152 0.527193 1 
2 1 0.076018 0.496727 0.005029 0.484982 0.563158 1 
