7 0 0.060136 0.321482 0.003467 0.422915 0.414912 0 
7 0.021277 0.060136 0.27596 0.003467 0.422915 0.414912 0 
7 0.042553 0.05323 0.258703 0.003467 0.422915 0.414912 0 
7 0.06383 0.045965 0.204999 0.003467 0.422915 0.414912 0 
7 0.085106 0.044494 0.164386 0.003467 0.422915 0.414912 0 
7 0.106383 0.044494 0.134484 0.003467 0.422915 0.414912 0 
7 0.12766 0.044494 0.108599 0.003467 0.422915 0.414912 0 
7 0.148936 0.040351 0.088664 0.003467 0.422915 0.414912 0 
7 0.170213 0.044494 0.078251 0.003467 0.422915 0.414912 0 
7 0.191489 0.044494 0.075573 0.003467 0.422915 0.414912 0 
7 0.212766 0.044494 0.080482 0.003467 0.422915 0.414912 0 
7 0.234043 0.044494 0.083606 0.003467 0.422915 0.414912 0 
7 0.255319 0.059625 0.106367 0.003467 0.422915 0.414912 0 
7 0.276596 0.057464 0.126153 0.003467 0.422915 0.414912 0 
7 0.297872 0.06563 0.15055 0.003467 0.422915 0.414912 0 
7 0.319149 0.06563 0.203808 0.003467 0.422915 0.414912 0 
7 0.340426 0.070163 0.266141 0.003467 0.422915 0.414912 0 
7 0.361702 0.070704 0.314043 0.003467 0.422915 0.414912 0 
7 0.382979 0.071995 0.358375 0.003467 0.422915 0.414912 1 
7 0.404255 0.071995 0.384558 0.003467 0.422915 0.414912 1 
7 0.425532 0.070163 0.383666 0.003467 0.422915 0.414912 1 
7 0.446809 0.070163 0.369533 0.003467 0.422915 0.414912 1 
7 0.468085 0.070163 0.359863 0.003467 0.422915 0.414912 1 
7 0.489362 0.057734 0.346028 0.003467 0.422915 0.414912 0 
7 0.510638 0.057464 0.343053 0.003467 0.422915 0.414912 0 
7 0.531915 0.070163 0.336061 0.003467 0.422915 0.414912 1 
7 0.553191 0.070163 0.331003 0.003467 0.422915 0.414912 1 
7 0.574468 0.070163 0.315382 0.003467 0.422915 0.414912 1 
7 0.595745 0.057464 0.300506 0.003467 0.422915 0.414912 0 
7 0.617021 0.070163 0.273282 0.003467 0.422915 0.414912 1 
7 0.638298 0.057464 0.254389 0.003467 0.422915 0.414912 0 
7 0.659574 0.055782 0.250521 0.003467 0.422915 0.414912 0 
7 0.680851 0.05245 0.238173 0.003467 0.422915 0.414912 0 
7 0.702128 0.053381 0.281018 0.003467 0.422915 0.414912 0 
7 0.723404 0.070163 0.331747 0.003467 0.422915 0.414912 1 
7 0.744681 0.078029 0.384112 0.003467 0.422915 0.414912 1 
7 0.765957 0.075327 0.422642 0.003467 0.422915 0.414912 1 
7 0.787234 0.05245 0.430675 0.003467 0.422915 0.414912 0 
7 0.808511 0.057464 0.410295 0.003467 0.422915 0.414912 0 
7 0.829787 0.067972 0.394228 0.003467 0.422915 0.414912 1 
7 0.851064 0.05236 0.370574 0.003467 0.422915 0.414912 0 
7 0.87234 0.053381 0.351979 0.003467 0.422915 0.414912 0 
7 0.893617 0.05245 0.316126 0.003467 0.422915 0.414912 0 
7 0.914894 0.046746 0.283547 0.003467 0.422915 0.414912 0 
7 0.93617 0.053381 0.305861 0.003467 0.422915 0.414912 0 
7 0.957447 0.046746 0.310771 0.003467 0.422915 0.414912 0 
7 0.978723 0.046746 0.323267 0.003467 0.422915 0.414912 0 
7 1 0.045965 0.301696 0.003467 0.422915 0.414912 0 
