7 0 0.041131 0.53496 0.002904 0.439669 0.292105 1 
7 0.021277 0.035817 0.522761 0.002534 0.404454 0.351754 0 
7 0.042553 0.038459 0.491074 0.002723 0.446142 0.256579 0 
7 0.06383 0.036298 0.43975 0.002553 0.415847 0.273246 0 
7 0.085106 0.033265 0.376227 0.002322 0.36639 0.338596 0 
7 0.106383 0.033115 0.31925 0.002287 0.311756 0.428509 0 
7 0.12766 0.033025 0.266439 0.002268 0.269032 0.486404 0 
7 0.148936 0.033025 0.21809 0.002216 0.211289 0.593421 0 
7 0.170213 0.033025 0.190568 0.001843 0.184878 0.593421 0 
7 0.191489 0.033025 0.178518 0.00198 0.188762 0.615351 0 
7 0.212766 0.033025 0.17956 0.001978 0.180735 0.637281 0 
7 0.234043 0.033025 0.190122 0.001978 0.183843 0.635965 0 
7 0.255319 0.033025 0.232966 0.002254 0.200155 0.598246 0 
7 0.276596 0.033025 0.272092 0.002264 0.210772 0.564035 0 
7 0.297872 0.033205 0.325498 0.002285 0.220352 0.539474 0 
7 0.319149 0.032665 0.419072 0.00225 0.257121 0.494737 0 
7 0.340426 0.033866 0.505356 0.002324 0.303211 0.407456 0 
7 0.361702 0.033986 0.556084 0.002341 0.340238 0.402632 0 
7 0.382979 0.033055 0.597441 0.002258 0.374417 0.390789 0 
7 0.404255 0.033265 0.604136 0.002256 0.371051 0.433333 0 
7 0.425532 0.053531 0.583011 0.003652 0.365355 0.385526 1 
7 0.446809 0.048637 0.555936 0.003357 0.351113 0.385526 1 
7 0.468085 0.034947 0.524695 0.002416 0.336354 0.432018 0 
7 0.489362 0.033325 0.504165 0.002293 0.322113 0.435965 0 
7 0.510638 0.033145 0.481702 0.002279 0.303729 0.472807 0 
7 0.531915 0.033265 0.464445 0.002283 0.298032 0.457456 0 
7 0.553191 0.033175 0.448825 0.002279 0.287675 0.474123 0 
7 0.574468 0.033265 0.433204 0.002285 0.287416 0.465351 0 
7 0.595745 0.033295 0.4277 0.002289 0.276541 0.487281 0 
7 0.617021 0.033355 0.415353 0.002295 0.268773 0.48114 0 
7 0.638298 0.033325 0.415353 0.002293 0.257897 0.487719 0 
7 0.659574 0.033265 0.431717 0.002285 0.25738 0.483772 0 
7 0.680851 0.032815 0.465784 0.002254 0.263594 0.479825 0 
7 0.702128 0.033686 0.517406 0.002314 0.305023 0.405702 0 
7 0.723404 0.038669 0.573193 0.002636 0.356292 0.385088 1 
7 0.744681 0.033535 0.65546 0.002262 0.42232 0.375 0 
7 0.765957 0.033265 0.67108 0.002246 0.450285 0.366228 0 
7 0.787234 0.06551 0.650402 0.004474 0.422061 0.351754 1 
7 0.808511 0.072085 0.607855 0.007162 0.38115 0.29693 1 
7 0.829787 0.035787 0.569622 0.002553 0.357846 0.332456 0 
7 0.851064 0.034436 0.539572 0.002572 0.337649 0.376316 0 
7 0.87234 0.033596 0.515769 0.002383 0.316157 0.430702 0 
7 0.893617 0.033926 0.487801 0.002351 0.299327 0.470175 0 
7 0.914894 0.033926 0.452246 0.002337 0.27913 0.475877 0 
7 0.93617 0.034616 0.468611 0.002383 0.294407 0.440789 0 
7 0.957447 0.033355 0.466825 0.002302 0.301657 0.429825 0 
7 0.978723 0.062417 0.457156 0.004312 0.378042 0.320614 1 
7 1 0.035247 0.430378 0.002451 0.379855 0.351754 0 
