3 0 0.087607 0.495686 0.005978 0.415588 0.52193 1 
3 0.021277 0.069653 0.474561 0.004728 0.385034 0.518421 0 
3 0.042553 0.074517 0.447783 0.005083 0.430088 0.457018 0 
3 0.06383 0.062207 0.397501 0.004233 0.407302 0.496053 0 
3 0.085106 0.048937 0.334871 0.003305 0.36898 0.570614 0 
3 0.106383 0.045695 0.289497 0.003054 0.321077 0.664474 0 
3 0.12766 0.045124 0.244868 0.002979 0.282755 0.687719 0 
3 0.148936 0.043983 0.211247 0.002889 0.246245 0.716667 0 
3 0.170213 0.045394 0.19637 0.00296 0.232781 0.764474 0 
3 0.191489 0.045605 0.194734 0.002769 0.216468 0.765789 0 
3 0.212766 0.041852 0.221511 0.002703 0.217245 0.759649 0 
3 0.234043 0.044584 0.270306 0.002921 0.243656 0.719737 0 
3 0.255319 0.046625 0.373996 0.003105 0.309684 0.614912 0 
3 0.276596 0.049628 0.477983 0.003378 0.387105 0.518421 0 
3 0.297872 0.048427 0.491967 0.00333 0.441481 0.44386 0 
3 0.319149 0.068122 0.558465 0.004753 0.511652 0.34693 0 
3 0.340426 0.093341 0.563969 0.006415 0.546608 0.347368 1 
3 0.361702 0.058364 0.558465 0.004009 0.55101 0.303509 0 
3 0.382979 0.070614 0.586879 0.004857 0.561108 0.323246 0 
3 0.404255 0.099255 0.594615 0.006757 0.567323 0.382895 1 
3 0.425532 0.069593 0.580482 0.004755 0.561367 0.35307 0 
3 0.446809 0.07896 0.556382 0.005415 0.555412 0.376754 0 
3 0.468085 0.056743 0.541506 0.003901 0.553599 0.396053 0 
3 0.489362 0.060046 0.52886 0.004136 0.54117 0.403509 0 
3 0.510638 0.059055 0.523505 0.004071 0.522009 0.382018 0 
3 0.531915 0.055812 0.507587 0.003866 0.526152 0.332895 0 
3 0.553191 0.056203 0.494198 0.003905 0.544537 0.302193 0 
3 0.574468 0.057163 0.490925 0.003976 0.554635 0.306579 0 
3 0.595745 0.059956 0.493603 0.004169 0.54376 0.323684 0 
3 0.617021 0.056203 0.481851 0.003907 0.530813 0.335088 0 
3 0.638298 0.055602 0.474412 0.003857 0.516572 0.351754 0 
3 0.659574 0.057944 0.481404 0.00399 0.517866 0.365351 0 
3 0.680851 0.056593 0.496132 0.003909 0.526929 0.347368 0 
3 0.702128 0.062207 0.528563 0.004285 0.545054 0.415351 0 
3 0.723404 0.093791 0.608152 0.006296 0.5971 0.521053 1 
3 0.744681 0.13147 0.696668 0.008656 0.660021 0.544298 1 
3 0.765957 0.156719 0.702916 0.010193 0.65044 0.597807 1 
3 0.787234 0.132701 0.677031 0.008677 0.601502 0.526316 1 
3 0.808511 0.133662 0.638947 0.008805 0.558519 0.505702 1 
3 0.829787 0.111655 0.60726 0.007428 0.526411 0.482895 1 
3 0.851064 0.095082 0.590301 0.006361 0.496116 0.539474 1 
3 0.87234 0.109493 0.56873 0.007277 0.468151 0.575439 1 
3 0.893617 0.090579 0.527968 0.006009 0.436044 0.589035 1 
3 0.914894 0.077369 0.486611 0.005154 0.408597 0.577632 1 
3 0.93617 0.063048 0.526778 0.004221 0.381926 0.614912 0 
3 0.957447 0.051969 0.5241 0.003511 0.368462 0.512719 0 
3 0.978723 0.066951 0.524993 0.004693 0.457794 0.439474 0 
3 1 0.070373 0.518596 0.004555 0.452356 0.467105 0 
