4 0 0.035127 0.496727 0.002339 0.446919 0.609211 1 
4 0.021277 0.031884 0.472925 0.002113 0.423356 0.561404 1 
4 0.042553 0.035307 0.440643 0.002364 0.483687 0.496491 1 
4 0.06383 0.029572 0.390955 0.001982 0.464785 0.492544 0 
4 0.085106 0.028972 0.328027 0.00194 0.42465 0.529386 0 
4 0.106383 0.029002 0.276406 0.001832 0.392543 0.546491 0 
4 0.12766 0.027951 0.234603 0.001847 0.36898 0.65614 0 
4 0.148936 0.027621 0.206784 0.001811 0.342051 0.664035 0 
4 0.170213 0.027141 0.189081 0.001774 0.334024 0.681579 0 
4 0.191489 0.02612 0.19161 0.001705 0.319524 0.697807 0 
4 0.212766 0.027471 0.219131 0.001766 0.327809 0.723684 0 
4 0.234043 0.027351 0.26748 0.001793 0.351372 0.620175 0 
4 0.255319 0.030623 0.362243 0.002048 0.428017 0.504825 0 
4 0.276596 0.034526 0.466677 0.002341 0.500777 0.429386 1 
4 0.297872 0.034436 0.512794 0.002366 0.545831 0.378947 1 
4 0.319149 0.034436 0.587325 0.002391 0.628431 0.321491 1 
4 0.340426 0.030263 0.613954 0.002102 0.668566 0.271491 0 
4 0.361702 0.029813 0.594466 0.002075 0.664682 0.24386 0 
4 0.382979 0.028972 0.606218 0.002023 0.666494 0.29386 0 
4 0.404255 0.028942 0.608896 0.002021 0.65044 0.328947 0 
4 0.425532 0.028942 0.601458 0.002025 0.637752 0.303947 0 
4 0.446809 0.036628 0.595656 0.002547 0.631279 0.312281 1 
4 0.468085 0.036988 0.587325 0.002559 0.618332 0.347807 1 
4 0.489362 0.034676 0.58435 0.002401 0.60435 0.347807 1 
4 0.510638 0.035517 0.584052 0.002464 0.585189 0.374123 1 
4 0.531915 0.034496 0.573193 0.002387 0.571724 0.362719 1 
4 0.553191 0.034947 0.570961 0.002432 0.588555 0.325439 1 
4 0.574468 0.033145 0.567688 0.00231 0.585189 0.366228 1 
4 0.595745 0.028912 0.561738 0.002023 0.563956 0.392544 0 
4 0.617021 0.028672 0.551026 0.002009 0.556706 0.356579 0 
4 0.638298 0.028612 0.548795 0.002 0.54117 0.420175 0 
4 0.659574 0.030023 0.578399 0.002092 0.541688 0.408333 0 
4 0.680851 0.03882 0.60607 0.002682 0.535733 0.459649 1 
4 0.702128 0.03957 0.659774 0.002721 0.563698 0.436842 1 
4 0.723404 0.03954 0.720916 0.002717 0.634386 0.334649 1 
4 0.744681 0.040261 0.757959 0.002754 0.714397 0.341667 1 
4 0.765957 0.037769 0.738768 0.002545 0.692905 0.397368 1 
4 0.787234 0.033986 0.702767 0.002279 0.649663 0.398246 1 
4 0.808511 0.033596 0.665873 0.002258 0.598912 0.410526 1 
4 0.829787 0.033415 0.630467 0.002231 0.576903 0.421491 1 
4 0.851064 0.030773 0.600565 0.002083 0.546608 0.414474 0 
4 0.87234 0.031674 0.585986 0.002152 0.519679 0.399561 0 
4 0.893617 0.029212 0.542696 0.002 0.491714 0.433772 0 
4 0.914894 0.027201 0.490925 0.001865 0.453651 0.505702 0 
4 0.93617 0.028432 0.517108 0.00194 0.433713 0.511842 0 
4 0.957447 0.027771 0.519042 0.001878 0.408079 0.514035 0 
4 0.978723 0.030503 0.519042 0.002056 0.462714 0.529825 0 
4 1 0.032875 0.505653 0.002185 0.445883 0.55307 1 
