1 0 0.041582 0.390211 0.003467 0.422915 0.414912 0 
1 0.021277 0.041582 0.346921 0.003467 0.422915 0.414912 0 
1 0.042553 0.041582 0.325945 0.003467 0.422915 0.414912 0 
1 0.06383 0.041492 0.288605 0.003467 0.422915 0.414912 0 
1 0.085106 0.041492 0.255727 0.003467 0.422915 0.414912 0 
1 0.106383 0.041341 0.227313 0.003467 0.422915 0.414912 0 
1 0.12766 0.041341 0.19994 0.003467 0.422915 0.414912 0 
1 0.148936 0.041341 0.175097 0.003467 0.422915 0.414912 0 
1 0.170213 0.041582 0.168105 0.003467 0.422915 0.414912 0 
1 0.191489 0.041732 0.179262 0.003467 0.422915 0.414912 0 
1 0.212766 0.041732 0.20961 0.003467 0.422915 0.414912 0 
1 0.234043 0.041732 0.260042 0.003467 0.422915 0.414912 0 
1 0.255319 0.041882 0.36626 0.003467 0.422915 0.414912 0 
1 0.276596 0.041732 0.467718 0.003467 0.422915 0.414912 0 
1 0.297872 0.041732 0.489735 0.003467 0.422915 0.414912 0 
1 0.319149 0.075117 0.582862 0.003467 0.422915 0.414912 1 
1 0.340426 0.090579 0.63612 0.003467 0.422915 0.414912 1 
1 0.361702 0.041882 0.65784 0.003467 0.422915 0.414912 0 
1 0.382979 0.041882 0.69756 0.003467 0.422915 0.414912 0 
1 0.404255 0.041882 0.71199 0.003467 0.422915 0.414912 0 
1 0.425532 0.075117 0.693841 0.003467 0.422915 0.414912 1 
1 0.446809 0.041882 0.665427 0.003467 0.422915 0.414912 0 
1 0.468085 0.041882 0.643261 0.003467 0.422915 0.414912 0 
1 0.489362 0.10565 0.629128 0.003467 0.422915 0.414912 1 
1 0.510638 0.090579 0.613508 0.003467 0.422915 0.414912 1 
1 0.531915 0.10565 0.600565 0.003467 0.422915 0.414912 1 
1 0.553191 0.090579 0.589557 0.003467 0.422915 0.414912 1 
1 0.574468 0.120151 0.582862 0.003467 0.422915 0.414912 1 
1 0.595745 0.10565 0.561738 0.003467 0.422915 0.414912 1 
1 0.617021 0.120151 0.554002 0.003467 0.422915 0.414912 1 
1 0.638298 0.120151 0.546712 0.003467 0.422915 0.414912 1 
1 0.659574 0.125796 0.567837 0.003467 0.422915 0.414912 1 
1 0.680851 0.129398 0.601904 0.003467 0.422915 0.414912 1 
1 0.702128 0.148913 0.66632 0.003467 0.422915 0.414912 1 
1 0.723404 0.134682 0.754686 0.003467 0.422915 0.414912 1 
1 0.744681 0.132521 0.839036 0.003467 0.422915 0.414912 1 
1 0.765957 0.120151 0.836209 0.003467 0.422915 0.414912 1 
1 0.787234 0.090579 0.808837 0.003467 0.422915 0.414912 1 
1 0.808511 0.090579 0.767926 0.003467 0.422915 0.414912 1 
1 0.829787 0.075117 0.738619 0.003467 0.422915 0.414912 1 
1 0.851064 0.120151 0.707081 0.003467 0.422915 0.414912 1 
1 0.87234 0.075117 0.67956 0.003467 0.422915 0.414912 1 
1 0.893617 0.090579 0.633442 0.003467 0.422915 0.414912 1 
1 0.914894 0.041882 0.572151 0.003467 0.422915 0.414912 0 
1 0.93617 0.120151 0.610235 0.003467 0.422915 0.414912 1 
1 0.957447 0.099616 0.608599 0.003467 0.422915 0.414912 1 
1 0.978723 0.120151 0.592681 0.003467 0.422915 0.414912 1 
1 1 0.099616 0.570812 0.003467 0.422915 0.414912 1 
