1 0 0.042422 0.380542 0.003467 0.422915 0.414912 0 
1 0.021277 0.042422 0.334424 0.003467 0.422915 0.414912 0 
1 0.042553 0.042422 0.324159 0.003467 0.422915 0.414912 0 
1 0.06383 0.042422 0.283249 0.003467 0.422915 0.414912 0 
1 0.085106 0.042422 0.245909 0.003467 0.422915 0.414912 0 
1 0.106383 0.042422 0.212288 0.003467 0.422915 0.414912 0 
1 0.12766 0.042272 0.186849 0.003467 0.422915 0.414912 0 
1 0.148936 0.042272 0.166617 0.003467 0.422915 0.414912 0 
1 0.170213 0.042272 0.162303 0.003467 0.422915 0.414912 0 
1 0.191489 0.056173 0.166617 0.003467 0.422915 0.414912 0 
1 0.212766 0.057734 0.20366 0.003467 0.422915 0.414912 0 
1 0.234043 0.064519 0.253942 0.003467 0.422915 0.414912 1 
1 0.255319 0.083614 0.354805 0.003467 0.422915 0.414912 1 
1 0.276596 0.089798 0.458643 0.003467 0.422915 0.414912 1 
1 0.297872 0.056173 0.486016 0.003467 0.422915 0.414912 0 
1 0.319149 0.074817 0.565308 0.003467 0.422915 0.414912 1 
1 0.340426 0.074817 0.613657 0.003467 0.422915 0.414912 1 
1 0.361702 0.059235 0.627789 0.003467 0.422915 0.414912 0 
1 0.382979 0.074817 0.663642 0.003467 0.422915 0.414912 1 
1 0.404255 0.059235 0.668849 0.003467 0.422915 0.414912 0 
1 0.425532 0.057734 0.648319 0.003467 0.422915 0.414912 0 
1 0.446809 0.074817 0.626153 0.003467 0.422915 0.414912 1 
1 0.468085 0.11886 0.600565 0.003467 0.422915 0.414912 1 
1 0.489362 0.115468 0.584796 0.003467 0.422915 0.414912 1 
1 0.510638 0.106071 0.578697 0.003467 0.422915 0.414912 1 
1 0.531915 0.074817 0.567688 0.003467 0.422915 0.414912 1 
1 0.553191 0.064519 0.559952 0.003467 0.422915 0.414912 0 
1 0.574468 0.085565 0.548795 0.003467 0.422915 0.414912 1 
1 0.595745 0.085565 0.542249 0.003467 0.422915 0.414912 1 
1 0.617021 0.085565 0.539572 0.003467 0.422915 0.414912 1 
1 0.638298 0.089798 0.540018 0.003467 0.422915 0.414912 1 
1 0.659574 0.106071 0.548944 0.003467 0.422915 0.414912 1 
1 0.680851 0.106071 0.561738 0.003467 0.422915 0.414912 1 
1 0.702128 0.119731 0.632252 0.003467 0.422915 0.414912 1 
1 0.723404 0.134172 0.721214 0.003467 0.422915 0.414912 1 
1 0.744681 0.146511 0.799167 0.003467 0.422915 0.414912 1 
1 0.765957 0.106071 0.801547 0.003467 0.422915 0.414912 1 
1 0.787234 0.106071 0.772092 0.003467 0.422915 0.414912 1 
1 0.808511 0.089798 0.73371 0.003467 0.422915 0.414912 1 
1 0.829787 0.074817 0.705296 0.003467 0.422915 0.414912 1 
1 0.851064 0.089798 0.680006 0.003467 0.422915 0.414912 1 
1 0.87234 0.089798 0.651145 0.003467 0.422915 0.414912 1 
1 0.893617 0.064519 0.590003 0.003467 0.422915 0.414912 0 
1 0.914894 0.042422 0.530348 0.003467 0.422915 0.414912 0 
1 0.93617 0.085565 0.560399 0.003467 0.422915 0.414912 1 
1 0.957447 0.064519 0.553704 0.003467 0.422915 0.414912 0 
1 0.978723 0.064519 0.556828 0.003467 0.422915 0.414912 0 
1 1 0.064519 0.551175 0.003467 0.422915 0.414912 0 
