6 0 0.082833 0.353317 0.003467 0.422915 0.414912 0 
6 0.021277 0.059865 0.280869 0.003467 0.422915 0.414912 0 
6 0.042553 0.059865 0.226272 0.003467 0.422915 0.414912 0 
6 0.06383 0.059865 0.185957 0.003467 0.422915 0.414912 0 
6 0.085106 0.049778 0.155311 0.003467 0.422915 0.414912 0 
6 0.106383 0.059865 0.126599 0.003467 0.422915 0.414912 0 
6 0.12766 0.059865 0.115442 0.003467 0.422915 0.414912 0 
6 0.148936 0.059865 0.107409 0.003467 0.422915 0.414912 0 
6 0.170213 0.071364 0.116037 0.003467 0.422915 0.414912 0 
6 0.191489 0.068512 0.124517 0.003467 0.422915 0.414912 0 
6 0.212766 0.071364 0.147873 0.003467 0.422915 0.414912 0 
6 0.234043 0.071364 0.176287 0.003467 0.422915 0.414912 0 
6 0.255319 0.080972 0.221958 0.003467 0.422915 0.414912 0 
6 0.276596 0.076708 0.275067 0.003467 0.422915 0.414912 0 
6 0.297872 0.076708 0.324903 0.003467 0.422915 0.414912 0 
6 0.319149 0.085505 0.365219 0.003467 0.422915 0.414912 0 
6 0.340426 0.090939 0.410295 0.003467 0.422915 0.414912 0 
6 0.361702 0.085505 0.422493 0.003467 0.422915 0.414912 0 
6 0.382979 0.080972 0.420113 0.003467 0.422915 0.414912 0 
6 0.404255 0.076708 0.410146 0.003467 0.422915 0.414912 0 
6 0.425532 0.080972 0.403005 0.003467 0.422915 0.414912 0 
6 0.446809 0.080972 0.393782 0.003467 0.422915 0.414912 0 
6 0.468085 0.080972 0.386492 0.003467 0.422915 0.414912 0 
6 0.489362 0.080972 0.37831 0.003467 0.422915 0.414912 0 
6 0.510638 0.076708 0.356144 0.003467 0.422915 0.414912 0 
6 0.531915 0.074817 0.34454 0.003467 0.422915 0.414912 0 
6 0.553191 0.074817 0.327879 0.003467 0.422915 0.414912 0 
6 0.574468 0.075718 0.323564 0.003467 0.422915 0.414912 0 
6 0.595745 0.074817 0.319845 0.003467 0.422915 0.414912 0 
6 0.617021 0.075718 0.317614 0.003467 0.422915 0.414912 0 
6 0.638298 0.074817 0.314639 0.003467 0.422915 0.414912 0 
6 0.659574 0.075718 0.31687 0.003467 0.422915 0.414912 0 
6 0.680851 0.074817 0.304522 0.003467 0.422915 0.414912 0 
6 0.702128 0.074817 0.319548 0.003467 0.422915 0.414912 0 
6 0.723404 0.074817 0.334127 0.003467 0.422915 0.414912 0 
6 0.744681 0.061096 0.328474 0.003467 0.422915 0.414912 0 
6 0.765957 0.059265 0.32044 0.003467 0.422915 0.414912 0 
6 0.787234 0.061096 0.331598 0.003467 0.422915 0.414912 0 
6 0.808511 0.074817 0.33859 0.003467 0.422915 0.414912 0 
6 0.829787 0.074817 0.329813 0.003467 0.422915 0.414912 0 
6 0.851064 0.059265 0.306754 0.003467 0.422915 0.414912 0 
6 0.87234 0.059265 0.281315 0.003467 0.422915 0.414912 0 
6 0.893617 0.074817 0.301547 0.003467 0.422915 0.414912 0 
6 0.914894 0.059265 0.309283 0.003467 0.422915 0.414912 0 
6 0.93617 0.075718 0.324457 0.003467 0.422915 0.414912 1 
6 0.957447 0.074817 0.303481 0.003467 0.422915 0.414912 1 
6 0.978723 0.059265 0.287861 0.003467 0.422915 0.414912 0 
6 1 0.059265 0.252901 0.003467 0.422915 0.414912 0 
