5 0 0.102228 0.366111 0.003467 0.422915 0.414912 1 
5 0.021277 0.074817 0.300803 0.003467 0.422915 0.414912 0 
5 0.042553 0.074817 0.2349 0.003467 0.422915 0.414912 0 
5 0.06383 0.053981 0.200387 0.003467 0.422915 0.414912 0 
5 0.085106 0.053981 0.1687 0.003467 0.422915 0.414912 0 
5 0.106383 0.074787 0.148319 0.003467 0.422915 0.414912 0 
5 0.12766 0.051909 0.13255 0.003467 0.422915 0.414912 0 
5 0.148936 0.051909 0.131806 0.003467 0.422915 0.414912 0 
5 0.170213 0.074787 0.155608 0.003467 0.422915 0.414912 0 
5 0.191489 0.074787 0.185957 0.003467 0.422915 0.414912 0 
5 0.212766 0.095112 0.267034 0.003467 0.422915 0.414912 0 
5 0.234043 0.102018 0.351979 0.003467 0.422915 0.414912 0 
5 0.255319 0.114987 0.358227 0.003467 0.422915 0.414912 1 
5 0.276596 0.103309 0.402708 0.003467 0.422915 0.414912 1 
5 0.297872 0.095112 0.429337 0.003467 0.422915 0.414912 0 
5 0.319149 0.102018 0.439304 0.003467 0.422915 0.414912 1 
5 0.340426 0.102018 0.474561 0.003467 0.422915 0.414912 1 
5 0.361702 0.102018 0.494644 0.003467 0.422915 0.414912 1 
5 0.382979 0.114987 0.488248 0.003467 0.422915 0.414912 1 
5 0.404255 0.114777 0.482297 0.003467 0.422915 0.414912 1 
5 0.425532 0.102018 0.478578 0.003467 0.422915 0.414912 1 
5 0.446809 0.114777 0.480512 0.003467 0.422915 0.414912 1 
5 0.468085 0.102018 0.468164 0.003467 0.422915 0.414912 1 
5 0.489362 0.102018 0.468611 0.003467 0.422915 0.414912 1 
5 0.510638 0.102018 0.465189 0.003467 0.422915 0.414912 1 
5 0.531915 0.074817 0.451205 0.003467 0.422915 0.414912 0 
5 0.553191 0.074817 0.448527 0.003467 0.422915 0.414912 0 
5 0.574468 0.095112 0.440196 0.003467 0.422915 0.414912 0 
5 0.595745 0.074817 0.42413 0.003467 0.422915 0.414912 0 
5 0.617021 0.070764 0.427403 0.003467 0.422915 0.414912 0 
5 0.638298 0.102018 0.431419 0.003467 0.422915 0.414912 1 
5 0.659574 0.095112 0.434097 0.003467 0.422915 0.414912 0 
5 0.680851 0.102018 0.423981 0.003467 0.422915 0.414912 1 
5 0.702128 0.074817 0.412377 0.003467 0.422915 0.414912 0 
5 0.723404 0.062838 0.377417 0.003467 0.422915 0.414912 0 
5 0.744681 0.062838 0.360309 0.003467 0.422915 0.414912 0 
5 0.765957 0.062838 0.346474 0.003467 0.422915 0.414912 0 
5 0.787234 0.056113 0.337846 0.003467 0.422915 0.414912 0 
5 0.808511 0.056113 0.342606 0.003467 0.422915 0.414912 0 
5 0.829787 0.053981 0.343796 0.003467 0.422915 0.414912 0 
5 0.851064 0.056113 0.324159 0.003467 0.422915 0.414912 0 
5 0.87234 0.056113 0.305713 0.003467 0.422915 0.414912 0 
5 0.893617 0.062838 0.337995 0.003467 0.422915 0.414912 0 
5 0.914894 0.070764 0.362987 0.003467 0.422915 0.414912 0 
5 0.93617 0.095112 0.391848 0.003467 0.422915 0.414912 1 
5 0.957447 0.074817 0.402708 0.003467 0.422915 0.414912 0 
5 0.978723 0.074817 0.395418 0.003467 0.422915 0.414912 0 
5 1 0.074817 0.379649 0.003467 0.422915 0.414912 0 
