3 0 0.035247 0.306308 0.002385 0.228379 0.412281 0 
3 0.021277 0.031104 0.249926 0.002113 0.204039 0.438158 0 
3 0.042553 0.033535 0.198602 0.002289 0.262558 0.31886 0 
3 0.06383 0.030533 0.160518 0.002077 0.235111 0.37193 0 
3 0.085106 0.028522 0.128831 0.001934 0.194459 0.459211 0 
3 0.106383 0.02648 0.111723 0.001784 0.152771 0.522368 0 
3 0.12766 0.02642 0.105772 0.00177 0.129984 0.597368 0 
3 0.148936 0.027981 0.110533 0.001874 0.129984 0.569298 0 
3 0.170213 0.028101 0.129872 0.001882 0.132056 0.600877 0 
3 0.191489 0.028131 0.156947 0.001888 0.143449 0.555263 0 
3 0.212766 0.033025 0.214817 0.002225 0.166753 0.508333 0 
3 0.234043 0.034316 0.271497 0.002329 0.2087 0.417105 0 
3 0.255319 0.033596 0.2892 0.002302 0.272139 0.315789 0 
3 0.276596 0.035967 0.344689 0.002462 0.318747 0.310965 0 
3 0.297872 0.035217 0.383071 0.002416 0.312791 0.332018 0 
3 0.319149 0.035967 0.415799 0.002472 0.323408 0.302632 0 
3 0.340426 0.037348 0.469949 0.002551 0.351631 0.348684 0 
3 0.361702 0.041131 0.490479 0.0028 0.360435 0.364474 0 
3 0.382979 0.041642 0.486314 0.002838 0.364319 0.363596 0 
3 0.404255 0.040891 0.485867 0.002784 0.36898 0.367544 0 
3 0.425532 0.03903 0.482892 0.002653 0.377784 0.332456 0 
3 0.446809 0.043683 0.481999 0.002977 0.388918 0.330702 1 
3 0.468085 0.045154 0.484975 0.003078 0.391507 0.336842 1 
3 0.489362 0.046295 0.484231 0.003155 0.396945 0.317105 1 
3 0.510638 0.05278 0.49152 0.003596 0.400311 0.325877 1 
3 0.531915 0.05251 0.485719 0.003579 0.404454 0.315351 1 
3 0.553191 0.054341 0.479173 0.003702 0.402123 0.302632 1 
3 0.574468 0.043113 0.476793 0.002948 0.402382 0.292544 1 
3 0.595745 0.042092 0.472925 0.002875 0.395909 0.319737 1 
3 0.617021 0.041642 0.47233 0.002842 0.388918 0.316228 1 
3 0.638298 0.043353 0.471586 0.002964 0.392802 0.293421 1 
3 0.659574 0.043233 0.468759 0.00296 0.394614 0.282018 1 
3 0.680851 0.03987 0.453436 0.002727 0.39798 0.273684 1 
3 0.702128 0.038399 0.44704 0.002626 0.384775 0.257895 1 
3 0.723404 0.036057 0.418774 0.002464 0.343604 0.275439 0 
3 0.744681 0.034736 0.394079 0.002391 0.30347 0.353947 0 
3 0.765957 0.029723 0.370277 0.00205 0.261523 0.415351 0 
3 0.787234 0.029422 0.35183 0.002021 0.236665 0.459649 0 
3 0.808511 0.029723 0.361351 0.002038 0.228897 0.462281 0 
3 0.829787 0.030833 0.374888 0.002119 0.238477 0.420614 0 
3 0.851064 0.031194 0.355103 0.002148 0.260487 0.400877 0 
3 0.87234 0.029272 0.318953 0.002005 0.24262 0.475 0 
3 0.893617 0.029302 0.356442 0.00199 0.209995 0.583772 0 
3 0.914894 0.028492 0.365665 0.001921 0.190057 0.673684 0 
3 0.93617 0.030023 0.388129 0.002007 0.187209 0.719737 0 
3 0.957447 0.031164 0.388724 0.002079 0.197048 0.634649 0 
3 0.978723 0.035967 0.38069 0.002416 0.288969 0.483333 0 
3 1 0.035967 0.352722 0.002414 0.281978 0.537281 0 
