4 0 0.028011 0.350491 0.000841 0.357846 0.661404 0 
4 0.021277 0.027381 0.296638 0.000841 0.323408 0.683333 0 
4 0.042553 0.027111 0.242339 0.000991 0.369757 0.661404 0 
4 0.06383 0.02696 0.21199 0.000841 0.347229 0.661404 0 
4 0.085106 0.02663 0.170931 0.000839 0.292595 0.749123 0 
4 0.106383 0.025279 0.156055 0.000839 0.258415 0.727193 0 
4 0.12766 0.024949 0.162898 0.000841 0.240031 0.814912 0 
4 0.148936 0.023688 0.166617 0.000841 0.240031 0.836842 0 
4 0.170213 0.02627 0.190122 0.000841 0.253237 0.836842 0 
4 0.191489 0.029062 0.227165 0.001375 0.276541 0.840351 0 
4 0.212766 0.032245 0.284737 0.001793 0.313568 0.75614 1 
4 0.234043 0.033806 0.345284 0.002067 0.363801 0.712281 1 
4 0.255319 0.029482 0.378756 0.001624 0.439927 0.664912 0 
4 0.276596 0.028161 0.430675 0.001086 0.499482 0.659211 0 
4 0.297872 0.027981 0.474412 0.00085 0.488348 0.684649 0 
4 0.319149 0.027951 0.507736 0.001248 0.51709 0.722807 0 
4 0.340426 0.028792 0.563076 0.001836 0.540394 0.687719 0 
4 0.361702 0.028912 0.579292 0.001851 0.555412 0.661404 0 
4 0.382979 0.029062 0.577507 0.001867 0.573537 0.634211 0 
4 0.404255 0.028942 0.569027 0.001865 0.591144 0.598246 0 
4 0.425532 0.029272 0.576168 0.00189 0.599689 0.570614 0 
4 0.446809 0.029693 0.580482 0.001926 0.617038 0.549561 0 
4 0.468085 0.029332 0.581226 0.001901 0.611859 0.555702 0 
4 0.489362 0.029482 0.575573 0.001913 0.624806 0.525439 0 
4 0.510638 0.030233 0.589705 0.001963 0.647851 0.496053 1 
4 0.531915 0.030293 0.586879 0.001967 0.658726 0.475877 1 
4 0.553191 0.030173 0.586135 0.001961 0.666753 0.485088 1 
4 0.574468 0.030113 0.577655 0.001963 0.66986 0.461842 1 
4 0.595745 0.030233 0.575275 0.001967 0.675298 0.447807 1 
4 0.617021 0.031704 0.571854 0.002067 0.685655 0.267105 1 
4 0.638298 0.034436 0.571705 0.002256 0.683325 0.284211 1 
4 0.659574 0.034736 0.571556 0.002275 0.691093 0.264474 1 
4 0.680851 0.033956 0.551175 0.002227 0.688244 0.266667 1 
4 0.702128 0.034676 0.537489 0.002281 0.660539 0.275 1 
4 0.723404 0.036328 0.500744 0.002416 0.607716 0.320175 1 
4 0.744681 0.028672 0.474859 0.001911 0.556189 0.447807 0 
4 0.765957 0.028492 0.450164 0.001863 0.515277 0.516667 0 
4 0.787234 0.027651 0.417435 0.001718 0.481098 0.630702 0 
4 0.808511 0.027261 0.41089 0.001221 0.455981 0.652632 0 
4 0.829787 0.027771 0.426361 0.001377 0.447437 0.652632 0 
4 0.851064 0.027501 0.408212 0.001599 0.463231 0.652632 0 
4 0.87234 0.027051 0.378161 0.00139 0.437856 0.64386 0 
4 0.893617 0.027651 0.412824 0.001653 0.395132 0.634211 0 
4 0.914894 0.027621 0.423981 0.001724 0.355515 0.705263 0 
4 0.93617 0.028251 0.440048 0.001809 0.33972 0.704386 0 
4 0.957447 0.028101 0.436328 0.001041 0.321595 0.705263 0 
4 0.978723 0.029002 0.418179 0.001705 0.397721 0.608772 0 
4 1 0.028672 0.388426 0.001847 0.387364 0.667982 0 
