6 0 0.036147 0.529307 0.00241 0.46116 0.640351 1 
6 0.021277 0.034016 0.512943 0.002266 0.434749 0.657895 1 
6 0.042553 0.034436 0.483487 0.002304 0.488348 0.544737 1 
6 0.06383 0.033415 0.441982 0.002241 0.464008 0.587281 1 
6 0.085106 0.031854 0.383517 0.002137 0.422061 0.622807 0 
6 0.106383 0.030833 0.335019 0.002061 0.380114 0.695175 0 
6 0.12766 0.028882 0.284885 0.001849 0.33247 0.771053 0 
6 0.148936 0.024949 0.251413 0.001653 0.302175 0.718421 0 
6 0.170213 0.021526 0.228503 0.001435 0.279648 0.738596 0 
6 0.191489 0.021166 0.228206 0.00141 0.266183 0.757018 0 
6 0.212766 0.022247 0.250967 0.001481 0.275764 0.773246 0 
6 0.234043 0.028912 0.305415 0.001757 0.303729 0.796491 0 
6 0.255319 0.031134 0.423832 0.002083 0.385293 0.675877 0 
6 0.276596 0.033716 0.539125 0.002283 0.453392 0.614912 1 
6 0.297872 0.032395 0.548646 0.0022 0.484982 0.538596 0 
6 0.319149 0.036478 0.610533 0.002484 0.542724 0.548246 1 
6 0.340426 0.037919 0.619012 0.002572 0.573019 0.532018 1 
6 0.361702 0.037108 0.59997 0.002524 0.570171 0.498684 1 
6 0.382979 0.038489 0.627046 0.002605 0.571207 0.527632 1 
6 0.404255 0.037378 0.626004 0.002543 0.560331 0.542105 1 
6 0.425532 0.035397 0.598483 0.002412 0.540653 0.560526 1 
6 0.446809 0.033265 0.5723 0.002283 0.531072 0.566228 1 
6 0.468085 0.032695 0.552217 0.002231 0.517866 0.56886 1 
6 0.489362 0.032275 0.534067 0.002196 0.508804 0.595614 0 
6 0.510638 0.030353 0.520827 0.002069 0.491973 0.580263 0 
6 0.531915 0.030353 0.503124 0.002065 0.47825 0.600877 0 
6 0.553191 0.030353 0.494644 0.002073 0.49767 0.532456 0 
6 0.574468 0.030353 0.480363 0.002069 0.485241 0.521491 0 
6 0.595745 0.030353 0.469354 0.002067 0.476955 0.535526 0 
6 0.617021 0.030353 0.452693 0.002065 0.463231 0.563158 0 
6 0.638298 0.030353 0.440345 0.002059 0.446401 0.585965 0 
6 0.659574 0.030353 0.442279 0.002054 0.426722 0.597807 0 
6 0.680851 0.030353 0.446147 0.002056 0.416624 0.619298 0 
6 0.702128 0.030353 0.459238 0.002054 0.430865 0.632456 0 
6 0.723404 0.030353 0.488099 0.002063 0.448213 0.610526 0 
6 0.744681 0.031584 0.564118 0.002164 0.484205 0.583333 0 
6 0.765957 0.033385 0.609045 0.002273 0.526411 0.538596 1 
6 0.787234 0.033535 0.596846 0.002279 0.532108 0.571053 1 
6 0.808511 0.032815 0.57349 0.002219 0.505179 0.607018 1 
6 0.829787 0.032695 0.544035 0.0022 0.479544 0.644298 1 
6 0.851064 0.032695 0.524546 0.002189 0.45391 0.660526 1 
6 0.87234 0.032124 0.511306 0.002158 0.438115 0.67193 1 
6 0.893617 0.030353 0.479917 0.002009 0.404972 0.719298 0 
6 0.914894 0.030353 0.445701 0.002025 0.378042 0.697807 0 
6 0.93617 0.031314 0.506546 0.002077 0.36639 0.735088 0 
6 0.957447 0.032875 0.529158 0.001936 0.363024 0.675877 1 
6 0.978723 0.035787 0.534662 0.002391 0.462196 0.585526 1 
6 1 0.033505 0.527224 0.002275 0.45883 0.626316 1 
