4 0 0.040351 0.522315 0.002254 0.47825 0.711842 1 
4 0.021277 0.03966 0.508033 0.002613 0.457535 0.745175 0 
4 0.042553 0.043263 0.475602 0.002869 0.510098 0.621053 1 
4 0.06383 0.03891 0.431866 0.002597 0.494562 0.645614 0 
4 0.085106 0.04002 0.372508 0.002682 0.451579 0.692105 0 
4 0.106383 0.0393 0.326986 0.002632 0.413257 0.748246 0 
4 0.12766 0.036868 0.275513 0.002374 0.371051 0.794298 0 
4 0.148936 0.034616 0.241 0.001961 0.333506 0.816228 0 
4 0.170213 0.031464 0.22166 0.001921 0.310202 0.810088 0 
4 0.191489 0.030833 0.217495 0.001658 0.302693 0.816228 0 
4 0.212766 0.032785 0.241148 0.001074 0.305023 0.794298 0 
4 0.234043 0.033385 0.285927 0.00221 0.334024 0.790789 0 
4 0.255319 0.038309 0.378756 0.002563 0.399275 0.660965 0 
4 0.276596 0.036388 0.459685 0.002435 0.469446 0.634211 0 
4 0.297872 0.037739 0.47947 0.002507 0.505179 0.602193 0 
4 0.319149 0.035727 0.559952 0.002337 0.570171 0.561842 0 
4 0.340426 0.03918 0.5964 0.002563 0.633868 0.569298 0 
4 0.361702 0.03927 0.617525 0.002567 0.669601 0.549123 0 
4 0.382979 0.03933 0.658137 0.002574 0.692128 0.522368 0 
4 0.404255 0.03933 0.669741 0.002599 0.685396 0.508333 0 
4 0.425532 0.03933 0.65055 0.002615 0.669601 0.50307 0 
4 0.446809 0.03933 0.624963 0.002617 0.670119 0.514912 1 
4 0.468085 0.03933 0.602648 0.002621 0.672967 0.493421 1 
4 0.489362 0.03933 0.598185 0.002626 0.675039 0.484211 1 
4 0.510638 0.03933 0.589854 0.002626 0.673744 0.484211 1 
4 0.531915 0.03933 0.574383 0.002617 0.691611 0.419737 1 
4 0.553191 0.03933 0.572746 0.002611 0.73537 0.339035 1 
4 0.574468 0.03933 0.556084 0.002617 0.742103 0.352632 1 
4 0.595745 0.03933 0.547754 0.002609 0.735888 0.374123 1 
4 0.617021 0.03933 0.548944 0.002605 0.732263 0.367982 1 
4 0.638298 0.03933 0.549093 0.002601 0.721647 0.418421 1 
4 0.659574 0.03933 0.558762 0.002592 0.702227 0.457456 1 
4 0.680851 0.03933 0.579738 0.002582 0.680476 0.503509 1 
4 0.702128 0.03933 0.635674 0.002586 0.690316 0.504825 1 
4 0.723404 0.051879 0.728355 0.003425 0.733558 0.40614 1 
4 0.744681 0.044284 0.822821 0.002962 0.782755 0.386842 1 
4 0.765957 0.044284 0.834424 0.002977 0.766701 0.428509 1 
4 0.787234 0.042873 0.813002 0.002867 0.718281 0.516228 1 
4 0.808511 0.041011 0.772538 0.002709 0.672191 0.59386 1 
4 0.829787 0.048187 0.749331 0.003174 0.637494 0.587281 1 
4 0.851064 0.058965 0.737578 0.003895 0.608234 0.635526 1 
4 0.87234 0.047946 0.704999 0.003174 0.575867 0.629386 1 
4 0.893617 0.04008 0.659328 0.00257 0.54117 0.671053 1 
4 0.914894 0.03933 0.602648 0.002175 0.497929 0.671053 0 
4 0.93617 0.041371 0.637905 0.002235 0.487053 0.671053 1 
4 0.957447 0.03963 0.632104 0.001774 0.466857 0.671053 0 
4 0.978723 0.03987 0.613508 0.002611 0.548679 0.601754 0 
4 1 0.041101 0.589259 0.002713 0.543242 0.622807 1 
