2 0 0.035817 0.395567 0.002318 0.398239 0.609211 0 
2 0.021277 0.033445 0.355995 0.002156 0.385552 0.647368 0 
2 0.042553 0.035817 0.333085 0.002354 0.440445 0.557018 0 
2 0.06383 0.034616 0.296935 0.002281 0.412481 0.617105 0 
2 0.085106 0.029272 0.260785 0.001884 0.379078 0.628509 0 
2 0.106383 0.021586 0.232074 0.001413 0.322113 0.60307 0 
2 0.12766 0.019605 0.205742 0.001267 0.280166 0.544298 0 
2 0.148936 0.014741 0.191461 0.00097 0.252719 0.539912 0 
2 0.170213 0.018734 0.188486 0.00123 0.232781 0.603947 0 
2 0.191489 0.018824 0.196221 0.00123 0.220352 0.596491 0 
2 0.212766 0.020416 0.229842 0.001319 0.232263 0.727632 0 
2 0.234043 0.0269 0.288456 0.001639 0.279389 0.765789 0 
2 0.255319 0.048097 0.400327 0.002715 0.358105 0.748246 1 
2 0.276596 0.048757 0.52767 0.003076 0.447954 0.643421 1 
2 0.297872 0.043323 0.57111 0.002829 0.503625 0.50614 0 
2 0.319149 0.107932 0.659179 0.007083 0.585189 0.509649 1 
2 0.340426 0.107542 0.684915 0.007248 0.631797 0.469298 1 
2 0.361702 0.104149 0.673014 0.007179 0.640601 0.441228 1 
2 0.382979 0.105981 0.700238 0.006963 0.660539 0.47193 1 
2 0.404255 0.136274 0.70604 0.009227 0.649404 0.399123 1 
2 0.425532 0.109433 0.683428 0.00747 0.64552 0.302632 1 
2 0.446809 0.09241 0.654716 0.006442 0.629984 0.335088 1 
2 0.468085 0.101327 0.628682 0.007169 0.624029 0.257895 1 
2 0.489362 0.085775 0.601458 0.006292 0.618332 0.304386 1 
2 0.510638 0.070013 0.586433 0.004906 0.598395 0.269298 1 
2 0.531915 0.058935 0.577655 0.00415 0.600466 0.255702 1 
2 0.553191 0.061787 0.561589 0.004431 0.633351 0.222807 1 
2 0.574468 0.069773 0.558614 0.004948 0.63594 0.226754 1 
2 0.595745 0.059565 0.545671 0.004389 0.626359 0.22807 1 
2 0.617021 0.048037 0.528265 0.003411 0.6116 0.233772 0 
2 0.638298 0.051069 0.517554 0.003619 0.599171 0.245175 0 
2 0.659574 0.062598 0.53615 0.004412 0.59218 0.292544 1 
2 0.680851 0.05251 0.562184 0.003698 0.591662 0.305263 0 
2 0.702128 0.075537 0.620202 0.005231 0.614966 0.379386 1 
2 0.723404 0.098715 0.716453 0.00666 0.69653 0.504386 1 
2 0.744681 0.183409 0.785034 0.012154 0.757639 0.517105 1 
2 0.765957 0.175273 0.785629 0.011498 0.73796 0.632895 1 
2 0.787234 0.136123 0.763463 0.008882 0.685914 0.636404 1 
2 0.808511 0.111295 0.728503 0.007314 0.636717 0.586404 1 
2 0.829787 0.095082 0.690717 0.00628 0.601502 0.561404 1 
2 0.851064 0.074577 0.671973 0.004967 0.571983 0.58114 1 
2 0.87234 0.045755 0.64698 0.003056 0.544795 0.554386 0 
2 0.893617 0.03921 0.593871 0.00258 0.507509 0.632018 0 
2 0.914894 0.036388 0.534514 0.002339 0.47333 0.700439 0 
2 0.93617 0.03897 0.57349 0.002046 0.441481 0.765789 0 
2 0.957447 0.038549 0.568283 0.001784 0.42232 0.765789 0 
2 0.978723 0.041642 0.560547 0.002632 0.506473 0.640351 0 
2 1 0.038759 0.547754 0.002457 0.500518 0.692544 0 
