6 0 0.05209 0.409253 0.003571 0.321336 0.462281 0 
6 0.021277 0.042993 0.382624 0.002941 0.283532 0.425877 0 
6 0.042553 0.044073 0.341714 0.003043 0.321854 0.376754 0 
6 0.06383 0.034856 0.283993 0.002393 0.296479 0.496491 0 
6 0.085106 0.029032 0.23371 0.001969 0.243397 0.545175 0 
6 0.106383 0.029602 0.19161 0.002002 0.196271 0.503509 0 
6 0.12766 0.027411 0.157989 0.001847 0.153288 0.600877 0 
6 0.148936 0.02681 0.140583 0.001791 0.124806 0.625 0 
6 0.170213 0.022217 0.131657 0.001475 0.105386 0.676754 0 
6 0.191489 0.021556 0.138203 0.001421 0.100725 0.697368 0 
6 0.212766 0.027351 0.165278 0.001811 0.112636 0.650877 0 
6 0.234043 0.030803 0.201131 0.002069 0.14552 0.599123 0 
6 0.255319 0.044164 0.2831 0.002979 0.215432 0.572368 0 
6 0.276596 0.044013 0.3554 0.002991 0.285862 0.486842 0 
6 0.297872 0.017834 0.371764 0.002048 0.328845 0.42807 0 
6 0.319149 0.042542 0.434692 0.002906 0.391248 0.43114 0 
6 0.340426 0.061096 0.485867 0.004155 0.438892 0.449123 0 
6 0.361702 0.083854 0.524695 0.00564 0.472553 0.478947 0 
6 0.382979 0.086826 0.585242 0.005825 0.484982 0.451316 1 
6 0.404255 0.087997 0.606367 0.005816 0.481098 0.500439 1 
6 0.425532 0.152546 0.604731 0.010241 0.479285 0.420614 1 
6 0.446809 0.152756 0.60607 0.01032 0.48058 0.454825 1 
6 0.468085 0.135853 0.611871 0.00919 0.484723 0.442544 1 
6 0.489362 0.150114 0.618863 0.010195 0.488089 0.435526 1 
6 0.510638 0.150114 0.615888 0.010185 0.480321 0.496491 1 
6 0.531915 0.162093 0.616483 0.010999 0.460124 0.543421 1 
6 0.553191 0.154377 0.60964 0.010559 0.470999 0.507018 1 
6 0.574468 0.160802 0.601012 0.010999 0.462714 0.486404 1 
6 0.595745 0.166747 0.59521 0.011479 0.455205 0.550439 1 
6 0.617021 0.156029 0.588069 0.01053 0.447954 0.619737 1 
6 0.638298 0.146421 0.580036 0.009609 0.440445 0.592982 1 
6 0.659574 0.084574 0.574085 0.005621 0.437079 0.63114 0 
6 0.680851 0.149814 0.56873 0.009944 0.44174 0.604386 1 
6 0.702128 0.067792 0.565457 0.00452 0.450803 0.572807 0 
6 0.723404 0.072295 0.545076 0.004807 0.477214 0.559649 0 
6 0.744681 0.067882 0.540018 0.004522 0.486794 0.529825 0 
6 0.765957 0.075477 0.553258 0.005037 0.498964 0.538158 0 
6 0.787234 0.076078 0.559506 0.005073 0.520715 0.489035 0 
6 0.808511 0.044674 0.52172 0.002995 0.494562 0.431579 0 
6 0.829787 0.042903 0.480363 0.002902 0.455722 0.427632 0 
6 0.851064 0.042002 0.452693 0.002846 0.413775 0.448684 0 
6 0.87234 0.042092 0.427105 0.002848 0.386328 0.474123 0 
6 0.893617 0.041011 0.389319 0.002757 0.33739 0.536842 0 
6 0.914894 0.035127 0.350491 0.002345 0.298032 0.585965 0 
6 0.93617 0.059535 0.401071 0.004111 0.286639 0.575 0 
6 0.957447 0.042392 0.422196 0.002885 0.279389 0.482456 0 
6 0.978723 0.075147 0.444213 0.005141 0.381668 0.491228 0 
6 1 0.060706 0.428741 0.004111 0.378301 0.50614 0 
