7 0 0.069713 0.340226 0.003467 0.422915 0.414912 0 
7 0.021277 0.069653 0.299167 0.003467 0.422915 0.414912 0 
7 0.042553 0.066951 0.278786 0.003467 0.422915 0.414912 0 
7 0.06383 0.056263 0.225826 0.003467 0.422915 0.414912 0 
7 0.085106 0.066951 0.181494 0.003467 0.422915 0.414912 0 
7 0.106383 0.060586 0.149955 0.003467 0.422915 0.414912 0 
7 0.12766 0.060586 0.127492 0.003467 0.422915 0.414912 0 
7 0.148936 0.056263 0.103243 0.003467 0.422915 0.414912 0 
7 0.170213 0.044974 0.089408 0.003467 0.422915 0.414912 0 
7 0.191489 0.056203 0.084647 0.003467 0.422915 0.414912 0 
7 0.212766 0.056203 0.089557 0.003467 0.422915 0.414912 0 
7 0.234043 0.056203 0.099375 0.003467 0.422915 0.414912 0 
7 0.255319 0.056203 0.118715 0.003467 0.422915 0.414912 0 
7 0.276596 0.056203 0.145939 0.003467 0.422915 0.414912 0 
7 0.297872 0.060406 0.177477 0.003467 0.422915 0.414912 0 
7 0.319149 0.069713 0.239661 0.003467 0.422915 0.414912 1 
7 0.340426 0.069713 0.302886 0.003467 0.422915 0.414912 1 
7 0.361702 0.074517 0.346177 0.003467 0.422915 0.414912 1 
7 0.382979 0.074517 0.39274 0.003467 0.422915 0.414912 1 
7 0.404255 0.074517 0.404641 0.003467 0.422915 0.414912 1 
7 0.425532 0.074637 0.391996 0.003467 0.422915 0.414912 1 
7 0.446809 0.083493 0.371913 0.003467 0.422915 0.414912 1 
7 0.468085 0.074517 0.350342 0.003467 0.422915 0.414912 1 
7 0.489362 0.074517 0.326242 0.003467 0.422915 0.414912 1 
7 0.510638 0.069713 0.314639 0.003467 0.422915 0.414912 1 
7 0.531915 0.069713 0.292324 0.003467 0.422915 0.414912 1 
7 0.553191 0.069653 0.276406 0.003467 0.422915 0.414912 1 
7 0.574468 0.064339 0.255876 0.003467 0.422915 0.414912 0 
7 0.595745 0.064339 0.243826 0.003467 0.422915 0.414912 0 
7 0.617021 0.064339 0.235942 0.003467 0.422915 0.414912 0 
7 0.638298 0.069653 0.241744 0.003467 0.422915 0.414912 1 
7 0.659574 0.064339 0.243975 0.003467 0.422915 0.414912 0 
7 0.680851 0.069713 0.250818 0.003467 0.422915 0.414912 1 
7 0.702128 0.069653 0.261678 0.003467 0.422915 0.414912 1 
7 0.723404 0.069713 0.282505 0.003467 0.422915 0.414912 1 
7 0.744681 0.081092 0.351235 0.003467 0.422915 0.414912 1 
7 0.765957 0.075177 0.436626 0.003467 0.422915 0.414912 1 
7 0.787234 0.069713 0.450312 0.003467 0.422915 0.414912 1 
7 0.808511 0.069713 0.433948 0.003467 0.422915 0.414912 1 
7 0.829787 0.069653 0.408361 0.003467 0.422915 0.414912 1 
7 0.851064 0.069713 0.387385 0.003467 0.422915 0.414912 1 
7 0.87234 0.064339 0.37355 0.003467 0.422915 0.414912 0 
7 0.893617 0.069653 0.332937 0.003467 0.422915 0.414912 1 
7 0.914894 0.054912 0.292919 0.003467 0.422915 0.414912 0 
7 0.93617 0.069713 0.318358 0.003467 0.422915 0.414912 1 
7 0.957447 0.064339 0.326986 0.003467 0.422915 0.414912 0 
7 0.978723 0.069713 0.346623 0.003467 0.422915 0.414912 1 
7 1 0.060376 0.333085 0.003467 0.422915 0.414912 0 
