7 0 0.077309 0.463553 0.005075 0.405748 0.67807 1 
7 0.021277 0.072685 0.458197 0.004771 0.374158 0.703947 1 
7 0.042553 0.074997 0.419964 0.004954 0.421025 0.595175 1 
7 0.06383 0.056083 0.360904 0.003702 0.383998 0.61886 0 
7 0.085106 0.048367 0.297977 0.003174 0.338426 0.662719 0 
7 0.106383 0.045094 0.247248 0.002935 0.296996 0.727632 0 
7 0.12766 0.035817 0.201428 0.002318 0.249871 0.736404 0 
7 0.148936 0.034376 0.172716 0.002137 0.217504 0.823246 0 
7 0.170213 0.037288 0.147724 0.002036 0.194459 0.841667 0 
7 0.191489 0.035877 0.141327 0.001672 0.179441 0.860526 0 
7 0.212766 0.028432 0.154567 0.001847 0.171414 0.839912 0 
7 0.234043 0.031014 0.166617 0.001988 0.176851 0.813158 0 
7 0.255319 0.033175 0.204552 0.001572 0.183584 0.828947 0 
7 0.276596 0.034736 0.251711 0.002156 0.205852 0.796053 0 
7 0.297872 0.042152 0.29277 0.001855 0.200932 0.822368 0 
7 0.319149 0.059445 0.3615 0.003427 0.229156 0.813158 1 
7 0.340426 0.073106 0.410592 0.003903 0.26463 0.794737 1 
7 0.361702 0.075988 0.443172 0.004103 0.285085 0.794737 1 
7 0.382979 0.085535 0.476644 0.005008 0.301398 0.785526 1 
7 0.404255 0.082593 0.481702 0.004828 0.292595 0.772807 1 
7 0.425532 0.071484 0.465933 0.004103 0.283532 0.789035 1 
7 0.446809 0.069893 0.44332 0.003903 0.272139 0.783772 1 
7 0.468085 0.057434 0.414906 0.003307 0.263076 0.760088 1 
7 0.489362 0.044614 0.397798 0.002881 0.253755 0.735088 0 
7 0.510638 0.044314 0.379946 0.002862 0.242361 0.759649 0 
7 0.531915 0.038099 0.362392 0.002457 0.232004 0.74693 0 
7 0.553191 0.034226 0.347218 0.002208 0.223977 0.757456 0 
7 0.574468 0.032245 0.321482 0.002075 0.209218 0.807895 0 
7 0.595745 0.032965 0.311812 0.00211 0.198343 0.785965 0 
7 0.617021 0.056113 0.301547 0.00259 0.184102 0.760088 1 
7 0.638298 0.040651 0.294406 0.002567 0.179959 0.794298 0 
7 0.659574 0.05236 0.292175 0.003224 0.179182 0.780263 0 
7 0.680851 0.040831 0.288456 0.002651 0.176334 0.73114 0 
7 0.702128 0.030473 0.301696 0.001975 0.182807 0.725 0 
7 0.723404 0.032485 0.309283 0.002106 0.188503 0.757456 0 
7 0.744681 0.03999 0.363285 0.002594 0.232004 0.674561 0 
7 0.765957 0.054161 0.453436 0.003529 0.279389 0.596053 1 
7 0.787234 0.065059 0.476198 0.004258 0.362506 0.554386 1 
7 0.808511 0.050048 0.449717 0.003301 0.357328 0.557895 0 
7 0.829787 0.043713 0.409104 0.002877 0.340497 0.564035 0 
7 0.851064 0.03981 0.390211 0.002615 0.319006 0.608333 0 
7 0.87234 0.032815 0.370872 0.00216 0.296737 0.584211 0 
7 0.893617 0.037979 0.351235 0.002489 0.275764 0.602632 0 
7 0.914894 0.032635 0.332937 0.002079 0.255567 0.64386 0 
7 0.93617 0.041672 0.354656 0.002711 0.245469 0.651754 0 
7 0.957447 0.033686 0.35778 0.002204 0.240031 0.610088 0 
7 0.978723 0.048937 0.363285 0.003249 0.330658 0.496053 0 
7 1 0.041161 0.348557 0.002746 0.326774 0.536842 0 
