1 0 0.061247 0.304969 0.004192 0.335577 0.274561 1 
1 0.021277 0.043773 0.263463 0.003 0.307095 0.280702 0 
1 0.042553 0.051189 0.235049 0.003511 0.358622 0.22193 1 
1 0.06383 0.037048 0.199643 0.00254 0.320818 0.364035 0 
1 0.085106 0.030173 0.156799 0.002067 0.283791 0.377193 0 
1 0.106383 0.028492 0.12407 0.001946 0.236665 0.377193 0 
1 0.12766 0.027171 0.098483 0.001853 0.20637 0.463596 0 
1 0.148936 0.02636 0.076019 0.00178 0.175816 0.548246 0 
1 0.170213 0.022007 0.059804 0.001489 0.151735 0.592544 0 
1 0.191489 0.022187 0.057721 0.001502 0.128172 0.623684 0 
1 0.212766 0.020325 0.054002 0.001371 0.120663 0.65307 0 
1 0.234043 0.019575 0.059655 0.001315 0.098136 0.704825 0 
1 0.255319 0.022907 0.087623 0.001537 0.100466 0.689474 0 
1 0.276596 0.02621 0.118715 0.001759 0.113413 0.700439 0 
1 0.297872 0.024138 0.148319 0.00162 0.098654 0.70614 0 
1 0.319149 0.026991 0.200536 0.00182 0.125065 0.646491 0 
1 0.340426 0.027351 0.252455 0.001845 0.154842 0.654825 0 
1 0.361702 0.027591 0.293811 0.001859 0.16986 0.629386 0 
1 0.382979 0.027771 0.333829 0.001878 0.187985 0.601316 0 
1 0.404255 0.027741 0.347664 0.001882 0.197307 0.592544 0 
1 0.425532 0.027411 0.338292 0.001851 0.213102 0.610965 0 
1 0.446809 0.028161 0.328176 0.001907 0.212843 0.610965 0 
1 0.468085 0.028221 0.318506 0.001907 0.214397 0.619737 0 
1 0.489362 0.028161 0.309729 0.001901 0.218799 0.610526 0 
1 0.510638 0.027531 0.312109 0.001861 0.220352 0.615789 0 
1 0.531915 0.027771 0.297679 0.001874 0.209736 0.608333 0 
1 0.553191 0.027501 0.282505 0.001857 0.212066 0.599123 0 
1 0.574468 0.02675 0.257364 0.001803 0.195236 0.634211 0 
1 0.595745 0.0269 0.246802 0.001813 0.189798 0.636842 0 
1 0.617021 0.0269 0.237876 0.001811 0.18695 0.618421 0 
1 0.638298 0.0269 0.2349 0.001813 0.196789 0.602193 0 
1 0.659574 0.02666 0.234305 0.001799 0.200673 0.620614 0 
1 0.680851 0.027171 0.244273 0.001836 0.215432 0.575 0 
1 0.702128 0.028011 0.259744 0.001899 0.241844 0.525439 0 
1 0.723404 0.027501 0.271348 0.001872 0.269549 0.483772 0 
1 0.744681 0.028251 0.320292 0.001936 0.313827 0.412281 0 
1 0.765957 0.029032 0.376525 0.001996 0.335836 0.413596 0 
1 0.787234 0.041492 0.438114 0.002856 0.357846 0.392544 1 
1 0.808511 0.046445 0.434543 0.003199 0.385552 0.37193 1 
1 0.829787 0.036688 0.414014 0.00252 0.379078 0.379825 1 
1 0.851064 0.034076 0.392889 0.002331 0.361212 0.414474 0 
1 0.87234 0.056113 0.372508 0.003824 0.349819 0.451316 1 
1 0.893617 0.03933 0.344689 0.002663 0.314345 0.475877 1 
1 0.914894 0.031584 0.304671 0.002142 0.290005 0.494298 0 
1 0.93617 0.030173 0.328771 0.00205 0.275505 0.521491 0 
1 0.957447 0.029182 0.319994 0.001984 0.267996 0.507456 0 
1 0.978723 0.030233 0.326242 0.002071 0.336872 0.392982 0 
1 1 0.029542 0.301547 0.002023 0.336354 0.422807 0 
