6 0 0.027171 0.201428 0.001807 0.221647 0.753509 0 
6 0.021277 0.024979 0.164981 0.001656 0.187985 0.794737 0 
6 0.042553 0.024949 0.12645 0.001664 0.24754 0.682895 0 
6 0.06383 0.024829 0.100714 0.001651 0.217245 0.754825 0 
6 0.085106 0.023148 0.080333 0.001539 0.175039 0.760088 0 
6 0.106383 0.020806 0.06992 0.001381 0.134904 0.795614 0 
6 0.12766 0.022097 0.068134 0.001471 0.116779 0.749123 0 
6 0.148936 0.021016 0.072746 0.0014 0.112118 0.776316 0 
6 0.170213 0.023508 0.085391 0.001562 0.112118 0.779386 0 
6 0.191489 0.024288 0.101012 0.001612 0.121699 0.802632 0 
6 0.212766 0.024799 0.140583 0.001637 0.137752 0.847368 0 
6 0.234043 0.024919 0.179708 0.001647 0.166494 0.798246 0 
6 0.255319 0.024829 0.19875 0.001649 0.207147 0.735526 0 
6 0.276596 0.027891 0.250223 0.001867 0.246763 0.687719 0 
6 0.297872 0.028071 0.299316 0.00188 0.250647 0.704825 0 
6 0.319149 0.029512 0.348706 0.001988 0.266442 0.680702 1 
6 0.340426 0.031614 0.419072 0.002133 0.286898 0.65614 1 
6 0.361702 0.035577 0.454329 0.002395 0.30088 0.690351 1 
6 0.382979 0.035577 0.46266 0.002389 0.311497 0.673246 1 
6 0.404255 0.035937 0.475305 0.002403 0.316675 0.665351 1 
6 0.425532 0.037168 0.494942 0.002459 0.329363 0.677193 1 
6 0.446809 0.037739 0.506992 0.002495 0.339202 0.664474 1 
6 0.468085 0.038609 0.520381 0.002559 0.349042 0.658772 1 
6 0.489362 0.042512 0.534662 0.002827 0.342828 0.683772 1 
6 0.510638 0.040171 0.539125 0.002669 0.337649 0.717105 1 
6 0.531915 0.040741 0.55058 0.00269 0.33739 0.651316 1 
6 0.553191 0.041221 0.554597 0.002723 0.338426 0.678509 1 
6 0.574468 0.040381 0.556382 0.002665 0.33247 0.691228 1 
6 0.595745 0.03882 0.56144 0.002559 0.325997 0.703947 1 
6 0.617021 0.041011 0.561886 0.002703 0.321595 0.682895 1 
6 0.638298 0.03918 0.559506 0.002584 0.322631 0.672807 1 
6 0.659574 0.038039 0.55787 0.002503 0.328845 0.65614 1 
6 0.680851 0.037829 0.549241 0.002495 0.332211 0.632018 1 
6 0.702128 0.037468 0.534067 0.002474 0.336354 0.586842 1 
6 0.723404 0.036238 0.498661 0.002414 0.321595 0.608772 1 
6 0.744681 0.035007 0.478727 0.002354 0.287416 0.70307 1 
6 0.765957 0.031614 0.448676 0.002133 0.257897 0.747807 0 
6 0.787234 0.029723 0.426361 0.001998 0.24029 0.747807 0 
6 0.808511 0.029813 0.432461 0.002005 0.231227 0.762281 0 
6 0.829787 0.031974 0.448378 0.00215 0.232004 0.737281 1 
6 0.851064 0.031224 0.427849 0.0021 0.229156 0.752632 0 
6 0.87234 0.029092 0.391699 0.001953 0.21854 0.770614 0 
6 0.893617 0.029572 0.412526 0.001803 0.189539 0.793421 0 
6 0.914894 0.029572 0.416691 0.001656 0.167012 0.793421 0 
6 0.93617 0.032214 0.42889 0.001757 0.168307 0.793421 1 
6 0.957447 0.033626 0.417287 0.001818 0.17245 0.783333 1 
6 0.978723 0.035577 0.384558 0.002389 0.269291 0.661404 1 
6 1 0.032545 0.353169 0.002185 0.26696 0.701754 1 
