7 0 0.072055 0.56992 0.004238 0.516313 0.592105 1 
7 0.021277 0.075958 0.557423 0.004144 0.489384 0.614035 1 
7 0.042553 0.07923 0.520976 0.004778 0.544019 0.564474 1 
7 0.06383 0.06596 0.463404 0.004319 0.516572 0.632456 1 
7 0.085106 0.058484 0.4036 0.003812 0.483687 0.627193 0 
7 0.106383 0.055452 0.345135 0.003581 0.444588 0.67807 0 
7 0.12766 0.050679 0.291431 0.003245 0.416106 0.712281 0 
7 0.148936 0.034947 0.247992 0.002243 0.372605 0.683333 0 
7 0.170213 0.031404 0.223297 0.002034 0.354997 0.746053 0 
7 0.191489 0.0257 0.208569 0.001658 0.327033 0.728947 0 
7 0.212766 0.022847 0.206635 0.001483 0.311497 0.680702 0 
7 0.234043 0.024679 0.222404 0.001606 0.308389 0.728947 0 
7 0.255319 0.033776 0.247397 0.002183 0.32755 0.758333 0 
7 0.276596 0.03903 0.281613 0.002518 0.343604 0.753947 0 
7 0.297872 0.029933 0.334871 0.00193 0.328327 0.76886 0 
7 0.319149 0.043173 0.424576 0.002777 0.368721 0.716228 0 
7 0.340426 0.069293 0.511752 0.003018 0.42232 0.675439 1 
7 0.361702 0.070133 0.572151 0.004562 0.467115 0.719737 1 
7 0.382979 0.086165 0.637757 0.005162 0.495598 0.72193 1 
7 0.404255 0.087066 0.656055 0.004931 0.493527 0.737281 1 
7 0.425532 0.087066 0.650104 0.005002 0.477214 0.72193 1 
7 0.446809 0.088567 0.638352 0.004225 0.45391 0.649561 1 
7 0.468085 0.088567 0.627641 0.003837 0.441222 0.633333 1 
7 0.489362 0.087817 0.618715 0.003029 0.425168 0.633333 1 
7 0.510638 0.087066 0.604731 0.002125 0.403159 0.633333 1 
7 0.531915 0.088087 0.601012 0.002798 0.379337 0.633333 1 
7 0.553191 0.087817 0.588962 0.002239 0.371569 0.632895 1 
7 0.574468 0.087066 0.582416 0.002356 0.35914 0.648246 1 
7 0.595745 0.087066 0.564713 0.002316 0.348783 0.647807 1 
7 0.617021 0.087066 0.557275 0.002316 0.346194 0.647368 1 
7 0.638298 0.087066 0.557572 0.002015 0.33247 0.632018 1 
7 0.659574 0.088087 0.564415 0.002682 0.329622 0.633772 1 
7 0.680851 0.090639 0.591044 0.003407 0.328068 0.67193 1 
7 0.702128 0.092771 0.644451 0.005978 0.367426 0.758333 1 
7 0.723404 0.090939 0.686552 0.005083 0.450544 0.715789 1 
7 0.744681 0.102858 0.757215 0.006718 0.561626 0.614474 1 
7 0.765957 0.10499 0.754537 0.00688 0.594252 0.562719 1 
7 0.787234 0.09253 0.722999 0.006036 0.574573 0.565351 1 
7 0.808511 0.086466 0.679113 0.005634 0.54376 0.637719 1 
7 0.829787 0.083884 0.639839 0.00549 0.507509 0.65307 1 
7 0.851064 0.081092 0.608896 0.00532 0.493009 0.664474 1 
7 0.87234 0.076648 0.584945 0.00478 0.470741 0.695175 1 
7 0.893617 0.059355 0.559357 0.003199 0.451838 0.688158 0 
7 0.914894 0.037829 0.520232 0.002235 0.422579 0.632018 0 
7 0.93617 0.049358 0.529753 0.002659 0.410668 0.661842 0 
7 0.957447 0.049478 0.514728 0.002534 0.405748 0.666667 0 
7 0.978723 0.056503 0.497917 0.0037 0.477991 0.578947 0 
7 1 0.047226 0.470842 0.003101 0.47566 0.605702 0 
