7 0 0.05227 0.35183 0.000841 0.308131 0.725439 1 
7 0.021277 0.033566 0.28801 0.000868 0.283791 0.769298 1 
7 0.042553 0.031974 0.234752 0.001776 0.339461 0.791228 0 
7 0.06383 0.033806 0.205296 0.000889 0.316416 0.725439 1 
7 0.085106 0.034196 0.173163 0.000839 0.26463 0.725439 1 
7 0.106383 0.073316 0.16022 0.000821 0.22087 0.666228 1 
7 0.12766 0.031074 0.149955 0.000821 0.196789 0.732018 0 
7 0.148936 0.024709 0.148765 0.000841 0.203521 0.832895 0 
7 0.170213 0.02687 0.153377 0.000841 0.20378 0.841667 0 
7 0.191489 0.027321 0.166468 0.000841 0.207664 0.841667 0 
7 0.212766 0.029122 0.193246 0.000941 0.228379 0.850439 0 
7 0.234043 0.029633 0.221065 0.000841 0.244433 0.841667 0 
7 0.255319 0.033265 0.250223 0.002056 0.251683 0.807456 1 
7 0.276596 0.034947 0.304225 0.002056 0.287675 0.754825 1 
7 0.297872 0.033535 0.356144 0.002056 0.293112 0.804386 1 
7 0.319149 0.033205 0.397501 0.002056 0.315122 0.807456 1 
7 0.340426 0.034676 0.447188 0.002056 0.338426 0.829386 1 
7 0.361702 0.035817 0.466677 0.002056 0.341533 0.829386 1 
7 0.382979 0.035667 0.464445 0.002056 0.352408 0.829386 1 
7 0.404255 0.034136 0.454329 0.002056 0.347488 0.829386 1 
7 0.425532 0.034616 0.444808 0.002056 0.348006 0.851316 1 
7 0.446809 0.034256 0.432312 0.002056 0.350078 0.851316 1 
7 0.468085 0.033025 0.425469 0.002056 0.341015 0.851316 0 
7 0.489362 0.032725 0.41208 0.002056 0.333506 0.851316 0 
7 0.510638 0.032725 0.404493 0.002056 0.325997 0.851316 0 
7 0.531915 0.030924 0.388426 0.001653 0.314604 0.826316 0 
7 0.553191 0.029753 0.373996 0.001149 0.321336 0.852632 0 
7 0.574468 0.029633 0.365219 0.001078 0.29855 0.857018 0 
7 0.595745 0.029633 0.356739 0.000995 0.30347 0.835088 0 
7 0.617021 0.029633 0.352276 0.000995 0.288452 0.835088 0 
7 0.638298 0.032755 0.357185 0.001984 0.2913 0.847807 0 
7 0.659574 0.032755 0.358971 0.001984 0.299845 0.847807 0 
7 0.680851 0.030143 0.347813 0.00144 0.305541 0.869737 0 
7 0.702128 0.032275 0.362541 0.001782 0.318747 0.869737 0 
7 0.723404 0.033325 0.367748 0.002056 0.29622 0.895175 1 
7 0.744681 0.032905 0.367004 0.002009 0.291818 0.875 0 
7 0.765957 0.030173 0.361053 0.001454 0.270326 0.858772 0 
7 0.787234 0.031074 0.362838 0.001631 0.277317 0.869737 0 
7 0.808511 0.029633 0.368045 0.001224 0.301139 0.857018 0 
7 0.829787 0.028942 0.350045 0.001429 0.319006 0.857018 0 
7 0.851064 0.029512 0.326242 0.000995 0.308648 0.857018 0 
7 0.87234 0.029512 0.302291 0.000995 0.286121 0.857018 0 
7 0.893617 0.031884 0.319399 0.001782 0.262558 0.873246 0 
7 0.914894 0.031374 0.319697 0.001595 0.236406 0.857018 0 
7 0.93617 0.032935 0.322821 0.002009 0.205075 0.869737 0 
7 0.957447 0.031824 0.306605 0.001606 0.250906 0.900877 0 
7 0.978723 0.031344 0.290539 0.001751 0.293889 0.857018 0 
7 1 0.029002 0.245611 0.001286 0.299586 0.857018 0 
