6 0 0.051849 0.360458 0.003467 0.422915 0.414912 0 
6 0.021277 0.049838 0.281166 0.003467 0.422915 0.414912 0 
6 0.042553 0.042032 0.223297 0.003467 0.422915 0.414912 0 
6 0.06383 0.042032 0.182981 0.003467 0.422915 0.414912 0 
6 0.085106 0.042032 0.150402 0.003467 0.422915 0.414912 0 
6 0.106383 0.042032 0.13136 0.003467 0.422915 0.414912 0 
6 0.12766 0.042032 0.124963 0.003467 0.422915 0.414912 0 
6 0.148936 0.042032 0.12288 0.003467 0.422915 0.414912 0 
6 0.170213 0.055242 0.127938 0.003467 0.422915 0.414912 0 
6 0.191489 0.070944 0.140286 0.003467 0.422915 0.414912 1 
6 0.212766 0.071364 0.163642 0.003467 0.422915 0.414912 1 
6 0.234043 0.055242 0.180155 0.003467 0.422915 0.414912 0 
6 0.255319 0.075207 0.213478 0.003467 0.422915 0.414912 1 
6 0.276596 0.07836 0.273431 0.003467 0.422915 0.414912 1 
6 0.297872 0.080521 0.33249 0.003467 0.422915 0.414912 1 
6 0.319149 0.085565 0.380988 0.003467 0.422915 0.414912 1 
6 0.340426 0.088477 0.431717 0.003467 0.422915 0.414912 1 
6 0.361702 0.087096 0.450312 0.003467 0.422915 0.414912 1 
6 0.382979 0.083133 0.457453 0.003467 0.422915 0.414912 1 
6 0.404255 0.080401 0.447486 0.003467 0.422915 0.414912 1 
6 0.425532 0.067641 0.444064 0.003467 0.422915 0.414912 0 
6 0.446809 0.075417 0.443023 0.003467 0.422915 0.414912 1 
6 0.468085 0.082593 0.436328 0.003467 0.422915 0.414912 1 
6 0.489362 0.081122 0.420262 0.003467 0.422915 0.414912 1 
6 0.510638 0.081092 0.421452 0.003467 0.422915 0.414912 1 
6 0.531915 0.085115 0.413419 0.003467 0.422915 0.414912 1 
6 0.553191 0.084034 0.40717 0.003467 0.422915 0.414912 1 
6 0.574468 0.082593 0.401964 0.003467 0.422915 0.414912 1 
6 0.595745 0.082593 0.401517 0.003467 0.422915 0.414912 1 
6 0.617021 0.085565 0.404195 0.003467 0.422915 0.414912 1 
6 0.638298 0.085715 0.399732 0.003467 0.422915 0.414912 1 
6 0.659574 0.081122 0.406427 0.003467 0.422915 0.414912 1 
6 0.680851 0.081092 0.395716 0.003467 0.422915 0.414912 1 
6 0.702128 0.081092 0.409253 0.003467 0.422915 0.414912 1 
6 0.723404 0.081122 0.408956 0.003467 0.422915 0.414912 1 
6 0.744681 0.080401 0.403303 0.003467 0.422915 0.414912 1 
6 0.765957 0.080401 0.387831 0.003467 0.422915 0.414912 1 
6 0.787234 0.081092 0.371467 0.003467 0.422915 0.414912 1 
6 0.808511 0.081122 0.39274 0.003467 0.422915 0.414912 1 
6 0.829787 0.075417 0.39512 0.003467 0.422915 0.414912 1 
6 0.851064 0.075417 0.364772 0.003467 0.422915 0.414912 1 
6 0.87234 0.073226 0.342904 0.003467 0.422915 0.414912 1 
6 0.893617 0.075417 0.350788 0.003467 0.422915 0.414912 1 
6 0.914894 0.074006 0.350491 0.003467 0.422915 0.414912 1 
6 0.93617 0.069293 0.354954 0.003467 0.422915 0.414912 0 
6 0.957447 0.067641 0.332937 0.003467 0.422915 0.414912 0 
6 0.978723 0.056593 0.304522 0.003467 0.422915 0.414912 0 
6 1 0.056593 0.259149 0.003467 0.422915 0.414912 0 
