3 0 0.037168 0.54091 0.002464 0.470999 0.666228 1 
3 0.021277 0.034526 0.529604 0.002254 0.453133 0.697368 0 
3 0.042553 0.038549 0.508331 0.002555 0.511393 0.602632 1 
3 0.06383 0.035937 0.457304 0.002368 0.489643 0.620175 0 
3 0.085106 0.032875 0.391996 0.00211 0.447178 0.612281 0 
3 0.106383 0.032725 0.345284 0.001525 0.408597 0.634211 0 
3 0.12766 0.031914 0.291431 0.001359 0.360694 0.67807 0 
3 0.148936 0.027891 0.262422 0.001845 0.33014 0.74386 0 
3 0.170213 0.024439 0.242934 0.001624 0.306577 0.77193 0 
3 0.191489 0.022367 0.23609 0.001487 0.287934 0.748246 0 
3 0.212766 0.029422 0.263612 0.001965 0.298291 0.741667 0 
3 0.234043 0.031794 0.31568 0.002032 0.324702 0.759649 0 
3 0.255319 0.033385 0.431419 0.001797 0.41015 0.653509 0 
3 0.276596 0.034046 0.555043 0.002304 0.492491 0.579825 0 
3 0.297872 0.034706 0.573788 0.002347 0.53159 0.573684 0 
3 0.319149 0.040981 0.649212 0.00274 0.60202 0.563158 1 
3 0.340426 0.043413 0.656501 0.002908 0.634645 0.532456 1 
3 0.361702 0.042692 0.638054 0.002862 0.637752 0.535088 1 
3 0.382979 0.043203 0.660964 0.002892 0.644226 0.519737 1 
3 0.404255 0.042422 0.661857 0.002846 0.620145 0.561842 1 
3 0.425532 0.041972 0.63255 0.003137 0.614448 0.499123 1 
3 0.446809 0.038429 0.598334 0.002422 0.603832 0.499123 1 
3 0.468085 0.037108 0.575275 0.002516 0.60435 0.472368 0 
3 0.489362 0.036418 0.560845 0.002478 0.598136 0.455702 0 
3 0.510638 0.035817 0.543142 0.002432 0.577162 0.486842 0 
3 0.531915 0.035187 0.529456 0.002378 0.56318 0.464474 0 
3 0.553191 0.035727 0.518149 0.002416 0.592439 0.446053 0 
3 0.574468 0.034887 0.503719 0.002368 0.591403 0.442982 0 
3 0.595745 0.034406 0.49643 0.002341 0.585448 0.438596 0 
3 0.617021 0.033055 0.478578 0.00225 0.574314 0.466228 0 
3 0.638298 0.033475 0.479768 0.002275 0.555153 0.490351 0 
3 0.659574 0.033686 0.48676 0.002291 0.555412 0.474561 0 
3 0.680851 0.033566 0.501934 0.002285 0.558778 0.461842 0 
3 0.702128 0.033716 0.531836 0.002306 0.576126 0.44693 0 
3 0.723404 0.036027 0.584647 0.002457 0.607975 0.474561 0 
3 0.744681 0.046806 0.699345 0.003157 0.649404 0.470175 1 
3 0.765957 0.059565 0.750074 0.00397 0.681771 0.467982 1 
3 0.787234 0.055812 0.743231 0.003725 0.655101 0.508333 1 
3 0.808511 0.043383 0.716007 0.002921 0.61419 0.578509 1 
3 0.829787 0.041161 0.687147 0.00275 0.587519 0.611404 1 
3 0.851064 0.041191 0.668253 0.002673 0.558519 0.660965 1 
3 0.87234 0.040501 0.644749 0.002678 0.529001 0.653509 1 
3 0.893617 0.036418 0.601458 0.002424 0.494821 0.669737 0 
3 0.914894 0.034136 0.544332 0.002283 0.46841 0.705263 0 
3 0.93617 0.035187 0.572151 0.002295 0.43449 0.753947 0 
3 0.957447 0.034556 0.569027 0.002208 0.414034 0.72807 0 
3 0.978723 0.036508 0.560994 0.002412 0.496375 0.641667 0 
3 1 0.036177 0.551324 0.002399 0.490161 0.664912 0 
