3 0 0.074817 0.304225 0.003467 0.422915 0.414912 1 
3 0.021277 0.072775 0.230289 0.003467 0.422915 0.414912 1 
3 0.042553 0.072775 0.166022 0.003467 0.422915 0.414912 1 
3 0.06383 0.072775 0.121988 0.003467 0.422915 0.414912 1 
3 0.085106 0.072775 0.08673 0.003467 0.422915 0.414912 1 
3 0.106383 0.05302 0.058614 0.003467 0.422915 0.414912 0 
3 0.12766 0.05302 0.042696 0.003467 0.422915 0.414912 0 
3 0.148936 0.05302 0.035406 0.003467 0.422915 0.414912 0 
3 0.170213 0.070644 0.033472 0.003467 0.422915 0.414912 1 
3 0.191489 0.072955 0.036745 0.003467 0.422915 0.414912 1 
3 0.212766 0.07905 0.06144 0.003467 0.422915 0.414912 1 
3 0.234043 0.07905 0.094168 0.003467 0.422915 0.414912 1 
3 0.255319 0.07905 0.113359 0.003467 0.422915 0.414912 1 
3 0.276596 0.07911 0.156947 0.003467 0.422915 0.414912 1 
3 0.297872 0.082263 0.194882 0.003467 0.422915 0.414912 1 
3 0.319149 0.082263 0.224933 0.003467 0.422915 0.414912 1 
3 0.340426 0.082263 0.272389 0.003467 0.422915 0.414912 1 
3 0.361702 0.086015 0.298126 0.003467 0.422915 0.414912 1 
3 0.382979 0.086586 0.309729 0.003467 0.422915 0.414912 1 
3 0.404255 0.089378 0.310027 0.003467 0.422915 0.414912 1 
3 0.425532 0.089378 0.316572 0.003467 0.422915 0.414912 1 
3 0.446809 0.089798 0.315829 0.003467 0.422915 0.414912 1 
3 0.468085 0.089798 0.307795 0.003467 0.422915 0.414912 1 
3 0.489362 0.089378 0.295299 0.003467 0.422915 0.414912 1 
3 0.510638 0.089378 0.275216 0.003467 0.422915 0.414912 1 
3 0.531915 0.086586 0.255579 0.003467 0.422915 0.414912 1 
3 0.553191 0.086015 0.242636 0.003467 0.422915 0.414912 1 
3 0.574468 0.086015 0.234305 0.003467 0.422915 0.414912 1 
3 0.595745 0.086015 0.230586 0.003467 0.422915 0.414912 1 
3 0.617021 0.086015 0.226867 0.003467 0.422915 0.414912 1 
3 0.638298 0.082263 0.224636 0.003467 0.422915 0.414912 1 
3 0.659574 0.082263 0.219429 0.003467 0.422915 0.414912 1 
3 0.680851 0.082263 0.210652 0.003467 0.422915 0.414912 1 
3 0.702128 0.070644 0.202023 0.003467 0.422915 0.414912 0 
3 0.723404 0.056923 0.185659 0.003467 0.422915 0.414912 0 
3 0.744681 0.056923 0.178072 0.003467 0.422915 0.414912 0 
3 0.765957 0.055242 0.170039 0.003467 0.422915 0.414912 0 
3 0.787234 0.056923 0.173907 0.003467 0.422915 0.414912 0 
3 0.808511 0.058394 0.197709 0.003467 0.422915 0.414912 0 
3 0.829787 0.058394 0.217197 0.003467 0.422915 0.414912 0 
3 0.851064 0.070644 0.218834 0.003467 0.422915 0.414912 0 
3 0.87234 0.058394 0.203065 0.003467 0.422915 0.414912 0 
3 0.893617 0.07911 0.230437 0.003467 0.422915 0.414912 1 
3 0.914894 0.082263 0.238173 0.003467 0.422915 0.414912 1 
3 0.93617 0.07911 0.25305 0.003467 0.422915 0.414912 1 
3 0.957447 0.07911 0.236388 0.003467 0.422915 0.414912 1 
3 0.978723 0.070644 0.224636 0.003467 0.422915 0.414912 0 
3 1 0.070644 0.18551 0.003467 0.422915 0.414912 0 
