2 0 0.02576 0.227016 0.000841 0.286898 0.858772 0 
2 0.021277 0.02687 0.204552 0.000841 0.262558 0.843421 0 
2 0.042553 0.024379 0.177477 0.001319 0.319524 0.843421 0 
2 0.06383 0.024949 0.16022 0.000841 0.297255 0.799561 0 
2 0.085106 0.021496 0.140583 0.000839 0.250906 0.799561 0 
2 0.106383 0.022127 0.133145 0.000835 0.19912 0.799561 0 
2 0.12766 0.021526 0.137162 0.000833 0.182289 0.799561 0 
2 0.148936 0.021526 0.141327 0.000835 0.184878 0.799561 0 
2 0.170213 0.02567 0.173609 0.000841 0.202486 0.85 0 
2 0.191489 0.029152 0.20961 0.000841 0.226049 0.832456 0 
2 0.212766 0.031194 0.283844 0.00107 0.287416 0.835965 1 
2 0.234043 0.030623 0.344838 0.001502 0.335318 0.797368 0 
2 0.255319 0.029542 0.371169 0.001951 0.408597 0.653509 0 
2 0.276596 0.02651 0.431866 0.001745 0.470223 0.688596 0 
2 0.297872 0.027351 0.475751 0.001778 0.456758 0.761404 0 
2 0.319149 0.028071 0.514133 0.001816 0.476437 0.672807 0 
2 0.340426 0.031194 0.570217 0.002019 0.501295 0.641667 0 
2 0.361702 0.029122 0.582118 0.001894 0.510875 0.676316 0 
2 0.382979 0.028912 0.579292 0.001876 0.516313 0.669737 0 
2 0.404255 0.027951 0.57468 0.001797 0.520456 0.708772 0 
2 0.425532 0.028642 0.581821 0.001836 0.546349 0.68114 0 
2 0.446809 0.028702 0.58197 0.001838 0.556447 0.695614 0 
2 0.468085 0.028522 0.578697 0.001826 0.551269 0.70614 0 
2 0.489362 0.028642 0.581821 0.00183 0.56318 0.729386 0 
2 0.510638 0.028792 0.588515 0.001838 0.571983 0.703947 0 
2 0.531915 0.02696 0.585242 0.001718 0.588814 0.724561 0 
2 0.553191 0.028522 0.584796 0.001801 0.585189 0.726754 0 
2 0.574468 0.028522 0.581077 0.001797 0.585966 0.755263 0 
2 0.595745 0.028161 0.582118 0.00177 0.571466 0.694298 0 
2 0.617021 0.027891 0.577655 0.001753 0.557224 0.723246 0 
2 0.638298 0.027771 0.572151 0.001743 0.560073 0.728509 0 
2 0.659574 0.027771 0.574234 0.001741 0.561626 0.741228 0 
2 0.680851 0.027771 0.567837 0.001743 0.550751 0.742105 0 
2 0.702128 0.028011 0.558465 0.001766 0.532626 0.74386 0 
2 0.723404 0.028041 0.531687 0.001782 0.484982 0.786404 0 
2 0.744681 0.027531 0.512794 0.001753 0.441481 0.833333 0 
2 0.765957 0.02624 0.489735 0.00168 0.398757 0.882018 0 
2 0.787234 0.02567 0.46742 0.001631 0.369757 0.854386 0 
2 0.808511 0.02588 0.460875 0.001647 0.345417 0.864474 0 
2 0.829787 0.02597 0.446891 0.001651 0.357587 0.832456 0 
2 0.851064 0.027651 0.426212 0.001766 0.382444 0.691667 0 
2 0.87234 0.026991 0.389765 0.001708 0.365355 0.726316 0 
2 0.893617 0.027471 0.417435 0.001764 0.344381 0.765789 0 
2 0.914894 0.027471 0.433056 0.00134 0.303729 0.771053 1 
2 0.93617 0.027951 0.445998 0.000893 0.302693 0.771053 1 
2 0.957447 0.027771 0.43737 0.000877 0.290782 0.771053 1 
2 0.978723 0.028612 0.421749 0.001678 0.381409 0.663158 1 
2 1 0.028552 0.390658 0.001828 0.372087 0.718421 1 
