2 0 0.040261 0.336805 0.002009 0.332988 0.734649 0 
2 0.021277 0.028342 0.292026 0.001768 0.303729 0.735088 0 
2 0.042553 0.031014 0.271794 0.002009 0.358105 0.688596 0 
2 0.06383 0.028372 0.239215 0.001778 0.340497 0.698684 0 
2 0.085106 0.029903 0.198899 0.001381 0.310979 0.65614 0 
2 0.106383 0.028972 0.176584 0.00085 0.280943 0.651754 0 
2 0.12766 0.025099 0.152187 0.001091 0.259969 0.735526 0 
2 0.148936 0.021196 0.139988 0.001369 0.230709 0.792982 0 
2 0.170213 0.021226 0.139393 0.00128 0.229156 0.831579 0 
2 0.191489 0.025189 0.151145 0.001101 0.22579 0.840351 0 
2 0.212766 0.02684 0.181642 0.001629 0.231486 0.832018 0 
2 0.234043 0.027441 0.230586 0.001766 0.249871 0.823246 0 
2 0.255319 0.028101 0.324011 0.00183 0.31797 0.739912 0 
2 0.276596 0.029212 0.414162 0.001932 0.394096 0.572368 0 
2 0.297872 0.028432 0.45909 0.001909 0.447695 0.505263 0 
2 0.319149 0.029783 0.534216 0.002002 0.519938 0.449123 0 
2 0.340426 0.029873 0.56501 0.002009 0.548421 0.422807 0 
2 0.361702 0.029873 0.565903 0.002009 0.552563 0.398684 0 
2 0.382979 0.031344 0.594912 0.002115 0.569394 0.439035 0 
2 0.404255 0.030173 0.599078 0.002036 0.565769 0.414474 0 
2 0.425532 0.030593 0.593573 0.002063 0.552822 0.410526 0 
2 0.446809 0.032605 0.587176 0.002202 0.552822 0.439035 0 
2 0.468085 0.032695 0.58197 0.002216 0.547903 0.445175 0 
2 0.489362 0.032275 0.572151 0.002187 0.547385 0.448246 0 
2 0.510638 0.033385 0.570515 0.002264 0.528224 0.455263 0 
2 0.531915 0.030653 0.565308 0.002088 0.51942 0.412719 0 
2 0.553191 0.031194 0.559804 0.002133 0.531331 0.424123 0 
2 0.574468 0.029783 0.553853 0.002034 0.525117 0.412281 0 
2 0.595745 0.029182 0.544778 0.001988 0.514759 0.438596 0 
2 0.617021 0.029242 0.535109 0.001992 0.516054 0.435526 0 
2 0.638298 0.029302 0.532728 0.001992 0.498446 0.46886 0 
2 0.659574 0.029452 0.547307 0.002 0.501295 0.464912 0 
2 0.680851 0.034676 0.570663 0.002356 0.505179 0.520175 0 
2 0.702128 0.040261 0.596102 0.002715 0.524599 0.564035 0 
2 0.723404 0.060826 0.655311 0.004092 0.577162 0.509649 1 
2 0.744681 0.064579 0.703213 0.004362 0.65769 0.414912 1 
2 0.765957 0.048847 0.682535 0.003276 0.653806 0.45 1 
2 0.787234 0.03981 0.644154 0.002663 0.611082 0.481579 0 
2 0.808511 0.036748 0.598929 0.002455 0.565251 0.482456 0 
2 0.829787 0.033115 0.559209 0.00221 0.534438 0.453509 0 
2 0.851064 0.029422 0.541654 0.001975 0.50725 0.459211 0 
2 0.87234 0.029332 0.520083 0.001975 0.485241 0.512719 0 
2 0.893617 0.028101 0.482148 0.001911 0.45624 0.51886 0 
2 0.914894 0.027141 0.434692 0.001843 0.418954 0.544737 0 
2 0.93617 0.077459 0.47352 0.001988 0.396168 0.620175 1 
2 0.957447 0.032785 0.487057 0.002164 0.372605 0.624561 0 
2 0.978723 0.03888 0.487652 0.002559 0.437597 0.633772 1 
2 1 0.043593 0.486165 0.002825 0.423874 0.683333 1 
