6 0 0.052 0.526034 0.003498 0.408856 0.545614 1 
6 0.021277 0.034676 0.50119 0.002316 0.376748 0.602193 0 
6 0.042553 0.042722 0.481999 0.00286 0.442517 0.510088 1 
6 0.06383 0.036598 0.432014 0.002451 0.42232 0.530702 0 
6 0.085106 0.035727 0.367153 0.002329 0.390471 0.568421 0 
6 0.106383 0.05314 0.319697 0.002009 0.348006 0.587719 1 
6 0.12766 0.047646 0.274174 0.002009 0.318747 0.577632 1 
6 0.148936 0.043083 0.2349 0.002009 0.293889 0.587719 1 
6 0.170213 0.031194 0.21928 0.001672 0.279389 0.612281 0 
6 0.191489 0.028732 0.218387 0.001512 0.268773 0.634211 0 
6 0.212766 0.032665 0.248587 0.001955 0.26696 0.653509 0 
6 0.234043 0.033355 0.289943 0.001965 0.287157 0.653509 0 
6 0.255319 0.06596 0.384558 0.003644 0.361471 0.644298 1 
6 0.276596 0.055182 0.490777 0.003668 0.438633 0.534649 1 
6 0.297872 0.034136 0.53853 0.002331 0.500259 0.379825 0 
6 0.319149 0.040261 0.618268 0.002804 0.585707 0.333772 1 
6 0.340426 0.035877 0.629723 0.002495 0.624029 0.288158 0 
6 0.361702 0.03909 0.615591 0.002725 0.636199 0.254825 1 
6 0.382979 0.028972 0.623624 0.002036 0.642413 0.240789 0 
6 0.404255 0.028942 0.610086 0.002044 0.626877 0.251316 0 
6 0.425532 0.028942 0.593425 0.00204 0.613154 0.260526 0 
6 0.446809 0.03894 0.584201 0.002719 0.610047 0.284211 1 
6 0.468085 0.040261 0.579738 0.002815 0.617038 0.252193 1 
6 0.489362 0.040261 0.575424 0.002827 0.601761 0.302632 1 
6 0.510638 0.040261 0.566201 0.002825 0.58001 0.301316 1 
6 0.531915 0.035307 0.55296 0.002476 0.57276 0.27193 0 
6 0.553191 0.028942 0.534216 0.002046 0.581046 0.260088 0 
6 0.574468 0.028942 0.526778 0.002052 0.573019 0.286404 0 
6 0.595745 0.028372 0.514281 0.002009 0.525375 0.32807 0 
6 0.617021 0.027831 0.501785 0.001975 0.540135 0.274561 0 
6 0.638298 0.027471 0.492264 0.001957 0.549715 0.243421 0 
6 0.659574 0.027591 0.495835 0.001967 0.538581 0.277193 0 
6 0.680851 0.028131 0.516959 0.002007 0.545313 0.287281 0 
6 0.702128 0.029933 0.555787 0.002135 0.575867 0.263596 0 
6 0.723404 0.032785 0.635525 0.002308 0.629726 0.225 0 
6 0.744681 0.035007 0.688634 0.002439 0.688762 0.23114 0 
6 0.765957 0.029302 0.672568 0.002013 0.66986 0.220614 0 
6 0.787234 0.029332 0.647575 0.002011 0.631279 0.201316 0 
6 0.808511 0.029182 0.613062 0.001998 0.589591 0.205702 0 
6 0.829787 0.028942 0.587771 0.001996 0.561367 0.335526 0 
6 0.851064 0.028792 0.576614 0.002038 0.529001 0.380702 0 
6 0.87234 0.028792 0.556977 0.002032 0.492491 0.372368 0 
6 0.893617 0.027351 0.526034 0.001915 0.455205 0.420175 0 
6 0.914894 0.02657 0.487652 0.001847 0.428793 0.442105 0 
6 0.93617 0.028462 0.531687 0.001982 0.413257 0.508772 0 
6 0.957447 0.028942 0.550729 0.001998 0.40782 0.455263 0 
6 0.978723 0.050108 0.554597 0.00344 0.48291 0.457456 1 
6 1 0.047106 0.544778 0.003193 0.461419 0.554825 1 
