1 0 0.041431 0.224933 0.003467 0.422915 0.414912 0 
1 0.021277 0.041431 0.184469 0.003467 0.422915 0.414912 0 
1 0.042553 0.041431 0.145641 0.003467 0.422915 0.414912 0 
1 0.06383 0.041431 0.124219 0.003467 0.422915 0.414912 0 
1 0.085106 0.041071 0.107409 0.003467 0.422915 0.414912 0 
1 0.106383 0.041431 0.099375 0.003467 0.422915 0.414912 0 
1 0.12766 0.041131 0.096251 0.003467 0.422915 0.414912 0 
1 0.148936 0.068242 0.111425 0.003467 0.422915 0.414912 1 
1 0.170213 0.043053 0.139839 0.003467 0.422915 0.414912 0 
1 0.191489 0.043053 0.181047 0.003467 0.422915 0.414912 0 
1 0.212766 0.074577 0.265843 0.003467 0.422915 0.414912 1 
1 0.234043 0.068242 0.358375 0.003467 0.422915 0.414912 1 
1 0.255319 0.074577 0.386046 0.003467 0.422915 0.414912 1 
1 0.276596 0.070103 0.452098 0.003467 0.422915 0.414912 1 
1 0.297872 0.073856 0.482446 0.003467 0.422915 0.414912 1 
1 0.319149 0.081332 0.519339 0.003467 0.422915 0.414912 1 
1 0.340426 0.09151 0.569176 0.003467 0.422915 0.414912 1 
1 0.361702 0.10508 0.58316 0.003467 0.422915 0.414912 1 
1 0.382979 0.110244 0.580631 0.003467 0.422915 0.414912 1 
1 0.404255 0.093071 0.583309 0.003467 0.422915 0.414912 1 
1 0.425532 0.09151 0.587474 0.003467 0.422915 0.414912 1 
1 0.446809 0.09151 0.595656 0.003467 0.422915 0.414912 1 
1 0.468085 0.090369 0.595359 0.003467 0.422915 0.414912 1 
1 0.489362 0.081332 0.590152 0.003467 0.422915 0.414912 1 
1 0.510638 0.090369 0.591937 0.003467 0.422915 0.414912 1 
1 0.531915 0.093071 0.596102 0.003467 0.422915 0.414912 1 
1 0.553191 0.090369 0.604582 0.003467 0.422915 0.414912 1 
1 0.574468 0.090369 0.59997 0.003467 0.422915 0.414912 1 
1 0.595745 0.0786 0.599375 0.003467 0.422915 0.414912 1 
1 0.617021 0.090369 0.605028 0.003467 0.422915 0.414912 1 
1 0.638298 0.081332 0.604284 0.003467 0.422915 0.414912 1 
1 0.659574 0.090369 0.608747 0.003467 0.422915 0.414912 1 
1 0.680851 0.081332 0.590003 0.003467 0.422915 0.414912 1 
1 0.702128 0.073856 0.57587 0.003467 0.422915 0.414912 1 
1 0.723404 0.073856 0.540464 0.003467 0.422915 0.414912 1 
1 0.744681 0.075718 0.504463 0.003467 0.422915 0.414912 1 
1 0.765957 0.077609 0.474561 0.003467 0.422915 0.414912 1 
1 0.787234 0.07947 0.484677 0.003467 0.422915 0.414912 1 
1 0.808511 0.07947 0.495835 0.003467 0.422915 0.414912 1 
1 0.829787 0.070103 0.478132 0.003467 0.422915 0.414912 1 
1 0.851064 0.057974 0.441238 0.003467 0.422915 0.414912 0 
1 0.87234 0.056083 0.399435 0.003467 0.422915 0.414912 0 
1 0.893617 0.073856 0.41922 0.003467 0.422915 0.414912 1 
1 0.914894 0.071965 0.428741 0.003467 0.422915 0.414912 1 
1 0.93617 0.071965 0.440048 0.003467 0.422915 0.414912 1 
1 0.957447 0.068242 0.42889 0.003467 0.422915 0.414912 0 
1 0.978723 0.056083 0.417435 0.003467 0.422915 0.414912 0 
1 1 0.051849 0.387236 0.003467 0.422915 0.414912 0 
