2 0 0.043623 0.248289 0.002885 0.32522 0.586842 1 
2 0.021277 0.043053 0.219131 0.00284 0.295443 0.605702 1 
2 0.042553 0.043233 0.191461 0.002865 0.362506 0.571053 1 
2 0.06383 0.044824 0.166766 0.002941 0.33972 0.656579 1 
2 0.085106 0.031794 0.138352 0.002081 0.291559 0.627193 0 
2 0.106383 0.026 0.125112 0.001699 0.247022 0.661404 0 
2 0.12766 0.02627 0.126302 0.001708 0.208959 0.682895 0 
2 0.148936 0.027351 0.135525 0.001776 0.198602 0.679386 0 
2 0.170213 0.040621 0.168402 0.00263 0.211031 0.754825 0 
2 0.191489 0.043203 0.213478 0.002779 0.238736 0.758333 1 
2 0.212766 0.045935 0.294555 0.002981 0.304247 0.686404 1 
2 0.234043 0.044614 0.379054 0.002931 0.388141 0.592982 1 
2 0.255319 0.049027 0.4036 0.00329 0.511134 0.45307 1 
2 0.276596 0.050679 0.472776 0.003444 0.601761 0.369298 1 
2 0.297872 0.045304 0.486611 0.003049 0.557742 0.409649 1 
2 0.319149 0.046776 0.505802 0.003135 0.542724 0.418421 1 
2 0.340426 0.081032 0.55177 0.005382 0.561885 0.519737 1 
2 0.361702 0.073856 0.565308 0.004869 0.549715 0.501754 1 
2 0.382979 0.06581 0.556233 0.004358 0.56059 0.461842 1 
2 0.404255 0.047736 0.538976 0.003184 0.560331 0.435965 1 
2 0.425532 0.050288 0.537638 0.003363 0.562144 0.425 1 
2 0.446809 0.049087 0.539125 0.003282 0.551269 0.432895 1 
2 0.468085 0.046205 0.533175 0.003091 0.540135 0.453509 1 
2 0.489362 0.049297 0.528414 0.003292 0.545831 0.424123 1 
2 0.510638 0.048997 0.524993 0.003284 0.551787 0.407895 1 
2 0.531915 0.048367 0.520976 0.003251 0.549974 0.419298 1 
2 0.553191 0.050318 0.51562 0.003384 0.555671 0.405263 1 
2 0.574468 0.049658 0.508331 0.003351 0.547903 0.37193 1 
2 0.595745 0.049207 0.50476 0.003324 0.539099 0.395614 1 
2 0.617021 0.047766 0.508331 0.00322 0.527965 0.389912 1 
2 0.638298 0.050198 0.512943 0.003384 0.535215 0.414912 1 
2 0.659574 0.047946 0.51205 0.003232 0.526152 0.393421 1 
2 0.680851 0.047346 0.507438 0.003187 0.530036 0.387281 1 
2 0.702128 0.045124 0.499405 0.003039 0.513465 0.42807 0 
2 0.723404 0.043263 0.485867 0.002889 0.481357 0.475439 0 
2 0.744681 0.044073 0.47947 0.002916 0.448731 0.493421 0 
2 0.765957 0.042903 0.463106 0.002829 0.409632 0.510965 0 
2 0.787234 0.043743 0.457899 0.002885 0.388141 0.501316 0 
2 0.808511 0.044104 0.460875 0.002916 0.411445 0.49693 0 
2 0.829787 0.043983 0.444064 0.002916 0.449508 0.441228 0 
2 0.851064 0.043203 0.413419 0.002877 0.431642 0.428947 0 
2 0.87234 0.041311 0.379054 0.002736 0.408338 0.492544 0 
2 0.893617 0.043713 0.399137 0.002867 0.3739 0.610526 0 
2 0.914894 0.044794 0.408658 0.002931 0.323149 0.62807 0 
2 0.93617 0.048577 0.441535 0.003162 0.298032 0.685526 1 
2 0.957447 0.046535 0.453734 0.003033 0.290782 0.630263 1 
2 0.978723 0.095382 0.450015 0.00634 0.416882 0.574123 1 
2 1 0.054672 0.437072 0.003654 0.419731 0.527632 1 
