7 0 0.046445 0.261827 0.003467 0.422915 0.414912 0 
7 0.021277 0.045304 0.219131 0.003467 0.422915 0.414912 0 
7 0.042553 0.044884 0.196816 0.003467 0.422915 0.414912 0 
7 0.06383 0.045154 0.160071 0.003467 0.422915 0.414912 0 
7 0.085106 0.044434 0.124517 0.003467 0.422915 0.414912 0 
7 0.106383 0.044254 0.095805 0.003467 0.422915 0.414912 0 
7 0.12766 0.042182 0.077953 0.003467 0.422915 0.414912 0 
7 0.148936 0.042182 0.06144 0.003467 0.422915 0.414912 0 
7 0.170213 0.042182 0.055341 0.003467 0.422915 0.414912 0 
7 0.191489 0.021016 0.057275 0.003467 0.422915 0.414912 0 
7 0.212766 0.046806 0.067688 0.003467 0.422915 0.414912 0 
7 0.234043 0.046625 0.07706 0.003467 0.422915 0.414912 0 
7 0.255319 0.046625 0.08911 0.003467 0.422915 0.414912 0 
7 0.276596 0.043623 0.104136 0.003467 0.422915 0.414912 0 
7 0.297872 0.046776 0.132847 0.003467 0.422915 0.414912 0 
7 0.319149 0.046806 0.184618 0.003467 0.422915 0.414912 0 
7 0.340426 0.046625 0.226421 0.003467 0.422915 0.414912 0 
7 0.361702 0.046806 0.264653 0.003467 0.422915 0.414912 0 
7 0.382979 0.046806 0.309134 0.003467 0.422915 0.414912 0 
7 0.404255 0.046806 0.331895 0.003467 0.422915 0.414912 0 
7 0.425532 0.046625 0.333978 0.003467 0.422915 0.414912 0 
7 0.446809 0.046806 0.324308 0.003467 0.422915 0.414912 0 
7 0.468085 0.046806 0.322523 0.003467 0.422915 0.414912 0 
7 0.489362 0.046806 0.315829 0.003467 0.422915 0.414912 0 
7 0.510638 0.046625 0.311366 0.003467 0.422915 0.414912 0 
7 0.531915 0.046806 0.301993 0.003467 0.422915 0.414912 0 
7 0.553191 0.046625 0.291134 0.003467 0.422915 0.414912 0 
7 0.574468 0.046806 0.284439 0.003467 0.422915 0.414912 0 
7 0.595745 0.046836 0.272687 0.003467 0.422915 0.414912 0 
7 0.617021 0.051309 0.266885 0.003467 0.422915 0.414912 1 
7 0.638298 0.051309 0.268224 0.003467 0.422915 0.414912 1 
7 0.659574 0.051309 0.271497 0.003467 0.422915 0.414912 1 
7 0.680851 0.051309 0.272687 0.003467 0.422915 0.414912 1 
7 0.702128 0.051309 0.286224 0.003467 0.422915 0.414912 1 
7 0.723404 0.046836 0.296489 0.003467 0.422915 0.414912 1 
7 0.744681 0.060706 0.349301 0.003467 0.422915 0.414912 1 
7 0.765957 0.056023 0.425469 0.003467 0.422915 0.414912 1 
7 0.787234 0.049898 0.428295 0.003467 0.422915 0.414912 1 
7 0.808511 0.048337 0.396311 0.003467 0.422915 0.414912 1 
7 0.829787 0.048337 0.363285 0.003467 0.422915 0.414912 1 
7 0.851064 0.056023 0.341267 0.003467 0.422915 0.414912 1 
7 0.87234 0.048337 0.326242 0.003467 0.422915 0.414912 1 
7 0.893617 0.051309 0.292175 0.003467 0.422915 0.414912 1 
7 0.914894 0.046806 0.271645 0.003467 0.422915 0.414912 0 
7 0.93617 0.051309 0.301398 0.003467 0.422915 0.414912 1 
7 0.957447 0.046836 0.310027 0.003467 0.422915 0.414912 0 
7 0.978723 0.046806 0.322969 0.003467 0.422915 0.414912 0 
7 1 0.046806 0.298721 0.003467 0.422915 0.414912 0 
