3 0 0.073226 0.587325 0.004892 0.497152 0.61886 0 
3 0.021277 0.063168 0.568581 0.004157 0.475142 0.632895 0 
3 0.042553 0.07881 0.53853 0.005746 0.545054 0.515351 1 
3 0.06383 0.084754 0.491669 0.005656 0.530295 0.545175 1 
3 0.085106 0.076258 0.432907 0.004965 0.503625 0.55307 0 
3 0.106383 0.063618 0.386343 0.004173 0.465821 0.685526 0 
3 0.12766 0.058424 0.333234 0.003803 0.447178 0.685088 0 
3 0.148936 0.048037 0.299018 0.003037 0.41999 0.692982 0 
3 0.170213 0.058815 0.27834 0.003801 0.406007 0.695614 0 
3 0.191489 0.046385 0.277001 0.002997 0.389436 0.719298 0 
3 0.212766 0.047736 0.303332 0.003087 0.397204 0.726754 0 
3 0.234043 0.049448 0.344689 0.003226 0.427499 0.670175 0 
3 0.255319 0.051489 0.448081 0.003484 0.498964 0.60614 0 
3 0.276596 0.059896 0.545373 0.00399 0.576385 0.502193 0 
3 0.297872 0.051039 0.584647 0.003604 0.633351 0.482018 0 
3 0.319149 0.074397 0.675692 0.005037 0.719316 0.361404 0 
3 0.340426 0.084214 0.727165 0.005787 0.756085 0.35307 1 
3 0.361702 0.126516 0.758703 0.009154 0.774469 0.301754 1 
3 0.382979 0.106641 0.779084 0.010598 0.796479 0.374123 1 
3 0.404255 0.101957 0.763314 0.007115 0.769808 0.339474 1 
3 0.425532 0.089678 0.728652 0.006007 0.754013 0.349123 1 
3 0.446809 0.086165 0.703213 0.005974 0.737701 0.344298 1 
3 0.468085 0.0786 0.676882 0.00533 0.714915 0.374123 0 
3 0.489362 0.076558 0.654121 0.005222 0.698084 0.335088 0 
3 0.510638 0.073826 0.639988 0.005004 0.676075 0.427632 0 
3 0.531915 0.072655 0.623773 0.004954 0.670378 0.39386 0 
3 0.553191 0.073166 0.616483 0.004998 0.691093 0.357895 0 
3 0.574468 0.070764 0.602202 0.004832 0.68203 0.390351 0 
3 0.595745 0.070103 0.597292 0.004722 0.66028 0.415789 0 
3 0.617021 0.062477 0.590301 0.004242 0.650958 0.420175 0 
3 0.638298 0.070283 0.59402 0.00483 0.641895 0.439474 0 
3 0.659574 0.068542 0.614698 0.004553 0.63594 0.485088 0 
3 0.680851 0.073586 0.647873 0.00494 0.628949 0.533333 0 
3 0.702128 0.076168 0.701726 0.005118 0.656396 0.510526 0 
3 0.723404 0.093251 0.794555 0.006311 0.723718 0.419298 1 
3 0.744681 0.207127 0.88917 0.014225 0.82289 0.326754 1 
3 0.765957 0.173772 0.901071 0.011998 0.832729 0.317544 1 
3 0.787234 0.11781 0.879798 0.008074 0.791559 0.375 1 
3 0.808511 0.095262 0.835019 0.006498 0.747022 0.399123 1 
3 0.829787 0.080942 0.805713 0.005492 0.703263 0.410088 1 
3 0.851064 0.085445 0.789051 0.005793 0.676592 0.444298 1 
3 0.87234 0.086226 0.763463 0.005798 0.653547 0.437281 1 
3 0.893617 0.077669 0.718685 0.005197 0.616002 0.503509 0 
3 0.914894 0.064399 0.658584 0.004304 0.579492 0.517105 0 
3 0.93617 0.073976 0.671378 0.004965 0.533143 0.614035 0 
3 0.957447 0.057674 0.652782 0.003843 0.500259 0.578509 0 
3 0.978723 0.083764 0.638947 0.005631 0.551528 0.572368 1 
3 1 0.111565 0.627641 0.007513 0.542724 0.633333 1 
