2 0 0.043023 0.411187 0.002827 0.405489 0.632456 0 
2 0.021277 0.042002 0.378012 0.002748 0.398757 0.642982 0 
2 0.042553 0.05206 0.355995 0.003292 0.460383 0.573684 0 
2 0.06383 0.054371 0.317168 0.003411 0.449767 0.603947 1 
2 0.085106 0.048817 0.28072 0.003143 0.437338 0.635088 0 
2 0.106383 0.043773 0.255727 0.002842 0.402382 0.652193 0 
2 0.12766 0.038069 0.227313 0.002489 0.37623 0.655702 0 
2 0.148936 0.031974 0.210652 0.002077 0.34956 0.732895 0 
2 0.170213 0.031794 0.19994 0.002007 0.332988 0.723246 0 
2 0.191489 0.04002 0.20604 0.00243 0.333765 0.772368 0 
2 0.212766 0.041101 0.244421 0.002356 0.335836 0.733772 0 
2 0.234043 0.035727 0.29039 0.002318 0.360694 0.723246 0 
2 0.255319 0.05308 0.396757 0.003494 0.43216 0.572807 0 
2 0.276596 0.061487 0.501636 0.004163 0.520197 0.495614 1 
2 0.297872 0.046145 0.543886 0.003415 0.590627 0.432018 0 
2 0.319149 0.071274 0.633294 0.004931 0.674521 0.377193 1 
2 0.340426 0.075597 0.683874 0.00516 0.729156 0.372368 1 
2 0.361702 0.077849 0.701726 0.005318 0.743656 0.340351 1 
2 0.382979 0.093521 0.755727 0.006219 0.751683 0.390789 1 
2 0.404255 0.098835 0.768075 0.006776 0.746504 0.370175 1 
2 0.425532 0.096313 0.759 0.006452 0.74521 0.391667 1 
2 0.446809 0.086376 0.74219 0.005839 0.740808 0.409211 1 
2 0.468085 0.095623 0.742339 0.006448 0.734335 0.430702 1 
2 0.489362 0.119281 0.743231 0.007941 0.730451 0.436842 1 
2 0.510638 0.089978 0.731925 0.006462 0.721388 0.451316 1 
2 0.531915 0.101027 0.727611 0.007227 0.729674 0.435088 1 
2 0.553191 0.111295 0.721809 0.008097 0.756344 0.395614 1 
2 0.574468 0.117269 0.721809 0.0085 0.749871 0.415789 1 
2 0.595745 0.101807 0.716156 0.006882 0.72812 0.440351 1 
2 0.617021 0.086676 0.704255 0.006078 0.718022 0.478509 1 
2 0.638298 0.093431 0.702172 0.006009 0.694459 0.504386 1 
2 0.659574 0.080761 0.715412 0.005376 0.689798 0.522807 1 
2 0.680851 0.09163 0.734305 0.006115 0.690575 0.527632 1 
2 0.702128 0.115738 0.785927 0.007736 0.705593 0.538596 1 
2 0.723404 0.10505 0.845879 0.007092 0.758156 0.472807 1 
2 0.744681 0.127357 0.897798 0.008646 0.813568 0.420175 1 
2 0.765957 0.111084 0.894228 0.007563 0.811497 0.386842 1 
2 0.787234 0.095683 0.86388 0.006483 0.760487 0.484649 1 
2 0.808511 0.078209 0.818506 0.00526 0.721129 0.42807 1 
2 0.829787 0.069083 0.769414 0.004695 0.676334 0.441667 0 
2 0.851064 0.067041 0.739512 0.004566 0.645262 0.482456 0 
2 0.87234 0.068662 0.709759 0.004622 0.619627 0.471053 0 
2 0.893617 0.059896 0.658881 0.004005 0.583894 0.517105 0 
2 0.914894 0.051639 0.59997 0.0035 0.549456 0.471053 0 
2 0.93617 0.055392 0.602053 0.003762 0.510875 0.548684 0 
2 0.957447 0.054762 0.606367 0.003685 0.483169 0.51886 0 
2 0.978723 0.0783 0.592681 0.005309 0.535733 0.541228 1 
2 1 0.070794 0.575424 0.004771 0.513465 0.583333 0 
