4 0 0.028552 0.348408 0.001872 0.35189 0.717105 0 
4 0.021277 0.028281 0.299018 0.001847 0.318747 0.699561 0 
4 0.042553 0.029693 0.249926 0.001953 0.371051 0.611404 0 
4 0.06383 0.028251 0.207825 0.001851 0.340756 0.673246 0 
4 0.085106 0.027291 0.178221 0.001134 0.299068 0.682895 0 
4 0.106383 0.025309 0.160518 0.0015 0.26204 0.792544 0 
4 0.12766 0.022727 0.152782 0.001483 0.244433 0.853509 0 
4 0.148936 0.022397 0.15665 0.00146 0.237442 0.833333 0 
4 0.170213 0.02678 0.186105 0.001745 0.259451 0.824123 0 
4 0.191489 0.028462 0.220619 0.001849 0.272916 0.805263 0 
4 0.212766 0.036778 0.295001 0.002385 0.323149 0.733333 1 
4 0.234043 0.03939 0.367301 0.00257 0.377007 0.634649 1 
4 0.255319 0.036298 0.394525 0.002412 0.466339 0.465789 1 
4 0.276596 0.028522 0.46266 0.001897 0.528483 0.484649 0 
4 0.297872 0.028612 0.499256 0.001876 0.495857 0.55307 0 
4 0.319149 0.028522 0.529009 0.001845 0.49508 0.60614 0 
4 0.340426 0.032154 0.584499 0.002073 0.508804 0.607018 1 
4 0.361702 0.029452 0.613508 0.001907 0.508286 0.617105 0 
4 0.382979 0.030954 0.624368 0.002009 0.515277 0.573246 1 
4 0.404255 0.033866 0.628087 0.002198 0.518902 0.594298 1 
4 0.425532 0.033475 0.63731 0.002169 0.529001 0.579825 1 
4 0.446809 0.042632 0.651889 0.002777 0.530295 0.539912 1 
4 0.468085 0.036718 0.658881 0.00241 0.525117 0.566228 1 
4 0.489362 0.036628 0.674055 0.002403 0.516831 0.581579 1 
4 0.510638 0.040771 0.694882 0.002673 0.525634 0.564035 1 
4 0.531915 0.041732 0.701577 0.002738 0.528742 0.545614 1 
4 0.553191 0.043083 0.707825 0.002829 0.53651 0.552193 1 
4 0.574468 0.132971 0.707974 0.008565 0.537286 0.639035 1 
4 0.595745 0.074607 0.70485 0.00469 0.522786 0.646491 1 
4 0.617021 0.15747 0.722702 0.010131 0.520974 0.663596 1 
4 0.638298 0.064549 0.72895 0.004144 0.520715 0.637719 1 
4 0.659574 0.042602 0.728206 0.00273 0.520197 0.67193 1 
4 0.680851 0.045244 0.714966 0.002902 0.51709 0.635088 1 
4 0.702128 0.055993 0.705891 0.003608 0.502071 0.631579 1 
4 0.723404 0.104299 0.665427 0.006568 0.490937 0.719298 1 
4 0.744681 0.056683 0.64222 0.003714 0.415329 0.713158 1 
4 0.765957 0.040651 0.600417 0.002634 0.372605 0.726316 0 
4 0.787234 0.040201 0.575722 0.002505 0.353444 0.709649 0 
4 0.808511 0.038729 0.581077 0.002468 0.348524 0.748246 0 
4 0.829787 0.043713 0.584647 0.002873 0.369498 0.714035 1 
4 0.851064 0.040831 0.550431 0.002607 0.373641 0.704386 0 
4 0.87234 0.040231 0.506694 0.002349 0.345417 0.708772 0 
4 0.893617 0.043443 0.512794 0.002709 0.316416 0.736842 1 
4 0.914894 0.037619 0.495983 0.002254 0.283014 0.742982 0 
4 0.93617 0.037949 0.493157 0.002347 0.270844 0.792105 0 
4 0.957447 0.032725 0.475602 0.002011 0.269808 0.852632 0 
4 0.978723 0.041161 0.457304 0.002657 0.359658 0.689912 0 
4 1 0.032665 0.406129 0.002144 0.359917 0.73114 0 
