4 0 0.029002 0.441386 0.001859 0.406266 0.498684 0 
4 0.021277 0.029002 0.416096 0.001847 0.376489 0.533333 0 
4 0.042553 0.029062 0.384558 0.001863 0.428534 0.430263 0 
4 0.06383 0.029002 0.334127 0.001857 0.408338 0.500439 0 
4 0.085106 0.029002 0.278042 0.00183 0.376748 0.546491 0 
4 0.106383 0.029002 0.240405 0.001791 0.343604 0.568421 0 
4 0.12766 0.028942 0.197263 0.001778 0.317193 0.612281 0 
4 0.148936 0.028942 0.174204 0.001766 0.299845 0.612281 0 
4 0.170213 0.028221 0.161262 0.001813 0.298291 0.735965 0 
4 0.191489 0.028131 0.16632 0.001793 0.283791 0.787719 0 
4 0.212766 0.028942 0.200387 0.001801 0.294666 0.765789 0 
4 0.234043 0.028972 0.247397 0.001153 0.304247 0.714474 0 
4 0.255319 0.028852 0.345582 0.001845 0.381926 0.547807 0 
4 0.276596 0.028972 0.432609 0.001882 0.45391 0.432895 0 
4 0.297872 0.028402 0.440345 0.001901 0.501295 0.38114 0 
4 0.319149 0.028942 0.499851 0.001957 0.568099 0.263596 0 
4 0.340426 0.029002 0.513686 0.001967 0.596582 0.239474 0 
4 0.361702 0.028942 0.511009 0.001975 0.602538 0.283772 0 
4 0.382979 0.029002 0.521868 0.001971 0.614707 0.214035 0 
4 0.404255 0.029002 0.518596 0.001973 0.605127 0.224561 0 
4 0.425532 0.028942 0.515918 0.001984 0.591403 0.232018 0 
4 0.446809 0.028942 0.50238 0.001996 0.599689 0.210526 0 
4 0.468085 0.028942 0.506248 0.002005 0.603055 0.228509 0 
4 0.489362 0.028942 0.502083 0.002002 0.603832 0.223246 0 
4 0.510638 0.028942 0.505951 0.002002 0.59943 0.26886 0 
4 0.531915 0.028942 0.503124 0.001998 0.598912 0.244298 0 
4 0.553191 0.028972 0.504314 0.001994 0.640083 0.175439 1 
4 0.574468 0.028972 0.502231 0.00198 0.648887 0.217544 1 
4 0.595745 0.028942 0.496876 0.001988 0.641119 0.218421 0 
4 0.617021 0.028792 0.486462 0.002005 0.618074 0.315789 0 
4 0.638298 0.028221 0.473222 0.001978 0.601243 0.299123 0 
4 0.659574 0.028101 0.477388 0.001973 0.591403 0.330702 0 
4 0.680851 0.028101 0.481851 0.001973 0.590368 0.314912 0 
4 0.702128 0.028492 0.504017 0.002002 0.601502 0.372368 0 
4 0.723404 0.028462 0.541208 0.002038 0.642154 0.434211 0 
4 0.744681 0.029062 0.604136 0.00205 0.694459 0.160965 1 
4 0.765957 0.029272 0.608301 0.001965 0.702486 0.15307 1 
4 0.787234 0.029002 0.578399 0.001946 0.664423 0.234211 1 
4 0.808511 0.028942 0.539125 0.001975 0.624547 0.30307 1 
4 0.829787 0.028822 0.50848 0.001996 0.585707 0.337281 0 
4 0.851064 0.028462 0.494942 0.001973 0.559555 0.390351 0 
4 0.87234 0.027981 0.46385 0.001932 0.526152 0.440789 0 
4 0.893617 0.027141 0.423981 0.001851 0.490419 0.516228 0 
4 0.914894 0.02612 0.383368 0.001772 0.448472 0.469298 0 
4 0.93617 0.028101 0.433651 0.001805 0.420766 0.572807 0 
4 0.957447 0.028101 0.451503 0.001789 0.40057 0.612281 0 
4 0.978723 0.028972 0.466379 0.001903 0.450803 0.542544 1 
4 1 0.028942 0.461321 0.001857 0.436561 0.599123 1 
