1 0 0.044524 0.366409 0.003047 0.380632 0.396491 0 
1 0.021277 0.046055 0.31687 0.003132 0.348524 0.464035 0 
1 0.042553 0.046776 0.286224 0.003322 0.39332 0.358333 1 
1 0.06383 0.049748 0.241148 0.003511 0.362506 0.445614 1 
1 0.085106 0.042843 0.197858 0.003054 0.316157 0.496491 0 
1 0.106383 0.041431 0.16632 0.002771 0.267996 0.533772 0 
1 0.12766 0.040501 0.138054 0.002707 0.230192 0.562281 0 
1 0.148936 0.037619 0.114549 0.00248 0.187727 0.580702 0 
1 0.170213 0.032425 0.103689 0.002092 0.157172 0.667982 0 
1 0.191489 0.031734 0.099524 0.002092 0.137235 0.677632 0 
1 0.212766 0.030984 0.104433 0.002013 0.118591 0.696491 0 
1 0.234043 0.031704 0.116334 0.002092 0.116261 0.741228 0 
1 0.255319 0.032425 0.141625 0.002102 0.123511 0.765789 0 
1 0.276596 0.032965 0.157394 0.002092 0.128172 0.761404 0 
1 0.297872 0.040471 0.193692 0.00188 0.106939 0.765789 0 
1 0.319149 0.042092 0.268075 0.002177 0.120145 0.765789 0 
1 0.340426 0.040771 0.33249 0.002503 0.163905 0.765789 0 
1 0.361702 0.042632 0.375781 0.002738 0.202486 0.755263 0 
1 0.382979 0.043473 0.423683 0.002823 0.221906 0.753509 0 
1 0.404255 0.043413 0.43856 0.002823 0.236924 0.74693 0 
1 0.425532 0.043353 0.428593 0.002827 0.239772 0.715789 0 
1 0.446809 0.043263 0.409699 0.002829 0.23537 0.737281 0 
1 0.468085 0.043263 0.380542 0.002813 0.233299 0.730702 0 
1 0.489362 0.043473 0.363434 0.002821 0.227084 0.74693 0 
1 0.510638 0.043353 0.350193 0.003004 0.227084 0.414912 0 
1 0.531915 0.040711 0.329961 0.002725 0.216209 0.715351 0 
1 0.553191 0.042542 0.31568 0.002773 0.220611 0.717105 0 
1 0.574468 0.042722 0.297233 0.002391 0.196012 0.70307 0 
1 0.595745 0.042512 0.284588 0.002767 0.181512 0.730702 0 
1 0.617021 0.042302 0.278786 0.002744 0.174003 0.745614 0 
1 0.638298 0.038579 0.273282 0.002513 0.175298 0.704825 0 
1 0.659574 0.03972 0.286373 0.002557 0.182289 0.714912 0 
1 0.680851 0.040381 0.307349 0.002646 0.1942 0.721491 0 
1 0.702128 0.042032 0.362392 0.002767 0.236924 0.647807 0 
1 0.723404 0.043323 0.467272 0.002908 0.323925 0.497807 0 
1 0.744681 0.066981 0.571259 0.004597 0.412481 0.393421 1 
1 0.765957 0.070013 0.586879 0.004803 0.428276 0.365789 1 
1 0.787234 0.070013 0.570961 0.004717 0.411704 0.400439 1 
1 0.808511 0.070013 0.537638 0.004711 0.384775 0.42807 1 
1 0.829787 0.070013 0.516662 0.004734 0.368203 0.464912 1 
1 0.851064 0.070013 0.503868 0.004757 0.355256 0.464912 1 
1 0.87234 0.058845 0.488694 0.003992 0.341274 0.500877 1 
1 0.893617 0.044164 0.450312 0.002997 0.314863 0.538596 0 
1 0.914894 0.044194 0.411336 0.002981 0.299845 0.553509 0 
1 0.93617 0.044554 0.422493 0.002995 0.292595 0.569737 0 
1 0.957447 0.043983 0.415055 0.002956 0.294407 0.550877 0 
1 0.978723 0.044554 0.413567 0.003029 0.358364 0.426754 0 
1 1 0.044344 0.386641 0.00302 0.352926 0.464035 0 
