3 0 0.087637 0.525439 0.003467 0.422915 0.414912 1 
3 0.021277 0.090939 0.504017 0.003467 0.422915 0.414912 1 
3 0.042553 0.07953 0.480661 0.003467 0.422915 0.414912 1 
3 0.06383 0.049538 0.417287 0.003467 0.422915 0.414912 0 
3 0.085106 0.048247 0.357037 0.003467 0.422915 0.414912 0 
3 0.106383 0.049538 0.310027 0.003467 0.422915 0.414912 0 
3 0.12766 0.041582 0.265992 0.003467 0.422915 0.414912 0 
3 0.148936 0.041582 0.226718 0.003467 0.422915 0.414912 0 
3 0.170213 0.050168 0.209164 0.003467 0.422915 0.414912 0 
3 0.191489 0.051249 0.200684 0.003467 0.422915 0.414912 0 
3 0.212766 0.051249 0.231479 0.003467 0.422915 0.414912 0 
3 0.234043 0.051249 0.281613 0.003467 0.422915 0.414912 0 
3 0.255319 0.075567 0.38798 0.003467 0.422915 0.414912 1 
3 0.276596 0.086135 0.503124 0.003467 0.422915 0.414912 1 
3 0.297872 0.071304 0.509967 0.003467 0.422915 0.414912 1 
3 0.319149 0.041732 0.571407 0.003467 0.422915 0.414912 0 
3 0.340426 0.041732 0.582416 0.003467 0.422915 0.414912 0 
3 0.361702 0.041732 0.569325 0.003467 0.422915 0.414912 0 
3 0.382979 0.043203 0.601012 0.003467 0.422915 0.414912 0 
3 0.404255 0.043203 0.603838 0.003467 0.422915 0.414912 0 
3 0.425532 0.041732 0.583011 0.003467 0.422915 0.414912 0 
3 0.446809 0.041732 0.560994 0.003467 0.422915 0.414912 0 
3 0.468085 0.041732 0.546712 0.003467 0.422915 0.414912 0 
3 0.489362 0.041732 0.536596 0.003467 0.422915 0.414912 0 
3 0.510638 0.041732 0.521125 0.003467 0.422915 0.414912 0 
3 0.531915 0.041732 0.509223 0.003467 0.422915 0.414912 0 
3 0.553191 0.041732 0.505058 0.003467 0.422915 0.414912 0 
3 0.574468 0.041732 0.497769 0.003467 0.422915 0.414912 0 
3 0.595745 0.041732 0.485867 0.003467 0.422915 0.414912 0 
3 0.617021 0.051249 0.481553 0.003467 0.422915 0.414912 0 
3 0.638298 0.082833 0.471288 0.003467 0.422915 0.414912 1 
3 0.659574 0.086135 0.478429 0.003467 0.422915 0.414912 1 
3 0.680851 0.082833 0.496132 0.003467 0.422915 0.414912 1 
3 0.702128 0.088567 0.530497 0.003467 0.422915 0.414912 1 
3 0.723404 0.090309 0.587623 0.003467 0.422915 0.414912 1 
3 0.744681 0.090309 0.698453 0.003467 0.422915 0.414912 1 
3 0.765957 0.10505 0.732966 0.003467 0.422915 0.414912 1 
3 0.787234 0.090068 0.720173 0.003467 0.422915 0.414912 1 
3 0.808511 0.088567 0.683874 0.003467 0.422915 0.414912 1 
3 0.829787 0.088567 0.65665 0.003467 0.422915 0.414912 1 
3 0.851064 0.090309 0.635823 0.003467 0.422915 0.414912 1 
3 0.87234 0.090068 0.612169 0.003467 0.422915 0.414912 1 
3 0.893617 0.086135 0.561886 0.003467 0.422915 0.414912 1 
3 0.914894 0.051249 0.509223 0.003467 0.422915 0.414912 0 
3 0.93617 0.090068 0.540613 0.003467 0.422915 0.414912 1 
3 0.957447 0.090068 0.546415 0.003467 0.422915 0.414912 1 
3 0.978723 0.097574 0.549241 0.003467 0.422915 0.414912 1 
3 1 0.090309 0.545076 0.003467 0.422915 0.414912 1 
