5 0 0.076648 0.561738 0.003467 0.422915 0.414912 1 
5 0.021277 0.076648 0.533323 0.003467 0.422915 0.414912 1 
5 0.042553 0.041732 0.506397 0.003467 0.422915 0.414912 0 
5 0.06383 0.041582 0.442725 0.003467 0.422915 0.414912 0 
5 0.085106 0.041281 0.374145 0.003467 0.422915 0.414912 0 
5 0.106383 0.041311 0.326986 0.003467 0.422915 0.414912 0 
5 0.12766 0.041281 0.279084 0.003467 0.422915 0.414912 0 
5 0.148936 0.041281 0.242636 0.003467 0.422915 0.414912 0 
5 0.170213 0.040921 0.219429 0.003467 0.422915 0.414912 0 
5 0.191489 0.059625 0.216007 0.003467 0.422915 0.414912 0 
5 0.212766 0.041281 0.242487 0.003467 0.422915 0.414912 0 
5 0.234043 0.041732 0.29396 0.003467 0.422915 0.414912 0 
5 0.255319 0.071454 0.39765 0.003467 0.422915 0.414912 1 
5 0.276596 0.077159 0.513686 0.003467 0.422915 0.414912 1 
5 0.297872 0.041732 0.553555 0.003467 0.422915 0.414912 0 
5 0.319149 0.045154 0.645195 0.003467 0.422915 0.414912 0 
5 0.340426 0.041732 0.672865 0.003467 0.422915 0.414912 0 
5 0.361702 0.041732 0.664683 0.003467 0.422915 0.414912 0 
5 0.382979 0.059025 0.703065 0.003467 0.422915 0.414912 0 
5 0.404255 0.059025 0.721958 0.003467 0.422915 0.414912 0 
5 0.425532 0.076798 0.707825 0.003467 0.422915 0.414912 1 
5 0.446809 0.092861 0.675989 0.003467 0.422915 0.414912 1 
5 0.468085 0.087877 0.655162 0.003467 0.422915 0.414912 1 
5 0.489362 0.095232 0.642666 0.003467 0.422915 0.414912 1 
5 0.510638 0.07896 0.636864 0.003467 0.422915 0.414912 1 
5 0.531915 0.076798 0.622583 0.003467 0.422915 0.414912 1 
5 0.553191 0.079921 0.6144 0.003467 0.422915 0.414912 1 
5 0.574468 0.092861 0.613508 0.003467 0.422915 0.414912 1 
5 0.595745 0.07896 0.599524 0.003467 0.422915 0.414912 1 
5 0.617021 0.092861 0.577655 0.003467 0.422915 0.414912 1 
5 0.638298 0.07896 0.57111 0.003467 0.422915 0.414912 1 
5 0.659574 0.092861 0.588218 0.003467 0.422915 0.414912 1 
5 0.680851 0.092861 0.609789 0.003467 0.422915 0.414912 1 
5 0.702128 0.097814 0.64817 0.003467 0.422915 0.414912 1 
5 0.723404 0.097814 0.710354 0.003467 0.422915 0.414912 1 
5 0.744681 0.092861 0.76019 0.003467 0.422915 0.414912 1 
5 0.765957 0.069353 0.758256 0.003467 0.422915 0.414912 1 
5 0.787234 0.055572 0.734454 0.003467 0.422915 0.414912 0 
5 0.808511 0.041612 0.687147 0.003467 0.422915 0.414912 0 
5 0.829787 0.041582 0.651741 0.003467 0.422915 0.414912 0 
5 0.851064 0.059025 0.62526 0.003467 0.422915 0.414912 0 
5 0.87234 0.041732 0.596549 0.003467 0.422915 0.414912 0 
5 0.893617 0.041582 0.54939 0.003467 0.422915 0.414912 0 
5 0.914894 0.041281 0.492859 0.003467 0.422915 0.414912 0 
5 0.93617 0.071454 0.537935 0.003467 0.422915 0.414912 1 
5 0.957447 0.071454 0.546712 0.003467 0.422915 0.414912 1 
5 0.978723 0.076798 0.560994 0.003467 0.422915 0.414912 1 
5 1 0.059025 0.554299 0.003467 0.422915 0.414912 0 
