1 0 0.041131 0.366111 0.003467 0.422915 0.414912 0 
1 0.021277 0.041191 0.330854 0.003467 0.422915 0.414912 0 
1 0.042553 0.041972 0.320738 0.003467 0.422915 0.414912 0 
1 0.06383 0.045034 0.274918 0.003467 0.422915 0.414912 0 
1 0.085106 0.043413 0.232966 0.003467 0.422915 0.414912 0 
1 0.106383 0.045755 0.198155 0.003467 0.422915 0.414912 0 
1 0.12766 0.041131 0.177031 0.003467 0.422915 0.414912 0 
1 0.148936 0.045034 0.15055 0.003467 0.422915 0.414912 0 
1 0.170213 0.045755 0.145492 0.003467 0.422915 0.414912 0 
1 0.191489 0.045034 0.157691 0.003467 0.422915 0.414912 0 
1 0.212766 0.045755 0.193097 0.003467 0.422915 0.414912 0 
1 0.234043 0.045755 0.247099 0.003467 0.422915 0.414912 0 
1 0.255319 0.075387 0.352722 0.003467 0.422915 0.414912 1 
1 0.276596 0.095292 0.480214 0.003467 0.422915 0.414912 1 
1 0.297872 0.080911 0.520083 0.003467 0.422915 0.414912 1 
1 0.319149 0.095292 0.604582 0.003467 0.422915 0.414912 1 
1 0.340426 0.093671 0.637757 0.003467 0.422915 0.414912 1 
1 0.361702 0.089798 0.647426 0.003467 0.422915 0.414912 1 
1 0.382979 0.130029 0.697709 0.003467 0.422915 0.414912 1 
1 0.404255 0.146691 0.735347 0.003467 0.422915 0.414912 1 
1 0.425532 0.133391 0.736239 0.003467 0.422915 0.414912 1 
1 0.446809 0.134682 0.728355 0.003467 0.422915 0.414912 1 
1 0.468085 0.146691 0.723892 0.003467 0.422915 0.414912 1 
1 0.489362 0.146691 0.731479 0.003467 0.422915 0.414912 1 
1 0.510638 0.146691 0.738768 0.003467 0.422915 0.414912 1 
1 0.531915 0.146691 0.734454 0.003467 0.422915 0.414912 1 
1 0.553191 0.134682 0.727908 0.003467 0.422915 0.414912 1 
1 0.574468 0.134682 0.714966 0.003467 0.422915 0.414912 1 
1 0.595745 0.133391 0.707825 0.003467 0.422915 0.414912 1 
1 0.617021 0.130029 0.69994 0.003467 0.422915 0.414912 1 
1 0.638298 0.133391 0.700536 0.003467 0.422915 0.414912 1 
1 0.659574 0.146691 0.719875 0.003467 0.422915 0.414912 1 
1 0.680851 0.146691 0.751413 0.003467 0.422915 0.414912 1 
1 0.702128 0.149664 0.789497 0.003467 0.422915 0.414912 1 
1 0.723404 0.146691 0.828622 0.003467 0.422915 0.414912 1 
1 0.744681 0.150775 0.908509 0.003467 0.422915 0.414912 1 
1 0.765957 0.150324 0.935733 0.003467 0.422915 0.414912 1 
1 0.787234 0.133391 0.911336 0.003467 0.422915 0.414912 1 
1 0.808511 0.119881 0.865219 0.003467 0.422915 0.414912 1 
1 0.829787 0.119881 0.819994 0.003467 0.422915 0.414912 1 
1 0.851064 0.130029 0.793216 0.003467 0.422915 0.414912 1 
1 0.87234 0.119491 0.757215 0.003467 0.422915 0.414912 1 
1 0.893617 0.10478 0.689973 0.003467 0.422915 0.414912 1 
1 0.914894 0.090939 0.608301 0.003467 0.422915 0.414912 0 
1 0.93617 0.114027 0.638203 0.003467 0.422915 0.414912 1 
1 0.957447 0.090939 0.621541 0.003467 0.422915 0.414912 0 
1 0.978723 0.087727 0.602946 0.003467 0.422915 0.414912 0 
1 1 0.06602 0.585242 0.003467 0.422915 0.414912 0 
