4 0 0.038039 0.487057 0.002507 0.398757 0.590789 0 
4 0.021277 0.038729 0.475007 0.00253 0.367944 0.62193 0 
4 0.042553 0.045244 0.444808 0.002977 0.42957 0.520614 0 
4 0.06383 0.03894 0.385153 0.002545 0.408079 0.603947 0 
4 0.085106 0.032905 0.325796 0.002123 0.366908 0.59386 0 
4 0.106383 0.035187 0.276555 0.002254 0.335577 0.660965 0 
4 0.12766 0.030954 0.234454 0.001971 0.306059 0.705702 0 
4 0.148936 0.038369 0.206784 0.002457 0.297514 0.720175 0 
4 0.170213 0.029903 0.1867 0.001915 0.282755 0.750877 0 
4 0.191489 0.029092 0.192205 0.001855 0.270067 0.754825 0 
4 0.212766 0.029633 0.221363 0.001888 0.265665 0.725439 0 
4 0.234043 0.032034 0.271199 0.002059 0.286898 0.707895 0 
4 0.255319 0.047496 0.368789 0.003108 0.350337 0.582018 1 
4 0.276596 0.194248 0.466082 0.012291 0.428276 0.496053 1 
4 0.297872 0.034736 0.489735 0.00237 0.477214 0.345614 0 
4 0.319149 0.034466 0.55177 0.002383 0.532885 0.314474 0 
4 0.340426 0.032455 0.562035 0.002241 0.562921 0.246053 0 
4 0.361702 0.029332 0.55296 0.002009 0.560073 0.204386 0 
4 0.382979 0.029302 0.55906 0.002015 0.567064 0.292105 0 
4 0.404255 0.029242 0.55058 0.002011 0.555412 0.289912 0 
4 0.425532 0.030173 0.551026 0.002048 0.548938 0.378509 0 
4 0.446809 0.038099 0.537489 0.002613 0.546608 0.314912 0 
4 0.468085 0.029422 0.528117 0.002009 0.534438 0.192544 0 
4 0.489362 0.029212 0.521571 0.002011 0.527965 0.308333 0 
4 0.510638 0.029302 0.516959 0.002013 0.520456 0.312719 0 
4 0.531915 0.029723 0.509521 0.002052 0.52175 0.285526 0 
4 0.553191 0.029092 0.503868 0.002009 0.535215 0.244737 0 
4 0.574468 0.029182 0.499554 0.002009 0.535474 0.227193 0 
4 0.595745 0.030023 0.487504 0.002073 0.525375 0.256579 0 
4 0.617021 0.029122 0.479768 0.002009 0.519938 0.246053 0 
4 0.638298 0.029062 0.481256 0.002009 0.505955 0.275877 0 
4 0.659574 0.029092 0.492115 0.002 0.504661 0.313158 0 
4 0.680851 0.029242 0.512943 0.00199 0.509322 0.252632 0 
4 0.702128 0.034917 0.553555 0.002383 0.510875 0.361404 0 
4 0.723404 0.075988 0.616037 0.00512 0.549715 0.454386 1 
4 0.744681 0.10481 0.670931 0.007 0.623252 0.517544 1 
4 0.765957 0.080581 0.659625 0.005316 0.62377 0.430263 1 
4 0.787234 0.059265 0.63255 0.003924 0.582341 0.422807 1 
4 0.808511 0.048006 0.591342 0.00318 0.543501 0.416228 1 
4 0.829787 0.033626 0.557423 0.002256 0.512688 0.328947 0 
4 0.851064 0.029783 0.540018 0.002009 0.483428 0.340789 0 
4 0.87234 0.031284 0.514133 0.002113 0.452097 0.405702 0 
4 0.893617 0.028972 0.473966 0.001948 0.42465 0.434211 0 
4 0.914894 0.029002 0.434246 0.001955 0.394096 0.47807 0 
4 0.93617 0.029753 0.475602 0.001988 0.380114 0.504386 0 
4 0.957447 0.029723 0.490777 0.001978 0.355774 0.515789 0 
4 0.978723 0.029723 0.506843 0.001988 0.412998 0.414035 0 
4 1 0.030413 0.500893 0.002009 0.400829 0.497807 0 
