6 0 0.047406 0.397352 0.003166 0.392802 0.524561 0 
6 0.021277 0.045184 0.341714 0.003006 0.363801 0.554825 0 
6 0.042553 0.048877 0.285629 0.003249 0.417918 0.535965 0 
6 0.06383 0.047466 0.240851 0.003137 0.391507 0.574123 0 
6 0.085106 0.043293 0.197263 0.002838 0.335318 0.671491 0 
6 0.106383 0.041371 0.17465 0.002686 0.293371 0.693421 0 
6 0.12766 0.031854 0.155906 0.002069 0.252719 0.719298 0 
6 0.148936 0.027141 0.159923 0.001745 0.173485 0.762719 0 
6 0.170213 0.036928 0.188486 0.002372 0.184102 0.798684 0 
6 0.191489 0.042632 0.226272 0.002761 0.277576 0.711842 0 
6 0.212766 0.047616 0.308688 0.00311 0.344899 0.707895 0 
6 0.234043 0.051399 0.39274 0.003373 0.421543 0.610965 1 
6 0.255319 0.036628 0.415501 0.002474 0.52667 0.471053 0 
6 0.276596 0.089618 0.470544 0.006032 0.610823 0.450877 1 
6 0.297872 0.046475 0.490777 0.00312 0.566805 0.451316 0 
6 0.319149 0.046806 0.481702 0.003126 0.556965 0.426316 0 
6 0.340426 0.053621 0.531538 0.00355 0.559296 0.513596 1 
6 0.361702 0.050228 0.547159 0.003313 0.557483 0.522368 1 
6 0.382979 0.049628 0.54091 0.003274 0.558778 0.49693 1 
6 0.404255 0.046145 0.529307 0.003056 0.566028 0.438596 0 
6 0.425532 0.050468 0.526927 0.003353 0.574573 0.454386 1 
6 0.446809 0.050348 0.525588 0.003346 0.576385 0.435088 1 
6 0.468085 0.048757 0.519339 0.003259 0.571207 0.411842 1 
6 0.489362 0.046025 0.508331 0.003078 0.568617 0.416228 0 
6 0.510638 0.048757 0.502529 0.003259 0.569135 0.399561 1 
6 0.531915 0.046685 0.498066 0.003128 0.575608 0.403509 0 
6 0.553191 0.047946 0.489884 0.003216 0.579751 0.357895 1 
6 0.574468 0.045695 0.479173 0.003056 0.577421 0.407456 0 
6 0.595745 0.044554 0.473669 0.002975 0.564733 0.458333 0 
6 0.617021 0.044854 0.480214 0.002981 0.555412 0.427632 0 
6 0.638298 0.045364 0.473669 0.003035 0.557742 0.401316 0 
6 0.659574 0.045605 0.479173 0.003051 0.554117 0.405263 0 
6 0.680851 0.044434 0.477834 0.002968 0.550233 0.422807 0 
6 0.702128 0.044434 0.465486 0.002956 0.535992 0.471491 0 
6 0.723404 0.043473 0.439601 0.002879 0.501554 0.47193 0 
6 0.744681 0.042843 0.42294 0.002833 0.476955 0.444737 0 
6 0.765957 0.043743 0.418328 0.002904 0.439927 0.437281 0 
6 0.787234 0.042813 0.431419 0.002823 0.426722 0.539474 0 
6 0.808511 0.042632 0.430973 0.002788 0.441222 0.477193 0 
6 0.829787 0.042632 0.414014 0.002808 0.463231 0.482895 0 
6 0.851064 0.03924 0.382029 0.00257 0.420766 0.489474 0 
6 0.87234 0.036208 0.349747 0.002385 0.387364 0.481579 0 
6 0.893617 0.040711 0.386938 0.002655 0.31564 0.656579 0 
6 0.914894 0.03984 0.415353 0.002547 0.252201 0.746053 0 
6 0.93617 0.047376 0.448974 0.003043 0.296479 0.674561 1 
6 0.957447 0.046986 0.45299 0.003043 0.323149 0.693421 1 
6 0.978723 0.055332 0.437072 0.003519 0.436302 0.579386 1 
6 1 0.046595 0.426956 0.003099 0.434231 0.597368 1 
