1 0 0.027291 0.276108 0.001832 0.291818 0.530702 1 
1 0.021277 0.027261 0.237578 0.001838 0.260228 0.526316 1 
1 0.042553 0.027801 0.212437 0.001882 0.303988 0.45614 1 
1 0.06383 0.027741 0.172865 0.001867 0.280425 0.512719 1 
1 0.085106 0.02684 0.131508 0.001803 0.234593 0.560965 0 
1 0.106383 0.0266 0.105921 0.001791 0.185914 0.592105 0 
1 0.12766 0.024048 0.081821 0.001616 0.153547 0.617982 0 
1 0.148936 0.021196 0.07111 0.001427 0.122734 0.657018 0 
1 0.170213 0.020566 0.061143 0.001377 0.104091 0.700877 0 
1 0.191489 0.019845 0.056531 0.001325 0.078457 0.716228 0 
1 0.212766 0.019815 0.055787 0.001323 0.075091 0.707018 0 
1 0.234043 0.019545 0.057275 0.001307 0.060073 0.723246 0 
1 0.255319 0.019845 0.077358 0.001323 0.058001 0.751316 0 
1 0.276596 0.020776 0.112169 0.001415 0.067582 0.760526 0 
1 0.297872 0.021016 0.135525 0.0014 0.068099 0.76886 0 
1 0.319149 0.024439 0.184915 0.001633 0.083118 0.74386 0 
1 0.340426 0.02693 0.228503 0.001805 0.117556 0.693421 1 
1 0.361702 0.027261 0.270009 0.00183 0.134904 0.645175 1 
1 0.382979 0.027921 0.317168 0.001882 0.161315 0.618421 1 
1 0.404255 0.028221 0.339334 0.001903 0.171932 0.607018 1 
1 0.425532 0.028372 0.338441 0.001913 0.181253 0.598684 1 
1 0.446809 0.027921 0.32892 0.001884 0.185655 0.589474 1 
1 0.468085 0.028191 0.32163 0.001903 0.187468 0.578509 1 
1 0.489362 0.028432 0.319548 0.001917 0.191352 0.590351 1 
1 0.510638 0.028402 0.310771 0.001903 0.193423 0.586842 1 
1 0.531915 0.027831 0.306159 0.001861 0.18203 0.604386 1 
1 0.553191 0.027951 0.293216 0.001882 0.184102 0.617105 1 
1 0.574468 0.027561 0.282505 0.001853 0.169601 0.636842 1 
1 0.595745 0.027861 0.280422 0.00187 0.166753 0.620175 1 
1 0.617021 0.02624 0.27105 0.001762 0.163646 0.623246 0 
1 0.638298 0.027291 0.273133 0.00183 0.167012 0.62807 1 
1 0.659574 0.027621 0.272092 0.001851 0.167789 0.612719 1 
1 0.680851 0.027561 0.268521 0.001851 0.176851 0.626754 1 
1 0.702128 0.027711 0.276703 0.001863 0.188503 0.585088 1 
1 0.723404 0.027351 0.270306 0.001843 0.206629 0.547368 1 
1 0.744681 0.028762 0.30244 0.001944 0.231227 0.515351 1 
1 0.765957 0.029032 0.355549 0.001973 0.27188 0.480702 1 
1 0.787234 0.04002 0.413716 0.002742 0.319782 0.40307 1 
1 0.808511 0.040441 0.404493 0.002777 0.339461 0.384649 1 
1 0.829787 0.034526 0.372954 0.002366 0.326515 0.422368 1 
1 0.851064 0.031884 0.353764 0.002175 0.314345 0.455702 1 
1 0.87234 0.031314 0.329515 0.002127 0.290523 0.500877 1 
1 0.893617 0.028522 0.299911 0.001932 0.269549 0.515789 1 
1 0.914894 0.027021 0.26019 0.00183 0.24754 0.537281 0 
1 0.93617 0.028822 0.291282 0.001961 0.240549 0.435965 1 
1 0.957447 0.029122 0.294258 0.001984 0.244692 0.451754 1 
1 0.978723 0.035577 0.305713 0.002428 0.323925 0.368421 1 
1 1 0.029182 0.285778 0.00199 0.323149 0.404386 1 
