2 0 0.028191 0.249628 0.001892 0.258933 0.635088 0 
2 0.021277 0.0269 0.216602 0.001803 0.234335 0.644298 0 
2 0.042553 0.030893 0.190568 0.002075 0.302952 0.552632 0 
2 0.06383 0.02642 0.167807 0.001776 0.2768 0.578947 0 
2 0.085106 0.023328 0.1446 0.001572 0.226308 0.571053 0 
2 0.106383 0.021046 0.124665 0.001423 0.185137 0.56886 0 
2 0.12766 0.020325 0.128533 0.001371 0.163128 0.610965 0 
2 0.148936 0.020325 0.13612 0.001369 0.156655 0.618421 0 
2 0.170213 0.03912 0.164237 0.002638 0.171932 0.589912 1 
2 0.191489 0.040681 0.200982 0.002746 0.190057 0.576754 1 
2 0.212766 0.03972 0.281315 0.00268 0.250388 0.643421 1 
2 0.234043 0.042722 0.36983 0.002885 0.323408 0.545614 1 
2 0.255319 0.035307 0.398691 0.002422 0.432677 0.388158 0 
2 0.276596 0.053771 0.467272 0.003731 0.516054 0.358333 1 
2 0.297872 0.049868 0.499702 0.00343 0.489643 0.35 1 
2 0.319149 0.047496 0.531389 0.00327 0.494045 0.360088 1 
2 0.340426 0.073076 0.570068 0.005083 0.52434 0.401754 1 
2 0.361702 0.060316 0.589408 0.004103 0.518384 0.378509 1 
2 0.382979 0.055632 0.593871 0.003787 0.531331 0.348246 1 
2 0.404255 0.05266 0.592234 0.003589 0.54117 0.342982 1 
2 0.425532 0.055632 0.593871 0.003789 0.549974 0.325439 1 
2 0.446809 0.060646 0.604284 0.004128 0.553858 0.391667 1 
2 0.468085 0.074336 0.606962 0.005054 0.555671 0.399561 1 
2 0.489362 0.075387 0.608004 0.005125 0.564474 0.369298 1 
2 0.510638 0.069353 0.609045 0.004778 0.579492 0.35614 1 
2 0.531915 0.075087 0.616037 0.00512 0.588814 0.368421 1 
2 0.553191 0.060676 0.613954 0.004227 0.586225 0.286842 1 
2 0.574468 0.066651 0.608301 0.004564 0.591921 0.29693 1 
2 0.595745 0.060856 0.61812 0.004117 0.580269 0.314035 1 
2 0.617021 0.077519 0.626004 0.005293 0.587778 0.354825 1 
2 0.638298 0.077459 0.627492 0.005274 0.590109 0.381579 1 
2 0.659574 0.077069 0.621244 0.005251 0.5971 0.366228 1 
2 0.680851 0.076198 0.603392 0.005193 0.592439 0.370614 1 
2 0.702128 0.074547 0.588218 0.00496 0.575867 0.332456 1 
2 0.723404 0.058785 0.547605 0.004019 0.530036 0.362281 1 
2 0.744681 0.046836 0.522017 0.003203 0.467633 0.321491 0 
2 0.765957 0.03999 0.490925 0.002813 0.419472 0.289474 0 
2 0.787234 0.037619 0.481256 0.002605 0.387105 0.27193 0 
2 0.808511 0.03969 0.501339 0.002754 0.379078 0.342544 0 
2 0.829787 0.04005 0.498959 0.002773 0.406007 0.334649 0 
2 0.851064 0.041522 0.461321 0.00286 0.40523 0.327193 0 
2 0.87234 0.03987 0.411485 0.002734 0.371569 0.310526 0 
2 0.893617 0.061187 0.428741 0.004186 0.335577 0.492544 1 
2 0.914894 0.0396 0.432461 0.002694 0.298032 0.427632 0 
2 0.93617 0.045845 0.442874 0.003118 0.278871 0.514912 0 
2 0.957447 0.040771 0.438262 0.002759 0.278871 0.502632 0 
2 0.978723 0.049057 0.428146 0.00333 0.36898 0.473246 0 
2 1 0.042993 0.391699 0.002931 0.356551 0.439912 0 
