4 0 0.03966 0.430675 0.002621 0.357328 0.547368 0 
4 0.021277 0.038459 0.395418 0.002505 0.321077 0.581579 0 
4 0.042553 0.040231 0.347367 0.002644 0.373123 0.521053 0 
4 0.06383 0.036988 0.302886 0.00242 0.349819 0.566228 0 
4 0.085106 0.035097 0.250223 0.002279 0.314604 0.598684 0 
4 0.106383 0.033475 0.213181 0.002152 0.280425 0.625 0 
4 0.12766 0.031734 0.180601 0.001934 0.260228 0.634211 0 
4 0.148936 0.031434 0.164386 0.002036 0.238219 0.655702 0 
4 0.170213 0.031434 0.163047 0.002029 0.234076 0.657895 0 
4 0.191489 0.031434 0.169295 0.002025 0.22812 0.7 0 
4 0.212766 0.032154 0.202172 0.002067 0.236924 0.669737 0 
4 0.234043 0.035847 0.247843 0.002297 0.256603 0.647807 0 
4 0.255319 0.042182 0.334424 0.002744 0.317711 0.536842 0 
4 0.276596 0.045995 0.414311 0.003033 0.37856 0.444298 0 
4 0.297872 0.037138 0.419667 0.002491 0.415329 0.380702 0 
4 0.319149 0.040981 0.478132 0.002794 0.47566 0.299123 0 
4 0.340426 0.03975 0.511157 0.002757 0.51217 0.253947 0 
4 0.361702 0.03975 0.52767 0.002773 0.528742 0.22807 0 
4 0.382979 0.038429 0.553555 0.002667 0.542465 0.298246 0 
4 0.404255 0.03975 0.567539 0.002742 0.549715 0.27807 0 
4 0.425532 0.03975 0.578846 0.002748 0.551269 0.258772 0 
4 0.446809 0.03975 0.580928 0.002761 0.561108 0.259211 0 
4 0.468085 0.03924 0.580482 0.002725 0.558001 0.25 0 
4 0.489362 0.03975 0.602053 0.002767 0.556965 0.265789 0 
4 0.510638 0.03975 0.603094 0.002773 0.557224 0.272368 0 
4 0.531915 0.040561 0.61812 0.002833 0.559296 0.248684 0 
4 0.553191 0.046265 0.629128 0.003228 0.562144 0.276316 1 
4 0.574468 0.045875 0.632401 0.003203 0.553858 0.280263 1 
4 0.595745 0.03975 0.633889 0.002752 0.55101 0.359211 0 
4 0.617021 0.03912 0.624517 0.00268 0.535733 0.435965 0 
4 0.638298 0.03891 0.617078 0.002648 0.534697 0.402632 0 
4 0.659574 0.03975 0.619905 0.002715 0.534697 0.414035 0 
4 0.680851 0.03975 0.6205 0.002713 0.54376 0.389035 0 
4 0.702128 0.03975 0.622136 0.002723 0.556189 0.423684 0 
4 0.723404 0.037408 0.602499 0.002547 0.568876 0.39693 0 
4 0.744681 0.038789 0.620351 0.002619 0.571207 0.419737 0 
4 0.765957 0.03975 0.640137 0.002676 0.577162 0.434649 0 
4 0.787234 0.038369 0.620202 0.002557 0.562144 0.492982 0 
4 0.808511 0.041822 0.570515 0.002806 0.536251 0.494737 1 
4 0.829787 0.03966 0.536596 0.002692 0.509322 0.442982 1 
4 0.851064 0.036328 0.508182 0.002443 0.479544 0.505702 0 
4 0.87234 0.037408 0.481107 0.002491 0.451838 0.538596 0 
4 0.893617 0.035007 0.441684 0.002314 0.429052 0.590351 0 
4 0.914894 0.033445 0.404641 0.002196 0.401864 0.582895 0 
4 0.93617 0.035427 0.45061 0.002308 0.380114 0.67193 0 
4 0.957447 0.035427 0.468313 0.002202 0.356551 0.716228 0 
4 0.978723 0.040741 0.468908 0.002655 0.425427 0.630702 1 
4 1 0.041041 0.461916 0.002659 0.404972 0.710526 1 
