3 0 0.059986 0.400179 0.003467 0.422915 0.414912 0 
3 0.021277 0.050498 0.333829 0.003467 0.422915 0.414912 0 
3 0.042553 0.047526 0.269563 0.003467 0.422915 0.414912 0 
3 0.06383 0.047526 0.221809 0.003467 0.422915 0.414912 0 
3 0.085106 0.047526 0.184171 0.003467 0.422915 0.414912 0 
3 0.106383 0.047526 0.157096 0.003467 0.422915 0.414912 0 
3 0.12766 0.047526 0.145344 0.003467 0.422915 0.414912 0 
3 0.148936 0.047526 0.139839 0.003467 0.422915 0.414912 0 
3 0.170213 0.072745 0.171229 0.003467 0.422915 0.414912 1 
3 0.191489 0.074667 0.208123 0.003467 0.422915 0.414912 1 
3 0.212766 0.083884 0.293365 0.003467 0.422915 0.414912 1 
3 0.234043 0.099736 0.393038 0.003467 0.422915 0.414912 1 
3 0.255319 0.114237 0.407766 0.003467 0.422915 0.414912 1 
3 0.276596 0.119491 0.467569 0.003467 0.422915 0.414912 1 
3 0.297872 0.093911 0.473966 0.003467 0.422915 0.414912 1 
3 0.319149 0.096343 0.474264 0.003467 0.422915 0.414912 1 
3 0.340426 0.098265 0.511157 0.003467 0.422915 0.414912 1 
3 0.361702 0.098115 0.525439 0.003467 0.422915 0.414912 1 
3 0.382979 0.106221 0.516364 0.003467 0.422915 0.414912 1 
3 0.404255 0.106221 0.491818 0.003467 0.422915 0.414912 1 
3 0.425532 0.099736 0.486462 0.003467 0.422915 0.414912 1 
3 0.446809 0.106221 0.481553 0.003467 0.422915 0.414912 1 
3 0.468085 0.106221 0.465784 0.003467 0.422915 0.414912 1 
3 0.489362 0.099736 0.464148 0.003467 0.422915 0.414912 1 
3 0.510638 0.090429 0.461321 0.003467 0.422915 0.414912 1 
3 0.531915 0.093911 0.457751 0.003467 0.422915 0.414912 1 
3 0.553191 0.082232 0.454627 0.003467 0.422915 0.414912 1 
3 0.574468 0.05221 0.435733 0.003467 0.422915 0.414912 0 
3 0.595745 0.05221 0.430378 0.003467 0.422915 0.414912 0 
3 0.617021 0.082232 0.432758 0.003467 0.422915 0.414912 1 
3 0.638298 0.060796 0.428146 0.003467 0.422915 0.414912 0 
3 0.659574 0.082232 0.443916 0.003467 0.422915 0.414912 1 
3 0.680851 0.093911 0.447932 0.003467 0.422915 0.414912 1 
3 0.702128 0.099736 0.464148 0.003467 0.422915 0.414912 1 
3 0.723404 0.082232 0.448974 0.003467 0.422915 0.414912 1 
3 0.744681 0.093911 0.445254 0.003467 0.422915 0.414912 1 
3 0.765957 0.082232 0.444362 0.003467 0.422915 0.414912 1 
3 0.787234 0.082232 0.462065 0.003467 0.422915 0.414912 1 
3 0.808511 0.060796 0.462957 0.003467 0.422915 0.414912 0 
3 0.829787 0.060796 0.442428 0.003467 0.422915 0.414912 0 
3 0.851064 0.072475 0.411633 0.003467 0.422915 0.414912 0 
3 0.87234 0.051459 0.370128 0.003467 0.422915 0.414912 0 
3 0.893617 0.082232 0.394972 0.003467 0.422915 0.414912 1 
3 0.914894 0.074667 0.408361 0.003467 0.422915 0.414912 0 
3 0.93617 0.082232 0.432609 0.003467 0.422915 0.414912 1 
3 0.957447 0.082232 0.433948 0.003467 0.422915 0.414912 1 
3 0.978723 0.060796 0.438857 0.003467 0.422915 0.414912 0 
3 1 0.082232 0.427551 0.003467 0.422915 0.414912 1 
