5 0 0.071604 0.560696 0.003465 0.503366 0.598684 1 
5 0.021277 0.069143 0.546861 0.002919 0.483687 0.598684 1 
5 0.042553 0.077279 0.516662 0.005102 0.54609 0.55307 1 
5 0.06383 0.055362 0.458494 0.003623 0.527447 0.638158 0 
5 0.085106 0.051309 0.404641 0.003307 0.494562 0.687281 0 
5 0.106383 0.051669 0.353169 0.003307 0.458571 0.721053 0 
5 0.12766 0.047346 0.301547 0.003029 0.422061 0.716228 0 
5 0.148936 0.044644 0.272389 0.002877 0.393578 0.69693 0 
5 0.170213 0.034346 0.252603 0.002221 0.369757 0.673246 0 
5 0.191489 0.02663 0.251265 0.001722 0.350337 0.687281 0 
5 0.212766 0.041612 0.275216 0.002692 0.36406 0.688158 0 
5 0.234043 0.031704 0.32535 0.002056 0.381926 0.682456 0 
5 0.255319 0.069503 0.425915 0.004514 0.469964 0.600439 1 
5 0.276596 0.085505 0.536894 0.005582 0.556706 0.566667 1 
5 0.297872 0.05278 0.577209 0.003486 0.607716 0.432456 0 
5 0.319149 0.083073 0.659774 0.00553 0.685396 0.438158 1 
5 0.340426 0.090609 0.688188 0.005997 0.730709 0.426316 1 
5 0.361702 0.090579 0.686998 0.005995 0.726308 0.459649 1 
5 0.382979 0.099255 0.731627 0.006572 0.743915 0.491667 1 
5 0.404255 0.100817 0.743677 0.006624 0.726567 0.543421 1 
5 0.425532 0.097244 0.729545 0.006348 0.707664 0.580702 1 
5 0.446809 0.094962 0.707974 0.006232 0.697307 0.571053 1 
5 0.468085 0.096223 0.695478 0.006261 0.675816 0.594298 1 
5 0.489362 0.097274 0.691907 0.006321 0.659244 0.593421 1 
5 0.510638 0.098655 0.687295 0.006352 0.633351 0.635088 1 
5 0.531915 0.125796 0.684915 0.008114 0.613154 0.655702 1 
5 0.553191 0.107572 0.687295 0.006986 0.634127 0.603509 1 
5 0.574468 0.114687 0.686254 0.007424 0.631279 0.648684 1 
5 0.595745 0.140717 0.682237 0.008988 0.617038 0.728947 1 
5 0.617021 0.153447 0.669741 0.009784 0.607457 0.705702 1 
5 0.638298 0.147292 0.683725 0.009375 0.588555 0.719298 1 
5 0.659574 0.138976 0.707379 0.008841 0.582082 0.764474 1 
5 0.680851 0.149814 0.739512 0.009489 0.578975 0.764912 1 
5 0.702128 0.121893 0.768521 0.007775 0.593216 0.743421 1 
5 0.723404 0.124054 0.812407 0.00791 0.625065 0.755263 1 
5 0.744681 0.169089 0.895269 0.010814 0.711031 0.621053 1 
5 0.765957 0.272877 0.900327 0.017655 0.75479 0.637719 1 
5 0.787234 0.551579 0.877715 0.035536 0.737442 0.695614 1 
5 0.808511 0.138045 0.837251 0.008756 0.700673 0.68114 1 
5 0.829787 0.133932 0.785481 0.008477 0.66494 0.663158 1 
5 0.851064 0.156389 0.750372 0.009879 0.646815 0.735526 1 
5 0.87234 0.117119 0.718685 0.007441 0.610306 0.680702 1 
5 0.893617 0.07905 0.670039 0.005087 0.584153 0.654825 0 
5 0.914894 0.054341 0.626599 0.003519 0.54376 0.574561 0 
5 0.93617 0.085265 0.653675 0.005528 0.516572 0.754825 0 
5 0.957447 0.073826 0.644005 0.004734 0.485759 0.712281 0 
5 0.978723 0.085205 0.623624 0.005521 0.563956 0.718421 0 
5 1 0.075688 0.603987 0.004865 0.542724 0.732895 0 
