2 0 0.091089 0.562333 0.003467 0.422915 0.414912 1 
2 0.021277 0.099616 0.536447 0.003467 0.422915 0.414912 1 
2 0.042553 0.080911 0.506843 0.003467 0.422915 0.414912 1 
2 0.06383 0.041732 0.445552 0.003467 0.422915 0.414912 0 
2 0.085106 0.077609 0.387385 0.003467 0.422915 0.414912 0 
2 0.106383 0.075958 0.335912 0.003467 0.422915 0.414912 0 
2 0.12766 0.075958 0.292026 0.003467 0.422915 0.414912 0 
2 0.148936 0.074817 0.256174 0.003467 0.422915 0.414912 0 
2 0.170213 0.075958 0.239958 0.003467 0.422915 0.414912 0 
2 0.191489 0.075958 0.23252 0.003467 0.422915 0.414912 0 
2 0.212766 0.077909 0.258852 0.003467 0.422915 0.414912 0 
2 0.234043 0.07869 0.309283 0.003467 0.422915 0.414912 0 
2 0.255319 0.090369 0.407617 0.003467 0.422915 0.414912 1 
2 0.276596 0.043833 0.508033 0.003467 0.422915 0.414912 0 
2 0.297872 0.070313 0.53853 0.003467 0.422915 0.414912 0 
2 0.319149 0.090369 0.626599 0.003467 0.422915 0.414912 1 
2 0.340426 0.074967 0.681642 0.003467 0.422915 0.414912 0 
2 0.361702 0.073616 0.703213 0.003467 0.422915 0.414912 0 
2 0.382979 0.090369 0.729842 0.003467 0.422915 0.414912 1 
2 0.404255 0.073616 0.727165 0.003467 0.422915 0.414912 0 
2 0.425532 0.073616 0.685808 0.003467 0.422915 0.414912 0 
2 0.446809 0.044404 0.656501 0.003467 0.422915 0.414912 0 
2 0.468085 0.044134 0.632699 0.003467 0.422915 0.414912 0 
2 0.489362 0.07914 0.60726 0.003467 0.422915 0.414912 0 
2 0.510638 0.073616 0.58792 0.003467 0.422915 0.414912 0 
2 0.531915 0.070313 0.570961 0.003467 0.422915 0.414912 0 
2 0.553191 0.082743 0.557423 0.003467 0.422915 0.414912 0 
2 0.574468 0.074967 0.539423 0.003467 0.422915 0.414912 0 
2 0.595745 0.090369 0.523802 0.003467 0.422915 0.414912 1 
2 0.617021 0.074967 0.51443 0.003467 0.422915 0.414912 0 
2 0.638298 0.090369 0.511009 0.003467 0.422915 0.414912 1 
2 0.659574 0.090369 0.529307 0.003467 0.422915 0.414912 1 
2 0.680851 0.090369 0.549688 0.003467 0.422915 0.414912 1 
2 0.702128 0.149544 0.614103 0.003467 0.422915 0.414912 1 
2 0.723404 0.134682 0.727611 0.003467 0.422915 0.414912 1 
2 0.744681 0.179236 0.82892 0.003467 0.422915 0.414912 1 
2 0.765957 0.090369 0.840672 0.003467 0.422915 0.414912 1 
2 0.787234 0.090369 0.818953 0.003467 0.422915 0.414912 1 
2 0.808511 0.074487 0.776406 0.003467 0.422915 0.414912 0 
2 0.829787 0.074967 0.749182 0.003467 0.422915 0.414912 0 
2 0.851064 0.134682 0.726867 0.003467 0.422915 0.414912 1 
2 0.87234 0.134682 0.694882 0.003467 0.422915 0.414912 1 
2 0.893617 0.090369 0.636269 0.003467 0.422915 0.414912 1 
2 0.914894 0.074967 0.577358 0.003467 0.422915 0.414912 0 
2 0.93617 0.134682 0.599078 0.003467 0.422915 0.414912 1 
2 0.957447 0.125796 0.582862 0.003467 0.422915 0.414912 1 
2 0.978723 0.125796 0.581821 0.003467 0.422915 0.414912 1 
2 1 0.125796 0.57111 0.003467 0.422915 0.414912 1 
