7 0 0.033656 0.48319 0.002322 0.423097 0.382018 0 
7 0.021277 0.034046 0.474412 0.002341 0.388918 0.452193 0 
7 0.042553 0.035937 0.443618 0.002455 0.431642 0.363158 1 
7 0.06383 0.034226 0.379649 0.002335 0.406525 0.412281 1 
7 0.085106 0.032214 0.317763 0.002204 0.362765 0.446053 0 
7 0.106383 0.028882 0.2651 0.001971 0.314604 0.489474 0 
7 0.12766 0.028342 0.217941 0.001928 0.272657 0.561404 0 
7 0.148936 0.027381 0.182089 0.001853 0.237442 0.610965 0 
7 0.170213 0.025429 0.159179 0.00172 0.212325 0.640789 0 
7 0.191489 0.023328 0.149063 0.001577 0.187985 0.662281 0 
7 0.212766 0.023628 0.153972 0.001595 0.189021 0.666667 0 
7 0.234043 0.024589 0.171973 0.001662 0.191093 0.671053 0 
7 0.255319 0.02585 0.204552 0.001747 0.216986 0.685526 0 
7 0.276596 0.02678 0.256323 0.001805 0.231486 0.667544 0 
7 0.297872 0.02663 0.303035 0.001801 0.229933 0.632018 0 
7 0.319149 0.02675 0.37355 0.001813 0.269032 0.564035 0 
7 0.340426 0.02603 0.430229 0.001743 0.305023 0.542982 0 
7 0.361702 0.02582 0.462511 0.00172 0.330917 0.551316 0 
7 0.382979 0.027501 0.488396 0.001828 0.33739 0.562281 0 
7 0.404255 0.028552 0.485421 0.001899 0.33739 0.560088 0 
7 0.425532 0.024048 0.459238 0.001599 0.322372 0.560965 0 
7 0.446809 0.028281 0.433056 0.001884 0.307872 0.583333 0 
7 0.468085 0.031074 0.401964 0.002069 0.295443 0.580263 1 
7 0.489362 0.029813 0.384261 0.002002 0.290005 0.592982 0 
7 0.510638 0.028882 0.362392 0.00194 0.276282 0.616228 0 
7 0.531915 0.027411 0.343201 0.001834 0.256344 0.648684 0 
7 0.553191 0.027321 0.324755 0.00183 0.25479 0.630702 0 
7 0.574468 0.029302 0.30958 0.001971 0.243138 0.608772 0 
7 0.595745 0.029813 0.291282 0.002023 0.231227 0.588596 1 
7 0.617021 0.027621 0.284885 0.001886 0.220352 0.605263 0 
7 0.638298 0.027051 0.279976 0.001845 0.207147 0.621491 0 
7 0.659574 0.027741 0.284142 0.001892 0.204298 0.620614 0 
7 0.680851 0.025309 0.285778 0.001726 0.202486 0.623246 0 
7 0.702128 0.023508 0.306903 0.001593 0.187985 0.754825 0 
7 0.723404 0.02627 0.313448 0.001776 0.243656 0.622368 0 
7 0.744681 0.024499 0.389021 0.001651 0.28638 0.598246 0 
7 0.765957 0.027771 0.483041 0.001845 0.346453 0.553947 0 
7 0.787234 0.029422 0.493008 0.001957 0.384516 0.517544 1 
7 0.808511 0.02624 0.455222 0.001749 0.359658 0.569298 0 
7 0.829787 0.029182 0.427998 0.001951 0.338685 0.573246 1 
7 0.851064 0.028251 0.401071 0.001901 0.316157 0.574561 0 
7 0.87234 0.02669 0.387385 0.001803 0.307613 0.584649 0 
7 0.893617 0.025099 0.364921 0.001695 0.285862 0.599561 0 
7 0.914894 0.025339 0.345433 0.00171 0.269808 0.589912 0 
7 0.93617 0.027921 0.373401 0.001888 0.274469 0.598246 0 
7 0.957447 0.02606 0.375483 0.001757 0.278871 0.594298 0 
7 0.978723 0.029092 0.375483 0.001975 0.352926 0.465789 1 
7 1 0.02693 0.355995 0.001824 0.356551 0.494737 0 
