6 0 0.059025 0.552812 0.003467 0.422915 0.414912 0 
6 0.021277 0.069173 0.521125 0.003467 0.422915 0.414912 1 
6 0.042553 0.045154 0.489289 0.003467 0.422915 0.414912 0 
6 0.06383 0.041732 0.418179 0.003467 0.422915 0.414912 0 
6 0.085106 0.045154 0.347664 0.003467 0.422915 0.414912 0 
6 0.106383 0.041582 0.302142 0.003467 0.422915 0.414912 0 
6 0.12766 0.041552 0.250074 0.003467 0.422915 0.414912 0 
6 0.148936 0.041582 0.209461 0.003467 0.422915 0.414912 0 
6 0.170213 0.059625 0.176138 0.003467 0.422915 0.414912 0 
6 0.191489 0.041642 0.160964 0.003467 0.422915 0.414912 0 
6 0.212766 0.041642 0.170336 0.003467 0.422915 0.414912 0 
6 0.234043 0.059625 0.181642 0.003467 0.422915 0.414912 0 
6 0.255319 0.06557 0.217644 0.003467 0.422915 0.414912 1 
6 0.276596 0.041582 0.255727 0.003467 0.422915 0.414912 0 
6 0.297872 0.06557 0.30601 0.003467 0.422915 0.414912 1 
6 0.319149 0.041732 0.394079 0.003467 0.422915 0.414912 0 
6 0.340426 0.041732 0.479619 0.003467 0.422915 0.414912 0 
6 0.361702 0.041732 0.534811 0.003467 0.422915 0.414912 0 
6 0.382979 0.042392 0.587623 0.003467 0.422915 0.414912 0 
6 0.404255 0.071454 0.597739 0.003467 0.422915 0.414912 1 
6 0.425532 0.041732 0.59402 0.003467 0.422915 0.414912 0 
6 0.446809 0.041732 0.57349 0.003467 0.422915 0.414912 0 
6 0.468085 0.041732 0.540167 0.003467 0.422915 0.414912 0 
6 0.489362 0.076018 0.552514 0.003467 0.422915 0.414912 1 
6 0.510638 0.084304 0.546415 0.003467 0.422915 0.414912 1 
6 0.531915 0.081062 0.533472 0.003467 0.422915 0.414912 1 
6 0.553191 0.078029 0.524249 0.003467 0.422915 0.414912 1 
6 0.574468 0.081062 0.516067 0.003467 0.422915 0.414912 1 
6 0.595745 0.081062 0.508926 0.003467 0.422915 0.414912 1 
6 0.617021 0.084304 0.503719 0.003467 0.422915 0.414912 1 
6 0.638298 0.084304 0.506694 0.003467 0.422915 0.414912 1 
6 0.659574 0.084484 0.511009 0.003467 0.422915 0.414912 1 
6 0.680851 0.085535 0.549688 0.003467 0.422915 0.414912 1 
6 0.702128 0.088657 0.594763 0.003467 0.422915 0.414912 1 
6 0.723404 0.092801 0.624665 0.003467 0.422915 0.414912 1 
6 0.744681 0.085535 0.68194 0.003467 0.422915 0.414912 1 
6 0.765957 0.069173 0.671229 0.003467 0.422915 0.414912 1 
6 0.787234 0.042062 0.651889 0.003467 0.422915 0.414912 0 
6 0.808511 0.041732 0.600417 0.003467 0.422915 0.414912 0 
6 0.829787 0.041732 0.549688 0.003467 0.422915 0.414912 0 
6 0.851064 0.041642 0.515472 0.003467 0.422915 0.414912 0 
6 0.87234 0.041582 0.493752 0.003467 0.422915 0.414912 0 
6 0.893617 0.041582 0.46385 0.003467 0.422915 0.414912 0 
6 0.914894 0.040741 0.424278 0.003467 0.422915 0.414912 0 
6 0.93617 0.041732 0.44704 0.003467 0.422915 0.414912 0 
6 0.957447 0.041642 0.448676 0.003467 0.422915 0.414912 0 
6 0.978723 0.041642 0.453436 0.003467 0.422915 0.414912 0 
6 1 0.041642 0.430378 0.003467 0.422915 0.414912 0 
