6 0 0.033866 0.35183 0.001973 0.360694 0.869298 0 
6 0.021277 0.029032 0.296043 0.001053 0.333506 0.865789 0 
6 0.042553 0.030083 0.240702 0.001464 0.384516 0.8 0 
6 0.06383 0.030803 0.205742 0.001593 0.34464 0.769298 0 
6 0.085106 0.028462 0.172716 0.001041 0.303729 0.841667 0 
6 0.106383 0.028492 0.165576 0.000833 0.263853 0.854825 0 
6 0.12766 0.028462 0.161559 0.000835 0.251165 0.863596 0 
6 0.148936 0.028492 0.166171 0.000839 0.246504 0.885526 0 
6 0.170213 0.027051 0.195775 0.000841 0.26204 0.885526 0 
6 0.191489 0.028582 0.229396 0.000835 0.274728 0.859211 0 
6 0.212766 0.028762 0.308688 0.000883 0.341792 0.841667 0 
6 0.234043 0.030293 0.384112 0.001219 0.402382 0.808772 0 
6 0.255319 0.035457 0.422196 0.0014 0.489902 0.642105 0 
6 0.276596 0.033325 0.475751 0.002216 0.559296 0.634211 0 
6 0.297872 0.025609 0.510414 0.001678 0.529001 0.727632 0 
6 0.319149 0.030743 0.536447 0.001996 0.528224 0.753947 0 
6 0.340426 0.032335 0.607855 0.002067 0.536251 0.793421 0 
6 0.361702 0.034076 0.633591 0.002171 0.534956 0.791667 0 
6 0.382979 0.033325 0.645344 0.002127 0.532626 0.782018 0 
6 0.404255 0.033986 0.646831 0.002169 0.544278 0.807456 0 
6 0.425532 0.027831 0.652336 0.001687 0.540394 0.851316 0 
6 0.446809 0.033445 0.664088 0.002071 0.543242 0.812281 0 
6 0.468085 0.033566 0.671675 0.001901 0.532885 0.815789 0 
6 0.489362 0.033806 0.682832 0.002027 0.539099 0.817105 0 
6 0.510638 0.033566 0.685659 0.001799 0.539876 0.799561 0 
6 0.531915 0.045455 0.69399 0.002312 0.537286 0.79693 1 
6 0.553191 0.035127 0.681345 0.000995 0.531849 0.778947 0 
6 0.574468 0.033656 0.684023 0.000995 0.522527 0.778947 0 
6 0.595745 0.033205 0.680303 0.000995 0.511911 0.805702 0 
6 0.617021 0.035337 0.679708 0.000995 0.498446 0.790351 0 
6 0.638298 0.035487 0.680155 0.000995 0.500518 0.805702 0 
6 0.659574 0.031194 0.668551 0.001973 0.506732 0.802193 0 
6 0.680851 0.031584 0.638947 0.001973 0.49767 0.778509 0 
6 0.702128 0.031074 0.591044 0.001811 0.485759 0.703509 0 
6 0.723404 0.028972 0.535704 0.000843 0.443553 0.769298 0 
6 0.744681 0.028822 0.499702 0.000843 0.406007 0.769298 0 
6 0.765957 0.028462 0.464148 0.000841 0.370533 0.791228 0 
6 0.787234 0.028612 0.468759 0.000841 0.358622 0.775877 0 
6 0.808511 0.028732 0.473669 0.000854 0.365614 0.775877 0 
6 0.829787 0.028462 0.455519 0.000962 0.401864 0.775877 0 
6 0.851064 0.028552 0.427551 0.000841 0.367685 0.775877 0 
6 0.87234 0.028432 0.389914 0.000837 0.341792 0.797807 0 
6 0.893617 0.028612 0.420857 0.000833 0.309166 0.797807 0 
6 0.914894 0.028552 0.429188 0.000827 0.280166 0.797807 0 
6 0.93617 0.028702 0.44704 0.000833 0.264889 0.797807 0 
6 0.957447 0.028672 0.446593 0.000833 0.267737 0.797807 0 
6 0.978723 0.029422 0.414906 0.001735 0.353185 0.761842 0 
6 1 0.030683 0.387385 0.001973 0.354738 0.802632 0 
