2 0 0.090939 0.530199 0.003467 0.422915 0.414912 1 
2 0.021277 0.098925 0.510414 0.003467 0.422915 0.414912 1 
2 0.042553 0.095473 0.491372 0.003467 0.422915 0.414912 1 
2 0.06383 0.098925 0.426659 0.003467 0.422915 0.414912 1 
2 0.085106 0.057464 0.368343 0.003467 0.422915 0.414912 0 
2 0.106383 0.072295 0.317465 0.003467 0.422915 0.414912 1 
2 0.12766 0.060496 0.269414 0.003467 0.422915 0.414912 0 
2 0.148936 0.067491 0.237727 0.003467 0.422915 0.414912 1 
2 0.170213 0.051699 0.219875 0.003467 0.422915 0.414912 0 
2 0.191489 0.051699 0.211395 0.003467 0.422915 0.414912 0 
2 0.212766 0.059445 0.239512 0.003467 0.422915 0.414912 0 
2 0.234043 0.10511 0.288158 0.003467 0.422915 0.414912 1 
2 0.255319 0.119581 0.400476 0.003467 0.422915 0.414912 1 
2 0.276596 0.133812 0.52172 0.003467 0.422915 0.414912 1 
2 0.297872 0.11787 0.538381 0.003467 0.422915 0.414912 1 
2 0.319149 0.106341 0.605772 0.003467 0.422915 0.414912 1 
2 0.340426 0.087697 0.605177 0.003467 0.422915 0.414912 1 
2 0.361702 0.062988 0.582416 0.003467 0.422915 0.414912 0 
2 0.382979 0.119491 0.605177 0.003467 0.422915 0.414912 1 
2 0.404255 0.119491 0.610533 0.003467 0.422915 0.414912 1 
2 0.425532 0.087697 0.584201 0.003467 0.422915 0.414912 1 
2 0.446809 0.11898 0.55177 0.003467 0.422915 0.414912 1 
2 0.468085 0.119491 0.528563 0.003467 0.422915 0.414912 1 
2 0.489362 0.087697 0.514281 0.003467 0.422915 0.414912 1 
2 0.510638 0.103549 0.506843 0.003467 0.422915 0.414912 1 
2 0.531915 0.087697 0.49033 0.003467 0.422915 0.414912 1 
2 0.553191 0.103549 0.485421 0.003467 0.422915 0.414912 1 
2 0.574468 0.087066 0.473817 0.003467 0.422915 0.414912 1 
2 0.595745 0.075117 0.463106 0.003467 0.422915 0.414912 0 
2 0.617021 0.051699 0.452841 0.003467 0.422915 0.414912 0 
2 0.638298 0.041431 0.450164 0.003467 0.422915 0.414912 0 
2 0.659574 0.051699 0.45418 0.003467 0.422915 0.414912 0 
2 0.680851 0.051699 0.463106 0.003467 0.422915 0.414912 0 
2 0.702128 0.050889 0.477239 0.003467 0.422915 0.414912 0 
2 0.723404 0.041431 0.526034 0.003467 0.422915 0.414912 0 
2 0.744681 0.046085 0.620054 0.003467 0.422915 0.414912 0 
2 0.765957 0.043203 0.649509 0.003467 0.422915 0.414912 0 
2 0.787234 0.041431 0.634484 0.003467 0.422915 0.414912 0 
2 0.808511 0.041431 0.600863 0.003467 0.422915 0.414912 0 
2 0.829787 0.041431 0.57349 0.003467 0.422915 0.414912 0 
2 0.851064 0.045094 0.559506 0.003467 0.422915 0.414912 0 
2 0.87234 0.041431 0.537043 0.003467 0.422915 0.414912 0 
2 0.893617 0.041431 0.494049 0.003467 0.422915 0.414912 0 
2 0.914894 0.041431 0.454032 0.003467 0.422915 0.414912 0 
2 0.93617 0.051699 0.492115 0.003467 0.422915 0.414912 0 
2 0.957447 0.041431 0.495091 0.003467 0.422915 0.414912 0 
2 0.978723 0.051699 0.510711 0.003467 0.422915 0.414912 0 
2 1 0.051699 0.513686 0.003467 0.422915 0.414912 0 
