7 0 0.055242 0.24338 0.003467 0.422915 0.414912 0 
7 0.021277 0.055242 0.195775 0.003467 0.422915 0.414912 0 
7 0.042553 0.055242 0.153823 0.003467 0.422915 0.414912 0 
7 0.06383 0.055242 0.127789 0.003467 0.422915 0.414912 0 
7 0.085106 0.055242 0.11083 0.003467 0.422915 0.414912 0 
7 0.106383 0.055242 0.091044 0.003467 0.422915 0.414912 0 
7 0.12766 0.055242 0.08792 0.003467 0.422915 0.414912 0 
7 0.148936 0.055242 0.080928 0.003467 0.422915 0.414912 0 
7 0.170213 0.067521 0.086284 0.003467 0.422915 0.414912 0 
7 0.191489 0.068602 0.092086 0.003467 0.422915 0.414912 0 
7 0.212766 0.068602 0.110235 0.003467 0.422915 0.414912 0 
7 0.234043 0.072535 0.119607 0.003467 0.422915 0.414912 0 
7 0.255319 0.073526 0.135376 0.003467 0.422915 0.414912 0 
7 0.276596 0.075267 0.172716 0.003467 0.422915 0.414912 1 
7 0.297872 0.076738 0.223445 0.003467 0.422915 0.414912 1 
7 0.319149 0.081122 0.269711 0.003467 0.422915 0.414912 1 
7 0.340426 0.081122 0.320738 0.003467 0.422915 0.414912 1 
7 0.361702 0.080611 0.3554 0.003467 0.422915 0.414912 1 
7 0.382979 0.085505 0.367153 0.003467 0.422915 0.414912 1 
7 0.404255 0.080611 0.367301 0.003467 0.422915 0.414912 1 
7 0.425532 0.058034 0.372657 0.003467 0.422915 0.414912 0 
7 0.446809 0.058034 0.376376 0.003467 0.422915 0.414912 0 
7 0.468085 0.080611 0.374888 0.003467 0.422915 0.414912 1 
7 0.489362 0.07836 0.368938 0.003467 0.422915 0.414912 1 
7 0.510638 0.081092 0.362243 0.003467 0.422915 0.414912 1 
7 0.531915 0.080611 0.355995 0.003467 0.422915 0.414912 1 
7 0.553191 0.076198 0.342904 0.003467 0.422915 0.414912 1 
7 0.574468 0.076198 0.33978 0.003467 0.422915 0.414912 1 
7 0.595745 0.081122 0.334127 0.003467 0.422915 0.414912 1 
7 0.617021 0.081092 0.338292 0.003467 0.422915 0.414912 1 
7 0.638298 0.076198 0.335019 0.003467 0.422915 0.414912 1 
7 0.659574 0.081092 0.334127 0.003467 0.422915 0.414912 1 
7 0.680851 0.076198 0.33011 0.003467 0.422915 0.414912 1 
7 0.702128 0.076198 0.343648 0.003467 0.422915 0.414912 1 
7 0.723404 0.075267 0.363136 0.003467 0.422915 0.414912 1 
7 0.744681 0.086346 0.377715 0.003467 0.422915 0.414912 1 
7 0.765957 0.080611 0.369979 0.003467 0.422915 0.414912 1 
7 0.787234 0.081092 0.372062 0.003467 0.422915 0.414912 1 
7 0.808511 0.086496 0.392294 0.003467 0.422915 0.414912 1 
7 0.829787 0.076198 0.395716 0.003467 0.422915 0.414912 1 
7 0.851064 0.058034 0.36745 0.003467 0.422915 0.414912 0 
7 0.87234 0.056593 0.330259 0.003467 0.422915 0.414912 0 
7 0.893617 0.058034 0.339929 0.003467 0.422915 0.414912 0 
7 0.914894 0.056593 0.337697 0.003467 0.422915 0.414912 0 
7 0.93617 0.056593 0.346474 0.003467 0.422915 0.414912 0 
7 0.957447 0.056593 0.323267 0.003467 0.422915 0.414912 0 
7 0.978723 0.056593 0.302142 0.003467 0.422915 0.414912 0 
7 1 0.056593 0.263612 0.003467 0.422915 0.414912 0 
