7 0 0.043833 0.392443 0.003467 0.422915 0.414912 0 
7 0.021277 0.043683 0.343945 0.003467 0.422915 0.414912 0 
7 0.042553 0.043683 0.317911 0.003467 0.422915 0.414912 0 
7 0.06383 0.043533 0.265248 0.003467 0.422915 0.414912 0 
7 0.085106 0.043533 0.217346 0.003467 0.422915 0.414912 0 
7 0.106383 0.058514 0.17837 0.003467 0.422915 0.414912 0 
7 0.12766 0.058514 0.145641 0.003467 0.422915 0.414912 0 
7 0.148936 0.051459 0.127343 0.003467 0.422915 0.414912 0 
7 0.170213 0.058514 0.115591 0.003467 0.422915 0.414912 0 
7 0.191489 0.058514 0.107855 0.003467 0.422915 0.414912 0 
7 0.212766 0.058514 0.114996 0.003467 0.422915 0.414912 0 
7 0.234043 0.063648 0.12645 0.003467 0.422915 0.414912 0 
7 0.255319 0.063648 0.149509 0.003467 0.422915 0.414912 0 
7 0.276596 0.043683 0.173312 0.003467 0.422915 0.414912 0 
7 0.297872 0.075417 0.204999 0.003467 0.422915 0.414912 1 
7 0.319149 0.075417 0.285927 0.003467 0.422915 0.414912 1 
7 0.340426 0.087667 0.36507 0.003467 0.422915 0.414912 1 
7 0.361702 0.092771 0.420411 0.003467 0.422915 0.414912 1 
7 0.382979 0.106761 0.472032 0.003467 0.422915 0.414912 1 
7 0.404255 0.102198 0.490181 0.003467 0.422915 0.414912 1 
7 0.425532 0.102198 0.47828 0.003467 0.422915 0.414912 1 
7 0.446809 0.089498 0.445254 0.003467 0.422915 0.414912 1 
7 0.468085 0.075417 0.415948 0.003467 0.422915 0.414912 1 
7 0.489362 0.043953 0.391104 0.003467 0.422915 0.414912 0 
7 0.510638 0.043833 0.362987 0.003467 0.422915 0.414912 0 
7 0.531915 0.043683 0.340821 0.003467 0.422915 0.414912 0 
7 0.553191 0.043683 0.315382 0.003467 0.422915 0.414912 0 
7 0.574468 0.043683 0.295745 0.003467 0.422915 0.414912 0 
7 0.595745 0.043683 0.284142 0.003467 0.422915 0.414912 0 
7 0.617021 0.043683 0.275067 0.003467 0.422915 0.414912 0 
7 0.638298 0.043683 0.277893 0.003467 0.422915 0.414912 0 
7 0.659574 0.043683 0.295894 0.003467 0.422915 0.414912 0 
7 0.680851 0.043683 0.331895 0.003467 0.422915 0.414912 0 
7 0.702128 0.089768 0.418179 0.003467 0.422915 0.414912 1 
7 0.723404 0.102168 0.512348 0.003467 0.422915 0.414912 1 
7 0.744681 0.098805 0.594317 0.003467 0.422915 0.414912 1 
7 0.765957 0.092771 0.60726 0.003467 0.422915 0.414912 1 
7 0.787234 0.089498 0.593722 0.003467 0.422915 0.414912 1 
7 0.808511 0.089498 0.56263 0.003467 0.422915 0.414912 1 
7 0.829787 0.046415 0.53972 0.003467 0.422915 0.414912 0 
7 0.851064 0.089498 0.516959 0.003467 0.422915 0.414912 1 
7 0.87234 0.043953 0.500446 0.003467 0.422915 0.414912 0 
7 0.893617 0.043833 0.463255 0.003467 0.422915 0.414912 0 
7 0.914894 0.043833 0.421749 0.003467 0.422915 0.414912 0 
7 0.93617 0.089498 0.450015 0.003467 0.422915 0.414912 1 
7 0.957447 0.043833 0.430675 0.003467 0.422915 0.414912 0 
7 0.978723 0.043833 0.417882 0.003467 0.422915 0.414912 0 
7 1 0.043683 0.384261 0.003467 0.422915 0.414912 0 
