5 0 0.028372 0.415501 0.001934 0.375712 0.55614 0 
5 0.021277 0.027891 0.396162 0.001884 0.342569 0.597368 0 
5 0.042553 0.029212 0.364177 0.001944 0.395909 0.530702 1 
5 0.06383 0.028552 0.310027 0.001932 0.368721 0.546491 0 
5 0.085106 0.02696 0.251265 0.001807 0.319265 0.639912 0 
5 0.106383 0.027321 0.209759 0.001832 0.274987 0.598684 0 
5 0.12766 0.0257 0.16632 0.00172 0.229415 0.635965 0 
5 0.148936 0.022817 0.138649 0.001531 0.198861 0.617982 0 
5 0.170213 0.020145 0.125409 0.001348 0.178923 0.712719 0 
5 0.191489 0.020626 0.126153 0.001371 0.176075 0.732895 0 
5 0.212766 0.021556 0.152038 0.001435 0.185914 0.721053 0 
5 0.234043 0.022727 0.187742 0.001523 0.214397 0.678947 0 
5 0.255319 0.02573 0.275513 0.00173 0.259969 0.625877 0 
5 0.276596 0.028312 0.347664 0.001913 0.318747 0.550877 1 
5 0.297872 0.0269 0.334573 0.00182 0.348006 0.553509 0 
5 0.319149 0.029062 0.389467 0.001978 0.413257 0.477632 1 
5 0.340426 0.029663 0.421303 0.002034 0.448472 0.446491 1 
5 0.361702 0.025339 0.427403 0.001743 0.473071 0.377632 0 
5 0.382979 0.029572 0.485421 0.002009 0.485759 0.404825 1 
5 0.404255 0.029903 0.50357 0.002023 0.48291 0.405263 1 
5 0.425532 0.029873 0.500446 0.002032 0.48058 0.414912 1 
5 0.446809 0.029903 0.493157 0.002038 0.481098 0.371053 1 
5 0.468085 0.029903 0.488843 0.002034 0.47825 0.382895 1 
5 0.489362 0.029903 0.489586 0.002038 0.476696 0.377632 1 
5 0.510638 0.030533 0.484082 0.002088 0.461419 0.375877 1 
5 0.531915 0.030713 0.483785 0.002104 0.46608 0.344298 1 
5 0.553191 0.031554 0.486314 0.002158 0.474366 0.312281 1 
5 0.574468 0.032034 0.483338 0.002192 0.479803 0.30614 1 
5 0.595745 0.030833 0.470544 0.002113 0.475142 0.310088 1 
5 0.617021 0.031134 0.473073 0.002135 0.474625 0.318421 1 
5 0.638298 0.031524 0.470842 0.002158 0.460642 0.34386 1 
5 0.659574 0.028342 0.470247 0.001938 0.452874 0.411842 1 
5 0.680851 0.029723 0.466825 0.002025 0.451062 0.415351 1 
5 0.702128 0.029723 0.465338 0.002025 0.458571 0.403509 1 
5 0.723404 0.030323 0.466379 0.002067 0.474366 0.36886 1 
5 0.744681 0.031704 0.489884 0.002164 0.487571 0.360526 1 
5 0.765957 0.033535 0.516067 0.002283 0.482393 0.401316 1 
5 0.787234 0.041251 0.526183 0.002813 0.508804 0.348684 1 
5 0.808511 0.034676 0.488991 0.002362 0.491714 0.366228 1 
5 0.829787 0.031224 0.452841 0.002135 0.463749 0.335088 1 
5 0.851064 0.029723 0.432609 0.002034 0.436044 0.376316 1 
5 0.87234 0.029512 0.405237 0.002011 0.409632 0.417544 1 
5 0.893617 0.027951 0.367153 0.001899 0.382703 0.414035 0 
5 0.914894 0.027021 0.336953 0.001838 0.358105 0.323684 0 
5 0.93617 0.029843 0.399137 0.002036 0.33506 0.358772 1 
5 0.957447 0.031224 0.42651 0.002137 0.330399 0.367105 1 
5 0.978723 0.034766 0.432163 0.002376 0.416365 0.280263 1 
5 1 0.034676 0.427105 0.00237 0.418436 0.320175 1 
