1 0 0.041431 0.227165 0.003467 0.422915 0.414912 0 
1 0.021277 0.045034 0.186254 0.003467 0.422915 0.414912 0 
1 0.042553 0.041431 0.151741 0.003467 0.422915 0.414912 0 
1 0.06383 0.041431 0.133145 0.003467 0.422915 0.414912 0 
1 0.085106 0.041431 0.115144 0.003467 0.422915 0.414912 0 
1 0.106383 0.041431 0.10235 0.003467 0.422915 0.414912 0 
1 0.12766 0.041431 0.105028 0.003467 0.422915 0.414912 0 
1 0.148936 0.041431 0.111425 0.003467 0.422915 0.414912 0 
1 0.170213 0.068302 0.140881 0.003467 0.422915 0.414912 1 
1 0.191489 0.071664 0.180601 0.003467 0.422915 0.414912 1 
1 0.212766 0.072775 0.265843 0.003467 0.422915 0.414912 1 
1 0.234043 0.073916 0.35302 0.003467 0.422915 0.414912 1 
1 0.255319 0.073916 0.37593 0.003467 0.422915 0.414912 1 
1 0.276596 0.072775 0.441089 0.003467 0.422915 0.414912 1 
1 0.297872 0.075027 0.466974 0.003467 0.422915 0.414912 1 
1 0.319149 0.073916 0.48438 0.003467 0.422915 0.414912 1 
1 0.340426 0.081092 0.531687 0.003467 0.422915 0.414912 1 
1 0.361702 0.081092 0.549241 0.003467 0.422915 0.414912 1 
1 0.382979 0.081092 0.546415 0.003467 0.422915 0.414912 1 
1 0.404255 0.07866 0.540167 0.003467 0.422915 0.414912 1 
1 0.425532 0.07866 0.536596 0.003467 0.422915 0.414912 1 
1 0.446809 0.07866 0.533175 0.003467 0.422915 0.414912 1 
1 0.468085 0.076168 0.530794 0.003467 0.422915 0.414912 1 
1 0.489362 0.076168 0.526778 0.003467 0.422915 0.414912 1 
1 0.510638 0.076168 0.529009 0.003467 0.422915 0.414912 1 
1 0.531915 0.076168 0.530943 0.003467 0.422915 0.414912 1 
1 0.553191 0.075027 0.526331 0.003467 0.422915 0.414912 1 
1 0.574468 0.072775 0.518298 0.003467 0.422915 0.414912 1 
1 0.595745 0.075027 0.516364 0.003467 0.422915 0.414912 1 
1 0.617021 0.075027 0.5241 0.003467 0.422915 0.414912 1 
1 0.638298 0.075027 0.526778 0.003467 0.422915 0.414912 1 
1 0.659574 0.075027 0.526183 0.003467 0.422915 0.414912 1 
1 0.680851 0.071664 0.511752 0.003467 0.422915 0.414912 1 
1 0.702128 0.072775 0.502678 0.003467 0.422915 0.414912 1 
1 0.723404 0.071664 0.461916 0.003467 0.422915 0.414912 1 
1 0.744681 0.071664 0.435138 0.003467 0.422915 0.414912 1 
1 0.765957 0.071664 0.420708 0.003467 0.422915 0.414912 1 
1 0.787234 0.075027 0.432163 0.003467 0.422915 0.414912 1 
1 0.808511 0.072775 0.422642 0.003467 0.422915 0.414912 1 
1 0.829787 0.041191 0.410592 0.003467 0.422915 0.414912 0 
1 0.851064 0.041191 0.369979 0.003467 0.422915 0.414912 0 
1 0.87234 0.041191 0.334127 0.003467 0.422915 0.414912 0 
1 0.893617 0.041191 0.358673 0.003467 0.422915 0.414912 0 
1 0.914894 0.041191 0.377566 0.003467 0.422915 0.414912 0 
1 0.93617 0.069443 0.400179 0.003467 0.422915 0.414912 1 
1 0.957447 0.068302 0.39884 0.003467 0.422915 0.414912 1 
1 0.978723 0.068302 0.388872 0.003467 0.422915 0.414912 1 
1 1 0.068302 0.371318 0.003467 0.422915 0.414912 1 
