5 0 0.076348 0.430527 0.003467 0.422915 0.414912 0 
5 0.021277 0.076108 0.403898 0.003467 0.422915 0.414912 0 
5 0.042553 0.065089 0.373698 0.003467 0.422915 0.414912 0 
5 0.06383 0.068632 0.315977 0.003467 0.422915 0.414912 0 
5 0.085106 0.053831 0.260637 0.003467 0.422915 0.414912 0 
5 0.106383 0.059475 0.220024 0.003467 0.422915 0.414912 0 
5 0.12766 0.053831 0.18551 0.003467 0.422915 0.414912 0 
5 0.148936 0.053831 0.166617 0.003467 0.422915 0.414912 0 
5 0.170213 0.043623 0.154716 0.003467 0.422915 0.414912 0 
5 0.191489 0.05278 0.153972 0.003467 0.422915 0.414912 0 
5 0.212766 0.055993 0.181047 0.003467 0.422915 0.414912 0 
5 0.234043 0.05323 0.222702 0.003467 0.422915 0.414912 0 
5 0.255319 0.062357 0.30839 0.003467 0.422915 0.414912 0 
5 0.276596 0.055993 0.388277 0.003467 0.422915 0.414912 0 
5 0.297872 0.059205 0.401666 0.003467 0.422915 0.414912 0 
5 0.319149 0.062357 0.453734 0.003467 0.422915 0.414912 0 
5 0.340426 0.083914 0.469652 0.003467 0.422915 0.414912 1 
5 0.361702 0.071965 0.476495 0.003467 0.422915 0.414912 0 
5 0.382979 0.076468 0.520381 0.003467 0.422915 0.414912 1 
5 0.404255 0.083914 0.542398 0.003467 0.422915 0.414912 1 
5 0.425532 0.087066 0.526183 0.003467 0.422915 0.414912 1 
5 0.446809 0.071965 0.510711 0.003467 0.422915 0.414912 1 
5 0.468085 0.076468 0.509223 0.003467 0.422915 0.414912 1 
5 0.489362 0.083914 0.512943 0.003467 0.422915 0.414912 1 
5 0.510638 0.091389 0.506546 0.003467 0.422915 0.414912 1 
5 0.531915 0.076468 0.50119 0.003467 0.422915 0.414912 1 
5 0.553191 0.076468 0.493752 0.003467 0.422915 0.414912 1 
5 0.574468 0.06557 0.473371 0.003467 0.422915 0.414912 0 
5 0.595745 0.06557 0.48438 0.003467 0.422915 0.414912 0 
5 0.617021 0.06557 0.472627 0.003467 0.422915 0.414912 0 
5 0.638298 0.06557 0.459238 0.003467 0.422915 0.414912 0 
5 0.659574 0.06557 0.458643 0.003467 0.422915 0.414912 0 
5 0.680851 0.062357 0.457899 0.003467 0.422915 0.414912 0 
5 0.702128 0.068782 0.459387 0.003467 0.422915 0.414912 0 
5 0.723404 0.071965 0.472776 0.003467 0.422915 0.414912 1 
5 0.744681 0.091389 0.506694 0.003467 0.422915 0.414912 1 
5 0.765957 0.098865 0.522761 0.003467 0.422915 0.414912 1 
5 0.787234 0.076468 0.495091 0.003467 0.422915 0.414912 1 
5 0.808511 0.062357 0.456263 0.003467 0.422915 0.414912 0 
5 0.829787 0.06557 0.419964 0.003467 0.422915 0.414912 0 
5 0.851064 0.055993 0.392443 0.003467 0.422915 0.414912 0 
5 0.87234 0.059205 0.372508 0.003467 0.422915 0.414912 0 
5 0.893617 0.05278 0.358078 0.003467 0.422915 0.414912 0 
5 0.914894 0.059205 0.34097 0.003467 0.422915 0.414912 0 
5 0.93617 0.062357 0.401815 0.003467 0.422915 0.414912 0 
5 0.957447 0.059205 0.43127 0.003467 0.422915 0.414912 0 
5 0.978723 0.062357 0.455965 0.003467 0.422915 0.414912 0 
5 1 0.055993 0.448378 0.003467 0.422915 0.414912 0 
