3 0 0.027471 0.349598 0.001838 0.358105 0.724123 0 
3 0.021277 0.027081 0.293514 0.00177 0.32522 0.746491 0 
3 0.042553 0.028041 0.239661 0.001843 0.371051 0.600439 0 
3 0.06383 0.027711 0.207528 0.001861 0.35189 0.630702 0 
3 0.085106 0.027141 0.174799 0.001813 0.304247 0.712719 0 
3 0.106383 0.025339 0.159923 0.001705 0.267996 0.771053 0 
3 0.12766 0.02606 0.150848 0.001724 0.244174 0.750439 0 
3 0.148936 0.025279 0.156501 0.00167 0.232263 0.770175 0 
3 0.170213 0.027111 0.181345 0.001793 0.233299 0.767982 0 
3 0.191489 0.028041 0.214817 0.001859 0.250129 0.718421 0 
3 0.212766 0.027981 0.289051 0.001861 0.299327 0.813596 0 
3 0.234043 0.028822 0.366855 0.001924 0.367944 0.711404 0 
3 0.255319 0.036177 0.38798 0.002339 0.464785 0.535088 1 
3 0.276596 0.043383 0.443172 0.002929 0.537545 0.491228 1 
3 0.297872 0.034556 0.478727 0.002343 0.51217 0.529386 1 
3 0.319149 0.028071 0.509075 0.001888 0.508804 0.602193 0 
3 0.340426 0.028852 0.562035 0.001917 0.516054 0.616667 0 
3 0.361702 0.028882 0.584052 0.001899 0.518125 0.617982 0 
3 0.382979 0.028702 0.589408 0.00188 0.514241 0.617544 0 
3 0.404255 0.028221 0.579887 0.001853 0.513206 0.621053 0 
3 0.425532 0.029092 0.583011 0.001911 0.523304 0.588596 0 
3 0.446809 0.029422 0.588367 0.001936 0.537286 0.57807 1 
3 0.468085 0.029963 0.590598 0.001975 0.531072 0.565351 1 
3 0.489362 0.030323 0.598334 0.001998 0.534438 0.577193 1 
3 0.510638 0.030563 0.60964 0.002017 0.55101 0.557456 1 
3 0.531915 0.030323 0.615442 0.002007 0.557742 0.554825 1 
3 0.553191 0.033746 0.62169 0.002229 0.562921 0.565789 1 
3 0.574468 0.032995 0.619607 0.002181 0.561885 0.545614 1 
3 0.595745 0.029572 0.623326 0.001946 0.554894 0.577632 1 
3 0.617021 0.031074 0.623326 0.002048 0.554376 0.532895 1 
3 0.638298 0.036328 0.627789 0.002397 0.554117 0.50614 1 
3 0.659574 0.038669 0.631806 0.002545 0.555153 0.541667 1 
3 0.680851 0.030323 0.607409 0.001996 0.545313 0.557456 1 
3 0.702128 0.030113 0.587176 0.001975 0.533402 0.590351 1 
3 0.723404 0.027981 0.546415 0.00182 0.484205 0.703509 0 
3 0.744681 0.027951 0.512496 0.001813 0.431124 0.75 0 
3 0.765957 0.02615 0.482148 0.00168 0.355774 0.749561 0 
3 0.787234 0.02594 0.455965 0.001678 0.365873 0.797368 0 
3 0.808511 0.027531 0.473073 0.001768 0.35681 0.794737 0 
3 0.829787 0.027711 0.48557 0.00178 0.377266 0.752193 0 
3 0.851064 0.027951 0.459387 0.001801 0.391507 0.761842 0 
3 0.87234 0.030413 0.419964 0.001969 0.379855 0.752193 1 
3 0.893617 0.037619 0.444808 0.002449 0.345676 0.78114 1 
3 0.914894 0.030533 0.439453 0.001749 0.313309 0.779825 1 
3 0.93617 0.032755 0.451205 0.001543 0.290264 0.779825 1 
3 0.957447 0.029572 0.449866 0.001521 0.285085 0.823684 0 
3 0.978723 0.030713 0.433502 0.002032 0.3739 0.699561 1 
3 1 0.036928 0.401964 0.002464 0.375194 0.697807 1 
