7 0 0.062387 0.412972 0.004348 0.399793 0.168421 1 
7 0.021277 0.057944 0.393633 0.003947 0.367426 0.219298 1 
7 0.042553 0.063348 0.361797 0.004393 0.411186 0.128947 1 
7 0.06383 0.060076 0.306159 0.004165 0.382962 0.144737 1 
7 0.085106 0.045905 0.244719 0.003174 0.33506 0.194298 1 
7 0.106383 0.036838 0.202321 0.002538 0.2913 0.257018 0 
7 0.12766 0.029422 0.156204 0.002032 0.245469 0.279825 0 
7 0.148936 0.027831 0.126748 0.001934 0.213361 0.312281 0 
7 0.170213 0.02663 0.11083 0.001826 0.190575 0.420175 0 
7 0.191489 0.02678 0.10235 0.001828 0.1797 0.480263 0 
7 0.212766 0.02696 0.100268 0.001836 0.169342 0.45 0 
7 0.234043 0.027291 0.112764 0.001861 0.171155 0.43114 0 
7 0.255319 0.031404 0.162154 0.002146 0.188762 0.40307 0 
7 0.276596 0.041431 0.207676 0.002819 0.207405 0.360526 0 
7 0.297872 0.043743 0.243975 0.002968 0.220093 0.442105 0 
7 0.319149 0.060136 0.304225 0.004065 0.258674 0.410965 1 
7 0.340426 0.074126 0.357483 0.00501 0.292853 0.382456 1 
7 0.361702 0.068812 0.388129 0.004672 0.313309 0.350877 1 
7 0.382979 0.066711 0.422493 0.004553 0.326515 0.380702 1 
7 0.404255 0.06515 0.427998 0.004454 0.329363 0.353947 1 
7 0.425532 0.062538 0.418328 0.004281 0.325479 0.341228 1 
7 0.446809 0.059715 0.400179 0.004088 0.314604 0.368421 1 
7 0.468085 0.059325 0.383963 0.004053 0.308389 0.384649 1 
7 0.489362 0.060256 0.366409 0.0041 0.295961 0.396053 1 
7 0.510638 0.062808 0.353466 0.004263 0.278353 0.419298 1 
7 0.531915 0.060676 0.337697 0.004111 0.264371 0.443421 1 
7 0.553191 0.057764 0.322672 0.003914 0.262817 0.434211 1 
7 0.574468 0.053981 0.307647 0.003654 0.246245 0.451754 1 
7 0.595745 0.053921 0.2892 0.003729 0.241844 0.432456 1 
7 0.617021 0.049928 0.279976 0.002651 0.227602 0.463158 1 
7 0.638298 0.043653 0.272389 0.002958 0.214656 0.460965 0 
7 0.659574 0.040531 0.275364 0.002748 0.202227 0.452632 0 
7 0.680851 0.034586 0.277001 0.002347 0.197307 0.462281 0 
7 0.702128 0.044524 0.291729 0.00302 0.222941 0.440789 0 
7 0.723404 0.031794 0.2892 0.002173 0.241585 0.369737 0 
7 0.744681 0.030683 0.328771 0.002108 0.268773 0.339035 0 
7 0.765957 0.033596 0.384409 0.00232 0.293889 0.324123 0 
7 0.787234 0.047856 0.440196 0.003297 0.33506 0.286842 1 
7 0.808511 0.053741 0.424278 0.0037 0.37856 0.241667 1 
7 0.829787 0.05305 0.400922 0.003646 0.36406 0.257456 1 
7 0.851064 0.058665 0.367153 0.004005 0.348524 0.311404 1 
7 0.87234 0.062057 0.347069 0.004198 0.329881 0.38114 1 
7 0.893617 0.057704 0.320887 0.00388 0.300363 0.394298 1 
7 0.914894 0.06617 0.300952 0.00446 0.287416 0.420175 1 
7 0.93617 0.062147 0.326093 0.004198 0.282237 0.444298 1 
7 0.957447 0.057824 0.337251 0.003926 0.288193 0.367982 1 
7 0.978723 0.054131 0.344689 0.003683 0.365355 0.259649 1 
7 1 0.057434 0.322523 0.00393 0.363283 0.232456 1 
