4 0 0.068212 0.407766 0.004682 0.395909 0.380263 0 
4 0.021277 0.055092 0.347664 0.003774 0.352667 0.362719 0 
4 0.042553 0.066711 0.298274 0.004591 0.404454 0.337281 0 
4 0.06383 0.054491 0.248289 0.003731 0.378819 0.374123 0 
4 0.085106 0.049207 0.200982 0.003353 0.332211 0.429386 0 
4 0.106383 0.044013 0.180155 0.002973 0.283014 0.498246 0 
4 0.12766 0.042662 0.169741 0.002862 0.260487 0.50614 0 
4 0.148936 0.042632 0.171229 0.002848 0.236665 0.573246 0 
4 0.170213 0.044164 0.195478 0.00295 0.24029 0.567544 0 
4 0.191489 0.048457 0.231181 0.003253 0.259451 0.50307 0 
4 0.212766 0.072055 0.319845 0.004936 0.327033 0.462719 1 
4 0.234043 0.094092 0.411038 0.006504 0.409891 0.377193 1 
4 0.255319 0.086286 0.435585 0.006003 0.524599 0.329386 1 
4 0.276596 0.123964 0.484231 0.008585 0.619627 0.282018 1 
4 0.297872 0.067761 0.495835 0.004643 0.562662 0.364912 0 
4 0.319149 0.070133 0.506546 0.00479 0.547903 0.325877 0 
4 0.340426 0.130359 0.556084 0.008857 0.565251 0.378947 1 
4 0.361702 0.11898 0.570812 0.008062 0.565769 0.347807 1 
4 0.382979 0.098475 0.564564 0.006707 0.568099 0.351316 1 
4 0.404255 0.085055 0.548795 0.005825 0.570689 0.289035 1 
4 0.425532 0.089858 0.547307 0.006169 0.580528 0.315351 1 
4 0.446809 0.085625 0.538679 0.00587 0.583376 0.267982 1 
4 0.468085 0.085475 0.53496 0.005895 0.587002 0.289912 1 
4 0.489362 0.093941 0.530646 0.006464 0.587519 0.238596 1 
4 0.510638 0.104419 0.534067 0.007312 0.605904 0.25614 1 
4 0.531915 0.087847 0.530051 0.006084 0.617556 0.25 1 
4 0.553191 0.093881 0.52291 0.006491 0.618074 0.201754 1 
4 0.574468 0.111265 0.519191 0.007711 0.617038 0.199561 1 
4 0.595745 0.103669 0.512496 0.007198 0.613413 0.189035 1 
4 0.617021 0.09211 0.512943 0.00639 0.603055 0.203509 1 
4 0.638298 0.107151 0.515174 0.007407 0.612636 0.236842 1 
4 0.659574 0.083704 0.514133 0.005787 0.608752 0.24386 1 
4 0.680851 0.090849 0.504909 0.006265 0.600984 0.284211 1 
4 0.702128 0.083043 0.506546 0.005725 0.584412 0.315351 1 
4 0.723404 0.051339 0.481553 0.003511 0.535474 0.391667 0 
4 0.744681 0.056173 0.461767 0.00381 0.493009 0.387719 0 
4 0.765957 0.05224 0.442874 0.003546 0.441222 0.342982 0 
4 0.787234 0.044434 0.444957 0.003016 0.419472 0.366667 0 
4 0.808511 0.046535 0.455668 0.003155 0.413775 0.350439 0 
4 0.829787 0.051009 0.450907 0.003471 0.448472 0.328509 0 
4 0.851064 0.044704 0.419964 0.003041 0.440963 0.307895 0 
4 0.87234 0.043353 0.390658 0.002943 0.416106 0.371053 0 
4 0.893617 0.066831 0.419816 0.004487 0.370016 0.460526 0 
4 0.914894 0.047886 0.427254 0.003232 0.33972 0.474123 0 
4 0.93617 0.067761 0.453734 0.004545 0.315898 0.510526 0 
4 0.957447 0.071755 0.430675 0.00484 0.312532 0.512281 0 
4 0.978723 0.093641 0.411038 0.006431 0.431642 0.430702 1 
4 1 0.083944 0.390062 0.005773 0.43682 0.410526 1 
