2 0 0.051849 0.368492 0.003467 0.422915 0.414912 0 
2 0.021277 0.051849 0.301696 0.003467 0.422915 0.414912 0 
2 0.042553 0.049838 0.24338 0.003467 0.422915 0.414912 0 
2 0.06383 0.041131 0.213032 0.003467 0.422915 0.414912 0 
2 0.085106 0.049838 0.182237 0.003467 0.422915 0.414912 0 
2 0.106383 0.06584 0.165427 0.003467 0.422915 0.414912 0 
2 0.12766 0.06584 0.15546 0.003467 0.422915 0.414912 0 
2 0.148936 0.06584 0.161262 0.003467 0.422915 0.414912 0 
2 0.170213 0.072535 0.189081 0.003467 0.422915 0.414912 0 
2 0.191489 0.072535 0.226272 0.003467 0.422915 0.414912 0 
2 0.212766 0.077759 0.309729 0.003467 0.422915 0.414912 0 
2 0.234043 0.076258 0.39274 0.003467 0.422915 0.414912 0 
2 0.255319 0.077999 0.429932 0.003467 0.422915 0.414912 0 
2 0.276596 0.084064 0.492413 0.003467 0.422915 0.414912 1 
2 0.297872 0.080341 0.549836 0.003467 0.422915 0.414912 1 
2 0.319149 0.093071 0.556233 0.003467 0.422915 0.414912 1 
2 0.340426 0.106461 0.615888 0.003467 0.422915 0.414912 1 
2 0.361702 0.106911 0.638798 0.003467 0.422915 0.414912 1 
2 0.382979 0.115768 0.643707 0.003467 0.422915 0.414912 1 
2 0.404255 0.108082 0.634037 0.003467 0.422915 0.414912 1 
2 0.425532 0.111084 0.638054 0.003467 0.422915 0.414912 1 
2 0.446809 0.111084 0.645641 0.003467 0.422915 0.414912 1 
2 0.468085 0.117089 0.652038 0.003467 0.422915 0.414912 1 
2 0.489362 0.115768 0.65665 0.003467 0.422915 0.414912 1 
2 0.510638 0.115768 0.660964 0.003467 0.422915 0.414912 1 
2 0.531915 0.115768 0.669444 0.003467 0.422915 0.414912 1 
2 0.553191 0.106911 0.667658 0.003467 0.422915 0.414912 1 
2 0.574468 0.125465 0.664832 0.003467 0.422915 0.414912 1 
2 0.595745 0.111084 0.663939 0.003467 0.422915 0.414912 1 
2 0.617021 0.115768 0.670783 0.003467 0.422915 0.414912 1 
2 0.638298 0.121652 0.676584 0.003467 0.422915 0.414912 1 
2 0.659574 0.123094 0.68313 0.003467 0.422915 0.414912 1 
2 0.680851 0.117089 0.667361 0.003467 0.422915 0.414912 1 
2 0.702128 0.099075 0.641922 0.003467 0.422915 0.414912 1 
2 0.723404 0.084064 0.59759 0.003467 0.422915 0.414912 0 
2 0.744681 0.080341 0.569176 0.003467 0.422915 0.414912 0 
2 0.765957 0.077759 0.534514 0.003467 0.422915 0.414912 0 
2 0.787234 0.077759 0.516067 0.003467 0.422915 0.414912 0 
2 0.808511 0.077759 0.54463 0.003467 0.422915 0.414912 0 
2 0.829787 0.080341 0.536596 0.003467 0.422915 0.414912 0 
2 0.851064 0.072535 0.489735 0.003467 0.422915 0.414912 0 
2 0.87234 0.06584 0.448527 0.003467 0.422915 0.414912 0 
2 0.893617 0.075147 0.465635 0.003467 0.422915 0.414912 0 
2 0.914894 0.067341 0.456263 0.003467 0.422915 0.414912 0 
2 0.93617 0.067341 0.458643 0.003467 0.422915 0.414912 0 
2 0.957447 0.066531 0.445998 0.003467 0.422915 0.414912 0 
2 0.978723 0.054251 0.422196 0.003467 0.422915 0.414912 0 
2 1 0.06584 0.393484 0.003467 0.422915 0.414912 0 
