7 0 0.029182 0.406575 0.001992 0.360953 0.510526 0 
7 0.021277 0.028552 0.39512 0.001936 0.325997 0.553947 0 
7 0.042553 0.029062 0.362095 0.001978 0.367944 0.461404 0 
7 0.06383 0.028011 0.302589 0.001897 0.333765 0.515351 0 
7 0.085106 0.027831 0.24576 0.001874 0.288969 0.555263 0 
7 0.106383 0.027051 0.194436 0.001811 0.24754 0.614474 0 
7 0.12766 0.02621 0.151294 0.001749 0.204557 0.670175 0 
7 0.148936 0.024138 0.12288 0.001604 0.173485 0.692105 0 
7 0.170213 0.020566 0.100119 0.001363 0.15303 0.74693 0 
7 0.191489 0.020085 0.095805 0.001329 0.137494 0.770614 0 
7 0.212766 0.020596 0.101309 0.001365 0.13594 0.758772 0 
7 0.234043 0.020385 0.10607 0.00135 0.13827 0.762281 0 
7 0.255319 0.025099 0.148468 0.001664 0.152253 0.756579 0 
7 0.276596 0.02681 0.189973 0.001782 0.176334 0.701316 0 
7 0.297872 0.027291 0.229396 0.001818 0.184102 0.683772 0 
7 0.319149 0.027351 0.288605 0.001824 0.212325 0.660965 0 
7 0.340426 0.028071 0.338143 0.001886 0.257121 0.595614 0 
7 0.361702 0.027921 0.370277 0.001888 0.278094 0.570175 0 
7 0.382979 0.028882 0.418625 0.001959 0.293371 0.538596 0 
7 0.404255 0.029122 0.429932 0.001982 0.300621 0.521053 0 
7 0.425532 0.028942 0.417435 0.001965 0.298809 0.52193 0 
7 0.446809 0.029182 0.406873 0.001982 0.299845 0.522368 0 
7 0.468085 0.028462 0.395716 0.001928 0.294666 0.552193 0 
7 0.489362 0.029062 0.389467 0.001969 0.299845 0.522807 0 
7 0.510638 0.029182 0.378459 0.001973 0.286121 0.546053 0 
7 0.531915 0.029032 0.370277 0.001955 0.275764 0.557895 0 
7 0.553191 0.028642 0.354359 0.001919 0.27188 0.576316 0 
7 0.574468 0.028071 0.344838 0.001878 0.258933 0.595614 0 
7 0.595745 0.028732 0.337548 0.001919 0.252201 0.602632 1 
7 0.617021 0.028221 0.334127 0.001886 0.235111 0.621053 0 
7 0.638298 0.027681 0.330259 0.001847 0.226049 0.638596 0 
7 0.659574 0.028221 0.340524 0.001888 0.226567 0.652193 1 
7 0.680851 0.027291 0.33368 0.00183 0.228379 0.635526 0 
7 0.702128 0.028312 0.349003 0.001899 0.242361 0.578509 1 
7 0.723404 0.02648 0.333383 0.00178 0.250129 0.548684 0 
7 0.744681 0.027291 0.354656 0.001834 0.260746 0.519737 0 
7 0.765957 0.027891 0.402559 0.00187 0.272657 0.564035 1 
7 0.787234 0.029032 0.445403 0.001957 0.314863 0.461842 1 
7 0.808511 0.028462 0.422047 0.001926 0.321077 0.488158 1 
7 0.829787 0.02678 0.388277 0.001807 0.301398 0.525877 0 
7 0.851064 0.027681 0.360756 0.001857 0.280684 0.582456 1 
7 0.87234 0.027081 0.336507 0.001803 0.263335 0.621053 0 
7 0.893617 0.027051 0.316721 0.001793 0.244951 0.582018 0 
7 0.914894 0.0263 0.287266 0.001743 0.230192 0.613596 0 
7 0.93617 0.027351 0.309134 0.001805 0.230451 0.667544 0 
7 0.957447 0.02687 0.321035 0.001768 0.240549 0.667982 0 
7 0.978723 0.031284 0.32892 0.002083 0.320559 0.467982 1 
7 1 0.027591 0.299167 0.001851 0.324443 0.498246 1 
