4 0 0.046265 0.39884 0.003087 0.399016 0.567544 0 
4 0.021277 0.044944 0.347069 0.002981 0.366649 0.550877 0 
4 0.042553 0.045695 0.293365 0.003047 0.413775 0.501316 0 
4 0.06383 0.042933 0.237876 0.002852 0.379078 0.587719 0 
4 0.085106 0.042813 0.199345 0.002825 0.330658 0.612281 0 
4 0.106383 0.042092 0.175543 0.00274 0.285344 0.726316 0 
4 0.12766 0.034016 0.156352 0.002198 0.255567 0.748684 0 
4 0.148936 0.037108 0.159923 0.002399 0.241844 0.756579 0 
4 0.170213 0.041041 0.186998 0.00264 0.263853 0.748684 0 
4 0.191489 0.042632 0.221809 0.002748 0.280943 0.715789 0 
4 0.212766 0.044884 0.306308 0.00291 0.363283 0.770175 0 
4 0.234043 0.051879 0.401071 0.003355 0.43216 0.701316 0 
4 0.255319 0.051879 0.417733 0.003413 0.555671 0.561404 0 
4 0.276596 0.069473 0.470247 0.004634 0.632833 0.452193 1 
4 0.297872 0.056143 0.485421 0.003737 0.590368 0.477193 1 
4 0.319149 0.050558 0.493901 0.003353 0.576903 0.467982 0 
4 0.340426 0.130539 0.53734 0.008635 0.56784 0.467105 1 
4 0.361702 0.125826 0.548349 0.008386 0.56551 0.454386 1 
4 0.382979 0.137174 0.541654 0.009186 0.582859 0.430702 1 
4 0.404255 0.126456 0.52767 0.008484 0.579234 0.401316 1 
4 0.425532 0.108593 0.518596 0.007314 0.574314 0.388596 1 
4 0.446809 0.140597 0.516215 0.009481 0.585966 0.378947 1 
4 0.468085 0.1312 0.513835 0.008864 0.5826 0.380702 1 
4 0.489362 0.139546 0.508777 0.009429 0.582082 0.378509 1 
4 0.510638 0.148613 0.514877 0.010029 0.588814 0.387719 1 
4 0.531915 0.149964 0.512794 0.010118 0.591921 0.376316 1 
4 0.553191 0.104179 0.513389 0.007046 0.594252 0.327632 1 
4 0.574468 0.086226 0.505207 0.005864 0.576385 0.297368 1 
4 0.595745 0.101177 0.502231 0.006905 0.580269 0.309649 1 
4 0.617021 0.094572 0.507736 0.006452 0.582859 0.314035 1 
4 0.638298 0.096163 0.509372 0.006564 0.591144 0.316228 1 
4 0.659574 0.10502 0.509967 0.007173 0.59943 0.26886 1 
4 0.680851 0.090879 0.497025 0.006228 0.615484 0.261404 1 
4 0.702128 0.085115 0.487206 0.005837 0.611341 0.215351 1 
4 0.723404 0.044644 0.447635 0.003068 0.573278 0.178509 0 
4 0.744681 0.044073 0.452841 0.003029 0.537286 0.26886 0 
4 0.765957 0.043863 0.441982 0.002991 0.508027 0.306579 0 
4 0.787234 0.044824 0.45061 0.003054 0.500518 0.292982 0 
4 0.808511 0.044494 0.450164 0.003035 0.504143 0.284211 0 
4 0.829787 0.043563 0.432461 0.002966 0.483169 0.297807 0 
4 0.851064 0.042963 0.395567 0.002908 0.455722 0.331579 0 
4 0.87234 0.042662 0.377715 0.002873 0.433195 0.417982 0 
4 0.893617 0.042632 0.398542 0.002831 0.381409 0.476316 0 
4 0.914894 0.043173 0.408956 0.00285 0.327292 0.557456 0 
4 0.93617 0.048277 0.437667 0.00317 0.306836 0.557895 0 
4 0.957447 0.05224 0.446742 0.003452 0.296479 0.576754 0 
4 0.978723 0.11817 0.448081 0.007979 0.426463 0.407456 1 
4 1 0.070944 0.425171 0.004861 0.436561 0.401754 0 
