2 0 0.041732 0.571407 0.003467 0.422915 0.414912 0 
2 0.021277 0.084844 0.548051 0.003467 0.422915 0.414912 1 
2 0.042553 0.041732 0.52172 0.003467 0.422915 0.414912 0 
2 0.06383 0.041732 0.457751 0.003467 0.422915 0.414912 0 
2 0.085106 0.041492 0.401369 0.003467 0.422915 0.414912 0 
2 0.106383 0.041642 0.356442 0.003467 0.422915 0.414912 0 
2 0.12766 0.041642 0.308539 0.003467 0.422915 0.414912 0 
2 0.148936 0.041341 0.264356 0.003467 0.422915 0.414912 0 
2 0.170213 0.041341 0.245314 0.003467 0.422915 0.414912 0 
2 0.191489 0.041642 0.239215 0.003467 0.422915 0.414912 0 
2 0.212766 0.059295 0.265992 0.003467 0.422915 0.414912 1 
2 0.234043 0.059295 0.321035 0.003467 0.422915 0.414912 1 
2 0.255319 0.074967 0.430229 0.003467 0.422915 0.414912 1 
2 0.276596 0.069143 0.554151 0.003467 0.422915 0.414912 1 
2 0.297872 0.043203 0.606516 0.003467 0.422915 0.414912 0 
2 0.319149 0.041732 0.674799 0.003467 0.422915 0.414912 0 
2 0.340426 0.041642 0.689824 0.003467 0.422915 0.414912 0 
2 0.361702 0.041582 0.668551 0.003467 0.422915 0.414912 0 
2 0.382979 0.041762 0.692502 0.003467 0.422915 0.414912 0 
2 0.404255 0.041732 0.687891 0.003467 0.422915 0.414912 0 
2 0.425532 0.041642 0.6626 0.003467 0.422915 0.414912 0 
2 0.446809 0.041642 0.629872 0.003467 0.422915 0.414912 0 
2 0.468085 0.041642 0.610384 0.003467 0.422915 0.414912 0 
2 0.489362 0.041642 0.583904 0.003467 0.422915 0.414912 0 
2 0.510638 0.041642 0.572746 0.003467 0.422915 0.414912 0 
2 0.531915 0.041642 0.556828 0.003467 0.422915 0.414912 0 
2 0.553191 0.041642 0.537191 0.003467 0.422915 0.414912 0 
2 0.574468 0.041492 0.528563 0.003467 0.422915 0.414912 0 
2 0.595745 0.041492 0.51681 0.003467 0.422915 0.414912 0 
2 0.617021 0.041492 0.497769 0.003467 0.422915 0.414912 0 
2 0.638298 0.041492 0.496132 0.003467 0.422915 0.414912 0 
2 0.659574 0.041642 0.522761 0.003467 0.422915 0.414912 0 
2 0.680851 0.068632 0.552068 0.003467 0.422915 0.414912 1 
2 0.702128 0.041732 0.596846 0.003467 0.422915 0.414912 0 
2 0.723404 0.041762 0.675841 0.003467 0.422915 0.414912 0 
2 0.744681 0.041762 0.77596 0.003467 0.422915 0.414912 0 
2 0.765957 0.041732 0.77715 0.003467 0.422915 0.414912 0 
2 0.787234 0.041642 0.758554 0.003467 0.422915 0.414912 0 
2 0.808511 0.041642 0.717941 0.003467 0.422915 0.414912 0 
2 0.829787 0.041642 0.683725 0.003467 0.422915 0.414912 0 
2 0.851064 0.041642 0.654121 0.003467 0.422915 0.414912 0 
2 0.87234 0.041642 0.626748 0.003467 0.422915 0.414912 0 
2 0.893617 0.041582 0.576912 0.003467 0.422915 0.414912 0 
2 0.914894 0.041341 0.509967 0.003467 0.422915 0.414912 0 
2 0.93617 0.041642 0.53496 0.003467 0.422915 0.414912 0 
2 0.957447 0.041642 0.533621 0.003467 0.422915 0.414912 0 
2 0.978723 0.041642 0.536894 0.003467 0.422915 0.414912 0 
2 1 0.041642 0.52886 0.003467 0.422915 0.414912 0 
