3 0 0.056923 0.42889 0.003467 0.422915 0.414912 1 
3 0.021277 0.056923 0.413419 0.003467 0.422915 0.414912 1 
3 0.042553 0.047166 0.38917 0.003467 0.422915 0.414912 0 
3 0.06383 0.045034 0.330705 0.003467 0.422915 0.414912 0 
3 0.085106 0.043953 0.265843 0.003467 0.422915 0.414912 0 
3 0.106383 0.045034 0.230735 0.003467 0.422915 0.414912 0 
3 0.12766 0.043953 0.1928 0.003467 0.422915 0.414912 0 
3 0.148936 0.045034 0.164981 0.003467 0.422915 0.414912 0 
3 0.170213 0.043953 0.153228 0.003467 0.422915 0.414912 0 
3 0.191489 0.045034 0.154418 0.003467 0.422915 0.414912 0 
3 0.212766 0.046565 0.182089 0.003467 0.422915 0.414912 0 
3 0.234043 0.054762 0.226569 0.003467 0.422915 0.414912 0 
3 0.255319 0.088237 0.317465 0.003467 0.422915 0.414912 1 
3 0.276596 0.088237 0.423683 0.003467 0.422915 0.414912 1 
3 0.297872 0.046565 0.401666 0.003467 0.422915 0.414912 0 
3 0.319149 0.054762 0.445998 0.003467 0.422915 0.414912 0 
3 0.340426 0.047166 0.471288 0.003467 0.422915 0.414912 0 
3 0.361702 0.047166 0.47233 0.003467 0.422915 0.414912 0 
3 0.382979 0.056143 0.508777 0.003467 0.422915 0.414912 0 
3 0.404255 0.054762 0.530051 0.003467 0.422915 0.414912 0 
3 0.425532 0.049267 0.515918 0.003467 0.422915 0.414912 0 
3 0.446809 0.047166 0.499405 0.003467 0.422915 0.414912 0 
3 0.468085 0.047166 0.490777 0.003467 0.422915 0.414912 0 
3 0.489362 0.049267 0.488099 0.003467 0.422915 0.414912 0 
3 0.510638 0.050618 0.480214 0.003467 0.422915 0.414912 0 
3 0.531915 0.048517 0.473669 0.003467 0.422915 0.414912 0 
3 0.553191 0.050348 0.461024 0.003467 0.422915 0.414912 0 
3 0.574468 0.047166 0.455817 0.003467 0.422915 0.414912 0 
3 0.595745 0.047166 0.452098 0.003467 0.422915 0.414912 0 
3 0.617021 0.047166 0.449866 0.003467 0.422915 0.414912 0 
3 0.638298 0.050618 0.446742 0.003467 0.422915 0.414912 0 
3 0.659574 0.050618 0.451503 0.003467 0.422915 0.414912 0 
3 0.680851 0.047166 0.447337 0.003467 0.422915 0.414912 0 
3 0.702128 0.047166 0.457751 0.003467 0.422915 0.414912 0 
3 0.723404 0.045034 0.458048 0.003467 0.422915 0.414912 0 
3 0.744681 0.046565 0.47709 0.003467 0.422915 0.414912 0 
3 0.765957 0.047166 0.526183 0.003467 0.422915 0.414912 0 
3 0.787234 0.047166 0.534662 0.003467 0.422915 0.414912 0 
3 0.808511 0.046565 0.496876 0.003467 0.422915 0.414912 0 
3 0.829787 0.045034 0.46504 0.003467 0.422915 0.414912 0 
3 0.851064 0.048577 0.444659 0.003467 0.422915 0.414912 0 
3 0.87234 0.047166 0.426361 0.003467 0.422915 0.414912 0 
3 0.893617 0.045034 0.389021 0.003467 0.422915 0.414912 0 
3 0.914894 0.045034 0.349747 0.003467 0.422915 0.414912 0 
3 0.93617 0.055542 0.402559 0.003467 0.422915 0.414912 1 
3 0.957447 0.072685 0.435436 0.003467 0.422915 0.414912 1 
3 0.978723 0.075057 0.456561 0.003467 0.422915 0.414912 1 
3 1 0.075057 0.450759 0.003467 0.422915 0.414912 1 
