6 0 0.041732 0.53615 0.003467 0.422915 0.414912 0 
6 0.021277 0.041732 0.504612 0.003467 0.422915 0.414912 0 
6 0.042553 0.041642 0.475156 0.003467 0.422915 0.414912 0 
6 0.06383 0.041612 0.410592 0.003467 0.422915 0.414912 0 
6 0.085106 0.041492 0.345135 0.003467 0.422915 0.414912 0 
6 0.106383 0.041492 0.292026 0.003467 0.422915 0.414912 0 
6 0.12766 0.041341 0.249182 0.003467 0.422915 0.414912 0 
6 0.148936 0.041341 0.209313 0.003467 0.422915 0.414912 0 
6 0.170213 0.041642 0.177031 0.003467 0.422915 0.414912 0 
6 0.191489 0.041341 0.16751 0.003467 0.422915 0.414912 0 
6 0.212766 0.041341 0.17108 0.003467 0.422915 0.414912 0 
6 0.234043 0.041642 0.184469 0.003467 0.422915 0.414912 0 
6 0.255319 0.057193 0.218982 0.003467 0.422915 0.414912 1 
6 0.276596 0.041642 0.261827 0.003467 0.422915 0.414912 0 
6 0.297872 0.041732 0.313895 0.003467 0.422915 0.414912 0 
6 0.319149 0.041732 0.408361 0.003467 0.422915 0.414912 0 
6 0.340426 0.041732 0.488545 0.003467 0.422915 0.414912 0 
6 0.361702 0.041762 0.535257 0.003467 0.422915 0.414912 0 
6 0.382979 0.041912 0.572895 0.003467 0.422915 0.414912 0 
6 0.404255 0.041762 0.583309 0.003467 0.422915 0.414912 0 
6 0.425532 0.041762 0.564564 0.003467 0.422915 0.414912 0 
6 0.446809 0.041732 0.532282 0.003467 0.422915 0.414912 0 
6 0.468085 0.041642 0.488545 0.003467 0.422915 0.414912 0 
6 0.489362 0.041642 0.471437 0.003467 0.422915 0.414912 0 
6 0.510638 0.041732 0.453883 0.003467 0.422915 0.414912 0 
6 0.531915 0.041732 0.440196 0.003467 0.422915 0.414912 0 
6 0.553191 0.041732 0.417733 0.003467 0.422915 0.414912 0 
6 0.574468 0.064789 0.397798 0.003467 0.422915 0.414912 1 
6 0.595745 0.041672 0.368492 0.003467 0.422915 0.414912 0 
6 0.617021 0.041582 0.371021 0.003467 0.422915 0.414912 0 
6 0.638298 0.041732 0.380095 0.003467 0.422915 0.414912 0 
6 0.659574 0.064789 0.388724 0.003467 0.422915 0.414912 1 
6 0.680851 0.041732 0.406724 0.003467 0.422915 0.414912 0 
6 0.702128 0.041732 0.457453 0.003467 0.422915 0.414912 0 
6 0.723404 0.041912 0.537786 0.003467 0.422915 0.414912 0 
6 0.744681 0.041912 0.643558 0.003467 0.422915 0.414912 0 
6 0.765957 0.041912 0.661262 0.003467 0.422915 0.414912 0 
6 0.787234 0.041882 0.649955 0.003467 0.422915 0.414912 0 
6 0.808511 0.041732 0.602202 0.003467 0.422915 0.414912 0 
6 0.829787 0.041732 0.573936 0.003467 0.422915 0.414912 0 
6 0.851064 0.041642 0.545522 0.003467 0.422915 0.414912 0 
6 0.87234 0.041642 0.525141 0.003467 0.422915 0.414912 0 
6 0.893617 0.041642 0.490628 0.003467 0.422915 0.414912 0 
6 0.914894 0.041642 0.451354 0.003467 0.422915 0.414912 0 
6 0.93617 0.041732 0.469057 0.003467 0.422915 0.414912 0 
6 0.957447 0.041642 0.470693 0.003467 0.422915 0.414912 0 
6 0.978723 0.041732 0.478875 0.003467 0.422915 0.414912 0 
6 1 0.041642 0.44704 0.003467 0.422915 0.414912 0 
