7 0 0.071274 0.39155 0.005041 0.387623 0.215351 0 
7 0.021277 0.066921 0.335019 0.004713 0.349042 0.223684 0 
7 0.042553 0.074847 0.277298 0.005268 0.404972 0.176316 1 
7 0.06383 0.071064 0.227313 0.004987 0.364578 0.23114 0 
7 0.085106 0.048187 0.185957 0.003349 0.302952 0.318421 0 
7 0.106383 0.046205 0.159923 0.003195 0.25738 0.38114 0 
7 0.12766 0.046595 0.143707 0.003193 0.219316 0.423684 0 
7 0.148936 0.044194 0.143558 0.003008 0.193423 0.424123 0 
7 0.170213 0.047496 0.141029 0.003207 0.186432 0.509649 0 
7 0.191489 0.042903 0.154418 0.002898 0.18928 0.525 0 
7 0.212766 0.042993 0.189973 0.002904 0.211548 0.484649 0 
7 0.234043 0.050048 0.226718 0.003388 0.236665 0.501316 0 
7 0.255319 0.059175 0.271348 0.004032 0.280684 0.405702 0 
7 0.276596 0.073166 0.332342 0.005033 0.33739 0.374123 0 
7 0.297872 0.064759 0.384261 0.004458 0.328068 0.378509 0 
7 0.319149 0.071034 0.422642 0.00489 0.343345 0.397807 0 
7 0.340426 0.082473 0.460726 0.005675 0.371569 0.373684 1 
7 0.361702 0.080851 0.471735 0.005548 0.365355 0.395614 1 
7 0.382979 0.081062 0.465189 0.005577 0.370274 0.389035 1 
7 0.404255 0.077549 0.456263 0.005332 0.37856 0.35614 1 
7 0.425532 0.074397 0.444213 0.00511 0.377525 0.369737 1 
7 0.446809 0.059205 0.434692 0.004073 0.364837 0.354825 0 
7 0.468085 0.072835 0.423386 0.005019 0.35448 0.380263 1 
7 0.489362 0.058424 0.40479 0.004026 0.333506 0.358333 0 
7 0.510638 0.053501 0.385451 0.003687 0.335577 0.39693 0 
7 0.531915 0.053831 0.376971 0.003704 0.325738 0.357895 0 
7 0.553191 0.053591 0.363285 0.003691 0.320559 0.374561 0 
7 0.574468 0.053441 0.355251 0.003666 0.307872 0.382456 0 
7 0.595745 0.053441 0.34454 0.003666 0.299068 0.392105 0 
7 0.617021 0.053441 0.336805 0.003658 0.292595 0.392105 0 
7 0.638298 0.053441 0.334722 0.00366 0.304764 0.375877 0 
7 0.659574 0.053441 0.341119 0.003671 0.308907 0.363596 0 
7 0.680851 0.053441 0.323713 0.003673 0.313568 0.351754 0 
7 0.702128 0.053441 0.337995 0.003681 0.321077 0.347368 0 
7 0.723404 0.053441 0.341863 0.003681 0.323666 0.372368 0 
7 0.744681 0.053441 0.34573 0.003668 0.312015 0.385088 0 
7 0.765957 0.053441 0.335168 0.00366 0.304247 0.415789 0 
7 0.787234 0.051249 0.336061 0.00349 0.294925 0.424123 0 
7 0.808511 0.055062 0.350193 0.003772 0.295961 0.365351 0 
7 0.829787 0.06542 0.353913 0.004508 0.319524 0.319737 1 
7 0.851064 0.055902 0.340077 0.003857 0.313568 0.375 0 
7 0.87234 0.050648 0.322821 0.003488 0.305541 0.325877 0 
7 0.893617 0.058875 0.340226 0.004049 0.276541 0.351754 0 
7 0.914894 0.044224 0.340672 0.003033 0.255049 0.405263 0 
7 0.93617 0.044884 0.355549 0.003072 0.241326 0.420614 0 
7 0.957447 0.043593 0.34097 0.002983 0.247799 0.362281 0 
7 0.978723 0.066651 0.329366 0.00463 0.345417 0.206579 1 
7 1 0.050679 0.288753 0.003542 0.355256 0.23114 0 
