3 0 0.080341 0.353169 0.003467 0.422915 0.414912 1 
3 0.021277 0.069893 0.284142 0.003467 0.422915 0.414912 0 
3 0.042553 0.058394 0.227016 0.003467 0.422915 0.414912 0 
3 0.06383 0.058394 0.189229 0.003467 0.422915 0.414912 0 
3 0.085106 0.058394 0.154418 0.003467 0.422915 0.414912 0 
3 0.106383 0.056923 0.133591 0.003467 0.422915 0.414912 0 
3 0.12766 0.058394 0.124814 0.003467 0.422915 0.414912 0 
3 0.148936 0.069893 0.121988 0.003467 0.422915 0.414912 0 
3 0.170213 0.062748 0.136715 0.003467 0.422915 0.414912 0 
3 0.191489 0.069563 0.164534 0.003467 0.422915 0.414912 0 
3 0.212766 0.062748 0.228355 0.003467 0.422915 0.414912 0 
3 0.234043 0.058394 0.289943 0.003467 0.422915 0.414912 0 
3 0.255319 0.058394 0.297233 0.003467 0.422915 0.414912 0 
3 0.276596 0.058394 0.359714 0.003467 0.422915 0.414912 0 
3 0.297872 0.069563 0.394377 0.003467 0.422915 0.414912 0 
3 0.319149 0.069563 0.422791 0.003467 0.422915 0.414912 0 
3 0.340426 0.073316 0.480363 0.003467 0.422915 0.414912 1 
3 0.361702 0.069563 0.500298 0.003467 0.422915 0.414912 0 
3 0.382979 0.062838 0.501934 0.003467 0.422915 0.414912 0 
3 0.404255 0.062838 0.499702 0.003467 0.422915 0.414912 0 
3 0.425532 0.062838 0.497471 0.003467 0.422915 0.414912 0 
3 0.446809 0.089678 0.50119 0.003467 0.422915 0.414912 1 
3 0.468085 0.083794 0.501041 0.003467 0.422915 0.414912 1 
3 0.489362 0.083794 0.506248 0.003467 0.422915 0.414912 1 
3 0.510638 0.083794 0.508926 0.003467 0.422915 0.414912 1 
3 0.531915 0.094272 0.513835 0.003467 0.422915 0.414912 1 
3 0.553191 0.094272 0.511604 0.003467 0.422915 0.414912 1 
3 0.574468 0.083794 0.509819 0.003467 0.422915 0.414912 1 
3 0.595745 0.115228 0.50476 0.003467 0.422915 0.414912 1 
3 0.617021 0.115228 0.49881 0.003467 0.422915 0.414912 1 
3 0.638298 0.115228 0.495388 0.003467 0.422915 0.414912 1 
3 0.659574 0.115228 0.495983 0.003467 0.422915 0.414912 1 
3 0.680851 0.10475 0.481256 0.003467 0.422915 0.414912 1 
3 0.702128 0.075417 0.468462 0.003467 0.422915 0.414912 0 
3 0.723404 0.062748 0.439304 0.003467 0.422915 0.414912 0 
3 0.744681 0.055242 0.416691 0.003467 0.422915 0.414912 0 
3 0.765957 0.058394 0.384856 0.003467 0.422915 0.414912 0 
3 0.787234 0.062748 0.370723 0.003467 0.422915 0.414912 0 
3 0.808511 0.073316 0.377715 0.003467 0.422915 0.414912 0 
3 0.829787 0.073316 0.388277 0.003467 0.422915 0.414912 0 
3 0.851064 0.083794 0.370574 0.003467 0.422915 0.414912 1 
3 0.87234 0.073316 0.337102 0.003467 0.422915 0.414912 0 
3 0.893617 0.083794 0.369979 0.003467 0.422915 0.414912 1 
3 0.914894 0.083794 0.380095 0.003467 0.422915 0.414912 1 
3 0.93617 0.073316 0.407766 0.003467 0.422915 0.414912 0 
3 0.957447 0.073316 0.403303 0.003467 0.422915 0.414912 0 
3 0.978723 0.073316 0.39036 0.003467 0.422915 0.414912 0 
3 1 0.083794 0.367896 0.003467 0.422915 0.414912 1 
