1 0 0.030743 0.278489 0.001676 0.289746 0.842105 0 
1 0.021277 0.028582 0.231479 0.000829 0.262558 0.798246 0 
1 0.042553 0.027981 0.192651 0.001111 0.316157 0.776316 0 
1 0.06383 0.034406 0.156947 0.000825 0.284827 0.666667 0 
1 0.085106 0.030023 0.127938 0.000821 0.235629 0.710526 0 
1 0.106383 0.025519 0.115888 0.000821 0.207405 0.754386 0 
1 0.12766 0.024919 0.110979 0.000818 0.178405 0.754386 0 
1 0.148936 0.021016 0.110086 0.000823 0.172708 0.798246 0 
1 0.170213 0.020956 0.113359 0.000837 0.164682 0.798246 0 
1 0.191489 0.024919 0.124963 0.000841 0.158467 0.798246 0 
1 0.212766 0.024919 0.138203 0.000841 0.16494 0.798246 0 
1 0.234043 0.024829 0.142815 0.000841 0.158467 0.798246 0 
1 0.255319 0.024529 0.156947 0.000841 0.169083 0.798246 0 
1 0.276596 0.024769 0.195329 0.000841 0.179959 0.776316 0 
1 0.297872 0.02621 0.243677 0.001442 0.180994 0.824123 0 
1 0.319149 0.028281 0.296192 0.001695 0.194459 0.872368 0 
1 0.340426 0.028251 0.360012 0.001695 0.213102 0.946053 0 
1 0.361702 0.027861 0.390211 0.001695 0.226825 0.911404 0 
1 0.382979 0.029032 0.428741 0.001695 0.236147 0.880263 0 
1 0.404255 0.028221 0.448825 0.001695 0.248576 0.902193 0 
1 0.425532 0.028552 0.466379 0.001695 0.260228 0.902193 0 
1 0.446809 0.031704 0.48795 0.001695 0.269549 0.902193 0 
1 0.468085 0.032935 0.503868 0.001695 0.275246 0.902193 0 
1 0.489362 0.030233 0.509819 0.001695 0.280425 0.902193 0 
1 0.510638 0.031734 0.517703 0.001695 0.271103 0.902193 0 
1 0.531915 0.032064 0.523059 0.001695 0.270844 0.902193 0 
1 0.553191 0.032755 0.522464 0.001695 0.264889 0.902193 0 
1 0.574468 0.028792 0.518744 0.001695 0.257897 0.912281 0 
1 0.595745 0.028792 0.512794 0.001695 0.256085 0.927632 0 
1 0.617021 0.028402 0.492115 0.001695 0.261005 0.927632 0 
1 0.638298 0.028822 0.483338 0.001695 0.267219 0.902193 0 
1 0.659574 0.029542 0.494347 0.001695 0.279389 0.880263 0 
1 0.680851 0.036508 0.484677 0.001695 0.289228 0.842105 1 
1 0.702128 0.046776 0.499107 0.001695 0.300363 0.829386 1 
1 0.723404 0.056383 0.497769 0.003629 0.310461 0.871053 1 
1 0.744681 0.041041 0.503124 0.002115 0.297514 0.873246 1 
1 0.765957 0.034436 0.490925 0.002196 0.291041 0.917105 1 
1 0.787234 0.035187 0.494644 0.002225 0.306577 0.890351 1 
1 0.808511 0.034286 0.505058 0.002098 0.322113 0.917105 1 
1 0.829787 0.036688 0.508628 0.001695 0.336095 0.873246 1 
1 0.851064 0.035277 0.47233 0.001695 0.312532 0.873246 1 
1 0.87234 0.034226 0.43127 0.001695 0.285603 0.873246 1 
1 0.893617 0.055212 0.424278 0.001695 0.254531 0.851316 1 
1 0.914894 0.031914 0.389616 0.001695 0.222424 0.851316 0 
1 0.93617 0.031674 0.371169 0.001695 0.219316 0.851316 0 
1 0.957447 0.0269 0.337697 0.001552 0.223977 0.859211 0 
1 0.978723 0.032214 0.319399 0.001984 0.298809 0.841228 1 
1 1 0.02639 0.274621 0.001572 0.30347 0.847368 0 
