1 0 0.029572 0.287563 0.001909 0.320041 0.651754 0 
1 0.021277 0.029392 0.249777 0.001884 0.299327 0.659649 0 
1 0.042553 0.029873 0.219726 0.001934 0.348783 0.597807 0 
1 0.06383 0.029422 0.186254 0.001892 0.331693 0.642982 0 
1 0.085106 0.029242 0.150848 0.001791 0.296479 0.642982 0 
1 0.106383 0.029002 0.121839 0.001369 0.263594 0.651754 0 
1 0.12766 0.028942 0.098185 0.00144 0.241844 0.651754 0 
1 0.148936 0.026991 0.081672 0.001759 0.223977 0.721053 0 
1 0.170213 0.017864 0.073788 0.001157 0.207664 0.785965 0 
1 0.191489 0.014801 0.070217 0.000956 0.188244 0.809211 0 
1 0.212766 0.015222 0.076317 0.000976 0.170896 0.809211 0 
1 0.234043 0.01321 0.082862 0.00085 0.158726 0.810088 0 
1 0.255319 0.015402 0.102202 0.000868 0.146815 0.838158 0 
1 0.276596 0.018014 0.11931 0.000912 0.149663 0.838158 0 
1 0.297872 0.020055 0.145344 0.000885 0.136458 0.838158 0 
1 0.319149 0.027231 0.19994 0.001745 0.151217 0.805263 0 
1 0.340426 0.028251 0.25305 0.001807 0.191093 0.778509 0 
1 0.361702 0.029422 0.305415 0.001764 0.215173 0.72193 1 
1 0.382979 0.030833 0.340226 0.001915 0.246245 0.692105 1 
1 0.404255 0.032094 0.36269 0.001986 0.269032 0.689035 1 
1 0.425532 0.032665 0.364772 0.002077 0.285344 0.660526 1 
1 0.446809 0.031764 0.35778 0.002 0.278094 0.692982 1 
1 0.468085 0.032785 0.348557 0.002081 0.280684 0.662719 1 
1 0.489362 0.030293 0.341863 0.001811 0.283014 0.634211 1 
1 0.510638 0.030023 0.331747 0.001872 0.29363 0.616228 1 
1 0.531915 0.029422 0.317911 0.00189 0.290523 0.64693 1 
1 0.553191 0.029422 0.299762 0.001859 0.297255 0.647368 1 
1 0.574468 0.029212 0.279827 0.001772 0.287416 0.660526 1 
1 0.595745 0.029092 0.273877 0.001772 0.274987 0.669298 1 
1 0.617021 0.029212 0.266736 0.001762 0.266701 0.660526 1 
1 0.638298 0.029152 0.263314 0.001784 0.26696 0.669298 1 
1 0.659574 0.029362 0.26986 0.00188 0.27421 0.669298 1 
1 0.680851 0.029302 0.276703 0.001859 0.284827 0.615351 1 
1 0.702128 0.030203 0.308985 0.001955 0.314086 0.600877 1 
1 0.723404 0.032665 0.348259 0.002125 0.350596 0.597807 1 
1 0.744681 0.043473 0.440791 0.002831 0.416106 0.610526 1 
1 0.765957 0.043293 0.479173 0.002835 0.452874 0.578947 1 
1 0.787234 0.041492 0.462809 0.002725 0.443035 0.58114 1 
1 0.808511 0.040141 0.439304 0.002628 0.423097 0.602193 1 
1 0.829787 0.03909 0.413567 0.002543 0.404454 0.600439 1 
1 0.851064 0.037018 0.392294 0.002401 0.385293 0.609649 1 
1 0.87234 0.036508 0.374293 0.002391 0.368203 0.623684 1 
1 0.893617 0.031914 0.344987 0.002067 0.336613 0.642982 1 
1 0.914894 0.029242 0.308242 0.001884 0.310461 0.660526 0 
1 0.93617 0.030173 0.334573 0.001824 0.296737 0.660526 1 
1 0.957447 0.029572 0.325945 0.001805 0.296996 0.64693 1 
1 0.978723 0.030984 0.325945 0.002005 0.333506 0.602193 1 
1 1 0.030293 0.318209 0.001957 0.326256 0.659649 1 
