1 0 0.085475 0.381583 0.005014 0.371569 0.615789 1 
1 0.021277 0.035967 0.331895 0.002056 0.359399 0.59386 0 
1 0.042553 0.054942 0.29753 0.003648 0.408079 0.531579 0 
1 0.06383 0.061337 0.26019 0.004057 0.387623 0.562281 1 
1 0.085106 0.029002 0.215263 0.00183 0.353962 0.613596 0 
1 0.106383 0.028942 0.185659 0.001897 0.32522 0.628509 0 
1 0.12766 0.028251 0.160369 0.001853 0.303211 0.650877 0 
1 0.148936 0.027561 0.135971 0.001805 0.286898 0.695175 0 
1 0.170213 0.02696 0.123624 0.001762 0.25738 0.70307 0 
1 0.191489 0.02645 0.1144 0.00173 0.236147 0.707018 0 
1 0.212766 0.024979 0.125707 0.001631 0.206888 0.775877 0 
1 0.234043 0.02648 0.137459 0.00172 0.197307 0.756579 0 
1 0.255319 0.026991 0.155162 0.001755 0.183325 0.74386 0 
1 0.276596 0.02651 0.180601 0.001724 0.184878 0.775 0 
1 0.297872 0.025609 0.223594 0.001527 0.165199 0.787719 0 
1 0.319149 0.028101 0.296489 0.001666 0.184619 0.774123 0 
1 0.340426 0.030323 0.362095 0.001934 0.213361 0.782018 0 
1 0.361702 0.057434 0.41446 0.003691 0.256085 0.746491 1 
1 0.382979 0.040261 0.452544 0.00253 0.279907 0.734211 0 
1 0.404255 0.038369 0.452841 0.002293 0.295443 0.729386 0 
1 0.425532 0.040261 0.458792 0.002048 0.303211 0.665789 0 
1 0.446809 0.047046 0.443618 0.002324 0.292853 0.661404 0 
1 0.468085 0.045244 0.430527 0.002009 0.315381 0.6 0 
1 0.489362 0.040261 0.41565 0.002009 0.323666 0.608772 0 
1 0.510638 0.048847 0.407766 0.002009 0.321077 0.59386 0 
1 0.531915 0.080341 0.387236 0.003671 0.328068 0.615789 1 
1 0.553191 0.030233 0.361797 0.001988 0.326256 0.599123 0 
1 0.574468 0.030173 0.347813 0.001975 0.325479 0.603509 0 
1 0.595745 0.038279 0.330556 0.002297 0.322113 0.607895 0 
1 0.617021 0.031794 0.325945 0.001967 0.316157 0.61886 0 
1 0.638298 0.050258 0.32773 0.002644 0.319524 0.628947 0 
1 0.659574 0.053681 0.342458 0.002896 0.33014 0.615789 0 
1 0.680851 0.14519 0.377715 0.00586 0.336095 0.618421 1 
1 0.702128 0.143689 0.440196 0.005881 0.363542 0.607018 1 
1 0.723404 0.436081 0.540167 0.028138 0.426204 0.658772 1 
1 0.744681 0.550288 0.623326 0.036595 0.497152 0.714474 1 
1 0.765957 0.648613 0.645046 0.04301 0.512429 0.674561 1 
1 0.787234 0.587847 0.63493 0.038714 0.490937 0.747368 1 
1 0.808511 0.261529 0.603392 0.017123 0.471517 0.748246 1 
1 0.829787 0.169839 0.584796 0.011057 0.457017 0.790789 1 
1 0.851064 0.154557 0.553258 0.010044 0.432677 0.82807 1 
1 0.87234 0.412483 0.534067 0.009927 0.42232 0.817105 1 
1 0.893617 0.104359 0.493603 0.006718 0.389953 0.820175 0 
1 0.914894 0.062508 0.447188 0.004022 0.361212 0.778947 0 
1 0.93617 0.09187 0.454329 0.004757 0.341274 0.810526 0 
1 0.957447 0.07953 0.440196 0.003793 0.333506 0.790351 0 
1 0.978723 0.240243 0.426212 0.006579 0.375194 0.7 1 
1 1 0.056113 0.398691 0.003648 0.365355 0.754825 0 
