4 0 0.027681 0.321184 0.001826 0.270067 0.845614 0 
4 0.021277 0.025189 0.264058 0.001658 0.245469 0.825439 0 
4 0.042553 0.02582 0.207825 0.001718 0.287416 0.722807 0 
4 0.06383 0.024919 0.1687 0.001656 0.264112 0.74693 0 
4 0.085106 0.024048 0.137608 0.001591 0.226308 0.822807 0 
4 0.106383 0.021496 0.119458 0.001421 0.191093 0.824561 0 
4 0.12766 0.023178 0.116037 0.001533 0.167012 0.803947 0 
4 0.148936 0.022397 0.11931 0.001479 0.151476 0.82193 0 
4 0.170213 0.024919 0.138352 0.001645 0.147851 0.84386 0 
4 0.191489 0.025069 0.165129 0.001656 0.156396 0.881579 0 
4 0.212766 0.027231 0.224338 0.001793 0.189021 0.894737 0 
4 0.234043 0.028342 0.292175 0.001826 0.235629 0.798684 1 
4 0.255319 0.028342 0.312556 0.00189 0.282237 0.707456 1 
4 0.276596 0.029873 0.367004 0.002017 0.321336 0.636842 1 
4 0.297872 0.029422 0.407766 0.001984 0.302175 0.751754 1 
4 0.319149 0.030263 0.448081 0.002048 0.309684 0.715789 1 
4 0.340426 0.035757 0.506248 0.002426 0.32289 0.66886 1 
4 0.361702 0.035937 0.527373 0.002432 0.32755 0.658772 1 
4 0.382979 0.035937 0.528563 0.002428 0.327809 0.666228 1 
4 0.404255 0.035577 0.526331 0.002408 0.322113 0.690351 1 
4 0.425532 0.035937 0.528414 0.00243 0.325997 0.676754 1 
4 0.446809 0.035937 0.531836 0.002428 0.328586 0.661842 1 
4 0.468085 0.035937 0.532133 0.00243 0.321854 0.639474 1 
4 0.489362 0.035937 0.526927 0.00243 0.310979 0.625877 1 
4 0.510638 0.035937 0.521868 0.002432 0.307872 0.608333 1 
4 0.531915 0.035937 0.517852 0.002437 0.297514 0.647807 1 
4 0.553191 0.035007 0.510562 0.002376 0.29363 0.676754 1 
4 0.574468 0.033115 0.496727 0.002256 0.283014 0.660088 1 
4 0.595745 0.031734 0.48319 0.00216 0.274728 0.685526 1 
4 0.617021 0.031464 0.479768 0.002106 0.271621 0.70614 1 
4 0.638298 0.030023 0.470991 0.002038 0.270585 0.707018 1 
4 0.659574 0.031224 0.463404 0.002119 0.28146 0.701316 1 
4 0.680851 0.029482 0.440196 0.001998 0.28638 0.702193 0 
4 0.702128 0.029272 0.417138 0.001986 0.278353 0.695175 0 
4 0.723404 0.028101 0.364029 0.001892 0.24262 0.747807 0 
4 0.744681 0.027081 0.335614 0.001786 0.208959 0.79386 0 
4 0.765957 0.025309 0.308539 0.001685 0.173226 0.8 0 
4 0.787234 0.025369 0.291282 0.001689 0.149404 0.795614 0 
4 0.808511 0.027381 0.303184 0.001753 0.136199 0.837719 0 
4 0.829787 0.02684 0.313597 0.001708 0.146297 0.813158 0 
4 0.851064 0.026 0.298274 0.001732 0.179182 0.774561 0 
4 0.87234 0.025549 0.277447 0.001703 0.181512 0.785965 0 
4 0.893617 0.028131 0.317465 0.001853 0.168048 0.837719 0 
4 0.914894 0.028071 0.338441 0.001708 0.154842 0.848684 0 
4 0.93617 0.030773 0.36983 0.001903 0.154583 0.869298 1 
4 0.957447 0.029452 0.373401 0.001803 0.162869 0.877632 1 
4 0.978723 0.030533 0.347069 0.001965 0.241585 0.757895 1 
4 1 0.028582 0.320738 0.001915 0.241585 0.807456 0 
