2 0 0.029062 0.328622 0.001789 0.325997 0.74386 0 
2 0.021277 0.029062 0.289497 0.00178 0.304764 0.74386 0 
2 0.042553 0.029242 0.267777 0.001859 0.367685 0.672368 0 
2 0.06383 0.029182 0.236686 0.001832 0.344899 0.67807 0 
2 0.085106 0.029002 0.20247 0.001789 0.316416 0.7 0 
2 0.106383 0.029002 0.177477 0.001219 0.297773 0.7 0 
2 0.12766 0.027261 0.148021 0.001764 0.271103 0.750877 0 
2 0.148936 0.02657 0.1385 0.00172 0.268514 0.747368 0 
2 0.170213 0.02648 0.132699 0.001712 0.256344 0.776316 0 
2 0.191489 0.02696 0.140286 0.001739 0.246763 0.80614 0 
2 0.212766 0.027831 0.175841 0.001797 0.257121 0.79386 0 
2 0.234043 0.029392 0.222255 0.001901 0.27421 0.771053 0 
2 0.255319 0.03969 0.322672 0.002582 0.351631 0.695614 1 
2 0.276596 0.032094 0.411931 0.00211 0.415588 0.579825 1 
2 0.297872 0.028912 0.440345 0.001928 0.472035 0.486404 0 
2 0.319149 0.029633 0.504314 0.002 0.547644 0.369298 0 
2 0.340426 0.029002 0.526927 0.001975 0.581046 0.342544 0 
2 0.361702 0.029392 0.530794 0.002009 0.588296 0.417105 0 
2 0.382979 0.031404 0.553407 0.002146 0.599171 0.333333 0 
2 0.404255 0.027771 0.557721 0.001909 0.596582 0.39693 0 
2 0.425532 0.028942 0.56025 0.001988 0.588814 0.38114 0 
2 0.446809 0.028372 0.56025 0.001967 0.590109 0.379386 0 
2 0.468085 0.027861 0.554894 0.001936 0.58001 0.382018 0 
2 0.489362 0.027711 0.551175 0.001924 0.57043 0.418421 0 
2 0.510638 0.027471 0.548051 0.001901 0.552822 0.45 0 
2 0.531915 0.027861 0.545225 0.00194 0.547903 0.370614 0 
2 0.553191 0.027771 0.537935 0.00194 0.559555 0.367982 0 
2 0.574468 0.027471 0.53496 0.001921 0.549974 0.395614 0 
2 0.595745 0.027171 0.526331 0.00189 0.53651 0.411842 0 
2 0.617021 0.027141 0.516959 0.001878 0.528224 0.425 0 
2 0.638298 0.027141 0.512794 0.001874 0.517349 0.456579 0 
2 0.659574 0.027261 0.533918 0.001878 0.513206 0.475 0 
2 0.680851 0.027591 0.552068 0.001903 0.519938 0.457018 0 
2 0.702128 0.028101 0.583011 0.001936 0.535733 0.455263 0 
2 0.723404 0.031464 0.628087 0.002162 0.573019 0.410088 1 
2 0.744681 0.03915 0.689676 0.002713 0.647851 0.365351 1 
2 0.765957 0.029302 0.678965 0.002 0.666494 0.289035 0 
2 0.787234 0.031704 0.638649 0.002152 0.627395 0.348246 1 
2 0.808511 0.029062 0.593276 0.001982 0.580269 0.412281 0 
2 0.829787 0.027561 0.553555 0.001901 0.544278 0.426316 0 
2 0.851064 0.027231 0.531241 0.00188 0.522268 0.442982 0 
2 0.87234 0.027171 0.508777 0.00187 0.498964 0.470175 0 
2 0.893617 0.02684 0.469949 0.00183 0.469705 0.488596 0 
2 0.914894 0.02594 0.425617 0.001766 0.430347 0.502632 0 
2 0.93617 0.028221 0.465338 0.001911 0.401088 0.621053 0 
2 0.957447 0.028552 0.475602 0.001795 0.372864 0.634211 0 
2 0.978723 0.029242 0.478578 0.001934 0.431124 0.583772 1 
2 1 0.033566 0.47947 0.002192 0.42232 0.646053 1 
