5 0 0.07833 0.43856 0.005316 0.44899 0.430702 1 
5 0.021277 0.071995 0.416096 0.004861 0.4029 0.464474 1 
5 0.042553 0.076798 0.386046 0.005206 0.455722 0.43114 1 
5 0.06383 0.064009 0.339185 0.004333 0.428017 0.457895 1 
5 0.085106 0.050348 0.286076 0.003386 0.380373 0.530263 0 
5 0.106383 0.045845 0.231925 0.003074 0.329622 0.549123 0 
5 0.12766 0.043233 0.193246 0.002902 0.284568 0.540789 0 
5 0.148936 0.042722 0.168105 0.002867 0.250129 0.526316 0 
5 0.170213 0.029633 0.158435 0.002044 0.217504 0.491667 0 
5 0.191489 0.040231 0.161857 0.002715 0.216986 0.561404 0 
5 0.212766 0.042963 0.185808 0.002879 0.237701 0.514474 0 
5 0.234043 0.044104 0.233264 0.002977 0.272916 0.479825 0 
5 0.255319 0.074367 0.334127 0.005052 0.345676 0.438158 1 
5 0.276596 0.087156 0.420113 0.005906 0.428793 0.403947 1 
5 0.297872 0.064549 0.412229 0.004433 0.477991 0.362719 1 
5 0.319149 0.072505 0.459685 0.004992 0.550751 0.289035 1 
5 0.340426 0.089378 0.478429 0.006122 0.569394 0.354825 1 
5 0.361702 0.089378 0.479917 0.00614 0.570171 0.327193 1 
5 0.382979 0.091119 0.495388 0.006259 0.574832 0.321491 1 
5 0.404255 0.09244 0.512943 0.0063 0.566028 0.349123 1 
5 0.425532 0.09244 0.511306 0.006294 0.562144 0.344298 1 
5 0.446809 0.090999 0.502231 0.006223 0.567064 0.327632 1 
5 0.468085 0.101657 0.49524 0.006982 0.56059 0.164912 1 
5 0.489362 0.090849 0.487801 0.00628 0.556189 0.291228 1 
5 0.510638 0.085955 0.483636 0.005899 0.533143 0.287281 1 
5 0.531915 0.10472 0.478875 0.007162 0.543242 0.307456 1 
5 0.553191 0.068092 0.477239 0.004695 0.55101 0.319737 1 
5 0.574468 0.081002 0.473371 0.005567 0.555153 0.32193 1 
5 0.595745 0.060286 0.471586 0.00415 0.537027 0.335965 0 
5 0.617021 0.084364 0.466379 0.005783 0.540135 0.352632 1 
5 0.638298 0.076228 0.46266 0.005204 0.519938 0.362719 1 
5 0.659574 0.076618 0.464594 0.005206 0.51709 0.332018 1 
5 0.680851 0.076618 0.46266 0.005206 0.512429 0.316228 1 
5 0.702128 0.076558 0.464594 0.005206 0.509322 0.314474 1 
5 0.723404 0.076228 0.456858 0.005166 0.51709 0.324561 1 
5 0.744681 0.076498 0.476346 0.005206 0.520974 0.377193 1 
5 0.765957 0.077549 0.50967 0.005249 0.516572 0.435965 1 
5 0.787234 0.078179 0.542398 0.00532 0.539617 0.379386 1 
5 0.808511 0.085385 0.521125 0.005845 0.564474 0.297807 1 
5 0.829787 0.075928 0.491818 0.005168 0.55334 0.284211 1 
5 0.851064 0.076378 0.472627 0.005185 0.533143 0.285088 1 
5 0.87234 0.075898 0.451503 0.005141 0.503366 0.316667 1 
5 0.893617 0.075027 0.414162 0.005104 0.473071 0.371491 1 
5 0.914894 0.049808 0.381583 0.003446 0.437856 0.336404 0 
5 0.93617 0.053441 0.433799 0.003727 0.417141 0.435088 0 
5 0.957447 0.044554 0.448081 0.003093 0.398498 0.378509 0 
5 0.978723 0.079921 0.461767 0.005613 0.501036 0.335088 1 
5 1 0.079801 0.45418 0.005544 0.490161 0.385526 1 
