5 0 0.030623 0.488248 0.002073 0.440963 0.590351 0 
5 0.021277 0.030623 0.473669 0.002065 0.404195 0.610965 0 
5 0.042553 0.030623 0.444808 0.002077 0.464526 0.516667 0 
5 0.06383 0.032124 0.393335 0.002169 0.44407 0.535526 1 
5 0.085106 0.030563 0.336507 0.002056 0.396427 0.591667 0 
5 0.106383 0.029723 0.287861 0.001986 0.355256 0.625439 0 
5 0.12766 0.027771 0.240702 0.001859 0.314086 0.687281 0 
5 0.148936 0.0257 0.205445 0.00172 0.28146 0.701754 0 
5 0.170213 0.027681 0.19042 0.00184 0.262558 0.755702 0 
5 0.191489 0.027231 0.186254 0.001799 0.253237 0.753509 0 
5 0.212766 0.029392 0.208718 0.00194 0.259969 0.752193 0 
5 0.234043 0.030083 0.259 0.001986 0.28638 0.666228 0 
5 0.255319 0.032275 0.359119 0.002148 0.35914 0.530702 0 
5 0.276596 0.03975 0.462809 0.002676 0.44174 0.41886 1 
5 0.297872 0.036358 0.468313 0.002472 0.476696 0.302632 1 
5 0.319149 0.049988 0.524398 0.003403 0.546349 0.285526 1 
5 0.340426 0.062057 0.539125 0.004221 0.584412 0.280263 1 
5 0.361702 0.05236 0.534067 0.003552 0.584671 0.314035 1 
5 0.382979 0.097694 0.571854 0.006577 0.577939 0.411404 1 
5 0.404255 0.135853 0.576912 0.009109 0.553858 0.438158 1 
5 0.425532 0.073106 0.552217 0.004911 0.534956 0.390789 1 
5 0.446809 0.044134 0.535257 0.002975 0.523563 0.479386 1 
5 0.468085 0.043173 0.523951 0.002923 0.519161 0.423684 1 
5 0.489362 0.042332 0.517554 0.002848 0.511393 0.45 1 
5 0.510638 0.03903 0.511306 0.00263 0.486535 0.444298 0 
5 0.531915 0.036177 0.500893 0.002443 0.494303 0.428509 0 
5 0.553191 0.036958 0.494496 0.002503 0.50492 0.388158 0 
5 0.574468 0.036988 0.494942 0.002501 0.507768 0.427632 0 
5 0.595745 0.036027 0.489884 0.002439 0.49767 0.433333 0 
5 0.617021 0.036027 0.47709 0.002435 0.486794 0.460088 0 
5 0.638298 0.036027 0.467272 0.002426 0.464785 0.497368 0 
5 0.659574 0.036027 0.47709 0.002428 0.467892 0.463158 0 
5 0.680851 0.036027 0.49643 0.002432 0.467892 0.491667 0 
5 0.702128 0.036658 0.525736 0.002476 0.47333 0.508333 0 
5 0.723404 0.044734 0.55906 0.003006 0.486018 0.496053 1 
5 0.744681 0.102018 0.616632 0.006813 0.510357 0.550439 1 
5 0.765957 0.196409 0.652484 0.013159 0.529777 0.512281 1 
5 0.787234 0.216194 0.644154 0.014526 0.564992 0.452632 1 
5 0.808511 0.165396 0.609194 0.011178 0.545313 0.453509 1 
5 0.829787 0.075958 0.579292 0.00515 0.508545 0.484649 1 
5 0.851064 0.03939 0.563672 0.002663 0.490419 0.500439 0 
5 0.87234 0.036027 0.540018 0.00243 0.469187 0.554825 0 
5 0.893617 0.034856 0.490033 0.002341 0.443553 0.54693 0 
5 0.914894 0.033025 0.441982 0.002214 0.416106 0.573246 0 
5 0.93617 0.034526 0.492562 0.002314 0.404195 0.567982 0 
5 0.957447 0.035547 0.505058 0.002374 0.387623 0.613158 0 
5 0.978723 0.037108 0.506546 0.002489 0.472035 0.430263 0 
5 1 0.03987 0.498215 0.002698 0.453392 0.410088 0 
