3 0 0.045755 0.36626 0.003467 0.422915 0.414912 0 
3 0.021277 0.045334 0.298869 0.003467 0.422915 0.414912 0 
3 0.042553 0.044884 0.244273 0.003467 0.422915 0.414912 0 
3 0.06383 0.044134 0.205445 0.003467 0.422915 0.414912 0 
3 0.085106 0.044134 0.175543 0.003467 0.422915 0.414912 0 
3 0.106383 0.044073 0.158286 0.003467 0.422915 0.414912 0 
3 0.12766 0.044073 0.149063 0.003467 0.422915 0.414912 0 
3 0.148936 0.049658 0.154418 0.003467 0.422915 0.414912 0 
3 0.170213 0.049297 0.179411 0.003467 0.422915 0.414912 0 
3 0.191489 0.056533 0.222404 0.003467 0.422915 0.414912 0 
3 0.212766 0.071965 0.303184 0.003467 0.422915 0.414912 1 
3 0.234043 0.066831 0.394079 0.003467 0.422915 0.414912 1 
3 0.255319 0.071965 0.41565 0.003467 0.422915 0.414912 1 
3 0.276596 0.071965 0.482297 0.003467 0.422915 0.414912 1 
3 0.297872 0.061667 0.502231 0.003467 0.422915 0.414912 1 
3 0.319149 0.066831 0.519935 0.003467 0.422915 0.414912 1 
3 0.340426 0.10508 0.566052 0.003467 0.422915 0.414912 1 
3 0.361702 0.09181 0.575424 0.003467 0.422915 0.414912 1 
3 0.382979 0.09181 0.575275 0.003467 0.422915 0.414912 1 
3 0.404255 0.101747 0.569771 0.003467 0.422915 0.414912 1 
3 0.425532 0.081902 0.567539 0.003467 0.422915 0.414912 1 
3 0.446809 0.09181 0.583457 0.003467 0.422915 0.414912 1 
3 0.468085 0.087066 0.578548 0.003467 0.422915 0.414912 1 
3 0.489362 0.087066 0.583011 0.003467 0.422915 0.414912 1 
3 0.510638 0.081902 0.600417 0.003467 0.422915 0.414912 1 
3 0.531915 0.09181 0.599524 0.003467 0.422915 0.414912 1 
3 0.553191 0.098024 0.601904 0.003467 0.422915 0.414912 1 
3 0.574468 0.09181 0.610384 0.003467 0.422915 0.414912 1 
3 0.595745 0.101747 0.605921 0.003467 0.422915 0.414912 1 
3 0.617021 0.111685 0.619458 0.003467 0.422915 0.414912 1 
3 0.638298 0.101747 0.630765 0.003467 0.422915 0.414912 1 
3 0.659574 0.111685 0.631806 0.003467 0.422915 0.414912 1 
3 0.680851 0.09181 0.602797 0.003467 0.422915 0.414912 1 
3 0.702128 0.09181 0.594168 0.003467 0.422915 0.414912 1 
3 0.723404 0.099075 0.560399 0.003467 0.422915 0.414912 1 
3 0.744681 0.09181 0.531241 0.003467 0.422915 0.414912 1 
3 0.765957 0.09181 0.519042 0.003467 0.422915 0.414912 1 
3 0.787234 0.121592 0.547307 0.003467 0.422915 0.414912 1 
3 0.808511 0.101747 0.540018 0.003467 0.422915 0.414912 1 
3 0.829787 0.066831 0.511604 0.003467 0.422915 0.414912 0 
3 0.851064 0.061667 0.470991 0.003467 0.422915 0.414912 0 
3 0.87234 0.056533 0.427105 0.003467 0.422915 0.414912 0 
3 0.893617 0.061667 0.434692 0.003467 0.422915 0.414912 0 
3 0.914894 0.056533 0.436924 0.003467 0.422915 0.414912 0 
3 0.93617 0.056533 0.455817 0.003467 0.422915 0.414912 0 
3 0.957447 0.061667 0.447486 0.003467 0.422915 0.414912 0 
3 0.978723 0.056533 0.421452 0.003467 0.422915 0.414912 0 
3 1 0.051339 0.393633 0.003467 0.422915 0.414912 0 
