6 0 0.047436 0.398245 0.003261 0.418177 0.351754 0 
6 0.021277 0.046385 0.343945 0.00317 0.384775 0.390789 0 
6 0.042553 0.057464 0.290539 0.003928 0.438374 0.358333 0 
6 0.06383 0.044614 0.23371 0.003029 0.402382 0.42193 0 
6 0.085106 0.042122 0.191907 0.002835 0.353185 0.507456 0 
6 0.106383 0.042452 0.168997 0.002823 0.306836 0.560965 0 
6 0.12766 0.041041 0.156799 0.002717 0.27913 0.584211 0 
6 0.148936 0.03951 0.160071 0.002613 0.250647 0.611842 0 
6 0.170213 0.042632 0.187891 0.002815 0.258674 0.617105 0 
6 0.191489 0.044674 0.233413 0.002958 0.285085 0.633772 0 
6 0.212766 0.064939 0.311366 0.004304 0.362765 0.669737 0 
6 0.234043 0.079711 0.404046 0.005324 0.452356 0.536842 1 
6 0.255319 0.095413 0.432907 0.006479 0.579751 0.436404 1 
6 0.276596 0.087727 0.491818 0.005997 0.669601 0.303947 1 
6 0.297872 0.068632 0.508182 0.004649 0.647074 0.390351 0 
6 0.319149 0.064069 0.522761 0.004304 0.633351 0.437719 0 
6 0.340426 0.147922 0.573193 0.009784 0.648369 0.524123 1 
6 0.361702 0.126997 0.590896 0.008361 0.650958 0.514035 1 
6 0.382979 0.095893 0.582713 0.006095 0.64811 0.470175 1 
6 0.404255 0.093821 0.576317 0.006217 0.645779 0.456579 1 
6 0.425532 0.104569 0.570217 0.006942 0.646815 0.486404 1 
6 0.446809 0.106761 0.571705 0.007079 0.644226 0.457895 1 
6 0.468085 0.09208 0.562035 0.006113 0.635681 0.45307 1 
6 0.489362 0.064639 0.554746 0.004306 0.618332 0.431579 0 
6 0.510638 0.076018 0.553109 0.005071 0.612377 0.447368 1 
6 0.531915 0.06557 0.546861 0.004368 0.609529 0.414474 0 
6 0.553191 0.055482 0.542993 0.003706 0.600725 0.430702 0 
6 0.574468 0.05209 0.533026 0.003475 0.59218 0.38114 0 
6 0.595745 0.048517 0.524695 0.003263 0.571983 0.403509 0 
6 0.617021 0.047886 0.519786 0.003218 0.566287 0.383333 0 
6 0.638298 0.049628 0.524993 0.003342 0.569394 0.389035 0 
6 0.659574 0.049418 0.522166 0.003332 0.571724 0.357456 0 
6 0.680851 0.049448 0.507587 0.00334 0.582082 0.397807 0 
6 0.702128 0.049868 0.499702 0.003355 0.58493 0.352632 0 
6 0.723404 0.045124 0.466082 0.003039 0.562662 0.386842 0 
6 0.744681 0.044194 0.445403 0.00295 0.536769 0.417105 0 
6 0.765957 0.043953 0.433204 0.002925 0.512429 0.432018 0 
6 0.787234 0.044194 0.438411 0.002921 0.498446 0.464474 0 
6 0.808511 0.044524 0.447486 0.002943 0.498446 0.436842 0 
6 0.829787 0.043683 0.43008 0.002898 0.49275 0.416667 0 
6 0.851064 0.042783 0.403749 0.002833 0.466857 0.467544 0 
6 0.87234 0.042002 0.364772 0.002761 0.420766 0.514035 0 
6 0.893617 0.042963 0.399286 0.002804 0.388659 0.578509 0 
6 0.914894 0.043263 0.410592 0.002806 0.344381 0.623246 0 
6 0.93617 0.051699 0.441535 0.00334 0.33014 0.619298 0 
6 0.957447 0.045725 0.451354 0.00295 0.310461 0.657018 0 
6 0.978723 0.097874 0.427551 0.006365 0.44407 0.608772 1 
6 1 0.075748 0.415799 0.00495 0.446919 0.585965 1 
