7 0 0.096643 0.588515 0.006448 0.494821 0.562719 0 
7 0.021277 0.091329 0.569027 0.006049 0.468928 0.555702 0 
7 0.042553 0.116218 0.53972 0.007611 0.522786 0.523246 1 
7 0.06383 0.084814 0.479619 0.004184 0.493009 0.489912 0 
7 0.085106 0.040381 0.410146 0.001992 0.458571 0.480702 0 
7 0.106383 0.037829 0.356739 0.001878 0.416106 0.502632 0 
7 0.12766 0.028642 0.303184 0.001791 0.387882 0.502632 0 
7 0.148936 0.046896 0.265992 0.001967 0.354221 0.510526 0 
7 0.170213 0.028942 0.235793 0.001832 0.33247 0.568421 0 
7 0.191489 0.034136 0.218982 0.002221 0.311756 0.671053 0 
7 0.212766 0.040441 0.223892 0.002605 0.303211 0.741667 0 
7 0.234043 0.033956 0.243975 0.002173 0.289746 0.713596 0 
7 0.255319 0.053471 0.278786 0.002096 0.3058 0.683772 0 
7 0.276596 0.140026 0.323267 0.002009 0.315122 0.55614 1 
7 0.297872 0.273538 0.382773 0.002009 0.308389 0.55614 1 
7 0.319149 0.23712 0.479768 0.003284 0.351372 0.57807 1 
7 0.340426 0.19689 0.579143 0.012933 0.398498 0.723684 1 
7 0.361702 0.281974 0.637162 0.018348 0.438374 0.726754 1 
7 0.382979 0.753182 0.676584 0.049397 0.471776 0.668421 1 
7 0.404255 0.39429 0.676584 0.025912 0.480062 0.730702 1 
7 0.425532 0.356011 0.653377 0.023242 0.487053 0.676754 1 
7 0.446809 0.396541 0.623624 0.02588 0.483169 0.668421 1 
7 0.468085 0.294524 0.586135 0.019125 0.48058 0.714035 1 
7 0.489362 0.258136 0.560101 0.016639 0.480839 0.692544 1 
7 0.510638 0.212982 0.534662 0.013751 0.468669 0.694298 1 
7 0.531915 0.316981 0.517852 0.011959 0.461419 0.665351 1 
7 0.553191 0.267233 0.492859 0.017397 0.480062 0.636404 1 
7 0.574468 0.275369 0.472627 0.017862 0.462196 0.704386 1 
7 0.595745 0.253813 0.460875 0.016392 0.450544 0.684211 1 
7 0.617021 0.338717 0.447486 0.021857 0.439927 0.719298 1 
7 0.638298 0.271226 0.454032 0.017447 0.429829 0.716228 1 
7 0.659574 0.230635 0.477834 0.014817 0.426463 0.764474 1 
7 0.680851 0.23652 0.518149 0.015222 0.412222 0.75307 1 
7 0.702128 0.364057 0.597144 0.023668 0.437079 0.721491 1 
7 0.723404 0.453675 0.669592 0.030128 0.505955 0.569737 1 
7 0.744681 0.979975 0.735198 0.065749 0.574832 0.520614 1 
7 0.765957 0.57893 0.729247 0.039079 0.574573 0.541228 1 
7 0.787234 0.342861 0.694882 0.02297 0.544537 0.532895 1 
7 0.808511 0.382311 0.64936 0.025556 0.502589 0.628947 1 
7 0.829787 0.14513 0.605623 0.009593 0.471776 0.617982 0 
7 0.851064 0.121622 0.576317 0.007983 0.447178 0.666667 0 
7 0.87234 0.094212 0.558018 0.006145 0.433195 0.704825 0 
7 0.893617 0.102708 0.529009 0.006651 0.400829 0.754825 0 
7 0.914894 0.083163 0.495983 0.00532 0.37623 0.739035 0 
7 0.93617 0.080011 0.512496 0.005129 0.370792 0.75 0 
7 0.957447 0.058875 0.500744 0.003791 0.370016 0.669298 0 
7 0.978723 0.106941 0.490925 0.006988 0.435526 0.580702 0 
7 1 0.057884 0.464743 0.003787 0.424392 0.613158 0 
