5 0 0.134893 0.631806 0.008968 0.544537 0.675 1 
5 0.021277 0.120331 0.606367 0.005536 0.523563 0.657895 1 
5 0.042553 0.132311 0.574085 0.008255 0.578975 0.586842 1 
5 0.06383 0.093731 0.523207 0.006223 0.560073 0.581579 0 
5 0.085106 0.077069 0.469354 0.005062 0.52434 0.63114 0 
5 0.106383 0.089468 0.411187 0.005752 0.484723 0.725877 0 
5 0.12766 0.080401 0.360607 0.005164 0.457276 0.708333 0 
5 0.148936 0.074787 0.321482 0.004103 0.426981 0.750439 0 
5 0.170213 0.074787 0.298274 0.003668 0.418436 0.72807 0 
5 0.191489 0.075207 0.297977 0.00484 0.398239 0.700877 0 
5 0.212766 0.085535 0.323862 0.005552 0.392543 0.734211 0 
5 0.234043 0.076618 0.379798 0.004998 0.411704 0.612281 0 
5 0.255319 0.083764 0.496132 0.005538 0.485759 0.546053 0 
5 0.276596 0.132431 0.630913 0.008758 0.575867 0.526316 1 
5 0.297872 0.090669 0.689676 0.006009 0.613413 0.510088 0 
5 0.319149 0.13129 0.774621 0.008697 0.700673 0.417982 1 
5 0.340426 0.152276 0.794406 0.010064 0.753755 0.393421 1 
5 0.361702 0.137715 0.777596 0.009186 0.750129 0.327193 1 
5 0.382979 0.151915 0.803332 0.01017 0.754531 0.37193 1 
5 0.404255 0.143569 0.800357 0.00958 0.74521 0.350439 1 
5 0.425532 0.088357 0.762124 0.005931 0.726567 0.370175 0 
5 0.446809 0.087997 0.727908 0.005901 0.718281 0.373246 0 
5 0.468085 0.085685 0.703213 0.005762 0.704816 0.369737 0 
5 0.489362 0.084154 0.687147 0.005685 0.700673 0.37807 0 
5 0.510638 0.084094 0.674204 0.005704 0.683843 0.364912 0 
5 0.531915 0.086766 0.655311 0.005904 0.673744 0.286842 0 
5 0.553191 0.085895 0.645195 0.005872 0.697307 0.290351 0 
5 0.574468 0.084514 0.638054 0.005742 0.696789 0.32807 0 
5 0.595745 0.081422 0.625409 0.005555 0.685914 0.328509 0 
5 0.617021 0.067792 0.611276 0.004643 0.676334 0.291228 0 
5 0.638298 0.062988 0.603243 0.004287 0.660798 0.282895 0 
5 0.659574 0.063829 0.619607 0.004312 0.661574 0.356579 0 
5 0.680851 0.069623 0.653972 0.004678 0.66028 0.464035 0 
5 0.702128 0.07905 0.712586 0.005295 0.682289 0.46886 0 
5 0.723404 0.089798 0.79634 0.006022 0.723459 0.453509 0 
5 0.744681 0.145611 0.899137 0.009651 0.795961 0.399123 1 
5 0.765957 0.158671 0.92889 0.010368 0.813309 0.428509 1 
5 0.787234 0.151795 0.917584 0.009896 0.781719 0.534649 1 
5 0.808511 0.096013 0.884261 0.006317 0.738736 0.496491 0 
5 0.829787 0.086946 0.857483 0.005742 0.7087 0.539912 0 
5 0.851064 0.090038 0.842458 0.005918 0.673744 0.546053 0 
5 0.87234 0.087486 0.822969 0.005727 0.652771 0.550877 0 
5 0.893617 0.080972 0.773728 0.005374 0.608752 0.51886 0 
5 0.914894 0.075447 0.708718 0.004763 0.561108 0.53114 0 
5 0.93617 0.075718 0.714668 0.003706 0.523304 0.535526 0 
5 0.957447 0.069683 0.692056 0.00295 0.491455 0.527632 0 
5 0.978723 0.080311 0.665724 0.005457 0.566287 0.505702 0 
5 1 0.080251 0.648914 0.005436 0.552305 0.537719 0 
