7 0 0.035907 0.530348 0.002312 0.482651 0.59693 0 
7 0.021277 0.038369 0.492859 0.002559 0.446919 0.652632 0 
7 0.042553 0.03984 0.459982 0.002557 0.488607 0.582456 0 
7 0.06383 0.038189 0.406129 0.002455 0.459865 0.613158 0 
7 0.085106 0.033566 0.345284 0.00215 0.408597 0.703509 0 
7 0.106383 0.036628 0.298274 0.002277 0.359917 0.762281 0 
7 0.12766 0.024949 0.253794 0.001433 0.308907 0.751754 0 
7 0.148936 0.017143 0.207081 0.001101 0.263853 0.597368 0 
7 0.170213 0.014741 0.185659 0.000976 0.235888 0.648684 0 
7 0.191489 0.01291 0.172121 0.000837 0.213879 0.621053 0 
7 0.212766 0.01285 0.178072 0.000835 0.211548 0.596491 0 
7 0.234043 0.014051 0.191461 0.000906 0.21362 0.718421 0 
7 0.255319 0.041942 0.226569 0.001377 0.245728 0.765789 0 
7 0.276596 0.058334 0.265695 0.001558 0.270844 0.765789 1 
7 0.297872 0.036598 0.310176 0.001697 0.26696 0.765789 0 
7 0.319149 0.042662 0.406427 0.002748 0.299586 0.746053 0 
7 0.340426 0.042752 0.484975 0.002844 0.358364 0.638596 0 
7 0.361702 0.044164 0.543886 0.003006 0.403936 0.57807 0 
7 0.382979 0.045875 0.583457 0.003176 0.437597 0.522807 0 
7 0.404255 0.045244 0.587474 0.003139 0.442517 0.557895 0 
7 0.425532 0.044013 0.565308 0.003047 0.437338 0.542544 0 
7 0.446809 0.043023 0.53258 0.002958 0.418177 0.582895 0 
7 0.468085 0.046325 0.504017 0.003164 0.406007 0.586404 1 
7 0.489362 0.042873 0.476644 0.002921 0.391766 0.621053 0 
7 0.510638 0.042752 0.445254 0.002892 0.382444 0.630702 0 
7 0.531915 0.042752 0.42651 0.002887 0.379078 0.630263 0 
7 0.553191 0.042752 0.40717 0.002887 0.398757 0.590351 0 
7 0.574468 0.042752 0.38798 0.002887 0.397204 0.603947 0 
7 0.595745 0.03969 0.372062 0.002885 0.392284 0.618421 0 
7 0.617021 0.045875 0.361797 0.002862 0.389177 0.62193 1 
7 0.638298 0.042752 0.364029 0.002881 0.394614 0.600439 1 
7 0.659574 0.042752 0.383071 0.002887 0.403677 0.586842 1 
7 0.680851 0.042752 0.414014 0.002894 0.403418 0.577193 1 
7 0.702128 0.042752 0.492413 0.002923 0.439151 0.479825 1 
7 0.723404 0.043533 0.600268 0.003039 0.504402 0.397807 1 
7 0.744681 0.058304 0.689824 0.004144 0.55101 0.382018 1 
7 0.765957 0.059385 0.714668 0.004209 0.53884 0.401754 1 
7 0.787234 0.046295 0.683279 0.003278 0.504143 0.461842 1 
7 0.808511 0.043533 0.643261 0.003051 0.464267 0.517544 1 
7 0.829787 0.043083 0.605177 0.002987 0.437338 0.565351 1 
7 0.851064 0.044374 0.577358 0.003056 0.411704 0.593421 1 
7 0.87234 0.041852 0.559952 0.002854 0.391507 0.673684 1 
7 0.893617 0.041942 0.524546 0.002763 0.367167 0.742982 1 
7 0.914894 0.041431 0.487504 0.00168 0.34956 0.765789 1 
7 0.93617 0.037438 0.508777 0.001298 0.350854 0.765789 0 
7 0.957447 0.036568 0.502678 0.001467 0.362248 0.765789 0 
7 0.978723 0.041011 0.500595 0.002588 0.448213 0.678947 1 
7 1 0.037168 0.46385 0.002364 0.447695 0.707895 0 
