3 0 0.037288 0.369235 0.002532 0.329104 0.450439 0 
3 0.021277 0.032004 0.311812 0.002187 0.302693 0.452632 0 
3 0.042553 0.044884 0.260042 0.003062 0.346712 0.425439 1 
3 0.06383 0.041762 0.223297 0.002838 0.329622 0.474561 1 
3 0.085106 0.034526 0.185361 0.002349 0.272916 0.523246 0 
3 0.106383 0.025489 0.164088 0.001735 0.229156 0.527632 0 
3 0.12766 0.028281 0.163344 0.001926 0.209995 0.558333 0 
3 0.148936 0.028011 0.165278 0.001903 0.199637 0.589912 0 
3 0.170213 0.032034 0.191015 0.002171 0.209218 0.613158 0 
3 0.191489 0.038309 0.222404 0.00259 0.219834 0.600439 0 
3 0.212766 0.042152 0.300803 0.002819 0.267996 0.575439 1 
3 0.234043 0.041041 0.383071 0.002711 0.344381 0.493421 1 
3 0.255319 0.037979 0.406427 0.002532 0.449249 0.316667 0 
3 0.276596 0.043053 0.470098 0.004192 0.518384 0.270175 1 
3 0.297872 0.043053 0.510116 0.003132 0.489902 0.300439 1 
3 0.319149 0.042602 0.541654 0.003162 0.491973 0.313158 1 
3 0.340426 0.043053 0.59521 0.0065 0.508804 0.345175 1 
3 0.361702 0.043053 0.626897 0.004231 0.511652 0.339035 1 
3 0.382979 0.043053 0.635525 0.004987 0.508804 0.341228 1 
3 0.404255 0.043053 0.638352 0.009001 0.522009 0.36886 1 
3 0.425532 0.043053 0.646087 0.006435 0.530813 0.360526 1 
3 0.446809 0.059355 0.661113 0.004049 0.530036 0.441228 1 
3 0.468085 0.062387 0.668253 0.004132 0.520974 0.482895 1 
3 0.489362 0.066591 0.675989 0.004406 0.519938 0.463596 1 
3 0.510638 0.055572 0.693544 0.003681 0.530036 0.458333 1 
3 0.531915 0.06524 0.705445 0.004323 0.530295 0.451754 1 
3 0.553191 0.106401 0.7169 0.007048 0.53159 0.504386 1 
3 0.574468 0.162934 0.72285 0.010725 0.514241 0.580702 1 
3 0.595745 0.308424 0.729842 0.020382 0.504143 0.620614 1 
3 0.617021 0.233968 0.742785 0.015492 0.490678 0.596053 1 
3 0.638298 0.23673 0.749331 0.015689 0.494821 0.605702 1 
3 0.659574 0.225862 0.750967 0.014956 0.491973 0.591228 1 
3 0.680851 0.058244 0.736686 0.003845 0.486535 0.54693 0 
3 0.702128 0.049418 0.718834 0.003263 0.471258 0.483333 0 
3 0.723404 0.044404 0.665278 0.00295 0.425168 0.391228 0 
3 0.744681 0.043323 0.634781 0.002896 0.386846 0.428509 0 
3 0.765957 0.043053 0.61321 0.002902 0.345417 0.460965 0 
3 0.787234 0.043053 0.590747 0.002919 0.320818 0.485965 0 
3 0.808511 0.043053 0.59402 0.002912 0.331176 0.434211 0 
3 0.829787 0.043053 0.574085 0.002906 0.360694 0.391667 0 
3 0.851064 0.043053 0.526183 0.002892 0.352149 0.431579 0 
3 0.87234 0.043653 0.46742 0.002904 0.33247 0.464035 0 
3 0.893617 0.043053 0.480512 0.00286 0.289487 0.534211 0 
3 0.914894 0.040921 0.471735 0.002746 0.246504 0.595175 0 
3 0.93617 0.043053 0.467272 0.0029 0.237442 0.60307 0 
3 0.957447 0.03981 0.452693 0.002686 0.228638 0.602193 0 
3 0.978723 0.043233 0.437221 0.002908 0.323408 0.407895 0 
3 1 0.043053 0.400476 0.0029 0.323666 0.444737 0 
