6 0 0.044314 0.487057 0.003002 0.491714 0.509649 0 
6 0.021277 0.046836 0.462065 0.003182 0.458571 0.451316 0 
6 0.042553 0.055812 0.43618 0.00441 0.496893 0.394737 0 
6 0.06383 0.047316 0.387385 0.003714 0.468669 0.460088 0 
6 0.085106 0.042392 0.326986 0.002879 0.422838 0.532456 0 
6 0.106383 0.041341 0.276108 0.002717 0.378042 0.690789 0 
6 0.12766 0.040321 0.229545 0.002615 0.340497 0.742982 0 
6 0.148936 0.040201 0.19875 0.002493 0.303211 0.730702 0 
6 0.170213 0.033385 0.186105 0.001917 0.276541 0.765789 0 
6 0.191489 0.033535 0.184766 0.00182 0.266442 0.765789 0 
6 0.212766 0.036057 0.214222 0.001996 0.2768 0.757895 0 
6 0.234043 0.038369 0.257215 0.002441 0.307095 0.707456 0 
6 0.255319 0.040681 0.358078 0.002653 0.384257 0.636404 0 
6 0.276596 0.043353 0.473222 0.002964 0.464267 0.460965 0 
6 0.297872 0.0529 0.488545 0.003648 0.508545 0.420614 0 
6 0.319149 0.088657 0.550283 0.006076 0.583894 0.431579 1 
6 0.340426 0.104179 0.563969 0.007042 0.630502 0.365351 1 
6 0.361702 0.090969 0.559357 0.006477 0.632833 0.358333 1 
6 0.382979 0.093671 0.584201 0.006433 0.636717 0.372368 1 
6 0.404255 0.090759 0.595805 0.006203 0.62377 0.433772 1 
6 0.425532 0.077849 0.576763 0.005403 0.617038 0.396053 1 
6 0.446809 0.075417 0.555936 0.005172 0.60668 0.353947 1 
6 0.468085 0.077219 0.540167 0.005318 0.590886 0.375877 1 
6 0.489362 0.068152 0.527373 0.004701 0.58001 0.368421 1 
6 0.510638 0.057884 0.517108 0.004019 0.565769 0.399561 0 
6 0.531915 0.064369 0.503719 0.004433 0.559037 0.370175 1 
6 0.553191 0.071965 0.497322 0.004963 0.578716 0.359649 1 
6 0.574468 0.06626 0.488099 0.004823 0.570171 0.364474 1 
6 0.595745 0.047136 0.481107 0.003251 0.552822 0.335965 0 
6 0.617021 0.044404 0.469354 0.003068 0.54376 0.35614 0 
6 0.638298 0.043653 0.463404 0.003002 0.527965 0.377193 0 
6 0.659574 0.043353 0.474115 0.002975 0.519679 0.394737 0 
6 0.680851 0.043713 0.498066 0.003002 0.511393 0.408333 0 
6 0.702128 0.05284 0.550431 0.00365 0.532885 0.428947 0 
6 0.723404 0.084004 0.627194 0.005837 0.599171 0.507456 1 
6 0.744681 0.130539 0.688039 0.008652 0.661574 0.538596 1 
6 0.765957 0.111745 0.676436 0.00737 0.646297 0.512719 1 
6 0.787234 0.102918 0.654418 0.006832 0.613931 0.525877 1 
6 0.808511 0.078179 0.627046 0.00528 0.574314 0.429825 1 
6 0.829787 0.073826 0.598631 0.00505 0.538581 0.471491 1 
6 0.851064 0.062207 0.575722 0.00424 0.506991 0.478509 1 
6 0.87234 0.06545 0.558316 0.004522 0.491196 0.511842 1 
6 0.893617 0.077789 0.519786 0.005224 0.453392 0.564912 1 
6 0.914894 0.074036 0.485719 0.004956 0.424133 0.525877 1 
6 0.93617 0.059565 0.543439 0.004044 0.414811 0.595614 0 
6 0.957447 0.043983 0.564415 0.002923 0.410927 0.573246 0 
6 0.978723 0.045485 0.567986 0.003085 0.509322 0.439912 0 
6 1 0.042722 0.546712 0.002846 0.496116 0.520614 0 
