7 0 0.036508 0.330408 0.001458 0.304247 0.82807 1 
7 0.021277 0.031434 0.262422 0.001037 0.275505 0.823684 0 
7 0.042553 0.036508 0.211842 0.002391 0.33014 0.733772 1 
7 0.06383 0.032395 0.166468 0.002025 0.301139 0.814912 0 
7 0.085106 0.035217 0.139691 0.000841 0.23537 0.749123 0 
7 0.106383 0.017653 0.113062 0.001005 0.207923 0.880702 0 
7 0.12766 0.020926 0.103392 0.001076 0.186691 0.902632 0 
7 0.148936 0.021016 0.099375 0.000877 0.174262 0.902632 0 
7 0.170213 0.020926 0.104284 0.00085 0.175816 0.902632 0 
7 0.191489 0.021016 0.11931 0.000841 0.175816 0.902632 0 
7 0.212766 0.025459 0.141178 0.000908 0.181512 0.902632 0 
7 0.234043 0.024258 0.160369 0.001099 0.197307 0.902632 0 
7 0.255319 0.029362 0.192949 0.001741 0.215173 0.857456 0 
7 0.276596 0.036238 0.24219 0.001454 0.243397 0.836842 1 
7 0.297872 0.032305 0.292919 0.001614 0.248835 0.836842 0 
7 0.319149 0.036688 0.344243 0.001356 0.276541 0.776754 1 
7 0.340426 0.036268 0.392889 0.001329 0.300104 0.771053 1 
7 0.361702 0.035997 0.416096 0.001984 0.334542 0.811842 1 
7 0.382979 0.035307 0.418923 0.002094 0.333765 0.814912 1 
7 0.404255 0.031674 0.412377 0.001793 0.34231 0.814912 0 
7 0.425532 0.032725 0.406575 0.0021 0.352926 0.814912 0 
7 0.446809 0.034826 0.400625 0.002304 0.35681 0.808772 1 
7 0.468085 0.032965 0.395418 0.002177 0.360953 0.794737 0 
7 0.489362 0.028372 0.383219 0.00187 0.358622 0.820614 0 
7 0.510638 0.029572 0.373401 0.001951 0.358105 0.815789 0 
7 0.531915 0.028432 0.359119 0.001874 0.35448 0.801754 0 
7 0.553191 0.028342 0.346177 0.001867 0.364837 0.79386 0 
7 0.574468 0.028372 0.331003 0.001872 0.365096 0.769298 0 
7 0.595745 0.029482 0.330556 0.001951 0.373382 0.733333 0 
7 0.617021 0.028822 0.332788 0.001907 0.375194 0.732895 0 
7 0.638298 0.029813 0.329664 0.001975 0.390989 0.715351 0 
7 0.659574 0.032245 0.329217 0.002135 0.399793 0.726754 1 
7 0.680851 0.028462 0.314341 0.001884 0.399534 0.721053 0 
7 0.702128 0.033716 0.326242 0.002233 0.406007 0.721053 1 
7 0.723404 0.032545 0.328325 0.002154 0.394355 0.725877 1 
7 0.744681 0.028732 0.322969 0.001899 0.381926 0.766667 0 
7 0.765957 0.027951 0.304374 0.001838 0.357328 0.825877 0 
7 0.787234 0.028071 0.2892 0.001836 0.33014 0.838596 0 
7 0.808511 0.028131 0.299018 0.001838 0.325738 0.832018 0 
7 0.829787 0.028612 0.321928 0.001874 0.325738 0.807456 0 
7 0.851064 0.036238 0.317316 0.002378 0.330399 0.788158 1 
7 0.87234 0.035007 0.298869 0.002289 0.326515 0.803947 1 
7 0.893617 0.036238 0.318953 0.002362 0.303211 0.855702 1 
7 0.914894 0.030984 0.313151 0.002015 0.285344 0.880263 1 
7 0.93617 0.036238 0.319101 0.002354 0.279907 0.889474 1 
7 0.957447 0.036448 0.305266 0.001589 0.278353 0.851316 1 
7 0.978723 0.036868 0.287712 0.002387 0.330658 0.757018 1 
7 1 0.036238 0.243082 0.00236 0.324702 0.807018 1 
