1 0 0.027141 0.245314 0.000858 0.298032 0.798684 0 
1 0.021277 0.02666 0.210503 0.000931 0.268514 0.842544 0 
1 0.042553 0.025279 0.172716 0.000848 0.324443 0.772368 0 
1 0.06383 0.024919 0.14579 0.000841 0.283273 0.772368 0 
1 0.085106 0.022877 0.120054 0.000837 0.245728 0.787719 0 
1 0.106383 0.01291 0.110235 0.000837 0.208441 0.846491 0 
1 0.12766 0.017683 0.105921 0.000839 0.185655 0.886404 0 
1 0.148936 0.018374 0.098631 0.000837 0.168307 0.886404 0 
1 0.170213 0.019275 0.105475 0.000837 0.163128 0.886404 0 
1 0.191489 0.020656 0.113805 0.000839 0.157949 0.886404 0 
1 0.212766 0.022307 0.128087 0.000837 0.155619 0.886404 0 
1 0.234043 0.023448 0.131211 0.000837 0.148887 0.886404 0 
1 0.255319 0.025279 0.157989 0.000972 0.147333 0.880263 0 
1 0.276596 0.02612 0.198155 0.001244 0.167012 0.858333 0 
1 0.297872 0.027771 0.241892 0.001653 0.169083 0.744298 0 
1 0.319149 0.027981 0.284885 0.001653 0.180218 0.75307 0 
1 0.340426 0.028342 0.344987 0.001653 0.208959 0.75307 0 
1 0.361702 0.030984 0.374145 0.001899 0.230451 0.797368 1 
1 0.382979 0.028852 0.391104 0.001768 0.256344 0.829825 0 
1 0.404255 0.030803 0.405832 0.00188 0.277059 0.82193 1 
1 0.425532 0.034376 0.426361 0.002158 0.299327 0.808333 1 
1 0.446809 0.035037 0.438857 0.002214 0.310979 0.835526 1 
1 0.468085 0.034706 0.445552 0.002214 0.330399 0.857456 1 
1 0.489362 0.037348 0.458346 0.00232 0.33972 0.835526 1 
1 0.510638 0.03906 0.459685 0.00248 0.352667 0.835526 1 
1 0.531915 0.043263 0.46028 0.002759 0.360435 0.846053 1 
1 0.553191 0.053441 0.458941 0.003322 0.373382 0.851316 1 
1 0.574468 0.05272 0.453139 0.003081 0.3884 0.851316 1 
1 0.595745 0.05299 0.451354 0.003228 0.402123 0.851316 1 
1 0.617021 0.046926 0.457007 0.002941 0.420766 0.838158 1 
1 0.638298 0.045004 0.445701 0.002842 0.439669 0.824123 1 
1 0.659574 0.038789 0.443023 0.002464 0.46349 0.768421 1 
1 0.680851 0.036898 0.436477 0.002387 0.481875 0.755702 1 
1 0.702128 0.036538 0.44213 0.00237 0.498187 0.729825 1 
1 0.723404 0.03993 0.451503 0.002592 0.509063 0.71886 1 
1 0.744681 0.035397 0.453139 0.002306 0.500777 0.734649 1 
1 0.765957 0.032275 0.451056 0.0021 0.491973 0.751316 0 
1 0.787234 0.031644 0.43127 0.002054 0.471258 0.746491 0 
1 0.808511 0.032755 0.451354 0.002131 0.469964 0.760088 1 
1 0.829787 0.034766 0.475751 0.00226 0.481357 0.717105 1 
1 0.851064 0.037408 0.461619 0.002443 0.493786 0.733333 1 
1 0.87234 0.036238 0.418179 0.002345 0.46841 0.789912 1 
1 0.893617 0.035787 0.422196 0.002302 0.432936 0.857456 1 
1 0.914894 0.033085 0.396311 0.002102 0.374935 0.836842 1 
1 0.93617 0.032214 0.379203 0.001525 0.34464 0.814035 0 
1 0.957447 0.028221 0.349003 0.001361 0.325997 0.835965 0 
1 0.978723 0.028432 0.326986 0.001494 0.386846 0.814035 0 
1 1 0.027231 0.283695 0.001263 0.382962 0.798684 0 
