7 0 0.054642 0.22166 0.003467 0.422915 0.414912 0 
7 0.021277 0.051909 0.173163 0.003467 0.422915 0.414912 0 
7 0.042553 0.051909 0.138798 0.003467 0.422915 0.414912 0 
7 0.06383 0.051909 0.10845 0.003467 0.422915 0.414912 0 
7 0.085106 0.040351 0.084201 0.003467 0.422915 0.414912 0 
7 0.106383 0.051909 0.065457 0.003467 0.422915 0.414912 0 
7 0.12766 0.040351 0.05177 0.003467 0.422915 0.414912 0 
7 0.148936 0.040351 0.046861 0.003467 0.422915 0.414912 0 
7 0.170213 0.040351 0.052068 0.003467 0.422915 0.414912 0 
7 0.191489 0.051909 0.052812 0.003467 0.422915 0.414912 0 
7 0.212766 0.051909 0.067539 0.003467 0.422915 0.414912 0 
7 0.234043 0.051909 0.08911 0.003467 0.422915 0.414912 0 
7 0.255319 0.05236 0.112169 0.003467 0.422915 0.414912 0 
7 0.276596 0.051909 0.154865 0.003467 0.422915 0.414912 0 
7 0.297872 0.054642 0.204701 0.003467 0.422915 0.414912 0 
7 0.319149 0.075958 0.247397 0.003467 0.422915 0.414912 1 
7 0.340426 0.074817 0.292175 0.003467 0.422915 0.414912 1 
7 0.361702 0.077819 0.312407 0.003467 0.422915 0.414912 1 
7 0.382979 0.074817 0.317465 0.003467 0.422915 0.414912 1 
7 0.404255 0.074817 0.314192 0.003467 0.422915 0.414912 1 
7 0.425532 0.074817 0.307349 0.003467 0.422915 0.414912 1 
7 0.446809 0.074817 0.30363 0.003467 0.422915 0.414912 1 
7 0.468085 0.074817 0.296489 0.003467 0.422915 0.414912 1 
7 0.489362 0.056833 0.288605 0.003467 0.422915 0.414912 0 
7 0.510638 0.074817 0.275513 0.003467 0.422915 0.414912 1 
7 0.531915 0.056833 0.268224 0.003467 0.422915 0.414912 0 
7 0.553191 0.054642 0.259298 0.003467 0.422915 0.414912 0 
7 0.574468 0.056833 0.251711 0.003467 0.422915 0.414912 0 
7 0.595745 0.056833 0.251265 0.003467 0.422915 0.414912 0 
7 0.617021 0.056833 0.25305 0.003467 0.422915 0.414912 0 
7 0.638298 0.054642 0.257215 0.003467 0.422915 0.414912 0 
7 0.659574 0.054642 0.263017 0.003467 0.422915 0.414912 0 
7 0.680851 0.054642 0.258852 0.003467 0.422915 0.414912 0 
7 0.702128 0.077819 0.267629 0.003467 0.422915 0.414912 1 
7 0.723404 0.054642 0.274026 0.003467 0.422915 0.414912 0 
7 0.744681 0.074817 0.279976 0.003467 0.422915 0.414912 1 
7 0.765957 0.074817 0.271943 0.003467 0.422915 0.414912 1 
7 0.787234 0.074817 0.271794 0.003467 0.422915 0.414912 1 
7 0.808511 0.074817 0.293068 0.003467 0.422915 0.414912 1 
7 0.829787 0.074817 0.322821 0.003467 0.422915 0.414912 1 
7 0.851064 0.075958 0.31925 0.003467 0.422915 0.414912 1 
7 0.87234 0.077819 0.29039 0.003467 0.422915 0.414912 1 
7 0.893617 0.078179 0.299762 0.003467 0.422915 0.414912 1 
7 0.914894 0.077819 0.291431 0.003467 0.422915 0.414912 1 
7 0.93617 0.078179 0.298572 0.003467 0.422915 0.414912 1 
7 0.957447 0.077819 0.283844 0.003467 0.422915 0.414912 1 
7 0.978723 0.056833 0.26748 0.003467 0.422915 0.414912 0 
7 1 0.056833 0.237429 0.003467 0.422915 0.414912 0 
