7 0 0.068602 0.412675 0.004639 0.33739 0.444737 1 
7 0.021277 0.056653 0.387385 0.003816 0.300363 0.425 1 
7 0.042553 0.06569 0.344243 0.004452 0.349819 0.335526 1 
7 0.06383 0.053681 0.284885 0.00366 0.332988 0.356579 1 
7 0.085106 0.047826 0.232818 0.003241 0.289746 0.378509 1 
7 0.106383 0.042482 0.191312 0.002862 0.251683 0.47807 0 
7 0.12766 0.041311 0.152187 0.002777 0.221388 0.449561 0 
7 0.148936 0.037378 0.133145 0.002509 0.202486 0.495175 0 
7 0.170213 0.036568 0.122583 0.002443 0.186173 0.517544 0 
7 0.191489 0.036117 0.123178 0.00241 0.168307 0.539912 0 
7 0.212766 0.035877 0.130318 0.002391 0.161574 0.54386 0 
7 0.234043 0.036358 0.152931 0.002414 0.152512 0.537281 0 
7 0.255319 0.038279 0.181196 0.002534 0.16986 0.507895 0 
7 0.276596 0.040171 0.221511 0.002665 0.179959 0.542544 0 
7 0.297872 0.04011 0.267777 0.00264 0.186691 0.539912 0 
7 0.319149 0.044434 0.334127 0.002929 0.221129 0.528947 0 
7 0.340426 0.047346 0.386641 0.003141 0.257121 0.491667 1 
7 0.361702 0.045394 0.419667 0.003024 0.288193 0.45 0 
7 0.382979 0.048037 0.443469 0.003222 0.307354 0.424561 1 
7 0.404255 0.051489 0.448378 0.003459 0.31797 0.42193 1 
7 0.425532 0.055662 0.445849 0.003754 0.324702 0.410965 1 
7 0.446809 0.050739 0.433502 0.003415 0.326256 0.384211 1 
7 0.468085 0.051909 0.427105 0.003496 0.325479 0.391228 1 
7 0.489362 0.051069 0.418477 0.003442 0.33014 0.394298 1 
7 0.510638 0.043983 0.406873 0.002966 0.315122 0.403509 0 
7 0.531915 0.047346 0.401666 0.003187 0.310202 0.400439 1 
7 0.553191 0.043743 0.387831 0.002948 0.300363 0.406579 0 
7 0.574468 0.041492 0.377566 0.002788 0.282496 0.448684 0 
7 0.595745 0.041732 0.371169 0.002796 0.277059 0.470614 0 
7 0.617021 0.040501 0.36269 0.002703 0.262299 0.511842 0 
7 0.638298 0.038669 0.35659 0.002561 0.256603 0.56886 0 
7 0.659574 0.038579 0.353913 0.002536 0.253755 0.57193 0 
7 0.680851 0.037739 0.355549 0.00248 0.252201 0.563596 0 
7 0.702128 0.038549 0.363285 0.002543 0.273175 0.563158 0 
7 0.723404 0.035427 0.356888 0.002322 0.279389 0.606579 0 
7 0.744681 0.037228 0.400179 0.002437 0.304247 0.567544 0 
7 0.765957 0.03963 0.460875 0.002619 0.341533 0.509649 0 
7 0.787234 0.042392 0.458494 0.002821 0.379078 0.46886 0 
7 0.808511 0.040201 0.421303 0.00268 0.364319 0.491667 0 
7 0.829787 0.040531 0.386492 0.002686 0.343086 0.54386 0 
7 0.851064 0.040471 0.369087 0.002646 0.321854 0.572807 0 
7 0.87234 0.04005 0.35183 0.002609 0.31072 0.585965 0 
7 0.893617 0.041822 0.33249 0.002723 0.288193 0.59693 0 
7 0.914894 0.03888 0.311663 0.002526 0.269032 0.615351 0 
7 0.93617 0.0396 0.337846 0.002565 0.268255 0.625439 0 
7 0.957447 0.03927 0.337995 0.002543 0.261523 0.579825 0 
7 0.978723 0.041431 0.342011 0.002709 0.321077 0.503947 0 
7 1 0.03966 0.316721 0.002601 0.315381 0.531579 0 
