3 0 0.038639 0.354954 0.002644 0.331434 0.31886 0 
3 0.021277 0.032965 0.294406 0.002254 0.292853 0.340351 0 
3 0.042553 0.04008 0.239512 0.002738 0.34956 0.307018 0 
3 0.06383 0.03963 0.202767 0.002688 0.31305 0.37193 0 
3 0.085106 0.037979 0.166171 0.00257 0.271621 0.369298 0 
3 0.106383 0.045154 0.14579 0.003072 0.228638 0.389035 0 
3 0.12766 0.038099 0.142517 0.002594 0.200673 0.446053 0 
3 0.148936 0.03885 0.150104 0.002644 0.193423 0.482895 0 
3 0.170213 0.040801 0.179113 0.002775 0.207664 0.514035 0 
3 0.191489 0.040861 0.212437 0.002775 0.224236 0.524561 0 
3 0.212766 0.037769 0.289943 0.002572 0.283532 0.525 0 
3 0.234043 0.071875 0.377417 0.004886 0.35681 0.520175 1 
3 0.255319 0.054281 0.400327 0.003718 0.460642 0.402632 1 
3 0.276596 0.080881 0.462809 0.005561 0.539617 0.362281 1 
3 0.297872 0.058544 0.509223 0.004001 0.51709 0.372368 1 
3 0.319149 0.068422 0.536001 0.004676 0.534438 0.41886 1 
3 0.340426 0.096764 0.592978 0.006599 0.571207 0.479386 1 
3 0.361702 0.115258 0.623773 0.007825 0.582082 0.485088 1 
3 0.382979 0.128167 0.623326 0.0087 0.600984 0.435965 1 
3 0.404255 0.091059 0.627046 0.006182 0.631538 0.385088 1 
3 0.425532 0.100787 0.63493 0.006851 0.646297 0.369298 1 
3 0.446809 0.211451 0.642071 0.014356 0.674003 0.32807 1 
3 0.468085 0.243275 0.653526 0.01645 0.678405 0.347807 1 
3 0.489362 0.278642 0.663047 0.018855 0.695495 0.312719 1 
3 0.510638 0.329771 0.674055 0.189294 0.728897 0.326754 1 
3 0.531915 0.435211 0.692651 0.837239 0.752978 0.312281 1 
3 0.553191 0.435211 0.691163 0.980682 0.757897 0.325877 1 
3 0.574468 0.435211 0.692651 1 0.775764 0.334649 1 
3 0.595745 0.435211 0.701726 0.996228 0.770067 0.334649 1 
3 0.617021 0.438844 0.726569 0.029441 0.793889 0.160965 1 
3 0.638298 0.453645 0.732371 0.030166 0.812273 0.166667 1 
3 0.659574 0.444218 0.738024 0.029516 0.834024 0.100439 1 
3 0.680851 0.672781 0.714668 0.04539 0.836613 0.172368 1 
3 0.702128 0.505134 0.692353 0.034426 0.81797 0.194298 1 
3 0.723404 0.321604 0.6446 0.021967 0.764889 0.234649 1 
3 0.744681 0.191035 0.621988 0.013099 0.720093 0.18114 1 
3 0.765957 0.081632 0.590896 0.005621 0.668566 0.119737 0 
3 0.787234 0.064579 0.577209 0.00447 0.632833 0.219298 0 
3 0.808511 0.056263 0.590896 0.003907 0.600725 0.24693 0 
3 0.829787 0.109103 0.579589 0.007555 0.617038 0.258772 0 
3 0.851064 0.107542 0.538976 0.007426 0.597618 0.257895 0 
3 0.87234 0.05254 0.487504 0.003621 0.554894 0.199123 0 
3 0.893617 0.081572 0.502083 0.005544 0.489902 0.540351 0 
3 0.914894 0.062297 0.490925 0.004171 0.440445 0.475877 0 
3 0.93617 0.050078 0.490479 0.003361 0.394614 0.541228 0 
3 0.957447 0.043173 0.477983 0.002892 0.365614 0.572368 0 
3 0.978723 0.049988 0.456412 0.003344 0.436302 0.537281 0 
3 1 0.037739 0.423386 0.002532 0.420508 0.522368 0 
