7 0 0.076138 0.491967 0.005268 0.453133 0.500526 1 
7 0.021277 0.071154 0.470842 0.004782 0.414552 0.500526 0 
7 0.042553 0.077249 0.437965 0.00521 0.460901 0.500526 1 
7 0.06383 0.068722 0.380542 0.004624 0.431642 0.500526 0 
7 0.085106 0.057824 0.318506 0.003862 0.376748 0.500526 0 
7 0.106383 0.047226 0.263612 0.003108 0.328327 0.500526 0 
7 0.12766 0.044824 0.214222 0.002927 0.290005 0.500526 0 
7 0.148936 0.043473 0.180006 0.00284 0.25479 0.500526 0 
7 0.170213 0.048157 0.155906 0.003139 0.22087 0.500526 0 
7 0.191489 0.045184 0.146534 0.002948 0.19912 0.500526 0 
7 0.212766 0.046445 0.153823 0.003031 0.18928 0.500526 0 
7 0.234043 0.046415 0.165278 0.003039 0.194977 0.500526 0 
7 0.255319 0.045815 0.20247 0.003012 0.210513 0.500526 0 
7 0.276596 0.046475 0.239661 0.003076 0.232522 0.500526 0 
7 0.297872 0.045845 0.295299 0.003008 0.225272 0.500526 0 
7 0.319149 0.053741 0.383963 0.003521 0.267219 0.500526 0 
7 0.340426 0.059986 0.469801 0.004046 0.317452 0.500526 0 
7 0.361702 0.061667 0.520381 0.004221 0.352926 0.500526 0 
7 0.382979 0.085595 0.567986 0.005845 0.380373 0.500526 1 
7 0.404255 0.094572 0.579589 0.006415 0.386328 0.500526 1 
7 0.425532 0.092951 0.562184 0.006284 0.379078 0.500526 1 
7 0.446809 0.088567 0.539572 0.006005 0.365873 0.500526 1 
7 0.468085 0.093401 0.519042 0.006309 0.35448 0.500526 1 
7 0.489362 0.090189 0.504017 0.006076 0.347229 0.500526 1 
7 0.510638 0.081662 0.480363 0.005509 0.33014 0.500526 1 
7 0.531915 0.079711 0.46742 0.005374 0.329881 0.500526 1 
7 0.553191 0.081362 0.453436 0.005498 0.331434 0.500526 1 
7 0.574468 0.080341 0.437667 0.005405 0.3203 0.500526 1 
7 0.595745 0.07863 0.4277 0.00527 0.307872 0.500526 1 
7 0.617021 0.07872 0.416543 0.005287 0.29855 0.500526 1 
7 0.638298 0.077459 0.414014 0.005206 0.276023 0.500526 1 
7 0.659574 0.077759 0.433651 0.00522 0.274987 0.500526 1 
7 0.680851 0.080131 0.46385 0.005355 0.275505 0.500526 1 
7 0.702128 0.094152 0.514133 0.006259 0.306577 0.500526 1 
7 0.723404 0.099075 0.573639 0.006622 0.359917 0.500526 1 
7 0.744681 0.124114 0.647873 0.008297 0.451579 0.500526 1 
7 0.765957 0.147022 0.65903 0.009863 0.483687 0.500526 1 
7 0.787234 0.123634 0.633889 0.008471 0.455205 0.500526 1 
7 0.808511 0.108142 0.58911 0.007337 0.416624 0.500526 1 
7 0.829787 0.10532 0.551026 0.007129 0.387623 0.500526 1 
7 0.851064 0.10484 0.525439 0.00705 0.365096 0.500526 1 
7 0.87234 0.104149 0.498959 0.006946 0.346194 0.500526 1 
7 0.893617 0.097844 0.464445 0.006518 0.321077 0.500526 1 
7 0.914894 0.085565 0.434097 0.005715 0.308389 0.500526 1 
7 0.93617 0.077789 0.447635 0.005201 0.308648 0.500526 0 
7 0.957447 0.069293 0.439304 0.004668 0.320041 0.500526 0 
7 0.978723 0.09145 0.430973 0.006217 0.396168 0.500526 1 
7 1 0.088177 0.39393 0.006009 0.393837 0.500526 1 
