4 0 0.10544 0.377864 0.003467 0.422915 0.414912 1 
4 0.021277 0.056713 0.31449 0.003467 0.422915 0.414912 0 
4 0.042553 0.074787 0.25305 0.003467 0.422915 0.414912 1 
4 0.06383 0.073226 0.208271 0.003467 0.422915 0.414912 1 
4 0.085106 0.073136 0.175394 0.003467 0.422915 0.414912 1 
4 0.106383 0.073136 0.156055 0.003467 0.422915 0.414912 1 
4 0.12766 0.060826 0.134781 0.003467 0.422915 0.414912 0 
4 0.148936 0.054642 0.137905 0.003467 0.422915 0.414912 0 
4 0.170213 0.056053 0.169741 0.003467 0.422915 0.414912 0 
4 0.191489 0.074787 0.206486 0.003467 0.422915 0.414912 1 
4 0.212766 0.095022 0.276257 0.003467 0.422915 0.414912 1 
4 0.234043 0.095022 0.347813 0.003467 0.422915 0.414912 1 
4 0.255319 0.10496 0.357632 0.003467 0.422915 0.414912 1 
4 0.276596 0.074997 0.411336 0.003467 0.422915 0.414912 1 
4 0.297872 0.066531 0.419816 0.003467 0.422915 0.414912 0 
4 0.319149 0.066531 0.453734 0.003467 0.422915 0.414912 0 
4 0.340426 0.066531 0.504165 0.003467 0.422915 0.414912 0 
4 0.361702 0.074997 0.525885 0.003467 0.422915 0.414912 1 
4 0.382979 0.085055 0.517554 0.003467 0.422915 0.414912 1 
4 0.404255 0.10496 0.513686 0.003467 0.422915 0.414912 1 
4 0.425532 0.078029 0.502529 0.003467 0.422915 0.414912 1 
4 0.446809 0.080972 0.509819 0.003467 0.422915 0.414912 1 
4 0.468085 0.078029 0.51324 0.003467 0.422915 0.414912 1 
4 0.489362 0.078029 0.506248 0.003467 0.422915 0.414912 1 
4 0.510638 0.066531 0.50357 0.003467 0.422915 0.414912 0 
4 0.531915 0.074997 0.510414 0.003467 0.422915 0.414912 1 
4 0.553191 0.066561 0.505951 0.003467 0.422915 0.414912 0 
4 0.574468 0.066561 0.501488 0.003467 0.422915 0.414912 0 
4 0.595745 0.066531 0.49881 0.003467 0.422915 0.414912 0 
4 0.617021 0.074997 0.496727 0.003467 0.422915 0.414912 1 
4 0.638298 0.074997 0.50119 0.003467 0.422915 0.414912 1 
4 0.659574 0.074997 0.500893 0.003467 0.422915 0.414912 1 
4 0.680851 0.066561 0.477536 0.003467 0.422915 0.414912 0 
4 0.702128 0.066561 0.473817 0.003467 0.422915 0.414912 0 
4 0.723404 0.066531 0.451056 0.003467 0.422915 0.414912 0 
4 0.744681 0.057314 0.43008 0.003467 0.422915 0.414912 0 
4 0.765957 0.057314 0.401369 0.003467 0.422915 0.414912 0 
4 0.787234 0.057314 0.39036 0.003467 0.422915 0.414912 0 
4 0.808511 0.057314 0.405832 0.003467 0.422915 0.414912 0 
4 0.829787 0.057314 0.424427 0.003467 0.422915 0.414912 0 
4 0.851064 0.057314 0.406575 0.003467 0.422915 0.414912 0 
4 0.87234 0.078029 0.376525 0.003467 0.422915 0.414912 1 
4 0.893617 0.10496 0.401964 0.003467 0.422915 0.414912 1 
4 0.914894 0.078029 0.413716 0.003467 0.422915 0.414912 1 
4 0.93617 0.10496 0.431568 0.003467 0.422915 0.414912 1 
4 0.957447 0.080972 0.424874 0.003467 0.422915 0.414912 1 
4 0.978723 0.078029 0.420559 0.003467 0.422915 0.414912 1 
4 1 0.080011 0.391848 0.003467 0.422915 0.414912 1 
