2 0 0.029122 0.223445 0.00178 0.266701 0.860088 0 
2 0.021277 0.02687 0.196519 0.001024 0.239513 0.866667 0 
2 0.042553 0.027981 0.169146 0.001637 0.30088 0.809211 0 
2 0.06383 0.025339 0.140137 0.001327 0.276541 0.831579 0 
2 0.085106 0.027531 0.109789 0.000841 0.228638 0.816228 0 
2 0.106383 0.022277 0.089259 0.000839 0.200932 0.838158 0 
2 0.12766 0.020926 0.070515 0.000841 0.183584 0.860088 0 
2 0.148936 0.024228 0.062184 0.000837 0.168307 0.873246 0 
2 0.170213 0.019395 0.055638 0.000771 0.149663 0.882018 0 
2 0.191489 0.019665 0.059804 0.000779 0.126359 0.882018 0 
2 0.212766 0.022787 0.066201 0.000825 0.119368 0.882018 0 
2 0.234043 0.02621 0.081077 0.000771 0.111341 0.873246 0 
2 0.255319 0.02576 0.106962 0.000821 0.125842 0.873246 0 
2 0.276596 0.029122 0.127789 0.000825 0.117815 0.873246 0 
2 0.297872 0.027531 0.141327 0.000821 0.098912 0.873246 0 
2 0.319149 0.027381 0.184766 0.000821 0.117297 0.873246 0 
2 0.340426 0.029422 0.232074 0.000835 0.143967 0.873246 0 
2 0.361702 0.029753 0.273133 0.000841 0.170378 0.860088 1 
2 0.382979 0.030773 0.31568 0.000877 0.201191 0.860088 1 
2 0.404255 0.031434 0.343945 0.001504 0.221906 0.860088 1 
2 0.425532 0.032935 0.352425 0.000899 0.237183 0.838158 1 
2 0.446809 0.032335 0.344243 0.001658 0.238477 0.838158 1 
2 0.468085 0.032034 0.340375 0.001483 0.231745 0.838158 1 
2 0.489362 0.031734 0.333829 0.000893 0.236147 0.838158 1 
2 0.510638 0.031434 0.329961 0.00085 0.23537 0.838158 1 
2 0.531915 0.031434 0.320738 0.000841 0.233817 0.838158 1 
2 0.553191 0.031434 0.306456 0.000841 0.226825 0.882018 1 
2 0.574468 0.030443 0.292324 0.000833 0.215432 0.838158 1 
2 0.595745 0.029422 0.28191 0.000902 0.202745 0.838158 1 
2 0.617021 0.029422 0.273282 0.000841 0.205852 0.838158 1 
2 0.638298 0.029422 0.273579 0.000976 0.205075 0.838158 1 
2 0.659574 0.029422 0.276257 0.000976 0.211289 0.860088 1 
2 0.680851 0.028822 0.282059 0.001425 0.220611 0.860088 0 
2 0.702128 0.029212 0.297679 0.001803 0.244692 0.846491 0 
2 0.723404 0.030083 0.321333 0.001907 0.287675 0.816667 1 
2 0.744681 0.032395 0.392443 0.002067 0.328845 0.820614 1 
2 0.765957 0.035127 0.434841 0.002216 0.384775 0.814912 1 
2 0.787234 0.033776 0.418328 0.002054 0.383739 0.787719 1 
2 0.808511 0.031434 0.388872 0.001894 0.372346 0.805263 1 
2 0.829787 0.032545 0.357185 0.001969 0.360435 0.814035 1 
2 0.851064 0.034436 0.3374 0.002098 0.333506 0.827193 1 
2 0.87234 0.033265 0.322821 0.001849 0.32522 0.831579 1 
2 0.893617 0.032635 0.303332 0.001251 0.305541 0.787719 1 
2 0.914894 0.030083 0.267926 0.000976 0.268255 0.778947 1 
2 0.93617 0.031374 0.29753 0.000976 0.254013 0.778947 1 
2 0.957447 0.031104 0.304076 0.000976 0.244433 0.809649 1 
2 0.978723 0.031434 0.312109 0.001782 0.318747 0.800877 1 
2 1 0.030443 0.308539 0.001516 0.308131 0.805263 1 
