6 0 0.027891 0.34945 0.00085 0.346194 0.755263 0 
6 0.021277 0.027501 0.290985 0.000841 0.310979 0.755263 0 
6 0.042553 0.027201 0.237876 0.000841 0.367426 0.689474 0 
6 0.06383 0.027201 0.205296 0.000841 0.342569 0.698246 0 
6 0.085106 0.02606 0.178816 0.000841 0.299845 0.755263 0 
6 0.106383 0.021226 0.165129 0.00103 0.269808 0.864912 0 
6 0.12766 0.020596 0.162898 0.000841 0.247281 0.864912 0 
6 0.148936 0.022577 0.169295 0.000841 0.249612 0.864912 0 
6 0.170213 0.02594 0.196965 0.000841 0.258674 0.864474 0 
6 0.191489 0.027171 0.23014 0.000868 0.281201 0.864474 0 
6 0.212766 0.028852 0.303332 0.001597 0.335836 0.855263 1 
6 0.234043 0.033866 0.378905 0.002183 0.389436 0.773246 1 
6 0.255319 0.032725 0.416394 0.002106 0.483946 0.617982 1 
6 0.276596 0.028642 0.483041 0.001878 0.542206 0.60614 1 
6 0.297872 0.028161 0.518893 0.001824 0.507509 0.687281 1 
6 0.319149 0.027741 0.552514 0.001772 0.506473 0.701316 1 
6 0.340426 0.028822 0.611871 0.001838 0.525893 0.682456 1 
6 0.361702 0.028672 0.635674 0.001836 0.534438 0.661404 1 
6 0.382979 0.028432 0.636715 0.001807 0.545054 0.646053 1 
6 0.404255 0.028732 0.639839 0.001822 0.553599 0.62193 1 
6 0.425532 0.028762 0.64341 0.001826 0.556965 0.624123 1 
6 0.446809 0.029482 0.66632 0.001876 0.563956 0.65614 1 
6 0.468085 0.029392 0.672568 0.00187 0.551528 0.657018 1 
6 0.489362 0.029002 0.680452 0.001845 0.555412 0.644737 1 
6 0.510638 0.029362 0.686998 0.00187 0.552046 0.645614 1 
6 0.531915 0.029392 0.687891 0.00187 0.550233 0.633772 1 
6 0.553191 0.029032 0.672716 0.001845 0.55334 0.629386 1 
6 0.574468 0.028732 0.68432 0.001826 0.551269 0.631579 1 
6 0.595745 0.029482 0.679411 0.001874 0.540653 0.611842 1 
6 0.617021 0.033986 0.69161 0.00215 0.538581 0.622368 1 
6 0.638298 0.030833 0.702023 0.001963 0.538322 0.674123 1 
6 0.659574 0.030623 0.704255 0.001961 0.538063 0.641667 1 
6 0.680851 0.029062 0.684023 0.001853 0.525375 0.616667 1 
6 0.702128 0.036598 0.654716 0.002331 0.517349 0.687281 1 
6 0.723404 0.054822 0.602202 0.003531 0.479285 0.637281 1 
6 0.744681 0.036778 0.573193 0.002403 0.441481 0.700877 1 
6 0.765957 0.033055 0.529902 0.002154 0.398757 0.75614 1 
6 0.787234 0.028852 0.510265 0.001872 0.375194 0.709211 0 
6 0.808511 0.029212 0.523654 0.001888 0.353962 0.792544 0 
6 0.829787 0.033986 0.531836 0.002202 0.377784 0.760088 1 
6 0.851064 0.028882 0.5 0.001876 0.369498 0.710526 0 
6 0.87234 0.028672 0.462214 0.001807 0.352667 0.732018 0 
6 0.893617 0.031314 0.484677 0.001932 0.317711 0.846491 1 
6 0.914894 0.029963 0.482743 0.001778 0.285085 0.770175 1 
6 0.93617 0.033535 0.478578 0.001965 0.277059 0.822368 1 
6 0.957447 0.031074 0.466825 0.001832 0.273692 0.792105 1 
6 0.978723 0.030924 0.42889 0.001992 0.359917 0.736404 1 
6 1 0.028912 0.400476 0.001905 0.356033 0.744737 0 
