1 0 0.084424 0.477834 0.005376 0.464008 0.773684 1 
1 0.021277 0.086436 0.438857 0.005374 0.430347 0.767544 1 
1 0.042553 0.087066 0.396162 0.00565 0.484464 0.705263 1 
1 0.06383 0.081812 0.356144 0.004886 0.454169 0.750439 1 
1 0.085106 0.072835 0.311663 0.003083 0.418436 0.750439 1 
1 0.106383 0.055782 0.275216 0.003245 0.38115 0.771053 0 
1 0.12766 0.045034 0.23981 0.002902 0.35189 0.761404 0 
1 0.148936 0.044614 0.21928 0.002883 0.308389 0.757018 0 
1 0.170213 0.055752 0.201428 0.002773 0.290005 0.794298 0 
1 0.191489 0.043533 0.187593 0.001884 0.246763 0.794298 0 
1 0.212766 0.049117 0.194287 0.002083 0.240549 0.816228 0 
1 0.234043 0.05317 0.207528 0.001938 0.220611 0.816228 0 
1 0.255319 0.060886 0.234752 0.0027 0.224495 0.816228 0 
1 0.276596 0.063468 0.269563 0.002019 0.21854 0.816228 0 
1 0.297872 0.068392 0.314639 0.003047 0.195495 0.853947 0 
1 0.319149 0.080191 0.399583 0.004404 0.208959 0.854386 1 
1 0.340426 0.085955 0.482297 0.004404 0.255826 0.855263 1 
1 0.361702 0.088687 0.546861 0.004682 0.290523 0.88114 1 
1 0.382979 0.1058 0.600863 0.006068 0.330917 0.902193 1 
1 0.404255 0.107091 0.617971 0.006068 0.355774 0.902193 1 
1 0.425532 0.10583 0.598036 0.006257 0.380891 0.878509 1 
1 0.446809 0.088357 0.564564 0.004852 0.388141 0.857456 1 
1 0.468085 0.086586 0.536001 0.004404 0.396168 0.826316 1 
1 0.489362 0.087877 0.508926 0.004626 0.398239 0.738596 1 
1 0.510638 0.094662 0.484082 0.005712 0.399275 0.689912 1 
1 0.531915 0.087637 0.454032 0.004643 0.397204 0.70307 1 
1 0.553191 0.086376 0.416989 0.004541 0.420249 0.707018 1 
1 0.574468 0.084154 0.391401 0.004404 0.407302 0.707018 1 
1 0.595745 0.083013 0.376227 0.004404 0.394873 0.710965 1 
1 0.617021 0.083133 0.361648 0.004404 0.398757 0.706579 1 
1 0.638298 0.083433 0.364029 0.004404 0.40523 0.684649 1 
1 0.659574 0.084214 0.375781 0.004404 0.403936 0.671491 1 
1 0.680851 0.086015 0.395864 0.004404 0.401088 0.65 1 
1 0.702128 0.097184 0.457156 0.005457 0.424909 0.688596 1 
1 0.723404 0.097544 0.546564 0.006334 0.480062 0.709211 1 
1 0.744681 0.112225 0.682981 0.007353 0.550492 0.621053 1 
1 0.765957 0.115768 0.747099 0.007624 0.577939 0.612719 1 
1 0.787234 0.108803 0.742041 0.007144 0.559814 0.645175 1 
1 0.808511 0.110514 0.729396 0.007204 0.535215 0.690789 1 
1 0.829787 0.096944 0.697411 0.006265 0.516572 0.70614 1 
1 0.851064 0.107091 0.679857 0.0065 0.493009 0.752632 1 
1 0.87234 0.109283 0.672865 0.006213 0.475401 0.752632 1 
1 0.893617 0.089078 0.616781 0.0056 0.448731 0.792544 1 
1 0.914894 0.090639 0.567093 0.005428 0.417659 0.767105 1 
1 0.93617 0.087036 0.570366 0.004865 0.396945 0.760965 1 
1 0.957447 0.0786 0.546564 0.004198 0.375194 0.706579 0 
1 0.978723 0.084604 0.518744 0.005091 0.448472 0.660526 1 
1 1 0.06614 0.476644 0.00381 0.439669 0.662719 0 
