6 0 0.046986 0.367301 0.003155 0.320818 0.449123 1 
6 0.021277 0.041131 0.310324 0.002777 0.294148 0.403947 0 
6 0.042553 0.044344 0.254686 0.003004 0.348783 0.353509 0 
6 0.06383 0.044224 0.213181 0.002983 0.321077 0.413596 0 
6 0.085106 0.034346 0.181047 0.002324 0.270585 0.464912 0 
6 0.106383 0.02687 0.15546 0.001822 0.22812 0.536842 0 
6 0.12766 0.02651 0.14579 0.001793 0.19912 0.532895 0 
6 0.148936 0.027201 0.149212 0.001838 0.187985 0.560526 0 
6 0.170213 0.03906 0.173758 0.002638 0.198084 0.552193 0 
6 0.191489 0.041462 0.214222 0.002806 0.221647 0.576754 0 
6 0.212766 0.038759 0.29277 0.00263 0.273433 0.603947 0 
6 0.234043 0.053591 0.374442 0.003641 0.350337 0.588158 1 
6 0.255319 0.057794 0.391104 0.003947 0.455981 0.476316 1 
6 0.276596 0.084724 0.445106 0.005785 0.523822 0.418421 1 
6 0.297872 0.061907 0.46742 0.004221 0.484982 0.413158 1 
6 0.319149 0.060796 0.488396 0.00413 0.483687 0.436842 1 
6 0.340426 0.061727 0.537043 0.004159 0.494821 0.407018 1 
6 0.361702 0.058304 0.552217 0.003895 0.501295 0.385088 1 
6 0.382979 0.062718 0.544481 0.004202 0.511393 0.453947 1 
6 0.404255 0.072115 0.533918 0.004832 0.525634 0.415789 1 
6 0.425532 0.067912 0.530943 0.004566 0.532626 0.351754 1 
6 0.446809 0.074667 0.52648 0.005029 0.539358 0.357456 1 
6 0.468085 0.071965 0.524844 0.004848 0.534438 0.342982 1 
6 0.489362 0.056353 0.519191 0.003801 0.532885 0.304386 1 
6 0.510638 0.055332 0.511752 0.003739 0.540394 0.291667 1 
6 0.531915 0.053441 0.515323 0.003612 0.540135 0.279386 1 
6 0.553191 0.054792 0.51443 0.003712 0.545572 0.229825 1 
6 0.574468 0.060166 0.508926 0.004084 0.548421 0.227632 1 
6 0.595745 0.056833 0.499405 0.003857 0.543501 0.214912 1 
6 0.617021 0.054822 0.497769 0.003727 0.532626 0.245175 1 
6 0.638298 0.058575 0.490181 0.003974 0.539876 0.240789 1 
6 0.659574 0.057073 0.487652 0.00387 0.540911 0.235965 1 
6 0.680851 0.057464 0.473817 0.003895 0.53651 0.240789 1 
6 0.702128 0.05308 0.455965 0.003614 0.52667 0.205263 1 
6 0.723404 0.045785 0.419816 0.003116 0.484464 0.182456 0 
6 0.744681 0.042512 0.407468 0.002898 0.437856 0.233333 0 
6 0.765957 0.040981 0.389319 0.002794 0.397721 0.266228 0 
6 0.787234 0.040471 0.392145 0.002769 0.367685 0.323684 0 
6 0.808511 0.041281 0.410592 0.002827 0.358364 0.336404 0 
6 0.829787 0.045425 0.404493 0.003118 0.391507 0.305702 0 
6 0.851064 0.044344 0.374888 0.003035 0.36898 0.317544 0 
6 0.87234 0.042662 0.282654 0.00291 0.333247 0.385088 0 
6 0.893617 0.047046 0.386641 0.003195 0.29622 0.56886 0 
6 0.914894 0.047676 0.3554 0.003205 0.269291 0.539035 0 
6 0.93617 0.050799 0.374442 0.003398 0.266442 0.631579 0 
6 0.957447 0.048787 0.37712 0.003247 0.26204 0.652193 0 
6 0.978723 0.048427 0.366409 0.003263 0.351372 0.545175 0 
6 1 0.050709 0.345135 0.0034 0.346712 0.542982 0 
