7 0 0.072175 0.437072 0.003467 0.422915 0.414912 0 
7 0.021277 0.072175 0.383963 0.003467 0.422915 0.414912 0 
7 0.042553 0.057464 0.360458 0.003467 0.422915 0.414912 0 
7 0.06383 0.068272 0.30601 0.003467 0.422915 0.414912 0 
7 0.085106 0.057464 0.259595 0.003467 0.422915 0.414912 0 
7 0.106383 0.059625 0.228057 0.003467 0.422915 0.414912 0 
7 0.12766 0.062958 0.197858 0.003467 0.422915 0.414912 0 
7 0.148936 0.059625 0.173163 0.003467 0.422915 0.414912 0 
7 0.170213 0.062958 0.155906 0.003467 0.422915 0.414912 0 
7 0.191489 0.059565 0.138798 0.003467 0.422915 0.414912 0 
7 0.212766 0.059565 0.1446 0.003467 0.422915 0.414912 0 
7 0.234043 0.06623 0.156352 0.003467 0.422915 0.414912 0 
7 0.255319 0.068272 0.182832 0.003467 0.422915 0.414912 0 
7 0.276596 0.068272 0.215858 0.003467 0.422915 0.414912 0 
7 0.297872 0.074817 0.25543 0.003467 0.422915 0.414912 1 
7 0.319149 0.077039 0.334722 0.003467 0.422915 0.414912 1 
7 0.340426 0.084965 0.39765 0.003467 0.422915 0.414912 1 
7 0.361702 0.081092 0.455222 0.003467 0.422915 0.414912 1 
7 0.382979 0.085235 0.500446 0.003467 0.422915 0.414912 1 
7 0.404255 0.085235 0.515323 0.003467 0.422915 0.414912 1 
7 0.425532 0.078029 0.494347 0.003467 0.422915 0.414912 1 
7 0.446809 0.071905 0.470693 0.003467 0.422915 0.414912 0 
7 0.468085 0.071905 0.43975 0.003467 0.422915 0.414912 0 
7 0.489362 0.071905 0.416989 0.003467 0.422915 0.414912 0 
7 0.510638 0.068272 0.389467 0.003467 0.422915 0.414912 0 
7 0.531915 0.071905 0.365367 0.003467 0.422915 0.414912 0 
7 0.553191 0.051249 0.331747 0.003467 0.422915 0.414912 0 
7 0.574468 0.068272 0.30482 0.003467 0.422915 0.414912 0 
7 0.595745 0.051249 0.289051 0.003467 0.422915 0.414912 0 
7 0.617021 0.068272 0.275364 0.003467 0.422915 0.414912 0 
7 0.638298 0.051249 0.278489 0.003467 0.422915 0.414912 0 
7 0.659574 0.071905 0.282654 0.003467 0.422915 0.414912 0 
7 0.680851 0.068272 0.299018 0.003467 0.422915 0.414912 0 
7 0.702128 0.072175 0.337251 0.003467 0.422915 0.414912 0 
7 0.723404 0.072175 0.396162 0.003467 0.422915 0.414912 0 
7 0.744681 0.085235 0.532728 0.003467 0.422915 0.414912 1 
7 0.765957 0.085235 0.602797 0.003467 0.422915 0.414912 1 
7 0.787234 0.085235 0.612318 0.003467 0.422915 0.414912 1 
7 0.808511 0.078029 0.587771 0.003467 0.422915 0.414912 1 
7 0.829787 0.085235 0.571705 0.003467 0.422915 0.414912 1 
7 0.851064 0.077099 0.535704 0.003467 0.422915 0.414912 1 
7 0.87234 0.074817 0.525736 0.003467 0.422915 0.414912 1 
7 0.893617 0.071905 0.481851 0.003467 0.422915 0.414912 1 
7 0.914894 0.068272 0.430527 0.003467 0.422915 0.414912 0 
7 0.93617 0.071905 0.443618 0.003467 0.422915 0.414912 1 
7 0.957447 0.068272 0.431419 0.003467 0.422915 0.414912 0 
7 0.978723 0.068272 0.435733 0.003467 0.422915 0.414912 0 
7 1 0.051249 0.406575 0.003467 0.422915 0.414912 0 
