4 0 0.074817 0.36864 0.003467 0.422915 0.414912 1 
4 0.021277 0.057914 0.300208 0.003467 0.422915 0.414912 0 
4 0.042553 0.055332 0.239661 0.003467 0.422915 0.414912 0 
4 0.06383 0.053321 0.205445 0.003467 0.422915 0.414912 0 
4 0.085106 0.053321 0.170634 0.003467 0.422915 0.414912 0 
4 0.106383 0.051429 0.156055 0.003467 0.422915 0.414912 0 
4 0.12766 0.051429 0.152336 0.003467 0.422915 0.414912 0 
4 0.148936 0.074787 0.148914 0.003467 0.422915 0.414912 1 
4 0.170213 0.074787 0.171378 0.003467 0.422915 0.414912 1 
4 0.191489 0.053981 0.188634 0.003467 0.422915 0.414912 0 
4 0.212766 0.094572 0.282208 0.003467 0.422915 0.414912 1 
4 0.234043 0.094572 0.366409 0.003467 0.422915 0.414912 1 
4 0.255319 0.107001 0.38188 0.003467 0.422915 0.414912 1 
4 0.276596 0.127897 0.441833 0.003467 0.422915 0.414912 1 
4 0.297872 0.114057 0.46623 0.003467 0.422915 0.414912 1 
4 0.319149 0.125465 0.479917 0.003467 0.422915 0.414912 1 
4 0.340426 0.125465 0.519191 0.003467 0.422915 0.414912 1 
4 0.361702 0.115077 0.535257 0.003467 0.422915 0.414912 1 
4 0.382979 0.114957 0.515323 0.003467 0.422915 0.414912 1 
4 0.404255 0.102138 0.519786 0.003467 0.422915 0.414912 1 
4 0.425532 0.114057 0.511306 0.003467 0.422915 0.414912 1 
4 0.446809 0.074817 0.510711 0.003467 0.422915 0.414912 1 
4 0.468085 0.10463 0.508182 0.003467 0.422915 0.414912 1 
4 0.489362 0.10559 0.49762 0.003467 0.422915 0.414912 1 
4 0.510638 0.074817 0.50238 0.003467 0.422915 0.414912 0 
4 0.531915 0.151105 0.49881 0.003467 0.422915 0.414912 1 
4 0.553191 0.155578 0.486462 0.003467 0.422915 0.414912 1 
4 0.574468 0.125465 0.476793 0.003467 0.422915 0.414912 1 
4 0.595745 0.125495 0.461024 0.003467 0.422915 0.414912 1 
4 0.617021 0.125465 0.452246 0.003467 0.422915 0.414912 1 
4 0.638298 0.102018 0.452693 0.003467 0.422915 0.414912 1 
4 0.659574 0.109463 0.452841 0.003467 0.422915 0.414912 1 
4 0.680851 0.115077 0.438114 0.003467 0.422915 0.414912 1 
4 0.702128 0.115077 0.440494 0.003467 0.422915 0.414912 1 
4 0.723404 0.102228 0.422642 0.003467 0.422915 0.414912 1 
4 0.744681 0.102228 0.41089 0.003467 0.422915 0.414912 1 
4 0.765957 0.102018 0.390955 0.003467 0.422915 0.414912 1 
4 0.787234 0.102228 0.389616 0.003467 0.422915 0.414912 1 
4 0.808511 0.102228 0.386195 0.003467 0.422915 0.414912 1 
4 0.829787 0.102228 0.391996 0.003467 0.422915 0.414912 1 
4 0.851064 0.102228 0.364029 0.003467 0.422915 0.414912 1 
4 0.87234 0.102228 0.338441 0.003467 0.422915 0.414912 1 
4 0.893617 0.114057 0.37593 0.003467 0.422915 0.414912 1 
4 0.914894 0.114057 0.391253 0.003467 0.422915 0.414912 1 
4 0.93617 0.125465 0.414758 0.003467 0.422915 0.414912 1 
4 0.957447 0.10559 0.41922 0.003467 0.422915 0.414912 1 
4 0.978723 0.114057 0.418923 0.003467 0.422915 0.414912 1 
4 1 0.114057 0.393633 0.003467 0.422915 0.414912 1 
