5 0 0.056413 0.543737 0.003727 0.500518 0.570175 0 
5 0.021277 0.054431 0.524695 0.003569 0.469446 0.592105 0 
5 0.042553 0.060196 0.493603 0.00398 0.523563 0.506579 0 
5 0.06383 0.068242 0.439304 0.004493 0.504402 0.562281 0 
5 0.085106 0.064639 0.38679 0.004254 0.458053 0.537281 0 
5 0.106383 0.05287 0.331747 0.003469 0.416882 0.568421 0 
5 0.12766 0.049778 0.285629 0.003261 0.379337 0.589474 0 
5 0.148936 0.044314 0.252901 0.002923 0.352408 0.569737 0 
5 0.170213 0.043323 0.234157 0.002856 0.330399 0.635088 0 
5 0.191489 0.031554 0.235644 0.002021 0.314345 0.657456 0 
5 0.212766 0.049628 0.259447 0.003241 0.335318 0.680702 0 
5 0.234043 0.049147 0.319399 0.003209 0.367167 0.632018 0 
5 0.255319 0.067041 0.431419 0.004418 0.457276 0.600439 0 
5 0.276596 0.06533 0.538084 0.004344 0.545313 0.545175 0 
5 0.297872 0.05299 0.564415 0.003556 0.588555 0.492982 0 
5 0.319149 0.084364 0.629723 0.005638 0.668048 0.464035 1 
5 0.340426 0.094812 0.641476 0.006309 0.700155 0.456579 1 
5 0.361702 0.096854 0.62645 0.006466 0.696012 0.434649 1 
5 0.382979 0.096223 0.653526 0.006425 0.683325 0.460965 1 
5 0.404255 0.096553 0.667658 0.006421 0.667012 0.487281 1 
5 0.425532 0.089708 0.636269 0.005941 0.647851 0.495175 1 
5 0.446809 0.064549 0.607855 0.004294 0.626359 0.516667 0 
5 0.468085 0.089198 0.605326 0.005874 0.616002 0.535526 1 
5 0.489362 0.086586 0.59283 0.005688 0.601761 0.557895 1 
5 0.510638 0.078119 0.578399 0.005112 0.573278 0.575 1 
5 0.531915 0.068872 0.560547 0.00451 0.566287 0.548684 0 
5 0.553191 0.082353 0.546861 0.005388 0.596064 0.564035 1 
5 0.574468 0.080101 0.539423 0.005243 0.593993 0.567105 1 
5 0.595745 0.076558 0.526629 0.005006 0.576385 0.6 1 
5 0.617021 0.076678 0.51562 0.005004 0.569135 0.575 1 
5 0.638298 0.059505 0.512943 0.003884 0.554635 0.599561 0 
5 0.659574 0.081812 0.529604 0.005324 0.551787 0.611404 1 
5 0.680851 0.085025 0.546415 0.005517 0.542983 0.644737 1 
5 0.702128 0.062688 0.576019 0.004071 0.555671 0.639912 0 
5 0.723404 0.06623 0.623773 0.00436 0.57043 0.591228 0 
5 0.744681 0.086376 0.712288 0.005681 0.616779 0.606579 1 
5 0.765957 0.097964 0.767926 0.006483 0.681512 0.464035 1 
5 0.787234 0.127627 0.764505 0.008521 0.685914 0.48114 1 
5 0.808511 0.112495 0.738471 0.007536 0.662092 0.477632 1 
5 0.829787 0.089918 0.712883 0.00598 0.635681 0.470175 1 
5 0.851064 0.090969 0.68551 0.006072 0.60927 0.516228 1 
5 0.87234 0.080521 0.658584 0.005388 0.585966 0.453509 1 
5 0.893617 0.054221 0.611128 0.003635 0.552046 0.409211 0 
5 0.914894 0.05239 0.557721 0.003529 0.51709 0.46886 0 
5 0.93617 0.088417 0.596697 0.005906 0.498187 0.632018 1 
5 0.957447 0.088537 0.593573 0.005796 0.474107 0.538158 1 
5 0.978723 0.093641 0.586433 0.006242 0.563956 0.525 1 
5 1 0.089288 0.568878 0.005879 0.540394 0.523246 1 
