4 0 0.062027 0.566647 0.004144 0.453392 0.60614 0 
4 0.021277 0.058575 0.549688 0.00387 0.440963 0.607018 0 
4 0.042553 0.068392 0.518447 0.004564 0.504661 0.521491 1 
4 0.06383 0.053381 0.463106 0.003556 0.481875 0.528947 0 
4 0.085106 0.047466 0.409104 0.003081 0.454687 0.582895 0 
4 0.106383 0.044194 0.353317 0.002902 0.414034 0.668421 0 
4 0.12766 0.041041 0.302737 0.002678 0.391248 0.66886 0 
4 0.148936 0.037919 0.272092 0.002451 0.370016 0.685088 0 
4 0.170213 0.036478 0.255727 0.002349 0.356292 0.733772 0 
4 0.191489 0.038609 0.258852 0.002462 0.336613 0.774123 0 
4 0.212766 0.041371 0.293514 0.002648 0.344122 0.787281 0 
4 0.234043 0.043653 0.341863 0.002808 0.36173 0.720614 0 
4 0.255319 0.044073 0.424725 0.002892 0.424392 0.598246 0 
4 0.276596 0.049958 0.519488 0.003336 0.480062 0.490789 0 
4 0.297872 0.038669 0.549241 0.002636 0.515536 0.425877 0 
4 0.319149 0.061607 0.619905 0.004209 0.578198 0.354386 0 
4 0.340426 0.073706 0.678965 0.005006 0.636976 0.392544 1 
4 0.361702 0.074967 0.682832 0.005073 0.672191 0.347807 1 
4 0.382979 0.084004 0.683874 0.005735 0.687985 0.345614 1 
4 0.404255 0.075087 0.671973 0.005127 0.691611 0.32807 1 
4 0.425532 0.074577 0.653526 0.005098 0.689021 0.330702 1 
4 0.446809 0.074667 0.624665 0.005089 0.694977 0.331579 1 
4 0.468085 0.074276 0.606962 0.005054 0.687985 0.347368 1 
4 0.489362 0.072955 0.58911 0.004971 0.685396 0.336842 1 
4 0.510638 0.068872 0.571259 0.004734 0.66261 0.338158 1 
4 0.531915 0.068962 0.557423 0.004736 0.661574 0.284649 1 
4 0.553191 0.069443 0.545076 0.004796 0.676334 0.276316 1 
4 0.574468 0.06587 0.538976 0.004541 0.671155 0.297807 1 
4 0.595745 0.046595 0.523654 0.003384 0.650958 0.282018 0 
4 0.617021 0.03891 0.510265 0.002684 0.637235 0.288158 0 
4 0.638298 0.043203 0.512199 0.002948 0.63361 0.303509 0 
4 0.659574 0.041131 0.515918 0.002775 0.618591 0.321053 0 
4 0.680851 0.035037 0.539125 0.002403 0.607198 0.330702 0 
4 0.702128 0.054672 0.593722 0.003795 0.645003 0.340351 0 
4 0.723404 0.090339 0.692205 0.006134 0.717245 0.337719 1 
4 0.744681 0.102438 0.777745 0.007042 0.769291 0.314035 1 
4 0.765957 0.116128 0.79158 0.008018 0.742103 0.345175 1 
4 0.787234 0.07854 0.768819 0.005351 0.699379 0.364912 1 
4 0.808511 0.073706 0.740851 0.004994 0.654583 0.430263 1 
4 0.829787 0.070914 0.7108 0.004821 0.626359 0.412281 1 
4 0.851064 0.070373 0.693841 0.004782 0.603314 0.415789 1 
4 0.87234 0.061427 0.671526 0.004157 0.574314 0.426316 1 
4 0.893617 0.051399 0.624963 0.003413 0.539876 0.450439 0 
4 0.914894 0.03906 0.576912 0.00264 0.509063 0.472368 0 
4 0.93617 0.046565 0.598631 0.00316 0.473071 0.528509 0 
4 0.957447 0.035757 0.58792 0.002424 0.447437 0.480702 0 
4 0.978723 0.055302 0.578102 0.003762 0.51217 0.489035 0 
4 1 0.053921 0.564713 0.003652 0.506473 0.487719 0 
