1 0 0.03969 0.432014 0.002555 0.383221 0.624561 1 
1 0.021277 0.038759 0.390062 0.002489 0.355774 0.664474 1 
1 0.042553 0.038549 0.347218 0.002478 0.39565 0.575 1 
1 0.06383 0.032245 0.306754 0.002069 0.374417 0.705263 0 
1 0.085106 0.028191 0.261827 0.001786 0.337131 0.732018 0 
1 0.106383 0.011889 0.227313 0.000756 0.277059 0.691667 0 
1 0.12766 0.001982 0.193841 0.000129 0.229933 0.458772 0 
1 0.148936 0 0.16989 0 0.178664 0.461404 0 
1 0.170213 0 0.156204 0 0.149922 0.487719 0 
1 0.191489 0 0.149509 0 0.124806 0.519737 0 
1 0.212766 0 0.150104 0 0.113931 0.522368 0 
1 0.234043 0.011829 0.160369 0.000771 0.105127 0.528947 0 
1 0.255319 0.018914 0.189378 0.001217 0.113413 0.718421 0 
1 0.276596 0.033295 0.218685 0.00097 0.120145 0.765789 0 
1 0.297872 0.035907 0.247843 0.000862 0.104609 0.765789 1 
1 0.319149 0.041041 0.323564 0.001014 0.125065 0.765789 1 
1 0.340426 0.041041 0.416543 0.001226 0.166753 0.765789 1 
1 0.361702 0.041612 0.500893 0.001984 0.213879 0.765789 1 
1 0.382979 0.041822 0.585094 0.002796 0.241067 0.759649 1 
1 0.404255 0.042572 0.632996 0.002848 0.267219 0.755263 1 
1 0.425532 0.045815 0.653972 0.003066 0.277059 0.738596 1 
1 0.446809 0.050138 0.657245 0.003299 0.27913 0.747807 1 
1 0.468085 0.048847 0.651294 0.003081 0.28146 0.738158 1 
1 0.489362 0.044254 0.639839 0.002966 0.277835 0.742105 1 
1 0.510638 0.055692 0.621392 0.003116 0.279389 0.765789 1 
1 0.531915 0.042903 0.585094 0.002694 0.271362 0.765789 1 
1 0.553191 0.044644 0.544183 0.002964 0.282237 0.749561 1 
1 0.574468 0.041522 0.515323 0.002632 0.270067 0.765789 1 
1 0.595745 0.041672 0.488843 0.002626 0.260228 0.757456 1 
1 0.617021 0.041672 0.469652 0.002578 0.25479 0.765789 1 
1 0.638298 0.041672 0.457453 0.00258 0.249094 0.765789 1 
1 0.659574 0.041672 0.468611 0.002655 0.254531 0.758333 1 
1 0.680851 0.041251 0.478875 0.002682 0.256862 0.760526 1 
1 0.702128 0.042062 0.536894 0.0028 0.296737 0.66886 1 
1 0.723404 0.041702 0.617078 0.002802 0.371569 0.575 1 
1 0.744681 0.043743 0.694585 0.002943 0.449767 0.490789 1 
1 0.765957 0.043713 0.704999 0.002925 0.457535 0.540789 1 
1 0.787234 0.046625 0.691758 0.003143 0.440186 0.573684 1 
1 0.808511 0.05209 0.665129 0.00354 0.418695 0.539474 1 
1 0.829787 0.043503 0.641922 0.002975 0.401088 0.595175 1 
1 0.851064 0.043053 0.621541 0.002929 0.390212 0.602193 1 
1 0.87234 0.042242 0.598483 0.002865 0.371051 0.622368 1 
1 0.893617 0.035397 0.550431 0.002358 0.346194 0.687281 0 
1 0.914894 0.034106 0.496727 0.002115 0.328068 0.765789 0 
1 0.93617 0.041702 0.512943 0.002653 0.330399 0.744298 1 
1 0.957447 0.033806 0.492562 0.001386 0.32755 0.765789 0 
1 0.978723 0.040621 0.471586 0.00258 0.394096 0.67807 1 
1 1 0.037378 0.423386 0.002385 0.389953 0.708333 1 
