2 0 0.055242 0.302737 0.003467 0.422915 0.414912 0 
2 0.021277 0.054131 0.231479 0.003467 0.422915 0.414912 0 
2 0.042553 0.05302 0.175543 0.003467 0.422915 0.414912 0 
2 0.06383 0.05302 0.1385 0.003467 0.422915 0.414912 0 
2 0.085106 0.05302 0.108896 0.003467 0.422915 0.414912 0 
2 0.106383 0.040351 0.087325 0.003467 0.422915 0.414912 0 
2 0.12766 0.040351 0.076168 0.003467 0.422915 0.414912 0 
2 0.148936 0.040351 0.073639 0.003467 0.422915 0.414912 0 
2 0.170213 0.05302 0.090301 0.003467 0.422915 0.414912 0 
2 0.191489 0.05302 0.116186 0.003467 0.422915 0.414912 0 
2 0.212766 0.054131 0.175692 0.003467 0.422915 0.414912 0 
2 0.234043 0.054131 0.239512 0.003467 0.422915 0.414912 0 
2 0.255319 0.054131 0.24695 0.003467 0.422915 0.414912 0 
2 0.276596 0.054131 0.300655 0.003467 0.422915 0.414912 0 
2 0.297872 0.053861 0.342309 0.003467 0.422915 0.414912 0 
2 0.319149 0.054131 0.380839 0.003467 0.422915 0.414912 0 
2 0.340426 0.055242 0.445552 0.003467 0.422915 0.414912 1 
2 0.361702 0.055242 0.472627 0.003467 0.422915 0.414912 1 
2 0.382979 0.057193 0.473371 0.003467 0.422915 0.414912 1 
2 0.404255 0.058785 0.47947 0.003467 0.422915 0.414912 1 
2 0.425532 0.06611 0.481553 0.003467 0.422915 0.414912 1 
2 0.446809 0.06611 0.485867 0.003467 0.422915 0.414912 1 
2 0.468085 0.06611 0.488248 0.003467 0.422915 0.414912 1 
2 0.489362 0.06611 0.492711 0.003467 0.422915 0.414912 1 
2 0.510638 0.074817 0.499851 0.003467 0.422915 0.414912 1 
2 0.531915 0.074817 0.497173 0.003467 0.422915 0.414912 1 
2 0.553191 0.099526 0.499702 0.003467 0.422915 0.414912 1 
2 0.574468 0.074817 0.494793 0.003467 0.422915 0.414912 1 
2 0.595745 0.074817 0.496727 0.003467 0.422915 0.414912 1 
2 0.617021 0.104089 0.522166 0.003467 0.422915 0.414912 1 
2 0.638298 0.115528 0.520381 0.003467 0.422915 0.414912 1 
2 0.659574 0.099526 0.511009 0.003467 0.422915 0.414912 1 
2 0.680851 0.104089 0.491669 0.003467 0.422915 0.414912 1 
2 0.702128 0.099526 0.465933 0.003467 0.422915 0.414912 1 
2 0.723404 0.058785 0.41208 0.003467 0.422915 0.414912 0 
2 0.744681 0.055242 0.382029 0.003467 0.422915 0.414912 0 
2 0.765957 0.055242 0.35659 0.003467 0.422915 0.414912 0 
2 0.787234 0.054131 0.335019 0.003467 0.422915 0.414912 0 
2 0.808511 0.054131 0.341863 0.003467 0.422915 0.414912 0 
2 0.829787 0.055242 0.352127 0.003467 0.422915 0.414912 0 
2 0.851064 0.055242 0.347516 0.003467 0.422915 0.414912 0 
2 0.87234 0.055242 0.32892 0.003467 0.422915 0.414912 0 
2 0.893617 0.074817 0.35659 0.003467 0.422915 0.414912 1 
2 0.914894 0.06611 0.372806 0.003467 0.422915 0.414912 1 
2 0.93617 0.058785 0.39884 0.003467 0.422915 0.414912 0 
2 0.957447 0.057193 0.392443 0.003467 0.422915 0.414912 0 
2 0.978723 0.057193 0.375335 0.003467 0.422915 0.414912 0 
2 1 0.055242 0.335168 0.003467 0.422915 0.414912 0 
