7 0 0.030203 0.34097 0.002017 0.307354 0.559649 0 
7 0.021277 0.028522 0.275662 0.001901 0.287416 0.564035 0 
7 0.042553 0.028251 0.224487 0.001897 0.341015 0.452193 0 
7 0.06383 0.030113 0.186552 0.002027 0.313827 0.477632 0 
7 0.085106 0.028792 0.147129 0.00193 0.27188 0.480702 0 
7 0.106383 0.027021 0.125558 0.001803 0.225013 0.547807 0 
7 0.12766 0.02675 0.107855 0.00178 0.192646 0.600877 0 
7 0.148936 0.02603 0.098483 0.00173 0.176075 0.626754 0 
7 0.170213 0.02678 0.091937 0.001776 0.178405 0.627193 0 
7 0.191489 0.028071 0.120649 0.001857 0.182289 0.614912 0 
7 0.212766 0.027231 0.149212 0.001807 0.197307 0.572368 0 
7 0.234043 0.028492 0.180303 0.00189 0.209995 0.563158 0 
7 0.255319 0.031554 0.222107 0.002102 0.256862 0.530263 0 
7 0.276596 0.033385 0.283398 0.002227 0.305023 0.534211 0 
7 0.297872 0.033415 0.335912 0.002227 0.305541 0.590789 0 
7 0.319149 0.038279 0.376227 0.002547 0.315381 0.563596 0 
7 0.340426 0.05227 0.423237 0.003469 0.345935 0.573246 1 
7 0.361702 0.05299 0.433799 0.003494 0.337649 0.582895 1 
7 0.382979 0.051099 0.426212 0.003373 0.341274 0.571053 1 
7 0.404255 0.048217 0.420411 0.003184 0.333506 0.575877 1 
7 0.425532 0.046415 0.404493 0.003066 0.323149 0.600877 1 
7 0.446809 0.042632 0.398691 0.002825 0.312532 0.614474 0 
7 0.468085 0.035157 0.390211 0.002333 0.29363 0.611404 0 
7 0.489362 0.029633 0.3795 0.001967 0.281719 0.602632 0 
7 0.510638 0.031434 0.370128 0.002081 0.272657 0.626316 0 
7 0.531915 0.030293 0.359119 0.002005 0.266183 0.636842 0 
7 0.553191 0.029092 0.343053 0.001921 0.260228 0.617105 0 
7 0.574468 0.029272 0.335763 0.001942 0.248835 0.622807 0 
7 0.595745 0.030083 0.335466 0.001994 0.236924 0.644298 0 
7 0.617021 0.031824 0.341714 0.00211 0.233299 0.665789 0 
7 0.638298 0.028912 0.335466 0.001919 0.23537 0.649561 0 
7 0.659574 0.029122 0.341714 0.001934 0.245728 0.642544 0 
7 0.680851 0.027981 0.322969 0.001863 0.255567 0.601316 0 
7 0.702128 0.028942 0.341863 0.001932 0.266701 0.590789 0 
7 0.723404 0.035637 0.347664 0.002376 0.275764 0.589035 0 
7 0.744681 0.029392 0.338441 0.001965 0.268773 0.59386 0 
7 0.765957 0.028432 0.336209 0.001901 0.256344 0.589474 0 
7 0.787234 0.028582 0.340524 0.001907 0.253237 0.633333 0 
7 0.808511 0.029663 0.349896 0.001978 0.271362 0.600877 0 
7 0.829787 0.038519 0.342606 0.002574 0.292853 0.571491 1 
7 0.851064 0.031074 0.324011 0.002071 0.28405 0.605702 0 
7 0.87234 0.030293 0.297679 0.002011 0.266183 0.616228 0 
7 0.893617 0.032245 0.316275 0.002133 0.24029 0.710088 0 
7 0.914894 0.029693 0.309729 0.001959 0.212325 0.682895 0 
7 0.93617 0.030413 0.320887 0.002009 0.213361 0.705702 0 
7 0.957447 0.031764 0.30363 0.002094 0.224236 0.681579 0 
7 0.978723 0.03966 0.286224 0.002632 0.291041 0.544737 1 
7 1 0.028492 0.241297 0.001897 0.28405 0.549561 0 
