2 0 0.058034 0.355698 0.003467 0.422915 0.414912 0 
2 0.021277 0.056593 0.286671 0.003467 0.422915 0.414912 0 
2 0.042553 0.056593 0.228206 0.003467 0.422915 0.414912 0 
2 0.06383 0.055242 0.195626 0.003467 0.422915 0.414912 0 
2 0.085106 0.055242 0.168997 0.003467 0.422915 0.414912 0 
2 0.106383 0.055242 0.157245 0.003467 0.422915 0.414912 0 
2 0.12766 0.055242 0.15427 0.003467 0.422915 0.414912 0 
2 0.148936 0.067191 0.152782 0.003467 0.422915 0.414912 0 
2 0.170213 0.055242 0.181642 0.003467 0.422915 0.414912 0 
2 0.191489 0.074216 0.220916 0.003467 0.422915 0.414912 0 
2 0.212766 0.077519 0.297828 0.003467 0.422915 0.414912 0 
2 0.234043 0.080101 0.384856 0.003467 0.422915 0.414912 0 
2 0.255319 0.080101 0.416096 0.003467 0.422915 0.414912 0 
2 0.276596 0.080791 0.476644 0.003467 0.422915 0.414912 0 
2 0.297872 0.077519 0.499851 0.003467 0.422915 0.414912 0 
2 0.319149 0.077519 0.51443 0.003467 0.422915 0.414912 0 
2 0.340426 0.087396 0.570515 0.003467 0.422915 0.414912 1 
2 0.361702 0.097274 0.579143 0.003467 0.422915 0.414912 1 
2 0.382979 0.090669 0.564267 0.003467 0.422915 0.414912 1 
2 0.404255 0.087396 0.562184 0.003467 0.422915 0.414912 1 
2 0.425532 0.087396 0.565159 0.003467 0.422915 0.414912 1 
2 0.446809 0.084094 0.568283 0.003467 0.422915 0.414912 1 
2 0.468085 0.084094 0.563374 0.003467 0.422915 0.414912 1 
2 0.489362 0.080791 0.555936 0.003467 0.422915 0.414912 1 
2 0.510638 0.077519 0.565159 0.003467 0.422915 0.414912 0 
2 0.531915 0.077519 0.547307 0.003467 0.422915 0.414912 0 
2 0.553191 0.074577 0.545522 0.003467 0.422915 0.414912 0 
2 0.574468 0.061787 0.53734 0.003467 0.422915 0.414912 0 
2 0.595745 0.070043 0.534811 0.003467 0.422915 0.414912 0 
2 0.617021 0.070043 0.53972 0.003467 0.422915 0.414912 0 
2 0.638298 0.077519 0.543291 0.003467 0.422915 0.414912 1 
2 0.659574 0.077519 0.54091 0.003467 0.422915 0.414912 1 
2 0.680851 0.074216 0.53258 0.003467 0.422915 0.414912 1 
2 0.702128 0.067341 0.524546 0.003467 0.422915 0.414912 0 
2 0.723404 0.061787 0.490925 0.003467 0.422915 0.414912 0 
2 0.744681 0.060496 0.474412 0.003467 0.422915 0.414912 0 
2 0.765957 0.059265 0.445998 0.003467 0.422915 0.414912 0 
2 0.787234 0.059265 0.438262 0.003467 0.422915 0.414912 0 
2 0.808511 0.061787 0.455222 0.003467 0.422915 0.414912 0 
2 0.829787 0.059265 0.442279 0.003467 0.422915 0.414912 0 
2 0.851064 0.059265 0.404641 0.003467 0.422915 0.414912 0 
2 0.87234 0.058424 0.375037 0.003467 0.422915 0.414912 0 
2 0.893617 0.070043 0.398542 0.003467 0.422915 0.414912 0 
2 0.914894 0.067341 0.417733 0.003467 0.422915 0.414912 0 
2 0.93617 0.070043 0.446891 0.003467 0.422915 0.414912 0 
2 0.957447 0.070043 0.434543 0.003467 0.422915 0.414912 0 
2 0.978723 0.070043 0.42889 0.003467 0.422915 0.414912 0 
2 1 0.059265 0.393782 0.003467 0.422915 0.414912 0 
