2 0 0.049267 0.531538 0.003467 0.422915 0.414912 1 
2 0.021277 0.075057 0.511752 0.003467 0.422915 0.414912 1 
2 0.042553 0.049267 0.490181 0.003467 0.422915 0.414912 1 
2 0.06383 0.048247 0.428295 0.003467 0.422915 0.414912 1 
2 0.085106 0.072175 0.363285 0.003467 0.422915 0.414912 1 
2 0.106383 0.041732 0.318953 0.003467 0.422915 0.414912 0 
2 0.12766 0.046475 0.273728 0.003467 0.422915 0.414912 1 
2 0.148936 0.041582 0.235644 0.003467 0.422915 0.414912 0 
2 0.170213 0.049538 0.221214 0.003467 0.422915 0.414912 1 
2 0.191489 0.049538 0.210503 0.003467 0.422915 0.414912 1 
2 0.212766 0.060496 0.236388 0.003467 0.422915 0.414912 1 
2 0.234043 0.071965 0.292919 0.003467 0.422915 0.414912 1 
2 0.255319 0.07953 0.41208 0.003467 0.422915 0.414912 1 
2 0.276596 0.085535 0.535406 0.003467 0.422915 0.414912 1 
2 0.297872 0.07953 0.560101 0.003467 0.422915 0.414912 1 
2 0.319149 0.082773 0.63374 0.003467 0.422915 0.414912 1 
2 0.340426 0.07953 0.648319 0.003467 0.422915 0.414912 1 
2 0.361702 0.049538 0.626004 0.003467 0.422915 0.414912 0 
2 0.382979 0.049538 0.646087 0.003467 0.422915 0.414912 0 
2 0.404255 0.049538 0.641773 0.003467 0.422915 0.414912 0 
2 0.425532 0.048247 0.613062 0.003467 0.422915 0.414912 0 
2 0.446809 0.048247 0.58078 0.003467 0.422915 0.414912 0 
2 0.468085 0.083764 0.566944 0.003467 0.422915 0.414912 1 
2 0.489362 0.075718 0.549985 0.003467 0.422915 0.414912 1 
2 0.510638 0.075718 0.532282 0.003467 0.422915 0.414912 1 
2 0.531915 0.075718 0.525439 0.003467 0.422915 0.414912 1 
2 0.553191 0.046055 0.520976 0.003467 0.422915 0.414912 0 
2 0.574468 0.048247 0.506248 0.003467 0.422915 0.414912 0 
2 0.595745 0.048247 0.496727 0.003467 0.422915 0.414912 0 
2 0.617021 0.048247 0.486611 0.003467 0.422915 0.414912 0 
2 0.638298 0.048247 0.474412 0.003467 0.422915 0.414912 0 
2 0.659574 0.048247 0.48438 0.003467 0.422915 0.414912 0 
2 0.680851 0.075718 0.493306 0.003467 0.422915 0.414912 1 
2 0.702128 0.049538 0.519637 0.003467 0.422915 0.414912 0 
2 0.723404 0.082773 0.577655 0.003467 0.422915 0.414912 1 
2 0.744681 0.075718 0.672716 0.003467 0.422915 0.414912 1 
2 0.765957 0.075718 0.714222 0.003467 0.422915 0.414912 1 
2 0.787234 0.049538 0.711098 0.003467 0.422915 0.414912 0 
2 0.808511 0.048247 0.662898 0.003467 0.422915 0.414912 0 
2 0.829787 0.048247 0.633889 0.003467 0.422915 0.414912 0 
2 0.851064 0.075718 0.611276 0.003467 0.422915 0.414912 1 
2 0.87234 0.075718 0.590449 0.003467 0.422915 0.414912 1 
2 0.893617 0.048247 0.536745 0.003467 0.422915 0.414912 0 
2 0.914894 0.041582 0.483933 0.003467 0.422915 0.414912 0 
2 0.93617 0.085535 0.515769 0.003467 0.422915 0.414912 1 
2 0.957447 0.07953 0.517852 0.003467 0.422915 0.414912 1 
2 0.978723 0.085535 0.529307 0.003467 0.422915 0.414912 1 
2 1 0.087637 0.522761 0.003467 0.422915 0.414912 1 
