6 0 0.057674 0.426064 0.003936 0.389436 0.410088 1 
6 0.021277 0.05215 0.367599 0.00355 0.352149 0.42807 0 
6 0.042553 0.06587 0.311366 0.004503 0.417918 0.392982 1 
6 0.06383 0.048397 0.261083 0.00329 0.384775 0.464035 0 
6 0.085106 0.044884 0.214519 0.003008 0.333247 0.559211 0 
6 0.106383 0.042873 0.187742 0.002844 0.287934 0.638158 0 
6 0.12766 0.042632 0.171675 0.002806 0.255567 0.659649 0 
6 0.148936 0.042272 0.175394 0.002769 0.240808 0.666667 0 
6 0.170213 0.043623 0.203511 0.002846 0.24521 0.668421 0 
6 0.191489 0.043743 0.241595 0.002892 0.272398 0.579386 0 
6 0.212766 0.064429 0.332639 0.004321 0.334801 0.561404 1 
6 0.234043 0.083644 0.42889 0.005694 0.423097 0.446491 1 
6 0.255319 0.068932 0.450907 0.00472 0.529518 0.38114 1 
6 0.276596 0.100606 0.507438 0.006882 0.607198 0.374123 1 
6 0.297872 0.062387 0.497025 0.004236 0.555671 0.335965 1 
6 0.319149 0.070794 0.507736 0.004796 0.553599 0.364474 1 
6 0.340426 0.097124 0.554151 0.006554 0.550492 0.438596 1 
6 0.361702 0.087036 0.565754 0.005845 0.555671 0.412281 1 
6 0.382979 0.080071 0.555936 0.005405 0.553081 0.394298 1 
6 0.404255 0.062117 0.541803 0.004211 0.565769 0.348684 1 
6 0.425532 0.0659 0.530497 0.004474 0.572242 0.350439 1 
6 0.446809 0.070494 0.524695 0.00479 0.574832 0.356579 1 
6 0.468085 0.061637 0.517406 0.004568 0.571724 0.361842 1 
6 0.489362 0.080851 0.508033 0.005488 0.573796 0.345614 1 
6 0.510638 0.085715 0.508628 0.005837 0.578716 0.320614 1 
6 0.531915 0.049207 0.493306 0.003346 0.573278 0.369737 0 
6 0.553191 0.051009 0.486909 0.003461 0.568876 0.376754 0 
6 0.574468 0.044854 0.477239 0.003035 0.561885 0.450877 0 
6 0.595745 0.043563 0.463404 0.002923 0.547126 0.447807 0 
6 0.617021 0.046175 0.462065 0.003089 0.542983 0.432895 0 
6 0.638298 0.044734 0.46028 0.003008 0.529777 0.408772 0 
6 0.659574 0.043353 0.455668 0.002914 0.539876 0.460526 0 
6 0.680851 0.047406 0.447486 0.003172 0.534438 0.372368 0 
6 0.702128 0.047766 0.440345 0.003236 0.519161 0.310526 0 
6 0.723404 0.042632 0.41922 0.002885 0.484723 0.355263 0 
6 0.744681 0.042933 0.416543 0.002887 0.447178 0.364035 0 
6 0.765957 0.042722 0.401964 0.002862 0.409891 0.45307 0 
6 0.787234 0.042632 0.409551 0.002821 0.383221 0.577193 0 
6 0.808511 0.042542 0.420262 0.002781 0.394614 0.518421 0 
6 0.829787 0.045695 0.41208 0.003039 0.41999 0.380263 0 
6 0.851064 0.042843 0.394972 0.002875 0.402382 0.401316 0 
6 0.87234 0.040711 0.360458 0.002711 0.375971 0.437719 0 
6 0.893617 0.046025 0.396608 0.003043 0.352408 0.539912 0 
6 0.914894 0.048457 0.420559 0.003184 0.328327 0.566667 0 
6 0.93617 0.084514 0.452246 0.005525 0.310461 0.635965 1 
6 0.957447 0.06536 0.465933 0.004265 0.304764 0.642982 1 
6 0.978723 0.081182 0.448825 0.005384 0.425427 0.482456 1 
6 1 0.082713 0.439006 0.005515 0.425945 0.530263 1 
