3 0 0.034136 0.297679 0.002327 0.1942 0.40307 0 
3 0.021277 0.031614 0.24457 0.002216 0.162351 0.363596 0 
3 0.042553 0.037018 0.192056 0.00259 0.221647 0.258772 0 
3 0.06383 0.035697 0.152038 0.002493 0.196789 0.298684 0 
3 0.085106 0.033235 0.119161 0.002337 0.149663 0.347807 0 
3 0.106383 0.030653 0.098483 0.002117 0.117556 0.400439 0 
3 0.12766 0.033055 0.087623 0.002279 0.091921 0.372368 0 
3 0.148936 0.031974 0.08911 0.002202 0.084412 0.39386 0 
3 0.170213 0.035937 0.103243 0.002472 0.080787 0.402193 0 
3 0.191489 0.035937 0.119161 0.002468 0.083118 0.423684 0 
3 0.212766 0.033896 0.159625 0.002327 0.100466 0.441667 0 
3 0.234043 0.034166 0.202023 0.002347 0.128172 0.453509 0 
3 0.255319 0.031074 0.221958 0.002154 0.179441 0.406579 0 
3 0.276596 0.034646 0.276257 0.002428 0.221647 0.347368 0 
3 0.297872 0.029933 0.316572 0.002079 0.207147 0.383333 0 
3 0.319149 0.030863 0.359119 0.002137 0.220093 0.347368 0 
3 0.340426 0.036057 0.42413 0.002478 0.234593 0.379386 0 
3 0.361702 0.04008 0.449569 0.002742 0.259969 0.315789 0 
3 0.382979 0.036448 0.450461 0.002486 0.271621 0.29693 0 
3 0.404255 0.036538 0.448676 0.002495 0.279648 0.307895 0 
3 0.425532 0.042843 0.454775 0.00295 0.285085 0.325877 1 
3 0.446809 0.047016 0.464743 0.003238 0.291041 0.329825 1 
3 0.468085 0.054161 0.470991 0.003722 0.301398 0.329825 1 
3 0.489362 0.059415 0.472627 0.004073 0.306577 0.353509 1 
3 0.510638 0.06581 0.475007 0.004506 0.307872 0.377632 1 
3 0.531915 0.071004 0.474264 0.004865 0.319524 0.353947 1 
3 0.553191 0.107752 0.47471 0.00741 0.3203 0.367544 1 
3 0.574468 0.090128 0.471586 0.006205 0.324443 0.350439 1 
3 0.595745 0.098235 0.470247 0.006772 0.328068 0.337719 1 
3 0.617021 0.115047 0.467867 0.007935 0.326256 0.335965 1 
3 0.638298 0.340038 0.466677 0.023498 0.332988 0.358772 1 
3 0.659574 0.391377 0.468164 0.027079 0.354221 0.329825 1 
3 0.680851 0.090849 0.454627 0.006288 0.356551 0.28114 1 
3 0.702128 0.087637 0.44332 0.006064 0.351372 0.282018 1 
3 0.723404 0.040291 0.409402 0.002794 0.317193 0.257456 0 
3 0.744681 0.037048 0.39036 0.002563 0.278612 0.314474 0 
3 0.765957 0.036027 0.359268 0.00248 0.239254 0.314035 0 
3 0.787234 0.035727 0.340821 0.002489 0.209995 0.376316 0 
3 0.808511 0.035697 0.348111 0.002495 0.192646 0.426754 0 
3 0.829787 0.035907 0.362838 0.002509 0.194977 0.439035 0 
3 0.851064 0.035937 0.34573 0.002516 0.21854 0.405702 0 
3 0.87234 0.035847 0.320143 0.002507 0.213361 0.42193 0 
3 0.893617 0.035937 0.353169 0.002497 0.185396 0.45 0 
3 0.914894 0.035937 0.359863 0.002464 0.158208 0.489912 0 
3 0.93617 0.036177 0.377715 0.002466 0.145779 0.49693 0 
3 0.957447 0.035937 0.373401 0.002445 0.144744 0.502632 0 
3 0.978723 0.036328 0.359119 0.002491 0.236665 0.317105 0 
3 1 0.036087 0.33011 0.002474 0.233299 0.315789 0 
