6 0 0.034016 0.516662 0.002243 0.406784 0.634211 1 
6 0.021277 0.029152 0.498066 0.001886 0.378819 0.65614 1 
6 0.042553 0.033686 0.457899 0.002192 0.436044 0.530263 1 
6 0.06383 0.029212 0.405832 0.00183 0.406784 0.546491 1 
6 0.085106 0.029212 0.345879 0.001836 0.383221 0.568421 1 
6 0.106383 0.030233 0.296043 0.001843 0.342051 0.568421 1 
6 0.12766 0.028972 0.244421 0.001801 0.309166 0.634211 1 
6 0.148936 0.028191 0.221809 0.00103 0.287675 0.74386 0 
6 0.170213 0.02609 0.201726 0.001685 0.278871 0.766667 0 
6 0.191489 0.02585 0.204403 0.001666 0.267219 0.757895 0 
6 0.212766 0.028312 0.233264 0.001832 0.271103 0.767982 0 
6 0.234043 0.027801 0.273431 0.001807 0.298809 0.699561 0 
6 0.255319 0.031644 0.372359 0.002094 0.370274 0.630702 1 
6 0.276596 0.034947 0.479024 0.002349 0.445624 0.478509 1 
6 0.297872 0.029122 0.503124 0.001988 0.490161 0.420614 0 
6 0.319149 0.029152 0.58554 0.002007 0.553858 0.372807 1 
6 0.340426 0.029332 0.607111 0.002007 0.578975 0.310088 1 
6 0.361702 0.029422 0.590003 0.002009 0.575867 0.316667 1 
6 0.382979 0.029242 0.597144 0.001982 0.579492 0.273246 1 
6 0.404255 0.028942 0.586135 0.001971 0.566028 0.328509 0 
6 0.425532 0.028942 0.576763 0.001984 0.556447 0.35 0 
6 0.446809 0.028942 0.565605 0.001988 0.554635 0.299123 0 
6 0.468085 0.027921 0.548051 0.001936 0.545572 0.38114 0 
6 0.489362 0.028251 0.54463 0.001973 0.545572 0.363596 0 
6 0.510638 0.027561 0.535406 0.001936 0.531331 0.371053 0 
6 0.531915 0.027231 0.523356 0.001901 0.528224 0.35307 0 
6 0.553191 0.027531 0.515323 0.001928 0.529518 0.362281 0 
6 0.574468 0.02693 0.503273 0.001884 0.533143 0.32807 0 
6 0.595745 0.02672 0.495537 0.001865 0.517607 0.351754 0 
6 0.617021 0.02672 0.489289 0.001861 0.504402 0.403509 0 
6 0.638298 0.02672 0.482892 0.001853 0.485241 0.425 0 
6 0.659574 0.02672 0.492711 0.001853 0.483946 0.441667 0 
6 0.680851 0.02684 0.510414 0.001863 0.484464 0.416667 0 
6 0.702128 0.028372 0.54939 0.001973 0.496116 0.492544 0 
6 0.723404 0.028882 0.61321 0.002036 0.552563 0.414912 0 
6 0.744681 0.028972 0.659923 0.002015 0.60668 0.217544 1 
6 0.765957 0.029002 0.641029 0.001948 0.602279 0.285088 1 
6 0.787234 0.028942 0.620054 0.001957 0.562403 0.369298 1 
6 0.808511 0.028462 0.58316 0.001957 0.518125 0.420614 0 
6 0.829787 0.027891 0.557572 0.001913 0.501036 0.450439 0 
6 0.851064 0.027021 0.526778 0.00187 0.476696 0.457018 0 
6 0.87234 0.02672 0.495091 0.00184 0.443035 0.492105 0 
6 0.893617 0.02624 0.472627 0.001797 0.41507 0.469298 0 
6 0.914894 0.025639 0.445552 0.001762 0.381668 0.432456 0 
6 0.93617 0.02684 0.49033 0.001845 0.370792 0.538158 0 
6 0.957447 0.02684 0.501934 0.001832 0.356033 0.558333 0 
6 0.978723 0.029062 0.511901 0.001951 0.436044 0.51886 1 
6 1 0.029783 0.504612 0.001982 0.424133 0.585965 1 
