7 0 0.036117 0.36269 0.00243 0.292853 0.469737 1 
7 0.021277 0.036057 0.30958 0.002418 0.263853 0.446491 1 
7 0.042553 0.037709 0.251116 0.002547 0.318488 0.351316 1 
7 0.06383 0.035157 0.201726 0.002374 0.288452 0.444298 1 
7 0.085106 0.032034 0.161857 0.002144 0.240031 0.475439 0 
7 0.106383 0.029602 0.142071 0.001973 0.209218 0.520614 0 
7 0.12766 0.028612 0.127194 0.001903 0.194459 0.542544 0 
7 0.148936 0.028612 0.123773 0.001901 0.187468 0.560526 0 
7 0.170213 0.028762 0.128236 0.001901 0.186173 0.550439 0 
7 0.191489 0.029062 0.141625 0.001911 0.181771 0.557018 0 
7 0.212766 0.030713 0.17108 0.002025 0.197566 0.57193 0 
7 0.234043 0.034106 0.204552 0.002262 0.211807 0.522807 1 
7 0.255319 0.036418 0.234752 0.002422 0.244433 0.478947 1 
7 0.276596 0.038489 0.300357 0.002553 0.272139 0.498684 1 
7 0.297872 0.03888 0.356442 0.002572 0.280943 0.509649 1 
7 0.319149 0.041612 0.398542 0.002752 0.306059 0.485965 1 
7 0.340426 0.042092 0.432163 0.00279 0.32755 0.503509 1 
7 0.361702 0.040351 0.442279 0.002686 0.332211 0.493421 1 
7 0.382979 0.03945 0.44213 0.00263 0.332211 0.492982 1 
7 0.404255 0.03891 0.435882 0.002594 0.330399 0.50307 1 
7 0.425532 0.037739 0.432907 0.002516 0.329104 0.479825 1 
7 0.446809 0.038459 0.431866 0.002563 0.324702 0.495175 1 
7 0.468085 0.037919 0.417287 0.002524 0.319265 0.499561 1 
7 0.489362 0.036868 0.409699 0.002445 0.31072 0.5 1 
7 0.510638 0.036208 0.402708 0.002408 0.296737 0.538596 1 
7 0.531915 0.035967 0.397798 0.002393 0.289228 0.532895 1 
7 0.553191 0.035757 0.396459 0.002376 0.28405 0.542105 1 
7 0.574468 0.034706 0.391699 0.002308 0.270585 0.567544 1 
7 0.595745 0.034136 0.389765 0.002264 0.265148 0.555263 1 
7 0.617021 0.033115 0.393782 0.002198 0.263335 0.558772 0 
7 0.638298 0.035967 0.394079 0.002393 0.266442 0.52193 1 
7 0.659574 0.036238 0.403451 0.002403 0.280425 0.508772 1 
7 0.680851 0.036208 0.398245 0.00241 0.288193 0.509211 1 
7 0.702128 0.036238 0.406427 0.002408 0.30088 0.513158 1 
7 0.723404 0.035967 0.39393 0.002391 0.2913 0.534649 1 
7 0.744681 0.035757 0.398245 0.002383 0.28405 0.532018 1 
7 0.765957 0.036268 0.416543 0.002401 0.277835 0.559649 1 
7 0.787234 0.038339 0.419518 0.00254 0.300363 0.516667 1 
7 0.808511 0.036208 0.402708 0.002408 0.304505 0.479386 1 
7 0.829787 0.034646 0.378905 0.00231 0.285603 0.529825 0 
7 0.851064 0.031674 0.347813 0.002098 0.265665 0.55 0 
7 0.87234 0.029873 0.320738 0.001971 0.244951 0.542105 0 
7 0.893617 0.033175 0.335912 0.002185 0.226308 0.623246 0 
7 0.914894 0.029542 0.332342 0.001934 0.208182 0.616667 0 
7 0.93617 0.031554 0.335317 0.002059 0.202227 0.609649 0 
7 0.957447 0.029963 0.3133 0.001957 0.200155 0.530702 0 
7 0.978723 0.033746 0.307647 0.002237 0.25971 0.494737 0 
7 1 0.029663 0.27715 0.001973 0.254272 0.504386 0 
