2 0 0.040411 0.404493 0.002617 0.412998 0.707018 1 
2 0.021277 0.041011 0.367896 0.002661 0.390989 0.73114 1 
2 0.042553 0.041762 0.3313 0.002719 0.438115 0.648246 1 
2 0.06383 0.03936 0.296489 0.002576 0.41274 0.663158 1 
2 0.085106 0.038129 0.259893 0.002497 0.375712 0.72193 0 
2 0.106383 0.034616 0.235793 0.002256 0.329881 0.779386 0 
2 0.12766 0.03963 0.212734 0.00184 0.291041 0.794298 1 
2 0.148936 0.034526 0.192205 0.00162 0.266442 0.816228 0 
2 0.170213 0.033535 0.183428 0.001676 0.244433 0.838158 0 
2 0.191489 0.033115 0.192353 0.00177 0.232781 0.860088 0 
2 0.212766 0.034646 0.227016 0.001676 0.240808 0.838158 0 
2 0.234043 0.035727 0.274174 0.001712 0.260228 0.838158 0 
2 0.255319 0.0393 0.376079 0.002345 0.326774 0.811842 1 
2 0.276596 0.036208 0.468462 0.002354 0.393061 0.72807 0 
2 0.297872 0.037318 0.482297 0.002391 0.428534 0.757895 0 
2 0.319149 0.038729 0.564713 0.002445 0.492491 0.717544 0 
2 0.340426 0.040231 0.614847 0.002534 0.55101 0.669737 1 
2 0.361702 0.040411 0.634781 0.002545 0.591144 0.636404 1 
2 0.382979 0.041221 0.67346 0.002601 0.614707 0.624123 1 
2 0.404255 0.041431 0.685213 0.00263 0.596841 0.651316 1 
2 0.425532 0.041612 0.665427 0.002665 0.578975 0.64386 1 
2 0.446809 0.041221 0.641625 0.002663 0.564474 0.653509 1 
2 0.468085 0.041792 0.618268 0.002709 0.549715 0.648684 1 
2 0.489362 0.040921 0.593871 0.002651 0.548938 0.649123 1 
2 0.510638 0.040441 0.576317 0.002621 0.532367 0.639474 1 
2 0.531915 0.040741 0.556084 0.002632 0.526929 0.651754 1 
2 0.553191 0.040891 0.55058 0.002638 0.540135 0.635088 1 
2 0.574468 0.04011 0.50967 0.002588 0.537027 0.631579 1 
2 0.595745 0.040891 0.511306 0.002634 0.51942 0.599123 1 
2 0.617021 0.040741 0.512794 0.002638 0.50492 0.594737 1 
2 0.638298 0.040741 0.5 0.002667 0.493786 0.582018 1 
2 0.659574 0.040741 0.51086 0.002696 0.488089 0.586842 1 
2 0.680851 0.0396 0.533918 0.002611 0.483169 0.641667 0 
2 0.702128 0.040471 0.598929 0.002661 0.504661 0.609211 1 
2 0.723404 0.041101 0.692949 0.002694 0.564474 0.544298 1 
2 0.744681 0.043533 0.775216 0.002879 0.645262 0.482456 1 
2 0.765957 0.041552 0.773133 0.002761 0.649663 0.582895 1 
2 0.787234 0.041041 0.749926 0.00268 0.611859 0.673684 1 
2 0.808511 0.040321 0.711395 0.002626 0.570171 0.71886 1 
2 0.829787 0.040651 0.678965 0.00264 0.537545 0.765351 1 
2 0.851064 0.041972 0.663939 0.002727 0.508804 0.787719 1 
2 0.87234 0.042572 0.638649 0.002775 0.48783 0.794298 1 
2 0.893617 0.041431 0.603243 0.002707 0.455463 0.792982 1 
2 0.914894 0.04005 0.546415 0.002603 0.426981 0.826754 1 
2 0.93617 0.042332 0.590301 0.002721 0.409632 0.846053 1 
2 0.957447 0.040591 0.588515 0.002626 0.399534 0.840789 1 
2 0.978723 0.05299 0.58316 0.003432 0.484723 0.709649 1 
2 1 0.040831 0.563523 0.002682 0.47566 0.737281 1 
