5 0 0.028131 0.274174 0.001786 0.211807 0.837719 0 
5 0.021277 0.02687 0.210652 0.001703 0.185396 0.843421 0 
5 0.042553 0.027291 0.151741 0.001816 0.230709 0.734211 0 
5 0.06383 0.025549 0.111871 0.001699 0.196271 0.739035 0 
5 0.085106 0.024859 0.071854 0.001656 0.145779 0.742544 0 
5 0.106383 0.022967 0.048051 0.001535 0.103314 0.725877 0 
5 0.12766 0.020626 0.037043 0.001379 0.072501 0.775 0 
5 0.148936 0.020716 0.031389 0.001381 0.054376 0.8 0 
5 0.170213 0.015762 0.038381 0.001047 0.050233 0.897807 0 
5 0.191489 0.020806 0.04463 0.001371 0.039617 0.867544 0 
5 0.212766 0.021406 0.069622 0.001275 0.032108 0.903509 0 
5 0.234043 0.023448 0.101309 0.001037 0.04376 0.903509 0 
5 0.255319 0.024198 0.117525 0.001579 0.066028 0.885526 0 
5 0.276596 0.024919 0.154716 0.001645 0.089332 0.892982 0 
5 0.297872 0.024919 0.187147 0.001531 0.063956 0.897368 0 
5 0.319149 0.02642 0.2108 0.001749 0.067064 0.879825 0 
5 0.340426 0.027681 0.244868 0.001832 0.079492 0.901316 0 
5 0.361702 0.027411 0.262571 0.001778 0.086484 0.88114 0 
5 0.382979 0.027441 0.263761 0.001822 0.097618 0.863596 0 
5 0.404255 0.02684 0.258405 0.001782 0.105904 0.861842 0 
5 0.425532 0.027711 0.256174 0.001843 0.115484 0.839912 0 
5 0.446809 0.027951 0.252306 0.001861 0.127136 0.810088 1 
5 0.468085 0.027351 0.244124 0.001826 0.12869 0.808772 0 
5 0.489362 0.02585 0.231627 0.001722 0.121181 0.820175 0 
5 0.510638 0.025039 0.214371 0.001629 0.107716 0.819298 0 
5 0.531915 0.024919 0.198899 0.001637 0.093216 0.828947 0 
5 0.553191 0.024919 0.194139 0.001656 0.088555 0.826754 0 
5 0.574468 0.024919 0.191907 0.001656 0.090886 0.819737 0 
5 0.595745 0.024919 0.192205 0.00166 0.095546 0.791667 0 
5 0.617021 0.024919 0.196073 0.00166 0.105645 0.825439 0 
5 0.638298 0.024919 0.196816 0.00166 0.115743 0.79693 0 
5 0.659574 0.024919 0.199494 0.00166 0.125065 0.809211 0 
5 0.680851 0.024919 0.193841 0.001658 0.127654 0.831579 0 
5 0.702128 0.024919 0.195775 0.001658 0.131279 0.798684 0 
5 0.723404 0.024889 0.184766 0.001651 0.119886 0.854386 0 
5 0.744681 0.024859 0.179113 0.001199 0.102538 0.848684 0 
5 0.765957 0.024739 0.171675 0.000976 0.080269 0.859649 0 
5 0.787234 0.024679 0.171526 0.001365 0.066287 0.877193 0 
5 0.808511 0.024919 0.186105 0.001643 0.060849 0.871491 0 
5 0.829787 0.025549 0.223892 0.001685 0.074573 0.861404 1 
5 0.851064 0.026991 0.23133 0.001793 0.110823 0.832456 1 
5 0.87234 0.02573 0.221363 0.001705 0.120404 0.849561 1 
5 0.893617 0.027981 0.245909 0.001645 0.106939 0.859649 1 
5 0.914894 0.02621 0.249331 0.001151 0.091662 0.859649 1 
5 0.93617 0.027171 0.261232 0.001597 0.090368 0.892544 1 
5 0.957447 0.02642 0.250669 0.001651 0.092698 0.889035 1 
5 0.978723 0.029753 0.235942 0.001953 0.183066 0.746053 1 
5 1 0.027531 0.195626 0.001801 0.180476 0.804825 1 
