6 0 0.047586 0.427551 0.003297 0.392284 0.306579 0 
6 0.021277 0.041371 0.40241 0.002858 0.360953 0.316228 0 
6 0.042553 0.046115 0.368938 0.003189 0.41507 0.205263 0 
6 0.06383 0.038069 0.31449 0.002634 0.388918 0.245175 0 
6 0.085106 0.03978 0.255727 0.002744 0.340756 0.235088 0 
6 0.106383 0.034166 0.212437 0.002354 0.295702 0.305702 0 
6 0.12766 0.029723 0.169295 0.00204 0.251683 0.374123 0 
6 0.148936 0.027681 0.145641 0.001894 0.226825 0.40614 0 
6 0.170213 0.027561 0.135525 0.001884 0.207664 0.407018 0 
6 0.191489 0.027831 0.136864 0.001901 0.200414 0.413596 0 
6 0.212766 0.027831 0.166171 0.001901 0.205852 0.405263 0 
6 0.234043 0.028642 0.209015 0.001963 0.223977 0.366667 0 
6 0.255319 0.035187 0.308242 0.002426 0.301398 0.366228 0 
6 0.276596 0.037979 0.380393 0.002615 0.377266 0.340789 0 
6 0.297872 0.028732 0.371169 0.001988 0.412222 0.291228 0 
6 0.319149 0.03897 0.422791 0.002709 0.469964 0.227632 0 
6 0.340426 0.05263 0.44823 0.00365 0.497152 0.222807 1 
6 0.361702 0.051279 0.456709 0.00355 0.506991 0.246491 1 
6 0.382979 0.064819 0.507141 0.004468 0.510098 0.333772 1 
6 0.404255 0.071484 0.523505 0.004921 0.505697 0.34693 1 
6 0.425532 0.068932 0.51562 0.004749 0.491714 0.321053 1 
6 0.446809 0.067101 0.506248 0.004626 0.486018 0.298684 1 
6 0.468085 0.062778 0.496281 0.004327 0.477732 0.300877 1 
6 0.489362 0.055782 0.490033 0.003857 0.466339 0.282895 1 
6 0.510638 0.044734 0.484826 0.003108 0.445106 0.273246 0 
6 0.531915 0.042452 0.479768 0.002954 0.43449 0.287719 0 
6 0.553191 0.046685 0.477536 0.003249 0.459347 0.276316 0 
6 0.574468 0.045034 0.470247 0.003135 0.458312 0.265351 0 
6 0.595745 0.044704 0.465784 0.003118 0.451062 0.255702 0 
6 0.617021 0.042512 0.452693 0.00297 0.433195 0.259649 0 
6 0.638298 0.038609 0.434246 0.002705 0.417659 0.278509 0 
6 0.659574 0.030323 0.433353 0.002117 0.394873 0.324561 0 
6 0.680851 0.030563 0.434097 0.002137 0.42724 0.25 0 
6 0.702128 0.038549 0.440345 0.002823 0.434231 0.229825 0 
6 0.723404 0.045635 0.434841 0.003205 0.444847 0.188596 1 
6 0.744681 0.05245 0.437816 0.003691 0.46841 0.151754 1 
6 0.765957 0.049538 0.455073 0.003477 0.466598 0.200877 1 
6 0.787234 0.050799 0.476049 0.00356 0.483946 0.157456 1 
6 0.808511 0.048757 0.450312 0.003411 0.494562 0.112719 1 
6 0.829787 0.033145 0.417138 0.002324 0.479544 0.145614 0 
6 0.851064 0.033145 0.404344 0.002327 0.454946 0.177193 0 
6 0.87234 0.032875 0.380988 0.002304 0.430865 0.195614 0 
6 0.893617 0.030113 0.35302 0.002106 0.395909 0.222807 0 
6 0.914894 0.028852 0.314341 0.002011 0.371051 0.251754 0 
6 0.93617 0.031614 0.382327 0.002206 0.350078 0.301316 0 
6 0.957447 0.036298 0.416989 0.002534 0.346194 0.282895 0 
6 0.978723 0.051849 0.435138 0.003629 0.437856 0.157018 1 
6 1 0.069113 0.435585 0.004825 0.432936 0.132895 1 
