3 0 0.028642 0.360458 0.001903 0.330399 0.596491 0 
3 0.021277 0.027351 0.305118 0.001822 0.305541 0.559649 0 
3 0.042553 0.028041 0.252901 0.001878 0.355515 0.452193 0 
3 0.06383 0.030743 0.214073 0.00205 0.33739 0.517982 0 
3 0.085106 0.02657 0.166915 0.001768 0.288711 0.573684 0 
3 0.106383 0.025639 0.145492 0.001699 0.245728 0.601754 0 
3 0.12766 0.02675 0.135525 0.001745 0.216468 0.64693 0 
3 0.148936 0.02687 0.1385 0.001774 0.203263 0.665789 0 
3 0.170213 0.028972 0.165873 0.001907 0.209736 0.684649 0 
3 0.191489 0.033205 0.207676 0.002192 0.232781 0.658333 0 
3 0.212766 0.042843 0.280869 0.00284 0.295443 0.571053 1 
3 0.234043 0.046025 0.359268 0.003043 0.373641 0.55614 1 
3 0.255319 0.046175 0.379054 0.003076 0.484205 0.440351 1 
3 0.276596 0.047226 0.435287 0.003157 0.56551 0.337719 1 
3 0.297872 0.042783 0.456858 0.00286 0.520715 0.399123 1 
3 0.319149 0.043293 0.470991 0.002902 0.499741 0.419298 1 
3 0.340426 0.047166 0.515472 0.003147 0.508027 0.461404 1 
3 0.361702 0.047826 0.527522 0.003168 0.499741 0.468421 1 
3 0.382979 0.047826 0.529456 0.00317 0.494562 0.475 1 
3 0.404255 0.045575 0.512943 0.003035 0.495598 0.434211 1 
3 0.425532 0.043383 0.508777 0.002889 0.493009 0.451316 1 
3 0.446809 0.044314 0.505802 0.002954 0.490419 0.441228 1 
3 0.468085 0.042602 0.501339 0.002842 0.477991 0.455263 1 
3 0.489362 0.042272 0.49881 0.002825 0.47333 0.467982 1 
3 0.510638 0.042602 0.505802 0.002838 0.475919 0.47193 1 
3 0.531915 0.042692 0.50238 0.002846 0.479803 0.481579 1 
3 0.553191 0.047046 0.496281 0.003147 0.477473 0.473246 1 
3 0.574468 0.043143 0.493603 0.002894 0.468151 0.465789 1 
3 0.595745 0.043113 0.494049 0.002896 0.465562 0.444737 1 
3 0.617021 0.044434 0.50119 0.002987 0.46608 0.469737 1 
3 0.638298 0.047106 0.500298 0.003168 0.465562 0.473684 1 
3 0.659574 0.048127 0.50476 0.00322 0.473848 0.441228 1 
3 0.680851 0.047826 0.491669 0.003197 0.475401 0.439912 1 
3 0.702128 0.048457 0.47947 0.003236 0.471776 0.456579 1 
3 0.723404 0.042122 0.453734 0.002823 0.436044 0.480702 1 
3 0.744681 0.031674 0.434543 0.002127 0.397721 0.50307 0 
3 0.765957 0.029602 0.410146 0.001986 0.364837 0.518421 0 
3 0.787234 0.029182 0.407766 0.001955 0.357328 0.563596 0 
3 0.808511 0.029813 0.439601 0.001996 0.364578 0.542544 0 
3 0.829787 0.029362 0.433204 0.001971 0.380114 0.510526 0 
3 0.851064 0.028972 0.398988 0.001946 0.365096 0.515789 0 
3 0.87234 0.028792 0.365814 0.001928 0.340497 0.565351 0 
3 0.893617 0.029633 0.4036 0.00198 0.299327 0.670175 0 
3 0.914894 0.029332 0.419518 0.001944 0.26463 0.714035 0 
3 0.93617 0.033716 0.439899 0.002227 0.245469 0.753509 0 
3 0.957447 0.034977 0.448527 0.002306 0.244433 0.729825 0 
3 0.978723 0.045154 0.443767 0.002987 0.334024 0.616228 1 
3 1 0.040411 0.418179 0.002682 0.33972 0.619298 1 
