7 0 0.051759 0.298869 0.003467 0.422915 0.414912 0 
7 0.021277 0.051759 0.255281 0.003467 0.422915 0.414912 0 
7 0.042553 0.051099 0.225974 0.003467 0.422915 0.414912 0 
7 0.06383 0.048877 0.185659 0.003467 0.422915 0.414912 0 
7 0.085106 0.048337 0.151443 0.003467 0.422915 0.414912 0 
7 0.106383 0.051099 0.121839 0.003467 0.422915 0.414912 0 
7 0.12766 0.051099 0.102648 0.003467 0.422915 0.414912 0 
7 0.148936 0.048877 0.087176 0.003467 0.422915 0.414912 0 
7 0.170213 0.046776 0.078697 0.003467 0.422915 0.414912 0 
7 0.191489 0.045485 0.073788 0.003467 0.422915 0.414912 0 
7 0.212766 0.046776 0.083309 0.003467 0.422915 0.414912 0 
7 0.234043 0.048337 0.08554 0.003467 0.422915 0.414912 0 
7 0.255319 0.046836 0.102648 0.003467 0.422915 0.414912 0 
7 0.276596 0.048037 0.122285 0.003467 0.422915 0.414912 0 
7 0.297872 0.048877 0.153972 0.003467 0.422915 0.414912 0 
7 0.319149 0.051099 0.209015 0.003467 0.422915 0.414912 0 
7 0.340426 0.053381 0.258852 0.003467 0.422915 0.414912 1 
7 0.361702 0.051759 0.300506 0.003467 0.422915 0.414912 0 
7 0.382979 0.05305 0.347218 0.003467 0.422915 0.414912 1 
7 0.404255 0.051759 0.367153 0.003467 0.422915 0.414912 0 
7 0.425532 0.05305 0.360309 0.003467 0.422915 0.414912 1 
7 0.446809 0.051759 0.348408 0.003467 0.422915 0.414912 0 
7 0.468085 0.051759 0.342606 0.003467 0.422915 0.414912 0 
7 0.489362 0.051759 0.332044 0.003467 0.422915 0.414912 0 
7 0.510638 0.050198 0.324606 0.003467 0.422915 0.414912 0 
7 0.531915 0.050198 0.314341 0.003467 0.422915 0.414912 0 
7 0.553191 0.050198 0.296787 0.003467 0.422915 0.414912 0 
7 0.574468 0.050198 0.280422 0.003467 0.422915 0.414912 0 
7 0.595745 0.050198 0.27105 0.003467 0.422915 0.414912 0 
7 0.617021 0.050198 0.263017 0.003467 0.422915 0.414912 0 
7 0.638298 0.051099 0.259 0.003467 0.422915 0.414912 0 
7 0.659574 0.050198 0.261083 0.003467 0.422915 0.414912 0 
7 0.680851 0.051099 0.269711 0.003467 0.422915 0.414912 0 
7 0.702128 0.051759 0.287414 0.003467 0.422915 0.414912 1 
7 0.723404 0.055632 0.321035 0.003467 0.422915 0.414912 1 
7 0.744681 0.064639 0.408509 0.003467 0.422915 0.414912 1 
7 0.765957 0.057884 0.450015 0.003467 0.422915 0.414912 1 
7 0.787234 0.05305 0.430675 0.003467 0.422915 0.414912 1 
7 0.808511 0.051759 0.397501 0.003467 0.422915 0.414912 1 
7 0.829787 0.05305 0.373252 0.003467 0.422915 0.414912 1 
7 0.851064 0.053381 0.353169 0.003467 0.422915 0.414912 1 
7 0.87234 0.05305 0.336209 0.003467 0.422915 0.414912 1 
7 0.893617 0.053381 0.306903 0.003467 0.422915 0.414912 1 
7 0.914894 0.051099 0.279084 0.003467 0.422915 0.414912 0 
7 0.93617 0.051759 0.297977 0.003467 0.422915 0.414912 1 
7 0.957447 0.050198 0.309283 0.003467 0.422915 0.414912 0 
7 0.978723 0.050198 0.318655 0.003467 0.422915 0.414912 0 
7 1 0.050198 0.303779 0.003467 0.422915 0.414912 0 
