6 0 0.02642 0.359417 0.00177 0.393061 0.716228 0 
6 0.021277 0.025489 0.303779 0.001597 0.354997 0.699561 0 
6 0.042553 0.02606 0.250223 0.001751 0.411963 0.605263 0 
6 0.06383 0.024919 0.211842 0.001666 0.375453 0.639912 0 
6 0.085106 0.020626 0.17837 0.001375 0.316416 0.708333 0 
6 0.106383 0.020926 0.161857 0.000976 0.27188 0.715789 0 
6 0.12766 0.019004 0.151145 0.001265 0.254272 0.750439 0 
6 0.148936 0.020716 0.156947 0.001377 0.253237 0.752632 0 
6 0.170213 0.022727 0.185659 0.00151 0.271621 0.752632 0 
6 0.191489 0.023748 0.212437 0.001581 0.290005 0.754825 0 
6 0.212766 0.0269 0.295001 0.001791 0.338426 0.734211 0 
6 0.234043 0.033956 0.37831 0.002283 0.411704 0.645175 0 
6 0.255319 0.02627 0.396013 0.001743 0.502589 0.496491 0 
6 0.276596 0.027681 0.455668 0.001867 0.585707 0.433772 0 
6 0.297872 0.02642 0.487652 0.001766 0.574055 0.550439 0 
6 0.319149 0.027321 0.514579 0.001799 0.588814 0.534649 0 
6 0.340426 0.028822 0.570812 0.00189 0.610823 0.511404 0 
6 0.361702 0.029002 0.595805 0.001915 0.627395 0.436842 0 
6 0.382979 0.029182 0.590152 0.00194 0.647851 0.380263 0 
6 0.404255 0.029182 0.590003 0.001948 0.657949 0.363596 0 
6 0.425532 0.030143 0.598483 0.002017 0.674521 0.324561 0 
6 0.446809 0.030803 0.605772 0.002065 0.681512 0.29386 0 
6 0.468085 0.035277 0.611723 0.002368 0.673744 0.315789 1 
6 0.489362 0.032335 0.611128 0.002171 0.671673 0.318421 0 
6 0.510638 0.033235 0.617822 0.002231 0.678923 0.303509 0 
6 0.531915 0.030323 0.616334 0.002036 0.679959 0.324561 0 
6 0.553191 0.030563 0.619458 0.00205 0.665717 0.35614 0 
6 0.574468 0.030143 0.615888 0.002021 0.652253 0.333772 0 
6 0.595745 0.029002 0.613359 0.001946 0.639306 0.362281 0 
6 0.617021 0.028792 0.616037 0.001932 0.623252 0.406579 0 
6 0.638298 0.029242 0.62169 0.001959 0.620145 0.410965 0 
6 0.659574 0.028492 0.609342 0.001905 0.60202 0.425439 0 
6 0.680851 0.028131 0.578697 0.001874 0.590886 0.433772 0 
6 0.702128 0.028101 0.561738 0.001874 0.581823 0.427193 0 
6 0.723404 0.027321 0.512794 0.001813 0.535733 0.522807 0 
6 0.744681 0.027621 0.483785 0.001826 0.489384 0.541228 0 
6 0.765957 0.02627 0.449866 0.001735 0.445365 0.564912 0 
6 0.787234 0.02591 0.426212 0.001703 0.4174 0.589035 0 
6 0.808511 0.02651 0.449271 0.001739 0.406525 0.62193 0 
6 0.829787 0.027561 0.457602 0.001805 0.416624 0.592105 0 
6 0.851064 0.027651 0.428741 0.001811 0.417141 0.620175 0 
6 0.87234 0.028312 0.405088 0.001803 0.387364 0.637281 1 
6 0.893617 0.033535 0.435733 0.002204 0.35914 0.683772 1 
6 0.914894 0.027891 0.446891 0.001828 0.323666 0.782456 1 
6 0.93617 0.028191 0.455817 0.001824 0.318229 0.805263 1 
6 0.957447 0.028312 0.455519 0.00184 0.322113 0.789035 1 
6 0.978723 0.028492 0.423832 0.001853 0.398498 0.655263 1 
6 1 0.032965 0.398393 0.002187 0.394096 0.670614 1 
