6 0 0.041762 0.527968 0.003467 0.422915 0.414912 0 
6 0.021277 0.080911 0.503273 0.003467 0.422915 0.414912 0 
6 0.042553 0.041642 0.467718 0.003467 0.422915 0.414912 0 
6 0.06383 0.041582 0.394377 0.003467 0.422915 0.414912 0 
6 0.085106 0.041582 0.332788 0.003467 0.422915 0.414912 0 
6 0.106383 0.041582 0.282059 0.003467 0.422915 0.414912 0 
6 0.12766 0.041582 0.234157 0.003467 0.422915 0.414912 0 
6 0.148936 0.041582 0.196221 0.003467 0.422915 0.414912 0 
6 0.170213 0.041582 0.164683 0.003467 0.422915 0.414912 0 
6 0.191489 0.041341 0.151889 0.003467 0.422915 0.414912 0 
6 0.212766 0.041582 0.154865 0.003467 0.422915 0.414912 0 
6 0.234043 0.041582 0.167361 0.003467 0.422915 0.414912 0 
6 0.255319 0.041882 0.194287 0.003467 0.422915 0.414912 0 
6 0.276596 0.041582 0.228206 0.003467 0.422915 0.414912 0 
6 0.297872 0.041882 0.271497 0.003467 0.422915 0.414912 0 
6 0.319149 0.041642 0.351086 0.003467 0.422915 0.414912 0 
6 0.340426 0.041642 0.430527 0.003467 0.422915 0.414912 0 
6 0.361702 0.041882 0.499107 0.003467 0.422915 0.414912 0 
6 0.382979 0.041912 0.548944 0.003467 0.422915 0.414912 0 
6 0.404255 0.041882 0.561291 0.003467 0.422915 0.414912 0 
6 0.425532 0.041762 0.540762 0.003467 0.422915 0.414912 0 
6 0.446809 0.041762 0.513686 0.003467 0.422915 0.414912 0 
6 0.468085 0.041642 0.496578 0.003467 0.422915 0.414912 0 
6 0.489362 0.041882 0.476198 0.003467 0.422915 0.414912 0 
6 0.510638 0.041732 0.460726 0.003467 0.422915 0.414912 0 
6 0.531915 0.041642 0.429337 0.003467 0.422915 0.414912 0 
6 0.553191 0.041582 0.399732 0.003467 0.422915 0.414912 0 
6 0.574468 0.041582 0.380244 0.003467 0.422915 0.414912 0 
6 0.595745 0.041582 0.358227 0.003467 0.422915 0.414912 0 
6 0.617021 0.041582 0.349301 0.003467 0.422915 0.414912 0 
6 0.638298 0.041582 0.345433 0.003467 0.422915 0.414912 0 
6 0.659574 0.041582 0.354359 0.003467 0.422915 0.414912 0 
6 0.680851 0.041582 0.374145 0.003467 0.422915 0.414912 0 
6 0.702128 0.041882 0.441089 0.003467 0.422915 0.414912 0 
6 0.723404 0.041942 0.526629 0.003467 0.422915 0.414912 0 
6 0.744681 0.041912 0.609789 0.003467 0.422915 0.414912 0 
6 0.765957 0.041912 0.62645 0.003467 0.422915 0.414912 0 
6 0.787234 0.041882 0.602946 0.003467 0.422915 0.414912 0 
6 0.808511 0.041882 0.558465 0.003467 0.422915 0.414912 0 
6 0.829787 0.041642 0.524398 0.003467 0.422915 0.414912 0 
6 0.851064 0.041642 0.504612 0.003467 0.422915 0.414912 0 
6 0.87234 0.041642 0.486314 0.003467 0.422915 0.414912 0 
6 0.893617 0.041582 0.457899 0.003467 0.422915 0.414912 0 
6 0.914894 0.041582 0.427551 0.003467 0.422915 0.414912 0 
6 0.93617 0.041882 0.452544 0.003467 0.422915 0.414912 0 
6 0.957447 0.041642 0.449866 0.003467 0.422915 0.414912 0 
6 0.978723 0.041642 0.455222 0.003467 0.422915 0.414912 0 
6 1 0.041642 0.423088 0.003467 0.422915 0.414912 0 
