5 0 0.048487 0.422791 0.003467 0.422915 0.414912 0 
5 0.021277 0.057464 0.402261 0.003467 0.422915 0.414912 1 
5 0.042553 0.048487 0.381137 0.003467 0.422915 0.414912 0 
5 0.06383 0.046445 0.325052 0.003467 0.422915 0.414912 0 
5 0.085106 0.046445 0.274174 0.003467 0.422915 0.414912 0 
5 0.106383 0.045455 0.231627 0.003467 0.422915 0.414912 0 
5 0.12766 0.045455 0.195924 0.003467 0.422915 0.414912 0 
5 0.148936 0.057464 0.170336 0.003467 0.422915 0.414912 1 
5 0.170213 0.056263 0.155311 0.003467 0.422915 0.414912 1 
5 0.191489 0.046445 0.151443 0.003467 0.422915 0.414912 0 
5 0.212766 0.064879 0.172121 0.003467 0.422915 0.414912 1 
5 0.234043 0.046445 0.20961 0.003467 0.422915 0.414912 0 
5 0.255319 0.049928 0.291729 0.003467 0.422915 0.414912 0 
5 0.276596 0.047286 0.369384 0.003467 0.422915 0.414912 0 
5 0.297872 0.046445 0.35778 0.003467 0.422915 0.414912 0 
5 0.319149 0.047286 0.417882 0.003467 0.422915 0.414912 0 
5 0.340426 0.048487 0.444362 0.003467 0.422915 0.414912 0 
5 0.361702 0.049928 0.468462 0.003467 0.422915 0.414912 0 
5 0.382979 0.057644 0.512794 0.003467 0.422915 0.414912 1 
5 0.404255 0.057644 0.524695 0.003467 0.422915 0.414912 1 
5 0.425532 0.056263 0.518001 0.003467 0.422915 0.414912 1 
5 0.446809 0.057254 0.488099 0.003467 0.422915 0.414912 1 
5 0.468085 0.074367 0.477834 0.003467 0.422915 0.414912 1 
5 0.489362 0.074367 0.485272 0.003467 0.422915 0.414912 1 
5 0.510638 0.057644 0.475007 0.003467 0.422915 0.414912 1 
5 0.531915 0.057644 0.462809 0.003467 0.422915 0.414912 1 
5 0.553191 0.054191 0.455519 0.003467 0.422915 0.414912 0 
5 0.574468 0.057644 0.448527 0.003467 0.422915 0.414912 1 
5 0.595745 0.056263 0.44213 0.003467 0.422915 0.414912 1 
5 0.617021 0.057644 0.435138 0.003467 0.422915 0.414912 1 
5 0.638298 0.056263 0.419816 0.003467 0.422915 0.414912 1 
5 0.659574 0.056263 0.402559 0.003467 0.422915 0.414912 1 
5 0.680851 0.048487 0.406873 0.003467 0.422915 0.414912 0 
5 0.702128 0.051219 0.419816 0.003467 0.422915 0.414912 0 
5 0.723404 0.057644 0.414906 0.003467 0.422915 0.414912 1 
5 0.744681 0.056263 0.43618 0.003467 0.422915 0.414912 1 
5 0.765957 0.057644 0.457156 0.003467 0.422915 0.414912 1 
5 0.787234 0.056263 0.470842 0.003467 0.422915 0.414912 1 
5 0.808511 0.048487 0.437965 0.003467 0.422915 0.414912 0 
5 0.829787 0.047286 0.412972 0.003467 0.422915 0.414912 0 
5 0.851064 0.048487 0.397947 0.003467 0.422915 0.414912 0 
5 0.87234 0.047286 0.368789 0.003467 0.422915 0.414912 0 
5 0.893617 0.045455 0.344243 0.003467 0.422915 0.414912 0 
5 0.914894 0.045455 0.298869 0.003467 0.422915 0.414912 0 
5 0.93617 0.051219 0.360161 0.003467 0.422915 0.414912 0 
5 0.957447 0.056263 0.395716 0.003467 0.422915 0.414912 1 
5 0.978723 0.056263 0.421303 0.003467 0.422915 0.414912 1 
5 1 0.051219 0.417287 0.003467 0.422915 0.414912 0 
