3 0 0.069443 0.562481 0.004786 0.498964 0.571491 1 
3 0.021277 0.040441 0.545225 0.002786 0.483946 0.569737 0 
3 0.042553 0.055032 0.521571 0.003517 0.538581 0.486842 1 
3 0.06383 0.047766 0.47352 0.003297 0.51942 0.489912 0 
3 0.085106 0.03951 0.420411 0.002717 0.474883 0.542105 0 
3 0.106383 0.038579 0.366111 0.002634 0.433195 0.603947 0 
3 0.12766 0.034526 0.311366 0.002339 0.392802 0.684649 0 
3 0.148936 0.033025 0.276257 0.002216 0.369498 0.761404 0 
3 0.170213 0.034226 0.254389 0.002283 0.347747 0.800439 0 
3 0.191489 0.034226 0.252306 0.002281 0.332211 0.794737 0 
3 0.212766 0.034226 0.281613 0.002293 0.336872 0.762281 0 
3 0.234043 0.034796 0.337995 0.002347 0.367944 0.682456 0 
3 0.255319 0.036838 0.451354 0.002513 0.445365 0.615351 0 
3 0.276596 0.037468 0.576317 0.002611 0.536769 0.424123 0 
3 0.297872 0.049928 0.618417 0.003527 0.582341 0.432456 0 
3 0.319149 0.053921 0.704255 0.00382 0.662092 0.347368 1 
3 0.340426 0.087547 0.70842 0.006055 0.705593 0.390351 1 
3 0.361702 0.047586 0.684915 0.003255 0.708182 0.342982 0 
3 0.382979 0.054551 0.70604 0.003698 0.721129 0.346491 1 
3 0.404255 0.03897 0.702618 0.002634 0.704039 0.399123 0 
3 0.425532 0.038519 0.676436 0.002597 0.6797 0.422807 0 
3 0.446809 0.048247 0.627492 0.00327 0.658985 0.398684 0 
3 0.468085 0.080431 0.615293 0.005503 0.635681 0.375 1 
3 0.489362 0.047556 0.598185 0.003309 0.616779 0.369737 0 
3 0.510638 0.03888 0.587325 0.002705 0.58985 0.418421 0 
3 0.531915 0.036868 0.57587 0.002547 0.574573 0.43114 0 
3 0.553191 0.038489 0.573639 0.002665 0.590368 0.430263 0 
3 0.574468 0.037559 0.559506 0.002601 0.583635 0.448684 0 
3 0.595745 0.037498 0.536894 0.00259 0.562662 0.481579 0 
3 0.617021 0.037529 0.534067 0.002586 0.55101 0.490351 0 
3 0.638298 0.037438 0.524695 0.002574 0.529259 0.532018 0 
3 0.659574 0.035697 0.533621 0.002356 0.519679 0.565789 0 
3 0.680851 0.036087 0.556382 0.002424 0.512688 0.576754 0 
3 0.702128 0.035037 0.598929 0.002331 0.523563 0.622368 0 
3 0.723404 0.043263 0.68075 0.002835 0.559814 0.617982 0 
3 0.744681 0.094061 0.79634 0.006196 0.635681 0.515351 1 
3 0.765957 0.051759 0.843053 0.003461 0.676334 0.435088 1 
3 0.787234 0.03999 0.823713 0.00269 0.658467 0.500439 0 
3 0.808511 0.03939 0.786522 0.002657 0.619368 0.484649 0 
3 0.829787 0.046716 0.754389 0.003174 0.593734 0.529386 0 
3 0.851064 0.075177 0.731776 0.005118 0.566287 0.544737 1 
3 0.87234 0.064159 0.703957 0.004387 0.537027 0.569298 1 
3 0.893617 0.063738 0.659774 0.004389 0.494562 0.553509 1 
3 0.914894 0.037318 0.605177 0.002574 0.47333 0.600439 0 
3 0.93617 0.051159 0.627194 0.003498 0.445624 0.639474 1 
3 0.957447 0.036087 0.60607 0.002472 0.423097 0.659649 0 
3 0.978723 0.049207 0.585094 0.003392 0.497411 0.515351 1 
3 1 0.037048 0.568134 0.00257 0.485759 0.576754 0 
