3 0 0.075627 0.574829 0.004859 0.479285 0.687719 1 
3 0.021277 0.077699 0.556233 0.004412 0.440186 0.692544 1 
3 0.042553 0.076738 0.529753 0.004969 0.505697 0.616228 1 
3 0.06383 0.066471 0.475007 0.004312 0.489902 0.634649 1 
3 0.085106 0.056083 0.418625 0.003629 0.455722 0.699123 0 
3 0.106383 0.051429 0.369087 0.003255 0.419472 0.763158 0 
3 0.12766 0.048607 0.3133 0.002692 0.375194 0.770614 0 
3 0.148936 0.045244 0.286968 0.00268 0.350337 0.770614 0 
3 0.170213 0.028312 0.264951 0.001799 0.321854 0.765351 0 
3 0.191489 0.031434 0.264356 0.002007 0.304505 0.777193 0 
3 0.212766 0.048667 0.291282 0.002462 0.307872 0.794298 0 
3 0.234043 0.045845 0.343053 0.002875 0.342051 0.794298 0 
3 0.255319 0.059055 0.46742 0.00372 0.444329 0.718421 0 
3 0.276596 0.07923 0.582565 0.00512 0.5145 0.638596 1 
3 0.297872 0.061637 0.612467 0.004038 0.561367 0.541667 0 
3 0.319149 0.080371 0.682237 0.005301 0.639824 0.551754 1 
3 0.340426 0.083343 0.688188 0.005496 0.668824 0.518421 1 
3 0.361702 0.079921 0.665576 0.005293 0.673226 0.465789 1 
3 0.382979 0.077699 0.652336 0.005177 0.68203 0.471053 1 
3 0.404255 0.077729 0.64698 0.005183 0.674262 0.429386 1 
3 0.425532 0.066981 0.611723 0.004487 0.654842 0.351754 1 
3 0.446809 0.054191 0.59997 0.003612 0.644226 0.388596 0 
3 0.468085 0.054612 0.580928 0.003652 0.643449 0.39693 0 
3 0.489362 0.067401 0.576019 0.004497 0.624029 0.433772 1 
3 0.510638 0.061727 0.560547 0.004078 0.612118 0.479825 0 
3 0.531915 0.055482 0.539572 0.003635 0.603573 0.435088 0 
3 0.553191 0.055152 0.534811 0.003635 0.62144 0.411404 0 
3 0.574468 0.053771 0.522017 0.003542 0.612118 0.420175 0 
3 0.595745 0.0529 0.51681 0.003467 0.611859 0.403947 0 
3 0.617021 0.053351 0.504314 0.003511 0.602538 0.432456 0 
3 0.638298 0.05239 0.497769 0.003446 0.577421 0.46886 0 
3 0.659574 0.05239 0.510562 0.003444 0.58985 0.453509 0 
3 0.680851 0.05323 0.528414 0.003527 0.595805 0.435965 0 
3 0.702128 0.058004 0.55906 0.00386 0.62144 0.439912 0 
3 0.723404 0.071544 0.62288 0.004794 0.66028 0.423684 1 
3 0.744681 0.090579 0.735495 0.006003 0.72579 0.464035 1 
3 0.765957 0.09262 0.771199 0.006107 0.741067 0.466228 1 
3 0.787234 0.091119 0.760637 0.00597 0.699896 0.490789 1 
3 0.808511 0.080041 0.723148 0.005291 0.665199 0.490789 1 
3 0.829787 0.071394 0.696519 0.004755 0.635422 0.460526 1 
3 0.851064 0.064459 0.677179 0.004302 0.608234 0.460088 0 
3 0.87234 0.060496 0.648468 0.004005 0.574055 0.464035 0 
3 0.893617 0.05326 0.60488 0.003523 0.54609 0.479386 0 
3 0.914894 0.045274 0.552514 0.003031 0.503625 0.470614 0 
3 0.93617 0.071304 0.588218 0.004705 0.483428 0.642544 1 
3 0.957447 0.053531 0.580036 0.003303 0.446142 0.61886 0 
3 0.978723 0.073106 0.571407 0.00478 0.517349 0.617105 1 
3 1 0.071094 0.558911 0.004612 0.506214 0.660088 1 
