5 0 0.053741 0.558762 0.003606 0.487312 0.532895 0 
5 0.021277 0.053981 0.540613 0.003581 0.46841 0.538158 0 
5 0.042553 0.061847 0.511009 0.004304 0.531849 0.475 1 
5 0.06383 0.054461 0.461916 0.003631 0.510357 0.49693 0 
5 0.085106 0.048787 0.398393 0.003282 0.477473 0.55614 0 
5 0.106383 0.045845 0.34216 0.002987 0.454946 0.632895 0 
5 0.12766 0.043653 0.307944 0.00284 0.412998 0.673684 0 
5 0.148936 0.03933 0.276406 0.002538 0.39332 0.685526 0 
5 0.170213 0.042602 0.25781 0.002754 0.365355 0.708772 0 
5 0.191489 0.043353 0.255727 0.002709 0.345158 0.730263 0 
5 0.212766 0.044104 0.288753 0.002846 0.357069 0.723684 0 
5 0.234043 0.035037 0.330408 0.002283 0.381926 0.667982 0 
5 0.255319 0.051459 0.421303 0.003394 0.444588 0.558333 0 
5 0.276596 0.069022 0.511901 0.004805 0.51217 0.485965 1 
5 0.297872 0.045905 0.549985 0.003103 0.542724 0.429386 0 
5 0.319149 0.069503 0.629128 0.004801 0.62377 0.388158 1 
5 0.340426 0.082953 0.680452 0.005598 0.687468 0.357456 1 
5 0.361702 0.104569 0.686998 0.007081 0.73537 0.334649 1 
5 0.382979 0.135613 0.69756 0.009298 0.757639 0.289474 1 
5 0.404255 0.091029 0.694585 0.006196 0.761523 0.385526 1 
5 0.425532 0.083794 0.678518 0.005916 0.758674 0.37193 1 
5 0.446809 0.081632 0.658881 0.005496 0.765924 0.377632 1 
5 0.468085 0.082142 0.645344 0.005534 0.76696 0.427193 1 
5 0.489362 0.078179 0.632401 0.005233 0.765665 0.415351 1 
5 0.510638 0.076318 0.617525 0.005108 0.749871 0.445614 1 
5 0.531915 0.075357 0.611871 0.005044 0.756085 0.410088 1 
5 0.553191 0.077729 0.605326 0.005241 0.795961 0.364474 1 
5 0.574468 0.07896 0.599078 0.005295 0.8058 0.374561 1 
5 0.595745 0.077369 0.592086 0.005247 0.796479 0.375 1 
5 0.617021 0.075838 0.577953 0.005118 0.786121 0.395614 1 
5 0.638298 0.078119 0.589557 0.005249 0.780943 0.425439 1 
5 0.659574 0.077129 0.605028 0.005183 0.765407 0.465789 1 
5 0.680851 0.075297 0.634335 0.005062 0.736665 0.47193 1 
5 0.702128 0.078209 0.698007 0.005245 0.739254 0.553947 1 
5 0.723404 0.115258 0.798274 0.007725 0.783532 0.507895 1 
5 0.744681 0.150805 0.896162 0.010197 0.851631 0.441667 1 
5 0.765957 0.150805 0.914906 0.010235 0.838685 0.480263 1 
5 0.787234 0.150805 0.900922 0.010189 0.802175 0.516228 1 
5 0.808511 0.135163 0.866706 0.009005 0.754272 0.592105 1 
5 0.829787 0.123544 0.836358 0.008126 0.709736 0.593421 1 
5 0.851064 0.136123 0.821035 0.008961 0.684102 0.572368 1 
5 0.87234 0.097994 0.797382 0.006412 0.662869 0.596491 1 
5 0.893617 0.080461 0.747843 0.005247 0.611082 0.584649 1 
5 0.914894 0.063108 0.689824 0.004155 0.578975 0.538596 0 
5 0.93617 0.076438 0.69756 0.004767 0.538581 0.649123 0 
5 0.957447 0.048067 0.681345 0.003087 0.508545 0.575877 0 
5 0.978723 0.127717 0.655757 0.008531 0.576385 0.589035 1 
5 1 0.073556 0.641476 0.004863 0.553081 0.625439 0 
