4 0 0.029302 0.414014 0.001832 0.364578 0.790789 1 
4 0.021277 0.029422 0.390658 0.001791 0.335577 0.818421 1 
4 0.042553 0.030563 0.357334 0.001892 0.394355 0.748246 1 
4 0.06383 0.030113 0.30482 0.001832 0.375971 0.748246 1 
4 0.085106 0.029302 0.253942 0.00178 0.342051 0.761404 1 
4 0.106383 0.028732 0.208123 0.001377 0.306318 0.767982 1 
4 0.12766 0.025309 0.169146 0.001273 0.280684 0.80307 0 
4 0.148936 0.021196 0.144005 0.001352 0.26463 0.849561 0 
4 0.170213 0.019395 0.1385 0.001232 0.256862 0.853947 0 
4 0.191489 0.021737 0.144005 0.001381 0.241585 0.844298 0 
4 0.212766 0.025489 0.168849 0.001624 0.254013 0.845175 0 
4 0.234043 0.027441 0.2108 0.001747 0.261781 0.838158 0 
4 0.255319 0.029062 0.290687 0.001843 0.323408 0.747368 1 
4 0.276596 0.029422 0.357929 0.001863 0.37131 0.715351 1 
4 0.297872 0.028131 0.358524 0.001805 0.390471 0.670614 1 
4 0.319149 0.028732 0.417287 0.001859 0.442776 0.637281 1 
4 0.340426 0.029392 0.455073 0.001905 0.490678 0.618421 1 
4 0.361702 0.029152 0.476198 0.001892 0.511134 0.603947 1 
4 0.382979 0.029422 0.499702 0.001919 0.511393 0.627632 1 
4 0.404255 0.029422 0.507438 0.001915 0.506732 0.636404 1 
4 0.425532 0.029422 0.500893 0.001915 0.504661 0.635526 1 
4 0.446809 0.029332 0.496281 0.001911 0.503625 0.642544 1 
4 0.468085 0.029332 0.489884 0.001909 0.495857 0.656579 1 
4 0.489362 0.028882 0.486909 0.001878 0.497929 0.636404 1 
4 0.510638 0.028732 0.482892 0.001872 0.485759 0.675877 1 
4 0.531915 0.028852 0.474264 0.001882 0.483428 0.663596 1 
4 0.553191 0.030173 0.472032 0.001948 0.49275 0.660965 1 
4 0.574468 0.029422 0.468462 0.001892 0.481357 0.662281 1 
4 0.595745 0.029422 0.464148 0.00189 0.486794 0.659211 1 
4 0.617021 0.029422 0.457156 0.00187 0.482134 0.675877 1 
4 0.638298 0.030743 0.451205 0.001959 0.474107 0.670175 1 
4 0.659574 0.030443 0.451949 0.001948 0.469446 0.673246 1 
4 0.680851 0.029422 0.453436 0.001888 0.467633 0.67807 1 
4 0.702128 0.029422 0.470991 0.001892 0.474107 0.672807 1 
4 0.723404 0.029993 0.483487 0.001928 0.482393 0.697807 1 
4 0.744681 0.033325 0.533175 0.002127 0.512429 0.675 1 
4 0.765957 0.035427 0.557126 0.002306 0.561885 0.620175 1 
4 0.787234 0.032935 0.535109 0.002152 0.561885 0.610088 1 
4 0.808511 0.029182 0.491818 0.001907 0.514241 0.613596 1 
4 0.829787 0.028732 0.456412 0.001878 0.482651 0.642105 1 
4 0.851064 0.028732 0.429485 0.001882 0.466598 0.664035 1 
4 0.87234 0.028822 0.411336 0.00188 0.443811 0.676316 1 
4 0.893617 0.028972 0.383517 0.001888 0.419731 0.676316 1 
4 0.914894 0.028972 0.346177 0.001811 0.391507 0.67807 1 
4 0.93617 0.033956 0.405088 0.001926 0.371828 0.731579 1 
4 0.957447 0.036478 0.433353 0.001994 0.347488 0.731579 1 
4 0.978723 0.049207 0.44332 0.002725 0.410409 0.722807 1 
4 1 0.072625 0.440791 0.001822 0.402382 0.735965 1 
