4 0 0.037859 0.576912 0.002524 0.516313 0.624123 0 
4 0.021277 0.041672 0.566796 0.0028 0.496375 0.628509 1 
4 0.042553 0.046535 0.536447 0.003157 0.540135 0.512719 1 
4 0.06383 0.056743 0.49524 0.00388 0.515795 0.563158 1 
4 0.085106 0.040891 0.433651 0.002742 0.47566 0.59693 1 
4 0.106383 0.040891 0.389021 0.001959 0.429052 0.59693 1 
4 0.12766 0.0396 0.335168 0.002017 0.38115 0.645614 1 
4 0.148936 0.033445 0.29634 0.002113 0.349301 0.728509 0 
4 0.170213 0.032905 0.27105 0.002192 0.331952 0.779825 0 
4 0.191489 0.032665 0.265843 0.002158 0.314863 0.828509 0 
4 0.212766 0.033175 0.292324 0.002206 0.327033 0.817105 0 
4 0.234043 0.033295 0.343499 0.002177 0.350596 0.750439 0 
4 0.255319 0.036838 0.467272 0.002501 0.42465 0.669737 0 
4 0.276596 0.045425 0.591639 0.003143 0.510098 0.569298 1 
4 0.297872 0.036598 0.620797 0.002513 0.572242 0.523684 0 
4 0.319149 0.042152 0.713181 0.002844 0.660798 0.425877 1 
4 0.340426 0.037649 0.728206 0.002528 0.706888 0.438596 0 
4 0.361702 0.033475 0.712437 0.00221 0.707923 0.481579 0 
4 0.382979 0.037559 0.733859 0.002466 0.722165 0.471491 0 
4 0.404255 0.040621 0.738768 0.002686 0.714397 0.471491 1 
4 0.425532 0.03912 0.712139 0.002603 0.707405 0.458333 0 
4 0.446809 0.041431 0.679857 0.002777 0.694459 0.446491 1 
4 0.468085 0.037228 0.657542 0.002511 0.689021 0.439035 0 
4 0.489362 0.036208 0.629575 0.00243 0.685396 0.415351 0 
4 0.510638 0.033626 0.609491 0.00225 0.671673 0.44693 0 
4 0.531915 0.033626 0.595061 0.002246 0.661056 0.44386 0 
4 0.553191 0.033626 0.580333 0.002248 0.700414 0.365351 0 
4 0.574468 0.033626 0.571259 0.002256 0.711548 0.370614 0 
4 0.595745 0.033626 0.562184 0.002254 0.70378 0.380263 0 
4 0.617021 0.033626 0.547754 0.002252 0.690834 0.409649 0 
4 0.638298 0.033626 0.538233 0.002246 0.672967 0.446053 0 
4 0.659574 0.033626 0.551324 0.002235 0.661833 0.450877 0 
4 0.680851 0.033626 0.581523 0.002235 0.646297 0.466667 0 
4 0.702128 0.036808 0.645641 0.002439 0.662092 0.496491 0 
4 0.723404 0.048667 0.74576 0.003191 0.69912 0.514474 1 
4 0.744681 0.044464 0.867004 0.002904 0.762817 0.454386 1 
4 0.765957 0.044043 0.881434 0.002894 0.753755 0.476316 1 
4 0.787234 0.068512 0.869979 0.004514 0.702486 0.514912 1 
4 0.808511 0.044434 0.835763 0.002979 0.664423 0.54693 1 
4 0.829787 0.044344 0.806308 0.002979 0.633868 0.55614 1 
4 0.851064 0.099496 0.787712 0.006712 0.603573 0.597368 1 
4 0.87234 0.05257 0.755727 0.003571 0.56784 0.609649 1 
4 0.893617 0.037619 0.703511 0.002549 0.527447 0.613596 0 
4 0.914894 0.033626 0.638947 0.002256 0.495857 0.657456 0 
4 0.93617 0.038669 0.662749 0.002565 0.472812 0.70307 0 
4 0.957447 0.033986 0.650253 0.002258 0.44899 0.69386 0 
4 0.978723 0.040981 0.63612 0.002736 0.530813 0.558772 1 
4 1 0.037589 0.606962 0.002524 0.525375 0.592982 0 
