2 0 0.045394 0.256025 0.000831 0.279389 0.710526 1 
2 0.021277 0.027471 0.223148 0.000831 0.25738 0.710526 0 
2 0.042553 0.027381 0.191015 0.000947 0.314863 0.666667 0 
2 0.06383 0.030233 0.175543 0.000897 0.294407 0.644737 0 
2 0.085106 0.028912 0.154567 0.000831 0.256085 0.710526 0 
2 0.106383 0.027861 0.147129 0.000825 0.221647 0.710526 0 
2 0.12766 0.02663 0.148914 0.000881 0.211031 0.776316 0 
2 0.148936 0.027381 0.160518 0.000845 0.212066 0.798246 0 
2 0.170213 0.028912 0.192651 0.000864 0.228638 0.809649 0 
2 0.191489 0.030083 0.237429 0.00092 0.251165 0.797807 0 
2 0.212766 0.02615 0.319548 0.001336 0.310979 0.828509 0 
2 0.234043 0.049207 0.407617 0.001039 0.367426 0.773684 1 
2 0.255319 0.02576 0.441238 0.001647 0.470999 0.660526 0 
2 0.276596 0.027381 0.511455 0.001753 0.542983 0.609211 0 
2 0.297872 0.024889 0.538084 0.001581 0.518125 0.717982 0 
2 0.319149 0.025519 0.566796 0.001604 0.513723 0.749561 0 
2 0.340426 0.028822 0.624963 0.001811 0.529518 0.720175 0 
2 0.361702 0.028822 0.649658 0.00182 0.529259 0.715789 0 
2 0.382979 0.028822 0.659179 0.001822 0.530295 0.689912 0 
2 0.404255 0.029933 0.655757 0.001901 0.527965 0.703509 0 
2 0.425532 0.028822 0.666022 0.001826 0.537286 0.70614 0 
2 0.446809 0.029933 0.677031 0.001897 0.539876 0.723684 0 
2 0.468085 0.031434 0.681791 0.00199 0.532885 0.685088 0 
2 0.489362 0.032064 0.684171 0.002034 0.532108 0.732895 0 
2 0.510638 0.029212 0.663791 0.001849 0.531331 0.730702 0 
2 0.531915 0.028822 0.65903 0.00182 0.529259 0.722807 0 
2 0.553191 0.028822 0.660071 0.001822 0.527188 0.716228 0 
2 0.574468 0.028822 0.647873 0.00182 0.516831 0.735965 0 
2 0.595745 0.02651 0.632104 0.001674 0.505955 0.763158 0 
2 0.617021 0.027771 0.642815 0.001751 0.504661 0.735526 0 
2 0.638298 0.028552 0.644302 0.001797 0.498705 0.77807 0 
2 0.659574 0.028011 0.648319 0.001762 0.509581 0.772807 0 
2 0.680851 0.02681 0.63017 0.001683 0.513723 0.800439 0 
2 0.702128 0.027801 0.60488 0.001751 0.505955 0.789474 0 
2 0.723404 0.029663 0.557275 0.001884 0.459606 0.778509 0 
2 0.744681 0.031194 0.516067 0.000997 0.420508 0.722807 1 
2 0.765957 0.029663 0.473073 0.000831 0.387364 0.710526 0 
2 0.787234 0.028822 0.455222 0.000833 0.3739 0.719298 0 
2 0.808511 0.029512 0.466677 0.00086 0.384516 0.671053 0 
2 0.829787 0.030713 0.466082 0.000924 0.410668 0.666667 1 
2 0.851064 0.028792 0.426064 0.000891 0.404454 0.666667 0 
2 0.87234 0.028762 0.384112 0.000823 0.367426 0.688596 0 
2 0.893617 0.030473 0.408658 0.000868 0.338685 0.732456 1 
2 0.914894 0.027471 0.411336 0.000856 0.296479 0.820175 0 
2 0.93617 0.032815 0.428146 0.000831 0.278353 0.820175 1 
2 0.957447 0.030713 0.420262 0.000831 0.273692 0.820175 1 
2 0.978723 0.035367 0.405832 0.000839 0.351631 0.754386 1 
2 1 0.033235 0.371021 0.00112 0.36173 0.798246 1 
