4 0 0.077189 0.500149 0.00521 0.424909 0.514474 1 
4 0.021277 0.074427 0.476941 0.005039 0.396168 0.506579 1 
4 0.042553 0.0792 0.450907 0.005397 0.441222 0.443421 1 
4 0.06383 0.080641 0.404195 0.005482 0.420766 0.481579 1 
4 0.085106 0.056473 0.343796 0.003814 0.37623 0.565351 0 
4 0.106383 0.046265 0.297679 0.003091 0.331952 0.676754 0 
4 0.12766 0.044554 0.248735 0.002929 0.287934 0.754825 0 
4 0.148936 0.043953 0.218685 0.002765 0.258674 0.765789 0 
4 0.170213 0.043683 0.200982 0.002657 0.229674 0.765789 0 
4 0.191489 0.043653 0.202172 0.002806 0.220352 0.765789 0 
4 0.212766 0.043683 0.227611 0.002852 0.223459 0.765789 0 
4 0.234043 0.043593 0.275662 0.002827 0.255049 0.758772 0 
4 0.255319 0.046205 0.385748 0.003064 0.328327 0.647807 0 
4 0.276596 0.05296 0.499554 0.003596 0.407043 0.565789 0 
4 0.297872 0.054401 0.517257 0.003675 0.448213 0.499123 0 
4 0.319149 0.07908 0.588069 0.005422 0.51217 0.475439 1 
4 0.340426 0.090279 0.591491 0.006126 0.548938 0.432018 1 
4 0.361702 0.071034 0.58435 0.004913 0.553599 0.359211 0 
4 0.382979 0.079741 0.603392 0.005476 0.557742 0.395175 1 
4 0.404255 0.081512 0.603094 0.005521 0.55593 0.400877 1 
4 0.425532 0.074637 0.581672 0.005098 0.552046 0.410965 1 
4 0.446809 0.074276 0.557423 0.005075 0.546608 0.386842 1 
4 0.468085 0.061487 0.540018 0.004238 0.540135 0.348246 0 
4 0.489362 0.061457 0.52648 0.004236 0.537286 0.500526 0 
4 0.510638 0.063378 0.499405 0.004254 0.515795 0.385965 0 
4 0.531915 0.061547 0.494942 0.004202 0.513982 0.410526 0 
4 0.553191 0.062057 0.490033 0.004252 0.542724 0.370175 0 
4 0.574468 0.083824 0.480512 0.00576 0.542465 0.392982 1 
4 0.595745 0.06542 0.465189 0.004506 0.52434 0.379386 0 
4 0.617021 0.05296 0.456709 0.003675 0.513982 0.365789 0 
4 0.638298 0.051489 0.457899 0.003581 0.495598 0.397368 0 
4 0.659574 0.05326 0.469801 0.003706 0.501295 0.383333 0 
4 0.680851 0.05287 0.486016 0.003681 0.502071 0.378509 0 
4 0.702128 0.057704 0.538084 0.004028 0.527706 0.425 0 
4 0.723404 0.077099 0.611871 0.005332 0.578457 0.39693 1 
4 0.744681 0.101807 0.690866 0.006776 0.653806 0.483772 1 
4 0.765957 0.097514 0.682684 0.006504 0.635681 0.457018 1 
4 0.787234 0.093641 0.661113 0.006294 0.590627 0.452632 1 
4 0.808511 0.072685 0.626302 0.004958 0.538322 0.415351 1 
4 0.829787 0.073106 0.593425 0.005012 0.517607 0.365351 1 
4 0.851064 0.070494 0.5723 0.004836 0.486794 0.436842 1 
4 0.87234 0.081962 0.540018 0.005573 0.461419 0.494298 1 
4 0.893617 0.058605 0.491669 0.003978 0.416882 0.496491 0 
4 0.914894 0.054401 0.454775 0.003689 0.381668 0.562281 0 
4 0.93617 0.05281 0.491223 0.003573 0.355256 0.610526 0 
4 0.957447 0.048787 0.490033 0.003301 0.349819 0.566667 0 
4 0.978723 0.051009 0.492115 0.003492 0.435267 0.464474 0 
4 1 0.048937 0.481256 0.003328 0.430088 0.519737 0 
