5 0 0.05236 0.365963 0.003467 0.422915 0.414912 0 
5 0.021277 0.047856 0.303184 0.003467 0.422915 0.414912 0 
5 0.042553 0.048727 0.246504 0.003467 0.422915 0.414912 0 
5 0.06383 0.045334 0.2169 0.003467 0.422915 0.414912 0 
5 0.085106 0.048727 0.185659 0.003467 0.422915 0.414912 0 
5 0.106383 0.048727 0.167212 0.003467 0.422915 0.414912 0 
5 0.12766 0.05236 0.159774 0.003467 0.422915 0.414912 0 
5 0.148936 0.059625 0.15784 0.003467 0.422915 0.414912 0 
5 0.170213 0.059385 0.184023 0.003467 0.422915 0.414912 0 
5 0.191489 0.076438 0.219875 0.003467 0.422915 0.414912 1 
5 0.212766 0.090159 0.300357 0.003467 0.422915 0.414912 1 
5 0.234043 0.100396 0.389467 0.003467 0.422915 0.414912 1 
5 0.255319 0.110664 0.406575 0.003467 0.422915 0.414912 1 
5 0.276596 0.100396 0.466528 0.003467 0.422915 0.414912 1 
5 0.297872 0.090159 0.485421 0.003467 0.422915 0.414912 1 
5 0.319149 0.090159 0.487504 0.003467 0.422915 0.414912 1 
5 0.340426 0.162363 0.530794 0.003467 0.422915 0.414912 1 
5 0.361702 0.187402 0.549093 0.003467 0.422915 0.414912 1 
5 0.382979 0.135313 0.549241 0.003467 0.422915 0.414912 1 
5 0.404255 0.170049 0.534365 0.003467 0.422915 0.414912 1 
5 0.425532 0.135313 0.52172 0.003467 0.422915 0.414912 1 
5 0.446809 0.152666 0.519191 0.003467 0.422915 0.414912 1 
5 0.468085 0.125465 0.514877 0.003467 0.422915 0.414912 1 
5 0.489362 0.125465 0.510562 0.003467 0.422915 0.414912 1 
5 0.510638 0.122913 0.507885 0.003467 0.422915 0.414912 1 
5 0.531915 0.125465 0.508926 0.003467 0.422915 0.414912 1 
5 0.553191 0.125465 0.505951 0.003467 0.422915 0.414912 1 
5 0.574468 0.125465 0.489884 0.003467 0.422915 0.414912 1 
5 0.595745 0.120932 0.482892 0.003467 0.422915 0.414912 1 
5 0.617021 0.090159 0.483636 0.003467 0.422915 0.414912 1 
5 0.638298 0.069653 0.479917 0.003467 0.422915 0.414912 0 
5 0.659574 0.060046 0.482297 0.003467 0.422915 0.414912 0 
5 0.680851 0.059385 0.46385 0.003467 0.422915 0.414912 0 
5 0.702128 0.054041 0.445106 0.003467 0.422915 0.414912 0 
5 0.723404 0.049117 0.406724 0.003467 0.422915 0.414912 0 
5 0.744681 0.049117 0.397501 0.003467 0.422915 0.414912 0 
5 0.765957 0.06518 0.400922 0.003467 0.422915 0.414912 0 
5 0.787234 0.059385 0.426361 0.003467 0.422915 0.414912 0 
5 0.808511 0.059385 0.423535 0.003467 0.422915 0.414912 0 
5 0.829787 0.049538 0.404641 0.003467 0.422915 0.414912 0 
5 0.851064 0.049117 0.37712 0.003467 0.422915 0.414912 0 
5 0.87234 0.048817 0.351235 0.003467 0.422915 0.414912 0 
5 0.893617 0.059385 0.38069 0.003467 0.422915 0.414912 0 
5 0.914894 0.051039 0.40122 0.003467 0.422915 0.414912 0 
5 0.93617 0.069653 0.425915 0.003467 0.422915 0.414912 0 
5 0.957447 0.059385 0.420262 0.003467 0.422915 0.414912 0 
5 0.978723 0.059385 0.413716 0.003467 0.422915 0.414912 0 
5 1 0.069653 0.387533 0.003467 0.422915 0.414912 0 
