7 0 0.069143 0.275811 0.003467 0.422915 0.414912 1 
7 0.021277 0.069143 0.239066 0.003467 0.422915 0.414912 1 
7 0.042553 0.06563 0.220024 0.003467 0.422915 0.414912 1 
7 0.06383 0.057464 0.175543 0.003467 0.422915 0.414912 0 
7 0.085106 0.061277 0.130318 0.003467 0.422915 0.414912 0 
7 0.106383 0.061277 0.103541 0.003467 0.422915 0.414912 0 
7 0.12766 0.059055 0.079887 0.003467 0.422915 0.414912 0 
7 0.148936 0.061277 0.062481 0.003467 0.422915 0.414912 0 
7 0.170213 0.061277 0.050878 0.003467 0.422915 0.414912 0 
7 0.191489 0.061277 0.051175 0.003467 0.422915 0.414912 0 
7 0.212766 0.063348 0.047902 0.003467 0.422915 0.414912 0 
7 0.234043 0.061277 0.054448 0.003467 0.422915 0.414912 0 
7 0.255319 0.061277 0.074978 0.003467 0.422915 0.414912 0 
7 0.276596 0.063348 0.101458 0.003467 0.422915 0.414912 0 
7 0.297872 0.063468 0.127194 0.003467 0.422915 0.414912 0 
7 0.319149 0.06563 0.172716 0.003467 0.422915 0.414912 0 
7 0.340426 0.06563 0.224487 0.003467 0.422915 0.414912 0 
7 0.361702 0.069143 0.261976 0.003467 0.422915 0.414912 1 
7 0.382979 0.072475 0.301993 0.003467 0.422915 0.414912 1 
7 0.404255 0.072475 0.321779 0.003467 0.422915 0.414912 1 
7 0.425532 0.070464 0.317168 0.003467 0.422915 0.414912 1 
7 0.446809 0.069143 0.303184 0.003467 0.422915 0.414912 1 
7 0.468085 0.070464 0.291729 0.003467 0.422915 0.414912 1 
7 0.489362 0.070464 0.277298 0.003467 0.422915 0.414912 1 
7 0.510638 0.069143 0.271645 0.003467 0.422915 0.414912 1 
7 0.531915 0.069143 0.257661 0.003467 0.422915 0.414912 1 
7 0.553191 0.069143 0.241892 0.003467 0.422915 0.414912 1 
7 0.574468 0.06563 0.224784 0.003467 0.422915 0.414912 0 
7 0.595745 0.069143 0.219875 0.003467 0.422915 0.414912 1 
7 0.617021 0.06563 0.210949 0.003467 0.422915 0.414912 0 
7 0.638298 0.069143 0.220173 0.003467 0.422915 0.414912 1 
7 0.659574 0.069143 0.225231 0.003467 0.422915 0.414912 1 
7 0.680851 0.069143 0.226272 0.003467 0.422915 0.414912 1 
7 0.702128 0.06563 0.232371 0.003467 0.422915 0.414912 0 
7 0.723404 0.057794 0.239066 0.003467 0.422915 0.414912 0 
7 0.744681 0.069143 0.276703 0.003467 0.422915 0.414912 1 
7 0.765957 0.069143 0.343053 0.003467 0.422915 0.414912 1 
7 0.787234 0.074517 0.395716 0.003467 0.422915 0.414912 1 
7 0.808511 0.074517 0.372806 0.003467 0.422915 0.414912 1 
7 0.829787 0.069143 0.370574 0.003467 0.422915 0.414912 1 
7 0.851064 0.072475 0.338143 0.003467 0.422915 0.414912 1 
7 0.87234 0.069143 0.32654 0.003467 0.422915 0.414912 1 
7 0.893617 0.057464 0.29277 0.003467 0.422915 0.414912 0 
7 0.914894 0.070464 0.263761 0.003467 0.422915 0.414912 1 
7 0.93617 0.072475 0.288605 0.003467 0.422915 0.414912 1 
7 0.957447 0.069143 0.297828 0.003467 0.422915 0.414912 1 
7 0.978723 0.069143 0.307349 0.003467 0.422915 0.414912 1 
7 1 0.047526 0.290241 0.003467 0.422915 0.414912 0 
