3 0 0.044674 0.493454 0.003068 0.426722 0.374123 1 
3 0.021277 0.042662 0.479768 0.002933 0.404713 0.399123 1 
3 0.042553 0.044043 0.448081 0.003027 0.447178 0.310965 1 
3 0.06383 0.041161 0.399583 0.002833 0.432418 0.339035 1 
3 0.085106 0.037078 0.337697 0.002551 0.389436 0.375439 0 
3 0.106383 0.035517 0.289646 0.002437 0.33739 0.392982 0 
3 0.12766 0.034526 0.239661 0.002362 0.299586 0.467105 0 
3 0.148936 0.032455 0.209313 0.002208 0.267996 0.528947 0 
3 0.170213 0.028552 0.192353 0.001942 0.242361 0.543421 0 
3 0.191489 0.028522 0.195626 0.001938 0.232781 0.560088 0 
3 0.212766 0.028191 0.22166 0.001917 0.23537 0.566228 0 
3 0.234043 0.030863 0.273133 0.002106 0.270067 0.508333 0 
3 0.255319 0.033475 0.37474 0.002285 0.352408 0.508772 0 
3 0.276596 0.042572 0.476049 0.002877 0.437597 0.409649 1 
3 0.297872 0.037829 0.469206 0.00258 0.475919 0.286842 0 
3 0.319149 0.047286 0.523802 0.003238 0.550751 0.225439 1 
3 0.340426 0.071064 0.53258 0.004842 0.592439 0.209211 1 
3 0.361702 0.096013 0.525885 0.00656 0.586225 0.255702 1 
3 0.382979 0.080551 0.553407 0.005488 0.579492 0.296491 1 
3 0.404255 0.113726 0.56382 0.00775 0.567323 0.303947 1 
3 0.425532 0.10484 0.551622 0.007175 0.556965 0.265789 1 
3 0.446809 0.047526 0.529456 0.003259 0.555153 0.212281 1 
3 0.468085 0.044644 0.521273 0.003068 0.553081 0.240789 0 
3 0.489362 0.042572 0.512943 0.003004 0.543242 0.23114 0 
3 0.510638 0.041041 0.505951 0.002823 0.530036 0.269737 0 
3 0.531915 0.03957 0.499256 0.002719 0.518643 0.264035 0 
3 0.553191 0.038519 0.494644 0.002653 0.534179 0.252632 0 
3 0.574468 0.033295 0.485272 0.002293 0.528742 0.275 0 
3 0.595745 0.031704 0.479024 0.002179 0.525375 0.282018 0 
3 0.617021 0.031434 0.465933 0.002158 0.514759 0.285526 0 
3 0.638298 0.030383 0.45418 0.002083 0.499482 0.332895 0 
3 0.659574 0.030293 0.456858 0.002069 0.482393 0.353509 0 
3 0.680851 0.02579 0.457751 0.001753 0.481616 0.386404 0 
3 0.702128 0.02597 0.470098 0.00173 0.483169 0.425 0 
3 0.723404 0.025069 0.488843 0.001641 0.505955 0.410526 0 
3 0.744681 0.032094 0.549093 0.002102 0.529259 0.382895 0 
3 0.765957 0.03999 0.611723 0.002657 0.572242 0.316667 0 
3 0.787234 0.074186 0.607111 0.005023 0.582341 0.316228 1 
3 0.808511 0.043023 0.575424 0.002958 0.556706 0.348684 0 
3 0.829787 0.040861 0.543588 0.002798 0.527965 0.346053 0 
3 0.851064 0.038099 0.523207 0.002607 0.508027 0.376754 0 
3 0.87234 0.035607 0.501636 0.002447 0.477991 0.376316 0 
3 0.893617 0.033836 0.46623 0.002337 0.442776 0.373246 0 
3 0.914894 0.030083 0.426956 0.002075 0.413257 0.397368 0 
3 0.93617 0.034106 0.475454 0.002343 0.388141 0.490351 0 
3 0.957447 0.034196 0.491223 0.002335 0.36898 0.494737 0 
3 0.978723 0.037288 0.497025 0.002545 0.44666 0.367105 0 
3 1 0.03969 0.490181 0.002703 0.442258 0.420175 0 
