1 0 0.057644 0.2892 0.003467 0.422915 0.414912 0 
1 0.021277 0.057764 0.259744 0.003467 0.422915 0.414912 0 
1 0.042553 0.057644 0.246504 0.003467 0.422915 0.414912 0 
1 0.06383 0.057644 0.203511 0.003467 0.422915 0.414912 0 
1 0.085106 0.057644 0.171973 0.003467 0.422915 0.414912 0 
1 0.106383 0.063468 0.142963 0.003467 0.422915 0.414912 0 
1 0.12766 0.06563 0.124665 0.003467 0.422915 0.414912 0 
1 0.148936 0.063468 0.113657 0.003467 0.422915 0.414912 0 
1 0.170213 0.067041 0.105028 0.003467 0.422915 0.414912 0 
1 0.191489 0.067041 0.115144 0.003467 0.422915 0.414912 0 
1 0.212766 0.068752 0.135079 0.003467 0.422915 0.414912 0 
1 0.234043 0.071454 0.187295 0.003467 0.422915 0.414912 0 
1 0.255319 0.085865 0.291729 0.003467 0.422915 0.414912 1 
1 0.276596 0.102738 0.391253 0.003467 0.422915 0.414912 1 
1 0.297872 0.083554 0.378756 0.003467 0.422915 0.414912 1 
1 0.319149 0.083554 0.429337 0.003467 0.422915 0.414912 1 
1 0.340426 0.083554 0.445701 0.003467 0.422915 0.414912 1 
1 0.361702 0.083554 0.44823 0.003467 0.422915 0.414912 1 
1 0.382979 0.10475 0.487355 0.003467 0.422915 0.414912 1 
1 0.404255 0.10475 0.503719 0.003467 0.422915 0.414912 1 
1 0.425532 0.102738 0.493603 0.003467 0.422915 0.414912 1 
1 0.446809 0.102738 0.482148 0.003467 0.422915 0.414912 1 
1 0.468085 0.102738 0.470544 0.003467 0.422915 0.414912 1 
1 0.489362 0.088117 0.458494 0.003467 0.422915 0.414912 1 
1 0.510638 0.060526 0.453734 0.003467 0.422915 0.414912 0 
1 0.531915 0.057644 0.451205 0.003467 0.422915 0.414912 0 
1 0.553191 0.102738 0.448378 0.003467 0.422915 0.414912 1 
1 0.574468 0.090729 0.440643 0.003467 0.422915 0.414912 1 
1 0.595745 0.090729 0.435287 0.003467 0.422915 0.414912 1 
1 0.617021 0.088117 0.426807 0.003467 0.422915 0.414912 1 
1 0.638298 0.060526 0.418477 0.003467 0.422915 0.414912 0 
1 0.659574 0.088117 0.423981 0.003467 0.422915 0.414912 1 
1 0.680851 0.090729 0.427998 0.003467 0.422915 0.414912 1 
1 0.702128 0.090729 0.435436 0.003467 0.422915 0.414912 1 
1 0.723404 0.083554 0.434543 0.003467 0.422915 0.414912 1 
1 0.744681 0.083554 0.449122 0.003467 0.422915 0.414912 1 
1 0.765957 0.090729 0.482743 0.003467 0.422915 0.414912 1 
1 0.787234 0.090729 0.519488 0.003467 0.422915 0.414912 1 
1 0.808511 0.083554 0.506397 0.003467 0.422915 0.414912 1 
1 0.829787 0.083554 0.477685 0.003467 0.422915 0.414912 1 
1 0.851064 0.102738 0.455668 0.003467 0.422915 0.414912 1 
1 0.87234 0.090729 0.439601 0.003467 0.422915 0.414912 1 
1 0.893617 0.083554 0.404344 0.003467 0.422915 0.414912 1 
1 0.914894 0.060526 0.355698 0.003467 0.422915 0.414912 0 
1 0.93617 0.110244 0.405385 0.003467 0.422915 0.414912 1 
1 0.957447 0.10475 0.431717 0.003467 0.422915 0.414912 1 
1 0.978723 0.102738 0.439453 0.003467 0.422915 0.414912 1 
1 1 0.102738 0.435882 0.003467 0.422915 0.414912 1 
