3 0 0.060226 0.384856 0.004061 0.423874 0.448246 0 
3 0.021277 0.054161 0.33011 0.003652 0.400052 0.465351 0 
3 0.042553 0.061307 0.286373 0.004142 0.452097 0.413596 0 
3 0.06383 0.049358 0.245611 0.003338 0.430088 0.425877 0 
3 0.085106 0.047466 0.204552 0.003182 0.375712 0.479386 0 
3 0.106383 0.043353 0.180452 0.002889 0.333247 0.547368 0 
3 0.12766 0.042512 0.166022 0.002823 0.293112 0.562719 0 
3 0.148936 0.041522 0.157542 0.002759 0.277835 0.558333 0 
3 0.170213 0.043683 0.180601 0.002889 0.274469 0.601316 0 
3 0.191489 0.050739 0.220768 0.00334 0.304247 0.650439 0 
3 0.212766 0.079711 0.305861 0.005272 0.381668 0.564474 1 
3 0.234043 0.096433 0.380542 0.006419 0.478767 0.549561 1 
3 0.255319 0.109373 0.40598 0.007405 0.601502 0.352193 1 
3 0.276596 0.147742 0.464296 0.010133 0.717245 0.238596 1 
3 0.297872 0.072655 0.479173 0.005004 0.661833 0.250439 1 
3 0.319149 0.067611 0.48914 0.004651 0.652771 0.236842 1 
3 0.340426 0.085865 0.53496 0.005891 0.674003 0.257456 1 
3 0.361702 0.089138 0.554299 0.006076 0.656137 0.304386 1 
3 0.382979 0.089288 0.542993 0.006101 0.659762 0.288158 1 
3 0.404255 0.072925 0.525885 0.004996 0.662351 0.278509 1 
3 0.425532 0.083193 0.524844 0.0057 0.671932 0.270614 1 
3 0.446809 0.075507 0.52529 0.005174 0.664164 0.292544 1 
3 0.468085 0.07842 0.512348 0.00538 0.649404 0.302193 1 
3 0.489362 0.082743 0.505951 0.005638 0.644744 0.30614 1 
3 0.510638 0.069653 0.504314 0.004744 0.632056 0.301754 1 
3 0.531915 0.051009 0.492264 0.003511 0.62869 0.22193 0 
3 0.553191 0.062868 0.485421 0.004339 0.636976 0.219737 0 
3 0.574468 0.048877 0.476049 0.003373 0.625324 0.195614 0 
3 0.595745 0.048217 0.466677 0.003338 0.603573 0.198246 0 
3 0.617021 0.048307 0.469057 0.003346 0.596841 0.193421 0 
3 0.638298 0.048006 0.479768 0.00334 0.590109 0.173246 0 
3 0.659574 0.047796 0.480065 0.003324 0.593475 0.173684 0 
3 0.680851 0.045815 0.482148 0.003197 0.588555 0.179825 0 
3 0.702128 0.050919 0.488694 0.003544 0.575867 0.194737 0 
3 0.723404 0.042963 0.463701 0.002968 0.546608 0.255702 0 
3 0.744681 0.041852 0.465338 0.00286 0.522786 0.309211 0 
3 0.765957 0.041762 0.472925 0.002833 0.494562 0.329825 0 
3 0.787234 0.043353 0.501636 0.002946 0.513723 0.302193 0 
3 0.808511 0.043863 0.510116 0.002991 0.552822 0.250439 0 
3 0.829787 0.046746 0.492562 0.003207 0.564474 0.23114 0 
3 0.851064 0.043773 0.455519 0.003002 0.535215 0.274561 0 
3 0.87234 0.042062 0.414162 0.002875 0.494821 0.298246 0 
3 0.893617 0.042002 0.425915 0.002854 0.438633 0.386404 0 
3 0.914894 0.040261 0.429337 0.002705 0.380373 0.464474 0 
3 0.93617 0.086436 0.457156 0.005719 0.336095 0.517105 1 
3 0.957447 0.044704 0.473073 0.003008 0.325997 0.501754 0 
3 0.978723 0.083463 0.472925 0.005654 0.454169 0.384211 1 
3 1 0.081812 0.457453 0.005517 0.461937 0.510965 1 
