6 0 0.060976 0.336209 0.003467 0.422915 0.414912 0 
6 0.021277 0.051159 0.264653 0.003467 0.422915 0.414912 0 
6 0.042553 0.05215 0.206486 0.003467 0.422915 0.414912 0 
6 0.06383 0.049688 0.16632 0.003467 0.422915 0.414912 0 
6 0.085106 0.049688 0.135823 0.003467 0.422915 0.414912 0 
6 0.106383 0.049688 0.113062 0.003467 0.422915 0.414912 0 
6 0.12766 0.049688 0.101012 0.003467 0.422915 0.414912 0 
6 0.148936 0.049688 0.095061 0.003467 0.422915 0.414912 0 
6 0.170213 0.047526 0.103094 0.003467 0.422915 0.414912 0 
6 0.191489 0.047526 0.105772 0.003467 0.422915 0.414912 0 
6 0.212766 0.071394 0.132996 0.003467 0.422915 0.414912 1 
6 0.234043 0.071394 0.170931 0.003467 0.422915 0.414912 1 
6 0.255319 0.077489 0.212139 0.003467 0.422915 0.414912 1 
6 0.276596 0.077489 0.265248 0.003467 0.422915 0.414912 1 
6 0.297872 0.077489 0.322077 0.003467 0.422915 0.414912 1 
6 0.319149 0.083794 0.358524 0.003467 0.422915 0.414912 1 
6 0.340426 0.074817 0.399583 0.003467 0.422915 0.414912 1 
6 0.361702 0.077489 0.411931 0.003467 0.422915 0.414912 1 
6 0.382979 0.074817 0.408807 0.003467 0.422915 0.414912 1 
6 0.404255 0.077489 0.394228 0.003467 0.422915 0.414912 1 
6 0.425532 0.077489 0.380839 0.003467 0.422915 0.414912 1 
6 0.446809 0.074817 0.375632 0.003467 0.422915 0.414912 1 
6 0.468085 0.077489 0.367301 0.003467 0.422915 0.414912 1 
6 0.489362 0.074817 0.353169 0.003467 0.422915 0.414912 1 
6 0.510638 0.074817 0.338441 0.003467 0.422915 0.414912 1 
6 0.531915 0.074817 0.332937 0.003467 0.422915 0.414912 1 
6 0.553191 0.074817 0.323713 0.003467 0.422915 0.414912 1 
6 0.574468 0.074817 0.31449 0.003467 0.422915 0.414912 1 
6 0.595745 0.059265 0.311663 0.003467 0.422915 0.414912 0 
6 0.617021 0.077489 0.312853 0.003467 0.422915 0.414912 1 
6 0.638298 0.077489 0.309729 0.003467 0.422915 0.414912 1 
6 0.659574 0.074817 0.315234 0.003467 0.422915 0.414912 1 
6 0.680851 0.074817 0.307795 0.003467 0.422915 0.414912 1 
6 0.702128 0.077489 0.315085 0.003467 0.422915 0.414912 1 
6 0.723404 0.077489 0.325498 0.003467 0.422915 0.414912 1 
6 0.744681 0.077489 0.328027 0.003467 0.422915 0.414912 1 
6 0.765957 0.074817 0.316572 0.003467 0.422915 0.414912 1 
6 0.787234 0.074817 0.305118 0.003467 0.422915 0.414912 1 
6 0.808511 0.083794 0.326837 0.003467 0.422915 0.414912 1 
6 0.829787 0.083794 0.334573 0.003467 0.422915 0.414912 1 
6 0.851064 0.077489 0.314043 0.003467 0.422915 0.414912 1 
6 0.87234 0.074817 0.283547 0.003467 0.422915 0.414912 1 
6 0.893617 0.083794 0.300952 0.003467 0.422915 0.414912 1 
6 0.914894 0.077489 0.304671 0.003467 0.422915 0.414912 1 
6 0.93617 0.083794 0.315977 0.003467 0.422915 0.414912 1 
6 0.957447 0.077489 0.295001 0.003467 0.422915 0.414912 1 
6 0.978723 0.059265 0.276703 0.003467 0.422915 0.414912 0 
6 1 0.059265 0.229991 0.003467 0.422915 0.414912 0 
