7 0 0.028161 0.39512 0.001913 0.360435 0.574561 0 
7 0.021277 0.031404 0.374293 0.002125 0.325738 0.654825 0 
7 0.042553 0.029002 0.341119 0.001967 0.370016 0.553509 0 
7 0.06383 0.027021 0.281315 0.001824 0.336872 0.607895 0 
7 0.085106 0.02621 0.222404 0.001759 0.291559 0.677193 0 
7 0.106383 0.02648 0.179708 0.001774 0.239772 0.703947 0 
7 0.12766 0.02621 0.144154 0.001757 0.203004 0.681579 0 
7 0.148936 0.025459 0.114549 0.001703 0.1797 0.643421 0 
7 0.170213 0.019335 0.103838 0.001292 0.155101 0.757456 0 
7 0.191489 0.020205 0.097144 0.001344 0.150958 0.777193 0 
7 0.212766 0.019215 0.096251 0.001275 0.14086 0.782895 0 
7 0.234043 0.020115 0.111276 0.001332 0.140601 0.797368 0 
7 0.255319 0.024168 0.149658 0.001604 0.160539 0.792982 0 
7 0.276596 0.02621 0.198602 0.00157 0.189539 0.730702 0 
7 0.297872 0.027081 0.24576 0.000987 0.200414 0.686842 0 
7 0.319149 0.027051 0.306456 0.001664 0.233817 0.708772 0 
7 0.340426 0.027891 0.356293 0.001735 0.262558 0.683772 0 
7 0.361702 0.028221 0.393038 0.001897 0.300363 0.634211 0 
7 0.382979 0.029182 0.42889 0.001973 0.328068 0.599561 0 
7 0.404255 0.029362 0.446147 0.001988 0.338426 0.599123 0 
7 0.425532 0.029572 0.433651 0.002 0.34231 0.60307 0 
7 0.446809 0.029182 0.425915 0.001973 0.351372 0.572807 0 
7 0.468085 0.029572 0.417584 0.002 0.34956 0.59386 0 
7 0.489362 0.029572 0.409104 0.002 0.351372 0.584211 0 
7 0.510638 0.030143 0.401517 0.00204 0.347747 0.567544 0 
7 0.531915 0.030323 0.396608 0.00205 0.345935 0.567105 0 
7 0.553191 0.029753 0.382029 0.002007 0.333765 0.587719 0 
7 0.574468 0.029813 0.374145 0.002009 0.331176 0.604825 0 
7 0.595745 0.029362 0.362987 0.001978 0.328068 0.582895 0 
7 0.617021 0.029182 0.351681 0.001963 0.319524 0.596053 0 
7 0.638298 0.031104 0.346921 0.002086 0.313568 0.638596 0 
7 0.659574 0.029182 0.342904 0.001953 0.313827 0.653947 0 
7 0.680851 0.028642 0.33011 0.001917 0.307095 0.64386 0 
7 0.702128 0.028672 0.335168 0.001919 0.314345 0.648246 0 
7 0.723404 0.027621 0.323564 0.001853 0.314086 0.62807 0 
7 0.744681 0.027951 0.345433 0.001878 0.31797 0.644737 0 
7 0.765957 0.028191 0.372211 0.001897 0.319524 0.632895 0 
7 0.787234 0.029182 0.418179 0.001969 0.33972 0.586404 1 
7 0.808511 0.029452 0.411038 0.001996 0.361989 0.541667 1 
7 0.829787 0.028792 0.372211 0.001944 0.351372 0.582018 1 
7 0.851064 0.027951 0.350045 0.00188 0.328845 0.601316 0 
7 0.87234 0.027141 0.333383 0.00182 0.31305 0.648684 0 
7 0.893617 0.027171 0.3072 0.001818 0.284568 0.660965 0 
7 0.914894 0.02636 0.280869 0.001759 0.273692 0.671053 0 
7 0.93617 0.028251 0.314043 0.00189 0.267219 0.696053 1 
7 0.957447 0.027471 0.322523 0.001836 0.27421 0.667544 0 
7 0.978723 0.028702 0.319845 0.00193 0.341274 0.555702 1 
7 1 0.02678 0.29039 0.001801 0.344899 0.585088 0 
