4 0 0.028612 0.364029 0.001845 0.32289 0.598684 0 
4 0.021277 0.028612 0.30363 0.001851 0.301657 0.525877 0 
4 0.042553 0.028762 0.25424 0.001888 0.347747 0.420614 0 
4 0.06383 0.028762 0.214668 0.001878 0.330917 0.524561 0 
4 0.085106 0.028612 0.180155 0.001867 0.292595 0.561404 0 
4 0.106383 0.028612 0.167361 0.001845 0.262817 0.592105 0 
4 0.12766 0.028281 0.160369 0.001664 0.250388 0.675877 0 
4 0.148936 0.028612 0.169444 0.001805 0.253237 0.701754 0 
4 0.170213 0.028612 0.193841 0.001789 0.265924 0.678509 0 
4 0.191489 0.029212 0.238024 0.001826 0.284309 0.624561 0 
4 0.212766 0.032245 0.324011 0.002059 0.338167 0.628947 1 
4 0.234043 0.033475 0.412526 0.002177 0.409373 0.49693 1 
4 0.255319 0.033716 0.459238 0.00225 0.522527 0.35 1 
4 0.276596 0.034826 0.517554 0.002378 0.591662 0.29693 1 
4 0.297872 0.032725 0.524844 0.002221 0.548421 0.383772 1 
4 0.319149 0.029783 0.537489 0.002013 0.527188 0.394298 1 
4 0.340426 0.034856 0.562035 0.002362 0.534697 0.408333 1 
4 0.361702 0.03903 0.5723 0.002646 0.525117 0.394298 1 
4 0.382979 0.035277 0.558167 0.002408 0.52175 0.378947 1 
4 0.404255 0.034316 0.553555 0.002341 0.517607 0.428947 1 
4 0.425532 0.034256 0.557126 0.002381 0.517349 0.422368 1 
4 0.446809 0.033956 0.553109 0.002378 0.519938 0.428509 1 
4 0.468085 0.029362 0.552217 0.002034 0.51217 0.407456 0 
4 0.489362 0.029242 0.54939 0.001998 0.510616 0.38114 0 
4 0.510638 0.030083 0.554002 0.002059 0.515277 0.387719 1 
4 0.531915 0.029452 0.54582 0.002017 0.515277 0.359649 0 
4 0.553191 0.029602 0.544778 0.002034 0.512429 0.376754 0 
4 0.574468 0.028972 0.526778 0.001984 0.509063 0.333772 0 
4 0.595745 0.028882 0.52648 0.001967 0.50233 0.342982 0 
4 0.617021 0.028822 0.527819 0.001961 0.501813 0.35 0 
4 0.638298 0.029092 0.532133 0.001978 0.500259 0.371053 0 
4 0.659574 0.029152 0.533918 0.001986 0.505438 0.387281 0 
4 0.680851 0.029152 0.533175 0.001986 0.50492 0.384649 0 
4 0.702128 0.029512 0.531092 0.002019 0.489125 0.366667 0 
4 0.723404 0.028912 0.513538 0.001959 0.452874 0.391667 0 
4 0.744681 0.028822 0.50357 0.001936 0.414552 0.49693 0 
4 0.765957 0.028822 0.494793 0.001915 0.394096 0.50307 0 
4 0.787234 0.028822 0.487504 0.001936 0.43682 0.399123 0 
4 0.808511 0.028822 0.473073 0.001951 0.438892 0.379825 0 
4 0.829787 0.028672 0.443172 0.001936 0.416882 0.450439 0 
4 0.851064 0.028462 0.402856 0.001915 0.388141 0.480263 0 
4 0.87234 0.027291 0.373103 0.001834 0.356292 0.548684 0 
4 0.893617 0.028071 0.398691 0.00188 0.319524 0.603509 0 
4 0.914894 0.02681 0.403303 0.001789 0.276541 0.625877 0 
4 0.93617 0.028702 0.430675 0.001911 0.259451 0.598246 0 
4 0.957447 0.029542 0.43618 0.001932 0.258674 0.563158 0 
4 0.978723 0.032695 0.426064 0.002171 0.343863 0.506579 1 
4 1 0.031764 0.40003 0.002106 0.341533 0.565351 1 
