7 0 0.083824 0.313448 0.004919 0.26463 0.842105 1 
7 0.021277 0.03975 0.282952 0.002497 0.245728 0.826316 0 
7 0.042553 0.03918 0.252306 0.002486 0.295443 0.762719 0 
7 0.06383 0.035757 0.209164 0.00226 0.284309 0.786404 0 
7 0.085106 0.034706 0.160369 0.002169 0.255567 0.765789 0 
7 0.106383 0.033806 0.130021 0.001853 0.22812 0.74386 0 
7 0.12766 0.029362 0.101309 0.001853 0.200673 0.82807 0 
7 0.148936 0.028342 0.08435 0.001789 0.182289 0.79693 0 
7 0.170213 0.027201 0.079441 0.001695 0.164423 0.875439 0 
7 0.191489 0.029422 0.075424 0.001471 0.148369 0.853509 0 
7 0.212766 0.030443 0.080482 0.001629 0.136976 0.853509 0 
7 0.234043 0.031434 0.09283 0.001789 0.129208 0.853509 0 
7 0.255319 0.031974 0.113508 0.001859 0.139047 0.853509 0 
7 0.276596 0.032034 0.142071 0.001251 0.138011 0.853509 0 
7 0.297872 0.033385 0.184171 0.001834 0.133868 0.862719 0 
7 0.319149 0.035427 0.244273 0.002202 0.162092 0.888158 0 
7 0.340426 0.038009 0.297977 0.002351 0.196789 0.904386 0 
7 0.361702 0.038219 0.344392 0.002324 0.215691 0.92807 0 
7 0.382979 0.03975 0.376227 0.002453 0.240031 0.883772 0 
7 0.404255 0.03975 0.379203 0.002459 0.237442 0.893421 0 
7 0.425532 0.03975 0.367004 0.002459 0.237183 0.903509 0 
7 0.446809 0.037589 0.354656 0.002322 0.231227 0.889035 0 
7 0.468085 0.037258 0.344838 0.002302 0.225013 0.87807 0 
7 0.489362 0.037889 0.334127 0.002291 0.211289 0.884649 0 
7 0.510638 0.036538 0.331003 0.002281 0.21595 0.83114 0 
7 0.531915 0.035547 0.319994 0.002221 0.215432 0.846491 0 
7 0.553191 0.035427 0.302589 0.002216 0.222165 0.806579 0 
7 0.574468 0.035427 0.298126 0.002216 0.213102 0.820175 0 
7 0.595745 0.035277 0.288753 0.002192 0.193423 0.819298 0 
7 0.617021 0.033566 0.274472 0.002079 0.185914 0.838158 0 
7 0.638298 0.032635 0.273728 0.002025 0.182289 0.836842 0 
7 0.659574 0.033566 0.278191 0.002081 0.193423 0.82193 0 
7 0.680851 0.035427 0.290985 0.002181 0.193941 0.803947 0 
7 0.702128 0.035427 0.308688 0.002212 0.212843 0.803947 0 
7 0.723404 0.035307 0.31687 0.002181 0.23304 0.803947 0 
7 0.744681 0.038429 0.382029 0.002381 0.279389 0.75614 0 
7 0.765957 0.041371 0.432163 0.002644 0.328068 0.701316 0 
7 0.787234 0.040501 0.413567 0.002601 0.342051 0.742544 0 
7 0.808511 0.037018 0.368789 0.002354 0.321595 0.718421 0 
7 0.829787 0.035427 0.341267 0.002248 0.304247 0.768421 0 
7 0.851064 0.035097 0.314043 0.002208 0.283273 0.792544 0 
7 0.87234 0.035157 0.299911 0.002202 0.270844 0.804386 0 
7 0.893617 0.035037 0.27715 0.002179 0.253237 0.742982 0 
7 0.914894 0.033656 0.262422 0.001789 0.238995 0.74386 0 
7 0.93617 0.034646 0.288902 0.00198 0.236924 0.847807 0 
7 0.957447 0.035277 0.297679 0.002183 0.242879 0.81886 0 
7 0.978723 0.035637 0.301101 0.002237 0.297255 0.773246 0 
7 1 0.034947 0.282803 0.002152 0.287934 0.787719 0 
