3 0 0.029723 0.359714 0.001967 0.314345 0.622368 0 
3 0.021277 0.028732 0.303035 0.00189 0.288969 0.660965 0 
3 0.042553 0.029002 0.247248 0.001921 0.34697 0.565351 0 
3 0.06383 0.030293 0.210652 0.002 0.316934 0.630263 0 
3 0.085106 0.028312 0.158137 0.001863 0.263853 0.684211 0 
3 0.106383 0.027861 0.139393 0.001822 0.227602 0.738596 0 
3 0.12766 0.027891 0.126748 0.001824 0.201968 0.738596 0 
3 0.148936 0.027861 0.131062 0.001816 0.191093 0.767105 0 
3 0.170213 0.030653 0.155311 0.002 0.204039 0.711842 0 
3 0.191489 0.037168 0.192651 0.00243 0.226825 0.700877 0 
3 0.212766 0.040411 0.277298 0.002657 0.287934 0.575877 0 
3 0.234043 0.048847 0.367301 0.003197 0.360953 0.543421 1 
3 0.255319 0.049237 0.381137 0.003249 0.470223 0.381579 1 
3 0.276596 0.055572 0.444808 0.003683 0.548162 0.317982 1 
3 0.297872 0.050739 0.476346 0.003359 0.519679 0.32807 1 
3 0.319149 0.053351 0.497917 0.003527 0.518643 0.369298 1 
3 0.340426 0.088898 0.549836 0.005847 0.522786 0.510965 1 
3 0.361702 0.087036 0.57468 0.005681 0.513206 0.563158 1 
3 0.382979 0.103849 0.572449 0.006766 0.514759 0.585088 1 
3 0.404255 0.089738 0.56873 0.005847 0.519679 0.581579 1 
3 0.425532 0.071815 0.576019 0.004693 0.516054 0.559649 1 
3 0.446809 0.090429 0.583904 0.005889 0.518902 0.585088 1 
3 0.468085 0.082443 0.580184 0.00537 0.503625 0.575 1 
3 0.489362 0.090399 0.584052 0.005885 0.505438 0.594737 1 
3 0.510638 0.095773 0.591937 0.006219 0.509839 0.595175 1 
3 0.531915 0.096463 0.593573 0.006267 0.512429 0.569737 1 
3 0.553191 0.099436 0.600863 0.006454 0.51709 0.56886 1 
3 0.574468 0.098325 0.596549 0.006383 0.509322 0.580702 1 
3 0.595745 0.083493 0.598929 0.005424 0.497929 0.594737 1 
3 0.617021 0.096914 0.607111 0.006296 0.5 0.613596 1 
3 0.638298 0.103759 0.605623 0.006714 0.510875 0.635965 1 
3 0.659574 0.107662 0.619161 0.00694 0.516572 0.648684 1 
3 0.680851 0.094242 0.605772 0.006101 0.516831 0.604825 1 
3 0.702128 0.073496 0.590003 0.004778 0.519679 0.569298 1 
3 0.723404 0.056053 0.554597 0.003648 0.476437 0.587719 0 
3 0.744681 0.05251 0.532282 0.003425 0.43941 0.595614 0 
3 0.765957 0.049598 0.517554 0.003243 0.410409 0.604386 0 
3 0.787234 0.050198 0.524844 0.003276 0.401088 0.647368 0 
3 0.808511 0.050829 0.528563 0.003317 0.409114 0.567982 0 
3 0.829787 0.050799 0.500893 0.003336 0.399016 0.510965 0 
3 0.851064 0.047706 0.460428 0.003145 0.382185 0.512719 0 
3 0.87234 0.043293 0.417138 0.002867 0.352667 0.517544 0 
3 0.893617 0.046385 0.441982 0.003062 0.316416 0.630702 0 
3 0.914894 0.0399 0.441535 0.002624 0.274728 0.633333 0 
3 0.93617 0.044944 0.448081 0.002946 0.253237 0.672368 0 
3 0.957447 0.043353 0.442725 0.002833 0.250906 0.657018 0 
3 0.978723 0.046535 0.435585 0.003047 0.348265 0.529386 0 
3 1 0.045575 0.410443 0.003 0.348783 0.560088 0 
