5 0 0.045755 0.509223 0.003467 0.422915 0.414912 0 
5 0.021277 0.043503 0.4759 0.003467 0.422915 0.414912 0 
5 0.042553 0.043503 0.454924 0.003467 0.422915 0.414912 0 
5 0.06383 0.043503 0.404195 0.003467 0.422915 0.414912 0 
5 0.085106 0.041131 0.340077 0.003467 0.422915 0.414912 0 
5 0.106383 0.042602 0.299316 0.003467 0.422915 0.414912 0 
5 0.12766 0.042602 0.252306 0.003467 0.422915 0.414912 0 
5 0.148936 0.041131 0.219429 0.003467 0.422915 0.414912 0 
5 0.170213 0.041131 0.193544 0.003467 0.422915 0.414912 0 
5 0.191489 0.041131 0.194139 0.003467 0.422915 0.414912 0 
5 0.212766 0.051549 0.220916 0.003467 0.422915 0.414912 1 
5 0.234043 0.051549 0.259149 0.003467 0.422915 0.414912 1 
5 0.255319 0.051549 0.358524 0.003467 0.422915 0.414912 1 
5 0.276596 0.041552 0.468908 0.003467 0.422915 0.414912 0 
5 0.297872 0.041431 0.481553 0.003467 0.422915 0.414912 0 
5 0.319149 0.041431 0.539125 0.003467 0.422915 0.414912 0 
5 0.340426 0.041431 0.555638 0.003467 0.422915 0.414912 0 
5 0.361702 0.041431 0.545522 0.003467 0.422915 0.414912 0 
5 0.382979 0.045094 0.5723 0.003467 0.422915 0.414912 0 
5 0.404255 0.041552 0.589408 0.003467 0.422915 0.414912 0 
5 0.425532 0.041431 0.576168 0.003467 0.422915 0.414912 0 
5 0.446809 0.041431 0.551919 0.003467 0.422915 0.414912 0 
5 0.468085 0.041431 0.528117 0.003467 0.422915 0.414912 0 
5 0.489362 0.041431 0.522017 0.003467 0.422915 0.414912 0 
5 0.510638 0.041431 0.509372 0.003467 0.422915 0.414912 0 
5 0.531915 0.041431 0.494793 0.003467 0.422915 0.414912 0 
5 0.553191 0.041431 0.484082 0.003467 0.422915 0.414912 0 
5 0.574468 0.041431 0.475305 0.003467 0.422915 0.414912 0 
5 0.595745 0.041431 0.455222 0.003467 0.422915 0.414912 0 
5 0.617021 0.041431 0.443767 0.003467 0.422915 0.414912 0 
5 0.638298 0.041431 0.427551 0.003467 0.422915 0.414912 0 
5 0.659574 0.041431 0.436775 0.003467 0.422915 0.414912 0 
5 0.680851 0.041552 0.441089 0.003467 0.422915 0.414912 0 
5 0.702128 0.041431 0.462065 0.003467 0.422915 0.414912 0 
5 0.723404 0.041552 0.486165 0.003467 0.422915 0.414912 0 
5 0.744681 0.041431 0.561291 0.003467 0.422915 0.414912 0 
5 0.765957 0.041431 0.590598 0.003467 0.422915 0.414912 0 
5 0.787234 0.041431 0.582713 0.003467 0.422915 0.414912 0 
5 0.808511 0.041431 0.542844 0.003467 0.422915 0.414912 0 
5 0.829787 0.041431 0.5241 0.003467 0.422915 0.414912 0 
5 0.851064 0.041431 0.509372 0.003467 0.422915 0.414912 0 
5 0.87234 0.041431 0.496132 0.003467 0.422915 0.414912 0 
5 0.893617 0.041431 0.455222 0.003467 0.422915 0.414912 0 
5 0.914894 0.041431 0.415799 0.003467 0.422915 0.414912 0 
5 0.93617 0.051549 0.465338 0.003467 0.422915 0.414912 1 
5 0.957447 0.041431 0.487652 0.003467 0.422915 0.414912 0 
5 0.978723 0.051549 0.508331 0.003467 0.422915 0.414912 1 
5 1 0.051549 0.508331 0.003467 0.422915 0.414912 1 
