7 0 0.041672 0.535704 0.002688 0.457017 0.619298 1 
7 0.021277 0.040861 0.520381 0.002617 0.421284 0.681579 0 
7 0.042553 0.041732 0.486909 0.00268 0.462455 0.614035 1 
7 0.06383 0.038279 0.432312 0.002455 0.436561 0.692982 0 
7 0.085106 0.029332 0.367004 0.001786 0.389953 0.765789 0 
7 0.106383 0.018824 0.323267 0.000906 0.335836 0.765789 0 
7 0.12766 0.008466 0.272984 0.000534 0.278612 0.638596 0 
7 0.148936 0.008947 0.235049 0.000569 0.234852 0.529386 0 
7 0.170213 0.004023 0.209164 0.000258 0.193423 0.5 0 
7 0.191489 0 0.19518 0 0.172191 0.482456 0 
7 0.212766 0.005975 0.202172 0.000386 0.162869 0.515351 0 
7 0.234043 0.015071 0.214222 0.000964 0.176851 0.689912 0 
7 0.255319 0.028492 0.249331 0.00128 0.210513 0.765789 0 
7 0.276596 0.035307 0.29515 0.00128 0.238995 0.765789 0 
7 0.297872 0.038009 0.350193 0.001581 0.252978 0.765789 0 
7 0.319149 0.041822 0.455222 0.002692 0.287675 0.754825 1 
7 0.340426 0.042362 0.541059 0.002808 0.33506 0.624561 1 
7 0.361702 0.042813 0.602797 0.0029 0.370792 0.550877 1 
7 0.382979 0.046055 0.652038 0.003164 0.400052 0.504825 1 
7 0.404255 0.046475 0.654567 0.003205 0.409891 0.495614 1 
7 0.425532 0.044434 0.626897 0.003058 0.412998 0.484649 1 
7 0.446809 0.044104 0.597441 0.003024 0.409632 0.512281 1 
7 0.468085 0.043653 0.556977 0.002977 0.405489 0.502193 1 
7 0.489362 0.042963 0.528563 0.002921 0.394873 0.522807 1 
7 0.510638 0.041672 0.499702 0.002819 0.396427 0.556579 1 
7 0.531915 0.041672 0.476941 0.002804 0.383739 0.557456 1 
7 0.553191 0.041522 0.452841 0.002792 0.403677 0.521053 1 
7 0.574468 0.041822 0.433056 0.002808 0.398239 0.549123 1 
7 0.595745 0.041522 0.41684 0.002781 0.390212 0.571491 1 
7 0.617021 0.041191 0.407468 0.002754 0.37623 0.605702 1 
7 0.638298 0.041672 0.408212 0.002779 0.370274 0.60307 1 
7 0.659574 0.041702 0.422642 0.002781 0.366649 0.637719 1 
7 0.680851 0.041702 0.454775 0.002786 0.364319 0.58114 1 
7 0.702128 0.042752 0.539869 0.002894 0.40057 0.502632 1 
7 0.723404 0.046746 0.632401 0.003191 0.460642 0.441667 1 
7 0.744681 0.046145 0.726272 0.003137 0.511393 0.400439 1 
7 0.765957 0.046205 0.732669 0.003145 0.513465 0.441228 1 
7 0.787234 0.046295 0.705445 0.003157 0.485241 0.462719 1 
7 0.808511 0.047526 0.658137 0.003263 0.449767 0.489912 1 
7 0.829787 0.043983 0.626748 0.003022 0.412481 0.521491 1 
7 0.851064 0.044254 0.593871 0.003024 0.396945 0.525877 1 
7 0.87234 0.043323 0.581375 0.00295 0.376489 0.554825 1 
7 0.893617 0.03912 0.533918 0.002611 0.351113 0.652632 1 
7 0.914894 0.037619 0.498661 0.002457 0.329104 0.696491 1 
7 0.93617 0.041341 0.514133 0.002667 0.334024 0.711842 1 
7 0.957447 0.035007 0.509521 0.002246 0.334283 0.673246 0 
7 0.978723 0.041822 0.50238 0.00268 0.409891 0.602632 1 
7 1 0.040441 0.47352 0.002605 0.407043 0.610526 1 
