6 0 0.025039 0.355698 0.001597 0.352926 0.811404 0 
6 0.021277 0.023688 0.297084 0.001003 0.327033 0.811404 0 
6 0.042553 0.024619 0.245016 0.001232 0.382703 0.679825 0 
6 0.06383 0.024919 0.207081 0.000839 0.349819 0.679825 0 
6 0.085106 0.020295 0.174799 0.000841 0.3058 0.745614 0 
6 0.106383 0.021917 0.160666 0.000841 0.274987 0.752193 0 
6 0.12766 0.018074 0.151294 0.000885 0.261781 0.815351 0 
6 0.148936 0.018284 0.158881 0.000841 0.267996 0.817982 0 
6 0.170213 0.019665 0.186403 0.000877 0.278094 0.817982 0 
6 0.191489 0.024499 0.228503 0.001467 0.298809 0.776316 0 
6 0.212766 0.027501 0.313597 0.001523 0.355515 0.667105 0 
6 0.234043 0.029392 0.394377 0.001855 0.42465 0.578509 1 
6 0.255319 0.028372 0.424725 0.001843 0.529259 0.378509 1 
6 0.276596 0.028792 0.479619 0.001892 0.588814 0.439035 1 
6 0.297872 0.028462 0.49643 0.001874 0.542206 0.497807 1 
6 0.319149 0.028612 0.516067 0.001892 0.527447 0.489035 1 
6 0.340426 0.028792 0.570812 0.001903 0.530813 0.42193 1 
6 0.361702 0.028822 0.591937 0.001909 0.533143 0.393421 1 
6 0.382979 0.030053 0.599524 0.001963 0.541429 0.372368 1 
6 0.404255 0.029482 0.602053 0.001986 0.569653 0.414035 1 
6 0.425532 0.030563 0.608301 0.002071 0.588037 0.4 1 
6 0.446809 0.033716 0.620946 0.002289 0.603314 0.4 1 
6 0.468085 0.033716 0.626302 0.002285 0.602279 0.392544 1 
6 0.489362 0.033956 0.632847 0.002302 0.615484 0.368421 1 
6 0.510638 0.042092 0.638947 0.002856 0.629208 0.369298 1 
6 0.531915 0.038009 0.646683 0.002578 0.635163 0.383772 1 
6 0.553191 0.038669 0.653675 0.002632 0.645779 0.377193 1 
6 0.574468 0.038579 0.644005 0.002626 0.648369 0.353947 1 
6 0.595745 0.03996 0.645344 0.00273 0.653288 0.35307 1 
6 0.617021 0.03987 0.658733 0.002709 0.64811 0.371491 1 
6 0.638298 0.047526 0.666022 0.003218 0.659762 0.373684 1 
6 0.659574 0.044944 0.67108 0.003039 0.673744 0.385088 1 
6 0.680851 0.035817 0.642517 0.002428 0.663387 0.398684 1 
6 0.702128 0.031134 0.612615 0.002106 0.646815 0.353947 1 
6 0.723404 0.028942 0.563672 0.00193 0.58985 0.407018 0 
6 0.744681 0.028732 0.533175 0.001897 0.542983 0.479825 0 
6 0.765957 0.028612 0.526331 0.00188 0.505697 0.517544 0 
6 0.787234 0.028762 0.536001 0.001901 0.508545 0.429386 0 
6 0.808511 0.028732 0.515769 0.001905 0.51217 0.426754 0 
6 0.829787 0.028612 0.488248 0.001909 0.483169 0.479825 0 
6 0.851064 0.028462 0.451949 0.001907 0.432418 0.530263 0 
6 0.87234 0.025279 0.414014 0.001691 0.39798 0.596053 0 
6 0.893617 0.027771 0.436775 0.001843 0.360435 0.661842 0 
6 0.914894 0.025159 0.436924 0.001533 0.326256 0.701754 0 
6 0.93617 0.028612 0.46028 0.001863 0.309943 0.714912 0 
6 0.957447 0.028612 0.452841 0.001828 0.302175 0.696491 0 
6 0.978723 0.028732 0.425617 0.001836 0.360694 0.603947 0 
6 1 0.028912 0.403451 0.001847 0.354997 0.619298 0 
