4 0 0.045394 0.498364 0.003467 0.422915 0.414912 0 
4 0.021277 0.076228 0.481107 0.003467 0.422915 0.414912 1 
4 0.042553 0.045394 0.450907 0.003467 0.422915 0.414912 0 
4 0.06383 0.045244 0.385302 0.003467 0.422915 0.414912 0 
4 0.085106 0.045244 0.323862 0.003467 0.422915 0.414912 0 
4 0.106383 0.043563 0.280571 0.003467 0.422915 0.414912 0 
4 0.12766 0.043533 0.235198 0.003467 0.422915 0.414912 0 
4 0.148936 0.043533 0.203065 0.003467 0.422915 0.414912 0 
4 0.170213 0.043533 0.186403 0.003467 0.422915 0.414912 0 
4 0.191489 0.043533 0.181494 0.003467 0.422915 0.414912 0 
4 0.212766 0.075507 0.205147 0.003467 0.422915 0.414912 1 
4 0.234043 0.077789 0.256918 0.003467 0.422915 0.414912 1 
4 0.255319 0.083884 0.36269 0.003467 0.422915 0.414912 1 
4 0.276596 0.077789 0.466379 0.003467 0.422915 0.414912 1 
4 0.297872 0.043743 0.501488 0.003467 0.422915 0.414912 0 
4 0.319149 0.045244 0.571259 0.003467 0.422915 0.414912 0 
4 0.340426 0.043923 0.594763 0.003467 0.422915 0.414912 0 
4 0.361702 0.043893 0.580928 0.003467 0.422915 0.414912 0 
4 0.382979 0.045394 0.60488 0.003467 0.422915 0.414912 0 
4 0.404255 0.045394 0.609938 0.003467 0.422915 0.414912 0 
4 0.425532 0.045244 0.579143 0.003467 0.422915 0.414912 0 
4 0.446809 0.045244 0.556382 0.003467 0.422915 0.414912 0 
4 0.468085 0.045304 0.536299 0.003467 0.422915 0.414912 0 
4 0.489362 0.045394 0.522315 0.003467 0.422915 0.414912 0 
4 0.510638 0.045244 0.514579 0.003467 0.422915 0.414912 0 
4 0.531915 0.045214 0.497471 0.003467 0.422915 0.414912 0 
4 0.553191 0.045244 0.484826 0.003467 0.422915 0.414912 0 
4 0.574468 0.043893 0.480958 0.003467 0.422915 0.414912 0 
4 0.595745 0.045244 0.471735 0.003467 0.422915 0.414912 0 
4 0.617021 0.045244 0.461619 0.003467 0.422915 0.414912 0 
4 0.638298 0.043743 0.459387 0.003467 0.422915 0.414912 0 
4 0.659574 0.045244 0.47114 0.003467 0.422915 0.414912 0 
4 0.680851 0.045244 0.492413 0.003467 0.422915 0.414912 0 
4 0.702128 0.045244 0.535109 0.003467 0.422915 0.414912 0 
4 0.723404 0.045244 0.617971 0.003467 0.422915 0.414912 0 
4 0.744681 0.045394 0.688634 0.003467 0.422915 0.414912 0 
4 0.765957 0.045244 0.68194 0.003467 0.422915 0.414912 0 
4 0.787234 0.045244 0.665873 0.003467 0.422915 0.414912 0 
4 0.808511 0.043893 0.63374 0.003467 0.422915 0.414912 0 
4 0.829787 0.043893 0.603243 0.003467 0.422915 0.414912 0 
4 0.851064 0.045394 0.599375 0.003467 0.422915 0.414912 0 
4 0.87234 0.045394 0.580184 0.003467 0.422915 0.414912 0 
4 0.893617 0.045244 0.526331 0.003467 0.422915 0.414912 0 
4 0.914894 0.043893 0.475305 0.003467 0.422915 0.414912 0 
4 0.93617 0.07893 0.513835 0.003467 0.422915 0.414912 1 
4 0.957447 0.045515 0.521868 0.003467 0.422915 0.414912 0 
4 0.978723 0.077789 0.534365 0.003467 0.422915 0.414912 1 
4 1 0.045515 0.524249 0.003467 0.422915 0.414912 0 
