3 0 0.125796 0.563225 0.003467 0.422915 0.414912 1 
3 0.021277 0.125796 0.54582 0.003467 0.422915 0.414912 1 
3 0.042553 0.091089 0.52172 0.003467 0.422915 0.414912 1 
3 0.06383 0.090369 0.452098 0.003467 0.422915 0.414912 1 
3 0.085106 0.084064 0.400327 0.003467 0.422915 0.414912 0 
3 0.106383 0.080911 0.348855 0.003467 0.422915 0.414912 0 
3 0.12766 0.078209 0.307349 0.003467 0.422915 0.414912 0 
3 0.148936 0.077909 0.270158 0.003467 0.422915 0.414912 0 
3 0.170213 0.075958 0.246504 0.003467 0.422915 0.414912 0 
3 0.191489 0.078209 0.235793 0.003467 0.422915 0.414912 0 
3 0.212766 0.07869 0.257661 0.003467 0.422915 0.414912 0 
3 0.234043 0.080911 0.310027 0.003467 0.422915 0.414912 0 
3 0.255319 0.090219 0.407468 0.003467 0.422915 0.414912 0 
3 0.276596 0.125796 0.50357 0.003467 0.422915 0.414912 1 
3 0.297872 0.067251 0.526183 0.003467 0.422915 0.414912 0 
3 0.319149 0.090219 0.6205 0.003467 0.422915 0.414912 0 
3 0.340426 0.125796 0.678965 0.003467 0.422915 0.414912 1 
3 0.361702 0.090219 0.695329 0.003467 0.422915 0.414912 0 
3 0.382979 0.134682 0.727462 0.003467 0.422915 0.414912 1 
3 0.404255 0.090219 0.722553 0.003467 0.422915 0.414912 0 
3 0.425532 0.090219 0.697858 0.003467 0.422915 0.414912 0 
3 0.446809 0.125796 0.6687 0.003467 0.422915 0.414912 1 
3 0.468085 0.125796 0.644154 0.003467 0.422915 0.414912 1 
3 0.489362 0.090219 0.62407 0.003467 0.422915 0.414912 0 
3 0.510638 0.090219 0.613359 0.003467 0.422915 0.414912 0 
3 0.531915 0.125796 0.595954 0.003467 0.422915 0.414912 1 
3 0.553191 0.090219 0.590152 0.003467 0.422915 0.414912 0 
3 0.574468 0.090219 0.582267 0.003467 0.422915 0.414912 0 
3 0.595745 0.125796 0.559804 0.003467 0.422915 0.414912 1 
3 0.617021 0.090219 0.558614 0.003467 0.422915 0.414912 0 
3 0.638298 0.125796 0.568581 0.003467 0.422915 0.414912 1 
3 0.659574 0.125796 0.585689 0.003467 0.422915 0.414912 1 
3 0.680851 0.134682 0.612318 0.003467 0.422915 0.414912 1 
3 0.702128 0.179236 0.677626 0.003467 0.422915 0.414912 1 
3 0.723404 0.179236 0.77105 0.003467 0.422915 0.414912 1 
3 0.744681 0.179236 0.842755 0.003467 0.422915 0.414912 1 
3 0.765957 0.179236 0.84335 0.003467 0.422915 0.414912 1 
3 0.787234 0.090219 0.817316 0.003467 0.422915 0.414912 0 
3 0.808511 0.125796 0.778935 0.003467 0.422915 0.414912 1 
3 0.829787 0.090219 0.747843 0.003467 0.422915 0.414912 0 
3 0.851064 0.134682 0.717941 0.003467 0.422915 0.414912 1 
3 0.87234 0.125796 0.69161 0.003467 0.422915 0.414912 1 
3 0.893617 0.090219 0.631806 0.003467 0.422915 0.414912 0 
3 0.914894 0.068542 0.56873 0.003467 0.422915 0.414912 0 
3 0.93617 0.109613 0.59521 0.003467 0.422915 0.414912 0 
3 0.957447 0.090219 0.579887 0.003467 0.422915 0.414912 0 
3 0.978723 0.090939 0.582267 0.003467 0.422915 0.414912 0 
3 1 0.090939 0.56992 0.003467 0.422915 0.414912 0 
