5 0 0.069653 0.343053 0.003467 0.422915 0.414912 1 
5 0.021277 0.049838 0.278191 0.003467 0.422915 0.414912 0 
5 0.042553 0.049838 0.219131 0.003467 0.422915 0.414912 0 
5 0.06383 0.043053 0.180006 0.003467 0.422915 0.414912 0 
5 0.085106 0.043053 0.150699 0.003467 0.422915 0.414912 0 
5 0.106383 0.043053 0.134335 0.003467 0.422915 0.414912 0 
5 0.12766 0.043053 0.130021 0.003467 0.422915 0.414912 0 
5 0.148936 0.071034 0.128682 0.003467 0.422915 0.414912 1 
5 0.170213 0.068932 0.158435 0.003467 0.422915 0.414912 1 
5 0.191489 0.070524 0.19756 0.003467 0.422915 0.414912 1 
5 0.212766 0.07866 0.278489 0.003467 0.422915 0.414912 1 
5 0.234043 0.07866 0.367153 0.003467 0.422915 0.414912 1 
5 0.255319 0.088027 0.396906 0.003467 0.422915 0.414912 1 
5 0.276596 0.088027 0.460875 0.003467 0.422915 0.414912 1 
5 0.297872 0.079831 0.485719 0.003467 0.422915 0.414912 1 
5 0.319149 0.083283 0.49643 0.003467 0.422915 0.414912 1 
5 0.340426 0.102258 0.544927 0.003467 0.422915 0.414912 1 
5 0.361702 0.111685 0.564415 0.003467 0.422915 0.414912 1 
5 0.382979 0.092771 0.557572 0.003467 0.422915 0.414912 1 
5 0.404255 0.088027 0.543737 0.003467 0.422915 0.414912 1 
5 0.425532 0.083283 0.535852 0.003467 0.422915 0.414912 1 
5 0.446809 0.088027 0.540762 0.003467 0.422915 0.414912 1 
5 0.468085 0.07854 0.53258 0.003467 0.422915 0.414912 1 
5 0.489362 0.083283 0.526183 0.003467 0.422915 0.414912 1 
5 0.510638 0.07854 0.523654 0.003467 0.422915 0.414912 1 
5 0.531915 0.07854 0.513686 0.003467 0.422915 0.414912 1 
5 0.553191 0.07854 0.513835 0.003467 0.422915 0.414912 1 
5 0.574468 0.07854 0.503422 0.003467 0.422915 0.414912 1 
5 0.595745 0.073736 0.495091 0.003467 0.422915 0.414912 1 
5 0.617021 0.07854 0.496727 0.003467 0.422915 0.414912 1 
5 0.638298 0.07854 0.493454 0.003467 0.422915 0.414912 1 
5 0.659574 0.07854 0.489586 0.003467 0.422915 0.414912 1 
5 0.680851 0.075327 0.473222 0.003467 0.422915 0.414912 1 
5 0.702128 0.073736 0.45061 0.003467 0.422915 0.414912 1 
5 0.723404 0.067491 0.420559 0.003467 0.422915 0.414912 0 
5 0.744681 0.068932 0.397352 0.003467 0.422915 0.414912 0 
5 0.765957 0.068932 0.380839 0.003467 0.422915 0.414912 0 
5 0.787234 0.073736 0.406724 0.003467 0.422915 0.414912 1 
5 0.808511 0.075327 0.415948 0.003467 0.422915 0.414912 1 
5 0.829787 0.070524 0.406129 0.003467 0.422915 0.414912 1 
5 0.851064 0.049267 0.381732 0.003467 0.422915 0.414912 0 
5 0.87234 0.048037 0.347516 0.003467 0.422915 0.414912 0 
5 0.893617 0.073736 0.37593 0.003467 0.422915 0.414912 1 
5 0.914894 0.072115 0.398542 0.003467 0.422915 0.414912 1 
5 0.93617 0.076948 0.425766 0.003467 0.422915 0.414912 1 
5 0.957447 0.072115 0.428146 0.003467 0.422915 0.414912 1 
5 0.978723 0.068932 0.414311 0.003467 0.422915 0.414912 0 
5 1 0.067341 0.383963 0.003467 0.422915 0.414912 0 
