3 0 0.058094 0.572151 0.003851 0.485759 0.575877 1 
3 0.021277 0.035367 0.549836 0.002335 0.470741 0.592982 0 
3 0.042553 0.053381 0.512645 0.00355 0.530554 0.487281 1 
3 0.06383 0.035337 0.457007 0.002347 0.51709 0.489035 0 
3 0.085106 0.035217 0.393633 0.002329 0.480062 0.522807 0 
3 0.106383 0.031914 0.342904 0.0021 0.449249 0.55 0 
3 0.12766 0.028221 0.29634 0.001882 0.423615 0.524561 0 
3 0.148936 0.028732 0.267777 0.00183 0.401605 0.550877 0 
3 0.170213 0.028942 0.246355 0.001888 0.393837 0.632456 0 
3 0.191489 0.029362 0.252008 0.001903 0.373123 0.647807 0 
3 0.212766 0.032425 0.278191 0.002102 0.382962 0.679386 0 
3 0.234043 0.028402 0.326688 0.001859 0.395909 0.603509 0 
3 0.255319 0.049177 0.431568 0.003276 0.465303 0.52193 1 
3 0.276596 0.034947 0.554151 0.002389 0.551269 0.375439 0 
3 0.297872 0.029753 0.620797 0.002094 0.599171 0.270175 0 
3 0.319149 0.045124 0.711693 0.003207 0.696012 0.252193 1 
3 0.340426 0.051309 0.746355 0.003614 0.733558 0.33114 1 
3 0.361702 0.09202 0.74576 0.00645 0.747281 0.268421 1 
3 0.382979 0.09226 0.76867 0.006437 0.762558 0.279825 1 
3 0.404255 0.082082 0.765546 0.005712 0.762817 0.282895 1 
3 0.425532 0.094992 0.762571 0.006602 0.754013 0.281579 1 
3 0.446809 0.094512 0.742041 0.006624 0.745728 0.199561 1 
3 0.468085 0.099496 0.731181 0.006996 0.734593 0.284211 1 
3 0.489362 0.136214 0.737429 0.009551 0.73537 0.28114 1 
3 0.510638 0.143029 0.738322 0.010048 0.726308 0.305702 1 
3 0.531915 0.13147 0.736239 0.009227 0.728379 0.306579 1 
3 0.553191 0.340999 0.747248 0.023911 0.759969 0.305702 1 
3 0.574468 0.253843 0.750223 0.017837 0.768773 0.286842 1 
3 0.595745 0.206137 0.75424 0.014449 0.765407 0.297807 1 
3 0.617021 0.146902 0.745463 0.010318 0.761264 0.312719 1 
3 0.638298 0.125165 0.726272 0.008783 0.747799 0.317982 1 
3 0.659574 0.125766 0.747545 0.00883 0.75246 0.35614 1 
3 0.680851 0.32902 0.799613 0.023008 0.74521 0.42807 1 
3 0.702128 0.849105 0.885302 0.059669 0.768514 0.460526 1 
3 0.723404 0.731716 0.953585 0.050367 0.8203 0.410088 1 
3 0.744681 0.542933 1 0.036501 0.854738 0.446491 1 
3 0.765957 0.294134 0.980809 0.019763 0.822631 0.422368 1 
3 0.787234 0.126126 0.945106 0.008513 0.763853 0.396491 1 
3 0.808511 0.095322 0.90479 0.006516 0.723718 0.402632 0 
3 0.829787 0.082503 0.866111 0.005658 0.684102 0.421053 0 
3 0.851064 0.086976 0.836061 0.005951 0.651217 0.459649 0 
3 0.87234 0.09244 0.797977 0.006273 0.622475 0.527193 0 
3 0.893617 0.057133 0.734008 0.003868 0.587519 0.498684 0 
3 0.914894 0.032785 0.659179 0.002248 0.546867 0.446053 0 
3 0.93617 0.031644 0.671229 0.002164 0.506732 0.566228 0 
3 0.957447 0.028762 0.648468 0.001953 0.472294 0.518421 0 
3 0.978723 0.043233 0.626153 0.002935 0.528483 0.534649 0 
3 1 0.069503 0.610086 0.004643 0.516313 0.556579 0 
