2 0 0.082473 0.507885 0.003467 0.422915 0.414912 1 
2 0.021277 0.082473 0.496132 0.003467 0.422915 0.414912 1 
2 0.042553 0.086075 0.465933 0.003467 0.422915 0.414912 1 
2 0.06383 0.056323 0.40598 0.003467 0.422915 0.414912 0 
2 0.085106 0.074817 0.345582 0.003467 0.422915 0.414912 1 
2 0.106383 0.056173 0.305118 0.003467 0.422915 0.414912 0 
2 0.12766 0.056173 0.255579 0.003467 0.422915 0.414912 0 
2 0.148936 0.075958 0.21928 0.003467 0.422915 0.414912 1 
2 0.170213 0.075958 0.192353 0.003467 0.422915 0.414912 1 
2 0.191489 0.075958 0.195775 0.003467 0.422915 0.414912 1 
2 0.212766 0.075958 0.216156 0.003467 0.422915 0.414912 1 
2 0.234043 0.042332 0.274026 0.003467 0.422915 0.414912 0 
2 0.255319 0.090939 0.3795 0.003467 0.422915 0.414912 1 
2 0.276596 0.119191 0.500446 0.003467 0.422915 0.414912 1 
2 0.297872 0.056323 0.529009 0.003467 0.422915 0.414912 0 
2 0.319149 0.074667 0.613359 0.003467 0.422915 0.414912 1 
2 0.340426 0.074667 0.636864 0.003467 0.422915 0.414912 1 
2 0.361702 0.042572 0.624665 0.003467 0.422915 0.414912 0 
2 0.382979 0.074667 0.649509 0.003467 0.422915 0.414912 1 
2 0.404255 0.056323 0.644302 0.003467 0.422915 0.414912 0 
2 0.425532 0.056323 0.634633 0.003467 0.422915 0.414912 0 
2 0.446809 0.074667 0.612764 0.003467 0.422915 0.414912 1 
2 0.468085 0.082473 0.591788 0.003467 0.422915 0.414912 1 
2 0.489362 0.079711 0.580928 0.003467 0.422915 0.414912 1 
2 0.510638 0.079711 0.57349 0.003467 0.422915 0.414912 1 
2 0.531915 0.079711 0.566498 0.003467 0.422915 0.414912 1 
2 0.553191 0.074667 0.567539 0.003467 0.422915 0.414912 1 
2 0.574468 0.074667 0.559506 0.003467 0.422915 0.414912 1 
2 0.595745 0.074667 0.552068 0.003467 0.422915 0.414912 1 
2 0.617021 0.074667 0.548051 0.003467 0.422915 0.414912 1 
2 0.638298 0.074667 0.545671 0.003467 0.422915 0.414912 1 
2 0.659574 0.042422 0.555936 0.003467 0.422915 0.414912 0 
2 0.680851 0.086075 0.58673 0.003467 0.422915 0.414912 1 
2 0.702128 0.116759 0.643261 0.003467 0.422915 0.414912 1 
2 0.723404 0.106731 0.738471 0.003467 0.422915 0.414912 1 
2 0.744681 0.116759 0.818953 0.003467 0.422915 0.414912 1 
2 0.765957 0.086075 0.806159 0.003467 0.422915 0.414912 1 
2 0.787234 0.086075 0.782208 0.003467 0.422915 0.414912 1 
2 0.808511 0.074667 0.742339 0.003467 0.422915 0.414912 1 
2 0.829787 0.074667 0.705445 0.003467 0.422915 0.414912 1 
2 0.851064 0.114387 0.674799 0.003467 0.422915 0.414912 1 
2 0.87234 0.114387 0.64341 0.003467 0.422915 0.414912 1 
2 0.893617 0.089618 0.588218 0.003467 0.422915 0.414912 1 
2 0.914894 0.074667 0.530348 0.003467 0.422915 0.414912 1 
2 0.93617 0.106131 0.552514 0.003467 0.422915 0.414912 1 
2 0.957447 0.090309 0.54463 0.003467 0.422915 0.414912 1 
2 0.978723 0.090939 0.544183 0.003467 0.422915 0.414912 1 
2 1 0.090309 0.533472 0.003467 0.422915 0.414912 1 
