3 0 0.082413 0.528712 0.005328 0.443294 0.609211 1 
3 0.021277 0.064999 0.516513 0.004304 0.422838 0.591667 0 
3 0.042553 0.117119 0.481851 0.007833 0.485241 0.509649 1 
3 0.06383 0.055993 0.423832 0.003716 0.460642 0.570614 0 
3 0.085106 0.033836 0.36983 0.002227 0.433713 0.578509 0 
3 0.106383 0.036928 0.320887 0.00242 0.400829 0.642105 0 
3 0.12766 0.049267 0.272092 0.003209 0.380114 0.684211 0 
3 0.148936 0.034706 0.244273 0.002246 0.356551 0.741228 0 
3 0.170213 0.035307 0.225528 0.002273 0.34464 0.755263 0 
3 0.191489 0.036778 0.220619 0.00236 0.333506 0.755702 0 
3 0.212766 0.038399 0.249777 0.002462 0.336095 0.743421 0 
3 0.234043 0.031404 0.303481 0.002032 0.350854 0.708333 0 
3 0.255319 0.102588 0.409402 0.006774 0.426722 0.587281 1 
3 0.276596 0.125285 0.520083 0.008378 0.506732 0.55307 1 
3 0.297872 0.040141 0.565903 0.00274 0.553599 0.384211 0 
3 0.319149 0.127327 0.634781 0.00881 0.627654 0.380702 1 
3 0.340426 0.077309 0.625707 0.00539 0.662869 0.272807 1 
3 0.361702 0.091089 0.607111 0.006385 0.671155 0.22193 1 
3 0.382979 0.059715 0.643707 0.004019 0.680218 0.25307 0 
3 0.404255 0.040441 0.624517 0.002813 0.649146 0.291667 0 
3 0.425532 0.035727 0.601607 0.002476 0.613672 0.315351 0 
3 0.446809 0.034106 0.581226 0.002356 0.595287 0.30614 0 
3 0.468085 0.033175 0.567242 0.00231 0.600984 0.292105 0 
3 0.489362 0.029362 0.554597 0.002046 0.584671 0.306579 0 
3 0.510638 0.029152 0.543439 0.002036 0.570171 0.298246 0 
3 0.531915 0.029212 0.535852 0.00205 0.562144 0.263596 0 
3 0.553191 0.029152 0.530497 0.002056 0.573278 0.267982 0 
3 0.574468 0.029092 0.51681 0.002042 0.551269 0.331579 0 
3 0.595745 0.028942 0.512348 0.002027 0.548162 0.32807 0 
3 0.617021 0.028942 0.503422 0.002034 0.554894 0.305702 0 
3 0.638298 0.028642 0.495686 0.002019 0.543501 0.339035 0 
3 0.659574 0.028852 0.510414 0.002032 0.537804 0.332018 0 
3 0.680851 0.031254 0.529307 0.002183 0.547903 0.330702 0 
3 0.702128 0.033956 0.576465 0.002378 0.58001 0.299123 0 
3 0.723404 0.181578 0.674055 0.01279 0.655101 0.235088 1 
3 0.744681 0.165966 0.756174 0.011593 0.74521 0.239912 1 
3 0.765957 0.130809 0.753496 0.009086 0.728638 0.260088 1 
3 0.787234 0.063708 0.72776 0.004425 0.678923 0.28114 0 
3 0.808511 0.053411 0.692502 0.003718 0.634127 0.333772 0 
3 0.829787 0.051939 0.667361 0.003625 0.600466 0.328509 0 
3 0.851064 0.116729 0.649509 0.008124 0.576644 0.376316 1 
3 0.87234 0.089468 0.633889 0.006219 0.547903 0.392105 1 
3 0.893617 0.067701 0.588367 0.004684 0.508545 0.432456 1 
3 0.914894 0.031014 0.535406 0.002129 0.479285 0.46886 0 
3 0.93617 0.099135 0.566201 0.006028 0.443035 0.580702 1 
3 0.957447 0.048157 0.569771 0.003245 0.418436 0.564474 0 
3 0.978723 0.122373 0.562333 0.008253 0.467633 0.545175 1 
3 1 0.108262 0.550729 0.007239 0.458571 0.599123 1 
