2 0 0.043443 0.260785 0.002898 0.33014 0.518421 1 
2 0.021277 0.043653 0.232223 0.002908 0.31305 0.49386 1 
2 0.042553 0.043623 0.204106 0.002941 0.375194 0.463596 1 
2 0.06383 0.042692 0.17227 0.002802 0.353962 0.512719 0 
2 0.085106 0.038399 0.14936 0.002551 0.304505 0.546491 0 
2 0.106383 0.037468 0.13493 0.002476 0.263594 0.642105 0 
2 0.12766 0.03891 0.131508 0.002553 0.233558 0.653509 0 
2 0.148936 0.035217 0.137608 0.002304 0.216468 0.667105 0 
2 0.170213 0.042752 0.167807 0.002808 0.212843 0.636404 0 
2 0.191489 0.045274 0.200684 0.002997 0.234076 0.608333 1 
2 0.212766 0.062838 0.294853 0.004373 0.301657 0.547368 1 
2 0.234043 0.081542 0.386343 0.005725 0.378042 0.484649 1 
2 0.255319 0.069593 0.403005 0.004757 0.499223 0.348246 1 
2 0.276596 0.100727 0.464594 0.006942 0.596064 0.308772 1 
2 0.297872 0.079891 0.484826 0.005494 0.565769 0.325877 1 
2 0.319149 0.064009 0.490777 0.004379 0.553858 0.327193 1 
2 0.340426 0.104329 0.537935 0.007071 0.550233 0.394737 1 
2 0.361702 0.101207 0.560547 0.006718 0.546867 0.400877 1 
2 0.382979 0.082983 0.557275 0.005584 0.50725 0.415351 1 
2 0.404255 0.093521 0.546564 0.006302 0.539617 0.380263 1 
2 0.425532 0.078059 0.537935 0.00526 0.541947 0.386404 1 
2 0.446809 0.081632 0.527373 0.005498 0.56784 0.364035 1 
2 0.468085 0.080641 0.523802 0.005399 0.558778 0.359649 1 
2 0.489362 0.083584 0.522315 0.005918 0.54609 0.370175 1 
2 0.510638 0.079951 0.519786 0.005426 0.561367 0.358333 1 
2 0.531915 0.087036 0.518001 0.005889 0.563956 0.35 1 
2 0.553191 0.0795 0.515025 0.005384 0.565251 0.369298 1 
2 0.574468 0.095773 0.509521 0.006487 0.556965 0.378509 1 
2 0.595745 0.061066 0.507141 0.004225 0.551528 0.37807 1 
2 0.617021 0.07944 0.511009 0.005395 0.545572 0.387719 1 
2 0.638298 0.095202 0.509075 0.006462 0.547126 0.328509 1 
2 0.659574 0.073496 0.51205 0.005012 0.55334 0.315789 1 
2 0.680851 0.074667 0.501488 0.005096 0.558519 0.292982 1 
2 0.702128 0.054642 0.49643 0.003739 0.555153 0.305263 0 
2 0.723404 0.044013 0.470991 0.003004 0.515795 0.371491 0 
2 0.744681 0.043623 0.453139 0.002956 0.472553 0.408333 0 
2 0.765957 0.045845 0.432014 0.003118 0.432418 0.324123 0 
2 0.787234 0.044134 0.427254 0.002973 0.409632 0.342105 0 
2 0.808511 0.044374 0.442279 0.00301 0.40523 0.339912 0 
2 0.829787 0.047766 0.437519 0.003276 0.44174 0.282895 0 
2 0.851064 0.049117 0.414162 0.003367 0.437338 0.298246 0 
2 0.87234 0.042873 0.37474 0.002923 0.419472 0.342982 0 
2 0.893617 0.045154 0.398691 0.003047 0.365096 0.442544 0 
2 0.914894 0.042933 0.412377 0.002875 0.324702 0.491667 0 
2 0.93617 0.061187 0.438114 0.004082 0.294407 0.545614 0 
2 0.957447 0.073046 0.454329 0.004873 0.298032 0.511404 1 
2 0.978723 0.097694 0.453436 0.006666 0.422838 0.411404 1 
2 1 0.086676 0.438709 0.005949 0.434749 0.442544 1 
