2 0 0.029002 0.289051 0.001026 0.304764 0.853509 1 
2 0.021277 0.028732 0.24695 0.001647 0.283273 0.849123 1 
2 0.042553 0.028942 0.223892 0.00184 0.348783 0.728509 1 
2 0.06383 0.028912 0.195031 0.001853 0.324702 0.763596 1 
2 0.085106 0.025039 0.163344 0.001608 0.302434 0.774561 0 
2 0.106383 0.019665 0.141476 0.00096 0.267996 0.785526 0 
2 0.12766 0.018284 0.117376 0.000858 0.245728 0.78114 0 
2 0.148936 0.01348 0.10726 0.000868 0.233299 0.777193 0 
2 0.170213 0.015552 0.111574 0.000858 0.2232 0.849123 0 
2 0.191489 0.020506 0.121244 0.000912 0.221906 0.849123 0 
2 0.212766 0.024709 0.155013 0.000949 0.224495 0.853509 0 
2 0.234043 0.02591 0.197263 0.001334 0.242361 0.840351 0 
2 0.255319 0.029422 0.276257 0.001039 0.291041 0.713158 1 
2 0.276596 0.029332 0.341565 0.001641 0.349301 0.676754 1 
2 0.297872 0.028762 0.35421 0.001874 0.398239 0.67193 1 
2 0.319149 0.028942 0.416245 0.001899 0.450544 0.637281 1 
2 0.340426 0.028942 0.458494 0.001917 0.513723 0.594737 1 
2 0.361702 0.029332 0.484975 0.001942 0.541429 0.574123 1 
2 0.382979 0.029813 0.512199 0.001982 0.552305 0.582895 1 
2 0.404255 0.029452 0.523802 0.001955 0.542465 0.582018 1 
2 0.425532 0.029422 0.525439 0.001957 0.548162 0.554386 1 
2 0.446809 0.029422 0.520232 0.001961 0.553599 0.545614 1 
2 0.468085 0.029422 0.512794 0.001959 0.550751 0.55 1 
2 0.489362 0.029422 0.513686 0.001961 0.554894 0.523684 1 
2 0.510638 0.029422 0.517257 0.001963 0.551787 0.555263 1 
2 0.531915 0.029422 0.50848 0.001961 0.549197 0.547807 1 
2 0.553191 0.031644 0.511306 0.002148 0.553081 0.269298 1 
2 0.574468 0.03978 0.50848 0.00279 0.53651 0.262719 1 
2 0.595745 0.03906 0.491372 0.002754 0.529001 0.226316 1 
2 0.617021 0.080011 0.496876 0.005528 0.524081 0.299123 1 
2 0.638298 0.055542 0.498066 0.003876 0.517607 0.249561 1 
2 0.659574 0.075207 0.506992 0.00528 0.505697 0.313158 1 
2 0.680851 0.099225 0.516513 0.006932 0.508545 0.356579 1 
2 0.702128 0.112766 0.535109 0.007856 0.505697 0.361404 1 
2 0.723404 0.061066 0.557126 0.00425 0.519679 0.403947 1 
2 0.744681 0.061697 0.603392 0.004292 0.542206 0.374123 1 
2 0.765957 0.060136 0.592681 0.004179 0.567582 0.281579 1 
2 0.787234 0.040501 0.55787 0.002823 0.547644 0.352632 1 
2 0.808511 0.037078 0.506843 0.002555 0.500777 0.363596 1 
2 0.829787 0.038669 0.468015 0.002661 0.468151 0.352632 1 
2 0.851064 0.037378 0.449271 0.002607 0.443811 0.388596 1 
2 0.87234 0.034436 0.425915 0.002376 0.421284 0.451754 0 
2 0.893617 0.029122 0.392443 0.001992 0.403159 0.497368 0 
2 0.914894 0.02612 0.356144 0.00178 0.374676 0.485088 0 
2 0.93617 0.028912 0.409551 0.00194 0.354997 0.630702 0 
2 0.957447 0.029422 0.425617 0.001955 0.346712 0.667982 0 
2 0.978723 0.035367 0.432461 0.00237 0.401346 0.589035 0 
2 1 0.037228 0.431866 0.00248 0.396168 0.677632 1 
