7 0 0.027981 0.355698 0.00177 0.33247 0.770175 0 
7 0.021277 0.027531 0.294258 0.001631 0.299068 0.770175 0 
7 0.042553 0.027261 0.240702 0.001745 0.355515 0.767105 0 
7 0.06383 0.027021 0.205147 0.001614 0.322113 0.726316 0 
7 0.085106 0.027021 0.165129 0.001271 0.265924 0.748246 0 
7 0.106383 0.02666 0.150997 0.001263 0.230709 0.770175 0 
7 0.12766 0.027021 0.153823 0.000841 0.19912 0.737281 0 
7 0.148936 0.027021 0.149212 0.000841 0.192387 0.754825 0 
7 0.170213 0.02666 0.160964 0.00091 0.193164 0.842544 0 
7 0.191489 0.027021 0.172865 0.000841 0.20378 0.864474 0 
7 0.212766 0.027411 0.19518 0.000841 0.220352 0.864474 0 
7 0.234043 0.027771 0.215858 0.000841 0.216727 0.842544 0 
7 0.255319 0.028612 0.252008 0.001186 0.244433 0.798684 0 
7 0.276596 0.029182 0.307647 0.001531 0.277576 0.792982 0 
7 0.297872 0.029783 0.357632 0.001703 0.276282 0.792982 0 
7 0.319149 0.030083 0.398542 0.001745 0.300104 0.811404 1 
7 0.340426 0.030954 0.451354 0.001917 0.335836 0.857456 1 
7 0.361702 0.029783 0.463999 0.001876 0.355515 0.852193 0 
7 0.382979 0.030683 0.474859 0.001934 0.37131 0.851754 1 
7 0.404255 0.030323 0.475156 0.001876 0.375712 0.834649 1 
7 0.425532 0.031794 0.4759 0.001998 0.380632 0.825877 1 
7 0.446809 0.033145 0.475305 0.002079 0.379078 0.817105 1 
7 0.468085 0.032335 0.468015 0.001998 0.383998 0.822368 1 
7 0.489362 0.033055 0.468015 0.002098 0.384775 0.819298 1 
7 0.510638 0.032064 0.458643 0.002069 0.383221 0.834649 1 
7 0.531915 0.030353 0.45418 0.001907 0.379078 0.852193 0 
7 0.553191 0.030383 0.445552 0.001892 0.374935 0.842105 0 
7 0.574468 0.029572 0.437221 0.001876 0.371828 0.841228 0 
7 0.595745 0.029362 0.431419 0.001892 0.374935 0.843421 0 
7 0.617021 0.029122 0.430229 0.001876 0.377784 0.851754 0 
7 0.638298 0.029302 0.432163 0.001843 0.383221 0.848246 0 
7 0.659574 0.030623 0.441982 0.001955 0.390212 0.834649 1 
7 0.680851 0.028972 0.420411 0.001745 0.392284 0.779386 0 
7 0.702128 0.032064 0.439601 0.002034 0.398757 0.791228 1 
7 0.723404 0.029272 0.437072 0.001876 0.396945 0.783333 0 
7 0.744681 0.032245 0.430824 0.002038 0.377266 0.813596 1 
7 0.765957 0.032725 0.418328 0.002038 0.353185 0.808333 1 
7 0.787234 0.030593 0.400179 0.001876 0.335836 0.852193 1 
7 0.808511 0.033385 0.413865 0.002079 0.3203 0.857456 1 
7 0.829787 0.034136 0.419369 0.002119 0.338167 0.857456 1 
7 0.851064 0.03933 0.404195 0.002339 0.351631 0.835526 1 
7 0.87234 0.042722 0.376079 0.002611 0.342051 0.835526 1 
7 0.893617 0.047736 0.39274 0.002997 0.303988 0.904825 1 
7 0.914894 0.033926 0.376376 0.002059 0.285344 0.917982 1 
7 0.93617 0.035337 0.37474 0.002177 0.283791 0.885088 1 
7 0.957447 0.032004 0.345582 0.001998 0.275505 0.807895 1 
7 0.978723 0.029032 0.324903 0.001398 0.339202 0.776754 0 
7 1 0.027561 0.272092 0.000858 0.328327 0.776754 0 
