7 0 0.047346 0.340524 0.003467 0.422915 0.414912 0 
7 0.021277 0.066591 0.29396 0.003467 0.422915 0.414912 1 
7 0.042553 0.046385 0.275811 0.003467 0.422915 0.414912 0 
7 0.06383 0.066591 0.220024 0.003467 0.422915 0.414912 1 
7 0.085106 0.045244 0.179857 0.003467 0.422915 0.414912 0 
7 0.106383 0.045244 0.149063 0.003467 0.422915 0.414912 0 
7 0.12766 0.044974 0.125409 0.003467 0.422915 0.414912 0 
7 0.148936 0.044974 0.102499 0.003467 0.422915 0.414912 0 
7 0.170213 0.056203 0.090003 0.003467 0.422915 0.414912 0 
7 0.191489 0.044974 0.082416 0.003467 0.422915 0.414912 0 
7 0.212766 0.056203 0.085838 0.003467 0.422915 0.414912 0 
7 0.234043 0.056203 0.099821 0.003467 0.422915 0.414912 0 
7 0.255319 0.060406 0.119012 0.003467 0.422915 0.414912 1 
7 0.276596 0.060406 0.143261 0.003467 0.422915 0.414912 1 
7 0.297872 0.066591 0.179262 0.003467 0.422915 0.414912 1 
7 0.319149 0.066591 0.2349 0.003467 0.422915 0.414912 1 
7 0.340426 0.070914 0.292621 0.003467 0.422915 0.414912 1 
7 0.361702 0.070914 0.325498 0.003467 0.422915 0.414912 1 
7 0.382979 0.074667 0.369235 0.003467 0.422915 0.414912 1 
7 0.404255 0.074667 0.381732 0.003467 0.422915 0.414912 1 
7 0.425532 0.066591 0.372211 0.003467 0.422915 0.414912 1 
7 0.446809 0.066591 0.355549 0.003467 0.422915 0.414912 1 
7 0.468085 0.047466 0.335168 0.003467 0.422915 0.414912 0 
7 0.489362 0.047706 0.321779 0.003467 0.422915 0.414912 0 
7 0.510638 0.047346 0.30839 0.003467 0.422915 0.414912 0 
7 0.531915 0.046385 0.285927 0.003467 0.422915 0.414912 0 
7 0.553191 0.046385 0.271645 0.003467 0.422915 0.414912 0 
7 0.574468 0.046385 0.251413 0.003467 0.422915 0.414912 0 
7 0.595745 0.045244 0.239512 0.003467 0.422915 0.414912 0 
7 0.617021 0.045244 0.229098 0.003467 0.422915 0.414912 0 
7 0.638298 0.045244 0.231479 0.003467 0.422915 0.414912 0 
7 0.659574 0.045244 0.235347 0.003467 0.422915 0.414912 0 
7 0.680851 0.045244 0.246206 0.003467 0.422915 0.414912 0 
7 0.702128 0.046385 0.270009 0.003467 0.422915 0.414912 0 
7 0.723404 0.046385 0.293811 0.003467 0.422915 0.414912 0 
7 0.744681 0.070914 0.372806 0.003467 0.422915 0.414912 1 
7 0.765957 0.070914 0.468015 0.003467 0.422915 0.414912 1 
7 0.787234 0.070914 0.480512 0.003467 0.422915 0.414912 1 
7 0.808511 0.074667 0.468164 0.003467 0.422915 0.414912 1 
7 0.829787 0.070914 0.443618 0.003467 0.422915 0.414912 1 
7 0.851064 0.066591 0.418774 0.003467 0.422915 0.414912 1 
7 0.87234 0.066591 0.409997 0.003467 0.422915 0.414912 1 
7 0.893617 0.066591 0.370872 0.003467 0.422915 0.414912 1 
7 0.914894 0.066591 0.326688 0.003467 0.422915 0.414912 1 
7 0.93617 0.047346 0.348259 0.003467 0.422915 0.414912 0 
7 0.957447 0.047346 0.357483 0.003467 0.422915 0.414912 0 
7 0.978723 0.046385 0.370425 0.003467 0.422915 0.414912 0 
7 1 0.046385 0.348259 0.003467 0.422915 0.414912 0 
