6 0 0.056203 0.52767 0.003635 0.4855 0.649123 0 
6 0.021277 0.056263 0.506099 0.003635 0.448213 0.635088 0 
6 0.042553 0.062598 0.471735 0.004067 0.493527 0.59693 1 
6 0.06383 0.055572 0.413716 0.0034 0.470482 0.645175 0 
6 0.085106 0.047496 0.358078 0.003029 0.428534 0.630702 0 
6 0.106383 0.044314 0.306903 0.002881 0.375712 0.684649 0 
6 0.12766 0.027051 0.25781 0.001743 0.347747 0.754825 0 
6 0.148936 0.025249 0.227908 0.001626 0.300363 0.707895 0 
6 0.170213 0.02612 0.213776 0.001689 0.272139 0.748684 0 
6 0.191489 0.02687 0.212734 0.001732 0.275764 0.745175 0 
6 0.212766 0.041702 0.235942 0.002127 0.287157 0.750439 0 
6 0.234043 0.046986 0.288605 0.00264 0.304505 0.750439 0 
6 0.255319 0.072985 0.391848 0.004495 0.39073 0.684211 1 
6 0.276596 0.084724 0.483487 0.0044 0.474625 0.634211 1 
6 0.297872 0.049868 0.506843 0.003292 0.516831 0.527193 0 
6 0.319149 0.053951 0.563523 0.003569 0.588296 0.454825 0 
6 0.340426 0.054732 0.577507 0.003635 0.620922 0.410526 0 
6 0.361702 0.055572 0.569473 0.003687 0.632833 0.444298 0 
6 0.382979 0.082172 0.598036 0.005436 0.633868 0.569298 1 
6 0.404255 0.072295 0.60235 0.00473 0.626359 0.496053 1 
6 0.425532 0.057644 0.580184 0.003793 0.612895 0.490351 0 
6 0.446809 0.054972 0.551473 0.003635 0.612118 0.444737 0 
6 0.468085 0.059085 0.534514 0.003899 0.608493 0.50307 1 
6 0.489362 0.058605 0.525588 0.003845 0.600725 0.539912 0 
6 0.510638 0.064099 0.515174 0.004192 0.590109 0.493421 1 
6 0.531915 0.055752 0.50119 0.003635 0.581823 0.492982 0 
6 0.553191 0.056563 0.495835 0.003706 0.600466 0.465789 0 
6 0.574468 0.079921 0.480214 0.005264 0.586743 0.492982 1 
6 0.595745 0.060946 0.473669 0.004005 0.57535 0.53114 1 
6 0.617021 0.055362 0.461619 0.003635 0.562921 0.44693 0 
6 0.638298 0.055392 0.455519 0.003623 0.549974 0.49693 0 
6 0.659574 0.055842 0.471437 0.003635 0.539358 0.558772 0 
6 0.680851 0.056833 0.487652 0.003706 0.535474 0.595614 0 
6 0.702128 0.056323 0.522166 0.003687 0.554117 0.55 0 
6 0.723404 0.053351 0.554299 0.003525 0.573537 0.419737 0 
6 0.744681 0.056443 0.603838 0.003791 0.603314 0.449123 0 
6 0.765957 0.061156 0.612467 0.00413 0.630502 0.381579 1 
6 0.787234 0.053741 0.594615 0.003635 0.613931 0.323246 0 
6 0.808511 0.05239 0.562035 0.003529 0.568617 0.399123 0 
6 0.829787 0.05239 0.532282 0.003546 0.539617 0.395614 0 
6 0.851064 0.05239 0.509967 0.003579 0.513982 0.391228 0 
6 0.87234 0.049117 0.484975 0.003351 0.477214 0.427193 0 
6 0.893617 0.045935 0.455073 0.003122 0.445106 0.410088 0 
6 0.914894 0.04002 0.416245 0.002736 0.406007 0.339474 0 
6 0.93617 0.05296 0.471437 0.00361 0.389694 0.521053 0 
6 0.957447 0.05296 0.493901 0.003521 0.395132 0.523684 0 
6 0.978723 0.077639 0.498661 0.005197 0.494562 0.481579 1 
6 1 0.086316 0.494049 0.005764 0.491973 0.511842 1 
