1 0 0.041281 0.28429 0.002796 0.313827 0.465789 0 
1 0.021277 0.037529 0.238024 0.00252 0.268255 0.514912 0 
1 0.042553 0.041011 0.206932 0.002767 0.31564 0.453947 0 
1 0.06383 0.031464 0.173609 0.002221 0.283532 0.498246 0 
1 0.085106 0.027981 0.135525 0.001847 0.233299 0.555263 0 
1 0.106383 0.0266 0.110235 0.001716 0.185137 0.592544 0 
1 0.12766 0.024859 0.08554 0.001643 0.144226 0.640789 0 
1 0.148936 0.021436 0.072151 0.001342 0.109529 0.668421 0 
1 0.170213 0.021496 0.067539 0.001359 0.081823 0.685526 0 
1 0.191489 0.022097 0.068432 0.001381 0.063956 0.693421 0 
1 0.212766 0.021857 0.070663 0.001394 0.048679 0.699561 0 
1 0.234043 0.020265 0.07349 0.001327 0.045054 0.692982 0 
1 0.255319 0.023718 0.098631 0.001554 0.045054 0.699561 0 
1 0.276596 0.024859 0.126748 0.001629 0.066028 0.694737 0 
1 0.297872 0.022847 0.158286 0.001483 0.06784 0.761842 0 
1 0.319149 0.027051 0.201577 0.001743 0.103573 0.698684 0 
1 0.340426 0.029542 0.242785 0.001888 0.146556 0.630263 0 
1 0.361702 0.029602 0.277893 0.001965 0.184878 0.567544 0 
1 0.382979 0.030984 0.317316 0.002173 0.204557 0.584211 0 
1 0.404255 0.034106 0.331449 0.002273 0.217245 0.56886 0 
1 0.425532 0.032725 0.329961 0.002183 0.227343 0.575439 0 
1 0.446809 0.031524 0.321184 0.00214 0.2232 0.561842 0 
1 0.468085 0.030623 0.311812 0.00204 0.223459 0.567544 0 
1 0.489362 0.030773 0.310176 0.002044 0.225531 0.571053 0 
1 0.510638 0.030173 0.301696 0.002019 0.223718 0.572368 0 
1 0.531915 0.029873 0.29396 0.001988 0.210772 0.585088 0 
1 0.553191 0.031764 0.284142 0.00211 0.205852 0.585088 0 
1 0.574468 0.029753 0.26867 0.001978 0.190575 0.569298 0 
1 0.595745 0.027981 0.262273 0.001861 0.177369 0.617544 0 
1 0.617021 0.027111 0.255876 0.001795 0.170637 0.659649 0 
1 0.638298 0.027171 0.249926 0.001791 0.166494 0.648246 0 
1 0.659574 0.027471 0.247099 0.001803 0.166753 0.624123 0 
1 0.680851 0.027231 0.236239 0.001805 0.175298 0.583772 0 
1 0.702128 0.028221 0.246504 0.001884 0.200932 0.529825 0 
1 0.723404 0.028011 0.243082 0.001882 0.230968 0.503509 0 
1 0.744681 0.034316 0.281018 0.002368 0.283532 0.507456 0 
1 0.765957 0.042122 0.332639 0.002927 0.343604 0.455263 1 
1 0.787234 0.056203 0.367301 0.004123 0.431901 0.398246 1 
1 0.808511 0.044284 0.346772 0.003043 0.453392 0.340351 1 
1 0.829787 0.048487 0.327284 0.003334 0.438374 0.363596 1 
1 0.851064 0.041221 0.311812 0.002987 0.412998 0.357018 1 
1 0.87234 0.03987 0.297679 0.002655 0.386069 0.398684 1 
1 0.893617 0.032605 0.270604 0.002223 0.342569 0.429825 0 
1 0.914894 0.030533 0.246653 0.002063 0.298032 0.450877 0 
1 0.93617 0.036508 0.279976 0.002362 0.270844 0.498246 1 
1 0.957447 0.030173 0.285778 0.002036 0.254272 0.476316 0 
1 0.978723 0.042843 0.293216 0.002973 0.328586 0.403509 1 
1 1 0.034346 0.26748 0.00221 0.317452 0.409211 1 
