4 0 0.059025 0.434841 0.004098 0.397462 0.271491 1 
4 0.021277 0.055512 0.409402 0.003849 0.368721 0.28114 1 
4 0.042553 0.085985 0.375483 0.005945 0.424133 0.196491 1 
4 0.06383 0.062508 0.324159 0.004321 0.398498 0.244737 1 
4 0.085106 0.047346 0.262868 0.003268 0.355256 0.280702 0 
4 0.106383 0.035277 0.224487 0.002426 0.306577 0.358333 0 
4 0.12766 0.02648 0.179411 0.001811 0.265148 0.421053 0 
4 0.148936 0.02651 0.156204 0.001807 0.238736 0.480263 0 
4 0.170213 0.028131 0.148319 0.001917 0.218799 0.442544 0 
4 0.191489 0.027171 0.149212 0.001851 0.210772 0.454386 0 
4 0.212766 0.027681 0.174353 0.001886 0.220093 0.435526 0 
4 0.234043 0.028852 0.214966 0.001971 0.241067 0.382018 0 
4 0.255319 0.029993 0.313448 0.002061 0.308389 0.432895 0 
4 0.276596 0.046205 0.402112 0.003193 0.383998 0.357018 0 
4 0.297872 0.035667 0.393038 0.002482 0.421543 0.290351 0 
4 0.319149 0.046986 0.444064 0.00329 0.475919 0.202193 0 
4 0.340426 0.07893 0.462957 0.005494 0.506473 0.242105 1 
4 0.361702 0.055392 0.469949 0.003847 0.503366 0.251316 0 
4 0.382979 0.099075 0.512794 0.006845 0.509322 0.316667 1 
4 0.404255 0.115588 0.524546 0.007956 0.49767 0.332456 1 
4 0.425532 0.100126 0.511455 0.006907 0.493786 0.297807 1 
4 0.446809 0.07959 0.499851 0.005501 0.493009 0.296491 1 
4 0.468085 0.082953 0.492264 0.005742 0.496116 0.295175 1 
4 0.489362 0.0792 0.487206 0.005565 0.490678 0.277632 1 
4 0.510638 0.06569 0.480512 0.004566 0.484205 0.272807 1 
4 0.531915 0.062057 0.476049 0.004321 0.482393 0.267982 1 
4 0.553191 0.075958 0.479322 0.005274 0.490937 0.268421 1 
4 0.574468 0.080701 0.475007 0.005602 0.500777 0.264912 1 
4 0.595745 0.080641 0.470991 0.005607 0.496116 0.235965 1 
4 0.617021 0.053411 0.463255 0.00371 0.486794 0.234649 0 
4 0.638298 0.050949 0.456263 0.003546 0.473589 0.25614 0 
4 0.659574 0.050859 0.456858 0.003544 0.469187 0.256579 0 
4 0.680851 0.071574 0.459536 0.004973 0.475919 0.290789 1 
4 0.702128 0.051969 0.465189 0.003606 0.476178 0.29693 0 
4 0.723404 0.047886 0.460428 0.003326 0.498446 0.275 0 
4 0.744681 0.050769 0.47471 0.003529 0.510616 0.174123 0 
4 0.765957 0.066621 0.502231 0.004603 0.512429 0.21886 1 
4 0.787234 0.07836 0.527522 0.005388 0.520197 0.245175 1 
4 0.808511 0.062538 0.497322 0.004317 0.509581 0.212719 1 
4 0.829787 0.067671 0.472925 0.004699 0.494303 0.193421 1 
4 0.851064 0.06602 0.450907 0.004578 0.464267 0.227193 1 
4 0.87234 0.058544 0.423088 0.004061 0.438115 0.230263 0 
4 0.893617 0.050498 0.389021 0.003517 0.4029 0.217544 0 
4 0.914894 0.029512 0.346325 0.002052 0.370533 0.263596 0 
4 0.93617 0.044104 0.407468 0.00306 0.354738 0.326316 0 
4 0.957447 0.045124 0.43127 0.003137 0.340497 0.312281 0 
4 0.978723 0.051759 0.443618 0.003598 0.42465 0.246053 0 
4 1 0.061247 0.444511 0.004248 0.416106 0.285526 1 
