7 0 0.041702 0.569176 0.002831 0.51709 0.585965 0 
7 0.021277 0.043113 0.553853 0.00291 0.494045 0.628509 1 
7 0.042553 0.045905 0.523059 0.003087 0.538322 0.562719 1 
7 0.06383 0.043413 0.473073 0.002925 0.508545 0.609649 1 
7 0.085106 0.044524 0.411931 0.002987 0.462714 0.662719 1 
7 0.106383 0.03918 0.357334 0.002347 0.41507 0.725877 0 
7 0.12766 0.036808 0.308242 0.002318 0.37623 0.794298 0 
7 0.148936 0.038699 0.264653 0.001477 0.337908 0.816228 0 
7 0.170213 0.038699 0.235942 0.001643 0.307872 0.838158 0 
7 0.191489 0.038699 0.219578 0.001172 0.284309 0.838158 0 
7 0.212766 0.034136 0.216007 0.000976 0.268255 0.838158 0 
7 0.234043 0.038699 0.231479 0.001051 0.272657 0.838158 0 
7 0.255319 0.038699 0.262719 0.001172 0.288711 0.816228 0 
7 0.276596 0.038549 0.304969 0.001951 0.308389 0.816228 0 
7 0.297872 0.038699 0.362095 0.001772 0.296737 0.816228 0 
7 0.319149 0.035277 0.463404 0.001685 0.328586 0.814035 0 
7 0.340426 0.038639 0.555638 0.001867 0.387882 0.802632 0 
7 0.361702 0.038249 0.620351 0.002445 0.440445 0.785526 0 
7 0.382979 0.038699 0.670187 0.002484 0.476955 0.746491 0 
7 0.404255 0.03882 0.679857 0.002524 0.479803 0.698246 0 
7 0.425532 0.03894 0.654865 0.002565 0.486277 0.686404 0 
7 0.446809 0.03957 0.617525 0.002613 0.465821 0.704825 0 
7 0.468085 0.0399 0.577209 0.002651 0.446142 0.720614 0 
7 0.489362 0.038699 0.544481 0.002372 0.431124 0.726316 0 
7 0.510638 0.038699 0.509967 0.001674 0.401605 0.726316 0 
7 0.531915 0.038699 0.482446 0.001737 0.386846 0.726316 0 
7 0.553191 0.038699 0.451503 0.00236 0.406007 0.726316 0 
7 0.574468 0.038699 0.430229 0.001892 0.393837 0.726316 0 
7 0.595745 0.038699 0.413716 0.001379 0.378301 0.726316 0 
7 0.617021 0.038699 0.406129 0.001589 0.369498 0.726316 0 
7 0.638298 0.038699 0.408509 0.001124 0.34697 0.726316 0 
7 0.659574 0.038699 0.427849 0.001784 0.352408 0.726316 0 
7 0.680851 0.038699 0.464296 0.001369 0.342828 0.726316 0 
7 0.702128 0.038669 0.544035 0.002356 0.379596 0.726316 0 
7 0.723404 0.037679 0.637162 0.002445 0.447437 0.699123 0 
7 0.744681 0.044013 0.742934 0.002867 0.544019 0.630702 1 
7 0.765957 0.042722 0.76748 0.002823 0.561885 0.635965 1 
7 0.787234 0.040921 0.746206 0.00269 0.534697 0.699123 1 
7 0.808511 0.041251 0.699792 0.002703 0.502848 0.702193 1 
7 0.829787 0.042272 0.666171 0.002788 0.469187 0.729825 1 
7 0.851064 0.043743 0.640881 0.002902 0.447954 0.717105 1 
7 0.87234 0.041401 0.616781 0.002345 0.42957 0.726316 1 
7 0.893617 0.040321 0.583755 0.001778 0.402123 0.726316 1 
7 0.914894 0.03882 0.546415 0.002158 0.392284 0.726316 0 
7 0.93617 0.03975 0.554894 0.002129 0.389694 0.726316 0 
7 0.957447 0.03975 0.550729 0.002293 0.400829 0.725877 0 
7 0.978723 0.045665 0.536745 0.003016 0.474366 0.628509 1 
7 1 0.03975 0.501041 0.002638 0.46608 0.691228 0 
