4 0 0.045785 0.394525 0.003124 0.404713 0.489035 0 
4 0.021277 0.045304 0.335763 0.003066 0.368721 0.514474 0 
4 0.042553 0.055392 0.282208 0.003758 0.430865 0.438596 1 
4 0.06383 0.045394 0.23014 0.003058 0.398498 0.552193 0 
4 0.085106 0.043503 0.181642 0.002904 0.352667 0.580702 0 
4 0.106383 0.041462 0.163642 0.002761 0.307095 0.612281 0 
4 0.12766 0.03969 0.147873 0.002628 0.272139 0.611404 0 
4 0.148936 0.042392 0.148765 0.0028 0.260228 0.624123 0 
4 0.170213 0.042332 0.175841 0.00279 0.255308 0.647807 0 
4 0.191489 0.044013 0.224933 0.002906 0.284827 0.608772 0 
4 0.212766 0.049958 0.308242 0.003332 0.348265 0.624561 0 
4 0.234043 0.064519 0.394079 0.004344 0.443035 0.47193 1 
4 0.255319 0.076528 0.429337 0.005243 0.564474 0.377632 1 
4 0.276596 0.099856 0.490925 0.006849 0.64552 0.320614 1 
4 0.297872 0.045605 0.507736 0.003097 0.604091 0.375 0 
4 0.319149 0.055062 0.508777 0.00371 0.584671 0.37807 0 
4 0.340426 0.106491 0.554597 0.007156 0.594511 0.422368 1 
4 0.361702 0.087366 0.566498 0.005864 0.583376 0.411842 1 
4 0.382979 0.093821 0.558762 0.006311 0.588555 0.407018 1 
4 0.404255 0.071905 0.54463 0.004842 0.586225 0.368421 1 
4 0.425532 0.072295 0.53972 0.004867 0.58493 0.385526 1 
4 0.446809 0.060046 0.537191 0.00404 0.574832 0.376316 1 
4 0.468085 0.061937 0.527522 0.004163 0.571724 0.41886 1 
4 0.489362 0.050108 0.519488 0.003365 0.558001 0.409211 0 
4 0.510638 0.048757 0.511455 0.003286 0.56551 0.370614 0 
4 0.531915 0.048037 0.507141 0.003243 0.57276 0.362719 0 
4 0.553191 0.049147 0.500595 0.003319 0.570689 0.35 0 
4 0.574468 0.048727 0.49033 0.003292 0.563698 0.354825 0 
4 0.595745 0.044854 0.484231 0.003037 0.541688 0.378947 0 
4 0.617021 0.045635 0.487355 0.003095 0.545831 0.360965 0 
4 0.638298 0.046956 0.499405 0.003193 0.546349 0.316667 0 
4 0.659574 0.051399 0.50476 0.003506 0.551787 0.332895 0 
4 0.680851 0.050648 0.502975 0.003461 0.550233 0.324123 0 
4 0.702128 0.05281 0.514579 0.003602 0.548162 0.317982 0 
4 0.723404 0.044043 0.489289 0.002995 0.50725 0.35 0 
4 0.744681 0.045334 0.497025 0.003068 0.478509 0.413158 0 
4 0.765957 0.043323 0.49033 0.002912 0.443811 0.453947 0 
4 0.787234 0.044104 0.486462 0.002943 0.425945 0.483772 0 
4 0.808511 0.043953 0.492264 0.002931 0.444588 0.454386 0 
4 0.829787 0.045635 0.478578 0.00307 0.482651 0.388158 0 
4 0.851064 0.043383 0.44332 0.002923 0.459347 0.407895 0 
4 0.87234 0.043293 0.412229 0.002904 0.448731 0.415351 0 
4 0.893617 0.050588 0.436328 0.003371 0.396686 0.513596 0 
4 0.914894 0.046535 0.43737 0.003103 0.349301 0.534649 0 
4 0.93617 0.058575 0.459238 0.003887 0.311238 0.580263 1 
4 0.957447 0.070974 0.468015 0.004703 0.310202 0.579825 1 
4 0.978723 0.09202 0.467867 0.006219 0.428534 0.510965 1 
4 1 0.089348 0.457453 0.006091 0.446401 0.508333 1 
