2 0 0.057794 0.402112 0.003467 0.422915 0.414912 0 
2 0.021277 0.057794 0.389021 0.003467 0.422915 0.414912 0 
2 0.042553 0.057794 0.365219 0.003467 0.422915 0.414912 0 
2 0.06383 0.046445 0.309729 0.003467 0.422915 0.414912 0 
2 0.085106 0.040351 0.249331 0.003467 0.422915 0.414912 0 
2 0.106383 0.040351 0.195626 0.003467 0.422915 0.414912 0 
2 0.12766 0.017653 0.164832 0.003467 0.422915 0.414912 0 
2 0.148936 0.00006 0.139988 0.003467 0.422915 0.414912 0 
2 0.170213 0.06608 0.128979 0.003467 0.422915 0.414912 1 
2 0.191489 0.06608 0.131806 0.003467 0.422915 0.414912 1 
2 0.212766 0.06608 0.15427 0.003467 0.422915 0.414912 1 
2 0.234043 0.06608 0.198899 0.003467 0.422915 0.414912 1 
2 0.255319 0.07947 0.291729 0.003467 0.422915 0.414912 1 
2 0.276596 0.083794 0.375037 0.003467 0.422915 0.414912 1 
2 0.297872 0.076018 0.365963 0.003467 0.422915 0.414912 1 
2 0.319149 0.087937 0.420411 0.003467 0.422915 0.414912 1 
2 0.340426 0.089288 0.452246 0.003467 0.422915 0.414912 1 
2 0.361702 0.089618 0.462809 0.003467 0.422915 0.414912 1 
2 0.382979 0.119731 0.51086 0.003467 0.422915 0.414912 1 
2 0.404255 0.133421 0.533472 0.003467 0.422915 0.414912 1 
2 0.425532 0.133421 0.52053 0.003467 0.422915 0.414912 1 
2 0.446809 0.111745 0.508033 0.003467 0.422915 0.414912 1 
2 0.468085 0.106071 0.50357 0.003467 0.422915 0.414912 1 
2 0.489362 0.109283 0.504314 0.003467 0.422915 0.414912 1 
2 0.510638 0.109283 0.498512 0.003467 0.422915 0.414912 1 
2 0.531915 0.106071 0.495091 0.003467 0.422915 0.414912 1 
2 0.553191 0.107422 0.490628 0.003467 0.422915 0.414912 1 
2 0.574468 0.106071 0.498215 0.003467 0.422915 0.414912 1 
2 0.595745 0.109283 0.496578 0.003467 0.422915 0.414912 1 
2 0.617021 0.109283 0.490479 0.003467 0.422915 0.414912 1 
2 0.638298 0.106071 0.481999 0.003467 0.422915 0.414912 1 
2 0.659574 0.106071 0.487206 0.003467 0.422915 0.414912 1 
2 0.680851 0.109283 0.485867 0.003467 0.422915 0.414912 1 
2 0.702128 0.098145 0.48557 0.003467 0.422915 0.414912 1 
2 0.723404 0.087937 0.478727 0.003467 0.422915 0.414912 1 
2 0.744681 0.089288 0.481107 0.003467 0.422915 0.414912 1 
2 0.765957 0.089288 0.492859 0.003467 0.422915 0.414912 1 
2 0.787234 0.087937 0.522761 0.003467 0.422915 0.414912 1 
2 0.808511 0.080491 0.487504 0.003467 0.422915 0.414912 0 
2 0.829787 0.076018 0.453139 0.003467 0.422915 0.414912 0 
2 0.851064 0.080491 0.43008 0.003467 0.422915 0.414912 0 
2 0.87234 0.07947 0.405534 0.003467 0.422915 0.414912 0 
2 0.893617 0.076018 0.372806 0.003467 0.422915 0.414912 0 
2 0.914894 0.056713 0.340077 0.003467 0.422915 0.414912 0 
2 0.93617 0.083794 0.377566 0.003467 0.422915 0.414912 1 
2 0.957447 0.080491 0.406575 0.003467 0.422915 0.414912 0 
2 0.978723 0.083794 0.416394 0.003467 0.422915 0.414912 1 
2 1 0.080491 0.409253 0.003467 0.422915 0.414912 0 
