5 0 0.023358 0.357185 0.001575 0.321336 0.697807 0 
5 0.021277 0.025189 0.297382 0.001699 0.28405 0.539474 0 
5 0.042553 0.020175 0.246058 0.001718 0.341274 0.635088 0 
5 0.06383 0.024889 0.205891 0.001687 0.310461 0.525439 0 
5 0.085106 0.024679 0.173163 0.001668 0.266183 0.565789 0 
5 0.106383 0.022367 0.154121 0.001514 0.227084 0.599561 0 
5 0.12766 0.022637 0.149955 0.001531 0.207923 0.608333 0 
5 0.148936 0.017203 0.156352 0.001159 0.193423 0.670614 0 
5 0.170213 0.015011 0.183279 0.000839 0.204039 0.608772 0 
5 0.191489 0.01342 0.222255 0.000885 0.214915 0.609649 0 
5 0.212766 0.023478 0.298721 0.001531 0.273692 0.587281 0 
5 0.234043 0.02615 0.374591 0.001705 0.351631 0.565351 0 
5 0.255319 0.02576 0.39393 0.001697 0.461419 0.411842 0 
5 0.276596 0.02621 0.453139 0.001739 0.54376 0.39386 0 
5 0.297872 0.02621 0.478429 0.001739 0.497411 0.439474 0 
5 0.319149 0.02621 0.494347 0.001739 0.496634 0.439474 0 
5 0.340426 0.027441 0.543439 0.00182 0.505955 0.496491 1 
5 0.361702 0.02663 0.558316 0.001759 0.52175 0.500877 1 
5 0.382979 0.028432 0.561738 0.001894 0.493268 0.416667 1 
5 0.404255 0.028432 0.55787 0.001921 0.498705 0.402632 1 
5 0.425532 0.028612 0.559804 0.001934 0.496375 0.383772 1 
5 0.446809 0.027951 0.563076 0.00189 0.493009 0.466667 1 
5 0.468085 0.027981 0.560994 0.001888 0.488089 0.428947 1 
5 0.489362 0.028131 0.558614 0.001892 0.49508 0.446491 1 
5 0.510638 0.029182 0.576912 0.001969 0.511393 0.389474 1 
5 0.531915 0.029362 0.578846 0.001986 0.511911 0.387281 1 
5 0.553191 0.029753 0.585391 0.002007 0.516054 0.385088 1 
5 0.574468 0.058424 0.579887 0.003918 0.516054 0.50307 1 
5 0.595745 0.034977 0.576465 0.002347 0.514759 0.406579 1 
5 0.617021 0.035607 0.585689 0.002403 0.508804 0.414912 1 
5 0.638298 0.041822 0.581672 0.002819 0.511393 0.446491 1 
5 0.659574 0.044164 0.585242 0.002977 0.515018 0.383333 1 
5 0.680851 0.034316 0.567093 0.00232 0.506473 0.416667 1 
5 0.702128 0.032485 0.557126 0.002196 0.49275 0.401316 1 
5 0.723404 0.029182 0.519786 0.00198 0.458571 0.417982 1 
5 0.744681 0.028251 0.498066 0.001917 0.432936 0.466667 1 
5 0.765957 0.027861 0.475751 0.00188 0.39332 0.507018 1 
5 0.787234 0.027831 0.45299 0.001878 0.377525 0.479825 1 
5 0.808511 0.027921 0.46742 0.001884 0.38115 0.463596 1 
5 0.829787 0.028612 0.484677 0.001936 0.396427 0.428947 1 
5 0.851064 0.031014 0.446296 0.002113 0.381926 0.401316 1 
5 0.87234 0.028492 0.407617 0.00194 0.355515 0.442105 1 
5 0.893617 0.030623 0.435585 0.002077 0.309943 0.487281 1 
5 0.914894 0.027531 0.44332 0.001859 0.277576 0.612719 0 
5 0.93617 0.030203 0.4518 0.002036 0.263853 0.554825 1 
5 0.957447 0.038729 0.454329 0.002646 0.257639 0.418421 1 
5 0.978723 0.185241 0.443767 0.012806 0.34956 0.342982 1 
5 1 0.07917 0.417584 0.005482 0.349819 0.372807 1 
