1 0 0.028912 0.353615 0.00189 0.394873 0.639035 0 
1 0.021277 0.027651 0.309134 0.001816 0.366649 0.689474 0 
1 0.042553 0.028402 0.276108 0.001876 0.424133 0.544737 0 
1 0.06383 0.027261 0.236388 0.001674 0.398498 0.65614 0 
1 0.085106 0.02618 0.19637 0.00172 0.358622 0.638158 0 
1 0.106383 0.025519 0.163939 0.00155 0.318488 0.67807 0 
1 0.12766 0.018194 0.136566 0.001186 0.290523 0.720175 0 
1 0.148936 0.016092 0.118417 0.001049 0.275246 0.735526 0 
1 0.170213 0.016543 0.103392 0.001074 0.249871 0.777193 0 
1 0.191489 0.016032 0.10488 0.001034 0.231227 0.767544 0 
1 0.212766 0.017113 0.109194 0.001103 0.207147 0.812719 0 
1 0.234043 0.018494 0.119756 0.001192 0.198602 0.782895 0 
1 0.255319 0.016392 0.141476 0.001051 0.185914 0.855263 0 
1 0.276596 0.019455 0.164832 0.001244 0.187985 0.845175 0 
1 0.297872 0.020596 0.18551 0.001055 0.164164 0.851316 0 
1 0.319149 0.024228 0.249033 0.001456 0.183066 0.785088 0 
1 0.340426 0.02615 0.316424 0.001691 0.210772 0.760526 0 
1 0.361702 0.027141 0.379649 0.001624 0.248317 0.69386 0 
1 0.382979 0.029152 0.427849 0.001778 0.276023 0.680263 1 
1 0.404255 0.029092 0.447783 0.001803 0.295184 0.675877 1 
1 0.425532 0.029212 0.446147 0.001778 0.30347 0.662719 1 
1 0.446809 0.028942 0.433948 0.001782 0.302952 0.691228 1 
1 0.468085 0.029212 0.421006 0.001774 0.314604 0.686842 1 
1 0.489362 0.029602 0.406427 0.001824 0.314604 0.67807 1 
1 0.510638 0.029663 0.401666 0.001857 0.314345 0.682456 1 
1 0.531915 0.032455 0.387533 0.002009 0.322113 0.688596 1 
1 0.553191 0.029783 0.371913 0.001899 0.34231 0.67807 1 
1 0.574468 0.029723 0.362838 0.001874 0.341792 0.682456 1 
1 0.595745 0.031524 0.359417 0.001899 0.330658 0.686842 1 
1 0.617021 0.030173 0.355698 0.001901 0.328586 0.704825 1 
1 0.638298 0.033535 0.361797 0.001971 0.325738 0.700877 1 
1 0.659574 0.034977 0.379351 0.001971 0.33014 0.699123 1 
1 0.680851 0.034766 0.412824 0.001934 0.329104 0.703509 1 
1 0.702128 0.068482 0.477239 0.003847 0.35448 0.682895 1 
1 0.723404 0.062988 0.54701 0.003947 0.431901 0.585088 1 
1 0.744681 0.056383 0.605921 0.003808 0.490937 0.562281 1 
1 0.765957 0.045845 0.620054 0.003097 0.503366 0.591667 1 
1 0.787234 0.048097 0.589408 0.002723 0.473848 0.628947 1 
1 0.808511 0.039 0.563374 0.002019 0.449508 0.633333 1 
1 0.829787 0.045485 0.539125 0.001986 0.431124 0.621053 1 
1 0.851064 0.034166 0.518001 0.002009 0.405748 0.655263 1 
1 0.87234 0.045244 0.499702 0.001934 0.389436 0.634211 1 
1 0.893617 0.036418 0.465189 0.002009 0.360435 0.659649 1 
1 0.914894 0.030984 0.433204 0.001932 0.342828 0.664912 0 
1 0.93617 0.034076 0.450312 0.001967 0.328068 0.679386 1 
1 0.957447 0.029572 0.447635 0.001874 0.32522 0.704386 0 
1 0.978723 0.045755 0.431717 0.002038 0.383221 0.680263 1 
1 1 0.028251 0.386938 0.001838 0.373641 0.657895 0 
