3 0 0.029242 0.332342 0.000877 0.339979 0.820175 0 
3 0.021277 0.02678 0.282208 0.000872 0.318488 0.820175 0 
3 0.042553 0.028372 0.226569 0.001853 0.377007 0.764474 0 
3 0.06383 0.030233 0.202916 0.000885 0.358105 0.754386 1 
3 0.085106 0.02609 0.162749 0.000827 0.311497 0.754386 0 
3 0.106383 0.018854 0.149063 0.000831 0.277317 0.798246 0 
3 0.12766 0.019785 0.145492 0.000827 0.253496 0.798246 0 
3 0.148936 0.019575 0.153079 0.000854 0.248835 0.842105 0 
3 0.170213 0.021646 0.181642 0.000843 0.259451 0.853509 0 
3 0.191489 0.022037 0.216602 0.000868 0.280425 0.863596 0 
3 0.212766 0.023718 0.299316 0.001365 0.345676 0.851754 0 
3 0.234043 0.025519 0.368343 0.001643 0.408597 0.764474 0 
3 0.255319 0.02576 0.389467 0.001666 0.505438 0.560088 0 
3 0.276596 0.024619 0.442577 0.001599 0.571724 0.562719 0 
3 0.297872 0.020686 0.450907 0.001327 0.538063 0.659649 0 
3 0.319149 0.021706 0.461916 0.001377 0.528483 0.689912 0 
3 0.340426 0.024919 0.512645 0.001583 0.535215 0.653509 0 
3 0.361702 0.024919 0.526778 0.001585 0.530295 0.662719 0 
3 0.382979 0.024919 0.526927 0.001585 0.532626 0.666667 0 
3 0.404255 0.024889 0.520083 0.001581 0.531849 0.66886 0 
3 0.425532 0.024919 0.519637 0.001583 0.539099 0.637719 0 
3 0.446809 0.024919 0.518447 0.001587 0.532367 0.673684 0 
3 0.468085 0.024529 0.512794 0.001556 0.517349 0.712281 0 
3 0.489362 0.024799 0.518149 0.001572 0.520197 0.709211 0 
3 0.510638 0.024919 0.519488 0.001589 0.530295 0.655702 0 
3 0.531915 0.025309 0.517703 0.001618 0.532367 0.645614 0 
3 0.553191 0.0269 0.518596 0.00172 0.531072 0.664035 1 
3 0.574468 0.027861 0.510414 0.001778 0.529777 0.669298 1 
3 0.595745 0.027831 0.502975 0.00178 0.532108 0.662719 1 
3 0.617021 0.028522 0.50967 0.001822 0.526152 0.640789 1 
3 0.638298 0.028552 0.511604 0.001832 0.535474 0.627193 1 
3 0.659574 0.028612 0.520083 0.001838 0.538063 0.628947 1 
3 0.680851 0.028762 0.505653 0.001859 0.542724 0.592982 1 
3 0.702128 0.028702 0.486611 0.001865 0.517866 0.592105 1 
3 0.723404 0.030293 0.452395 0.002 0.473071 0.62193 1 
3 0.744681 0.027921 0.429337 0.001855 0.429311 0.665789 1 
3 0.765957 0.025399 0.398245 0.001678 0.390471 0.764035 0 
3 0.787234 0.027651 0.397054 0.001059 0.37856 0.732456 1 
3 0.808511 0.028432 0.424725 0.000924 0.375453 0.741228 1 
3 0.829787 0.027051 0.417435 0.001786 0.410409 0.705702 1 
3 0.851064 0.02684 0.391996 0.00177 0.408338 0.719737 1 
3 0.87234 0.02666 0.351086 0.001631 0.385034 0.754386 1 
3 0.893617 0.028762 0.381583 0.00085 0.342569 0.754386 1 
3 0.914894 0.02696 0.387385 0.00087 0.306836 0.820175 1 
3 0.93617 0.029783 0.412229 0.000841 0.295443 0.820175 1 
3 0.957447 0.029272 0.411782 0.000841 0.286898 0.842105 1 
3 0.978723 0.034076 0.407914 0.001957 0.377007 0.789035 1 
3 1 0.034106 0.379946 0.001309 0.3739 0.820175 1 
