7 0 0.051219 0.473817 0.003519 0.402641 0.230263 0 
7 0.021277 0.044224 0.463999 0.003031 0.364319 0.277632 0 
7 0.042553 0.062688 0.435733 0.004287 0.409373 0.204825 0 
7 0.06383 0.058364 0.382624 0.00398 0.377784 0.213158 0 
7 0.085106 0.037048 0.312853 0.002553 0.32755 0.251754 0 
7 0.106383 0.031554 0.261678 0.00216 0.26696 0.332895 0 
7 0.12766 0.030893 0.213032 0.002119 0.229415 0.335526 0 
7 0.148936 0.030173 0.179708 0.002071 0.192646 0.353509 0 
7 0.170213 0.029482 0.154567 0.002019 0.156396 0.377193 0 
7 0.191489 0.027861 0.139096 0.001911 0.14552 0.398246 0 
7 0.212766 0.028462 0.14222 0.001951 0.137235 0.409649 0 
7 0.234043 0.028882 0.15784 0.001982 0.149404 0.375 0 
7 0.255319 0.029693 0.189229 0.002034 0.168566 0.382018 0 
7 0.276596 0.029452 0.229247 0.002029 0.185655 0.282018 0 
7 0.297872 0.029753 0.2831 0.002046 0.184878 0.391228 0 
7 0.319149 0.030743 0.353466 0.002115 0.219316 0.393421 0 
7 0.340426 0.033145 0.421154 0.002279 0.254013 0.364035 0 
7 0.361702 0.040441 0.454924 0.002786 0.287934 0.326316 0 
7 0.382979 0.055092 0.494347 0.003791 0.307613 0.314474 0 
7 0.404255 0.051699 0.506248 0.003571 0.3058 0.319298 0 
7 0.425532 0.044043 0.494049 0.003051 0.300104 0.304825 0 
7 0.446809 0.043563 0.468908 0.003012 0.291818 0.322807 0 
7 0.468085 0.044524 0.444362 0.003072 0.287416 0.317982 0 
7 0.489362 0.041131 0.41922 0.002842 0.275246 0.285526 0 
7 0.510638 0.038129 0.402112 0.00263 0.268773 0.319737 0 
7 0.531915 0.035847 0.389616 0.00247 0.25479 0.336842 0 
7 0.553191 0.035187 0.384707 0.002426 0.246763 0.352193 0 
7 0.574468 0.030984 0.371467 0.002131 0.230968 0.389035 0 
7 0.595745 0.030293 0.358227 0.002088 0.22087 0.396053 0 
7 0.617021 0.030023 0.341416 0.002069 0.207923 0.392982 0 
7 0.638298 0.030023 0.335763 0.002065 0.191869 0.414912 0 
7 0.659574 0.030023 0.336507 0.002065 0.187985 0.414035 0 
7 0.680851 0.030023 0.342011 0.002061 0.185914 0.441667 0 
7 0.702128 0.030023 0.358078 0.002065 0.2087 0.417982 0 
7 0.723404 0.030053 0.358375 0.002069 0.231745 0.382456 0 
7 0.744681 0.033145 0.417882 0.002302 0.269032 0.323684 0 
7 0.765957 0.043293 0.499702 0.003024 0.328327 0.258333 0 
7 0.787234 0.066471 0.509372 0.004632 0.38348 0.189035 1 
7 0.808511 0.041762 0.473966 0.002916 0.365355 0.237719 0 
7 0.829787 0.037348 0.436328 0.002607 0.341792 0.248246 0 
7 0.851064 0.033566 0.406278 0.002343 0.321854 0.251754 0 
7 0.87234 0.033265 0.388872 0.002324 0.309425 0.283772 0 
7 0.893617 0.030293 0.363582 0.002108 0.275764 0.325439 0 
7 0.914894 0.030023 0.343201 0.002079 0.263076 0.357456 0 
7 0.93617 0.031614 0.371467 0.002181 0.258933 0.382895 0 
7 0.957447 0.033025 0.372359 0.002266 0.270326 0.347807 0 
7 0.978723 0.033235 0.379798 0.002297 0.358105 0.207018 0 
7 1 0.033025 0.355103 0.002285 0.356292 0.237719 0 
