6 0 0.043293 0.492115 0.002979 0.455722 0.339035 0 
6 0.021277 0.03972 0.47471 0.002725 0.425427 0.380263 0 
6 0.042553 0.041852 0.444213 0.002881 0.480062 0.289035 0 
6 0.06383 0.042452 0.391996 0.002902 0.447954 0.35307 0 
6 0.085106 0.037498 0.333829 0.002563 0.407302 0.386404 0 
6 0.106383 0.036508 0.287414 0.002501 0.357328 0.378509 0 
6 0.12766 0.034917 0.241595 0.002389 0.31305 0.43114 0 
6 0.148936 0.031674 0.207528 0.002158 0.276541 0.479825 0 
6 0.170213 0.027921 0.192056 0.001903 0.253755 0.529386 0 
6 0.191489 0.028402 0.188039 0.001934 0.240031 0.529386 0 
6 0.212766 0.028612 0.217346 0.001951 0.242103 0.527193 0 
6 0.234043 0.030353 0.269265 0.002071 0.264371 0.503947 0 
6 0.255319 0.031614 0.363136 0.002148 0.341274 0.470614 0 
6 0.276596 0.037709 0.46504 0.002545 0.421284 0.373246 0 
6 0.297872 0.033566 0.466082 0.0023 0.467892 0.328509 0 
6 0.319149 0.03903 0.519935 0.002671 0.529777 0.303947 0 
6 0.340426 0.041672 0.533621 0.002852 0.562662 0.277193 0 
6 0.361702 0.038129 0.530051 0.002619 0.563698 0.282895 0 
6 0.382979 0.042692 0.560845 0.002931 0.567323 0.286842 0 
6 0.404255 0.045064 0.571705 0.003085 0.553858 0.281579 0 
6 0.425532 0.045064 0.555638 0.003083 0.541688 0.310965 0 
6 0.446809 0.042512 0.538679 0.0029 0.534438 0.319298 0 
6 0.468085 0.037498 0.518298 0.002567 0.526152 0.308333 0 
6 0.489362 0.035427 0.507289 0.002441 0.514241 0.291667 0 
6 0.510638 0.034616 0.498364 0.002393 0.492491 0.314912 0 
6 0.531915 0.032995 0.487652 0.002291 0.488089 0.317544 0 
6 0.553191 0.032515 0.4759 0.002268 0.493009 0.292544 0 
6 0.574468 0.031314 0.470247 0.002192 0.4855 0.290789 0 
6 0.595745 0.028672 0.453734 0.002002 0.467892 0.324561 0 
6 0.617021 0.028312 0.440048 0.001971 0.455722 0.325 0 
6 0.638298 0.027381 0.432163 0.001899 0.428793 0.385965 0 
6 0.659574 0.028011 0.43737 0.001938 0.411445 0.413596 0 
6 0.680851 0.028522 0.440196 0.001971 0.406266 0.434649 0 
6 0.702128 0.028762 0.453436 0.001992 0.414552 0.416667 0 
6 0.723404 0.028912 0.461024 0.002007 0.430347 0.390351 0 
6 0.744681 0.029032 0.511306 0.002029 0.456758 0.377193 0 
6 0.765957 0.034766 0.564713 0.00242 0.501295 0.322807 0 
6 0.787234 0.036868 0.571259 0.002553 0.530554 0.290351 0 
6 0.808511 0.034646 0.544183 0.00241 0.510875 0.303509 0 
6 0.829787 0.033055 0.516215 0.002308 0.475401 0.340351 0 
6 0.851064 0.032305 0.492711 0.002254 0.454946 0.379386 0 
6 0.87234 0.032575 0.476941 0.002264 0.43449 0.360526 0 
6 0.893617 0.031464 0.452544 0.002185 0.396427 0.373246 0 
6 0.914894 0.02624 0.413865 0.001822 0.365614 0.373684 0 
6 0.93617 0.031944 0.473966 0.002223 0.360435 0.432018 0 
6 0.957447 0.032455 0.498512 0.00225 0.364319 0.405702 0 
6 0.978723 0.036358 0.511752 0.002516 0.457794 0.297368 1 
6 1 0.036328 0.507289 0.002505 0.458571 0.367982 1 
