4 0 0.049297 0.37355 0.003467 0.422915 0.414912 0 
4 0.021277 0.046205 0.303035 0.003467 0.422915 0.414912 0 
4 0.042553 0.045334 0.246504 0.003467 0.422915 0.414912 0 
4 0.06383 0.046205 0.211247 0.003467 0.422915 0.414912 0 
4 0.085106 0.046205 0.183576 0.003467 0.422915 0.414912 0 
4 0.106383 0.046205 0.165873 0.003467 0.422915 0.414912 0 
4 0.12766 0.046205 0.153228 0.003467 0.422915 0.414912 0 
4 0.148936 0.046205 0.16022 0.003467 0.422915 0.414912 0 
4 0.170213 0.055993 0.190866 0.003467 0.422915 0.414912 0 
4 0.191489 0.063258 0.22895 0.003467 0.422915 0.414912 0 
4 0.212766 0.070524 0.314192 0.003467 0.422915 0.414912 0 
4 0.234043 0.070524 0.397203 0.003467 0.422915 0.414912 0 
4 0.255319 0.070524 0.420559 0.003467 0.422915 0.414912 0 
4 0.276596 0.066891 0.479619 0.003467 0.422915 0.414912 0 
4 0.297872 0.061367 0.501785 0.003467 0.422915 0.414912 0 
4 0.319149 0.066891 0.520083 0.003467 0.422915 0.414912 0 
4 0.340426 0.070524 0.559952 0.003467 0.422915 0.414912 0 
4 0.361702 0.081932 0.579441 0.003467 0.422915 0.414912 1 
4 0.382979 0.099346 0.565457 0.003467 0.422915 0.414912 1 
4 0.404255 0.081932 0.564118 0.003467 0.422915 0.414912 1 
4 0.425532 0.081932 0.566944 0.003467 0.422915 0.414912 1 
4 0.446809 0.081932 0.57587 0.003467 0.422915 0.414912 1 
4 0.468085 0.087066 0.576614 0.003467 0.422915 0.414912 1 
4 0.489362 0.113726 0.581226 0.003467 0.422915 0.414912 1 
4 0.510638 0.081932 0.57706 0.003467 0.422915 0.414912 1 
4 0.531915 0.070524 0.57111 0.003467 0.422915 0.414912 0 
4 0.553191 0.063889 0.584647 0.003467 0.422915 0.414912 0 
4 0.574468 0.066891 0.586135 0.003467 0.422915 0.414912 0 
4 0.595745 0.070524 0.578102 0.003467 0.422915 0.414912 0 
4 0.617021 0.081932 0.588515 0.003467 0.422915 0.414912 1 
4 0.638298 0.099346 0.588367 0.003467 0.422915 0.414912 1 
4 0.659574 0.070524 0.585094 0.003467 0.422915 0.414912 0 
4 0.680851 0.070524 0.565754 0.003467 0.422915 0.414912 0 
4 0.702128 0.10505 0.557423 0.003467 0.422915 0.414912 1 
4 0.723404 0.066891 0.523802 0.003467 0.422915 0.414912 0 
4 0.744681 0.063258 0.500446 0.003467 0.422915 0.414912 0 
4 0.765957 0.063258 0.500446 0.003467 0.422915 0.414912 0 
4 0.787234 0.066891 0.515025 0.003467 0.422915 0.414912 0 
4 0.808511 0.060046 0.518596 0.003467 0.422915 0.414912 0 
4 0.829787 0.059625 0.500744 0.003467 0.422915 0.414912 0 
4 0.851064 0.059625 0.452098 0.003467 0.422915 0.414912 0 
4 0.87234 0.05254 0.40598 0.003467 0.422915 0.414912 0 
4 0.893617 0.063258 0.422196 0.003467 0.422915 0.414912 0 
4 0.914894 0.055993 0.430378 0.003467 0.422915 0.414912 0 
4 0.93617 0.055993 0.447783 0.003467 0.422915 0.414912 0 
4 0.957447 0.059625 0.438857 0.003467 0.422915 0.414912 0 
4 0.978723 0.059625 0.424427 0.003467 0.422915 0.414912 0 
4 1 0.059625 0.393038 0.003467 0.422915 0.414912 0 
