7 0 0.043383 0.222404 0.003467 0.422915 0.414912 0 
7 0.021277 0.042032 0.171824 0.003467 0.422915 0.414912 0 
7 0.042553 0.043383 0.134186 0.003467 0.422915 0.414912 0 
7 0.06383 0.043383 0.110681 0.003467 0.422915 0.414912 0 
7 0.085106 0.040801 0.090301 0.003467 0.422915 0.414912 0 
7 0.106383 0.040351 0.072449 0.003467 0.422915 0.414912 0 
7 0.12766 0.040351 0.062481 0.003467 0.422915 0.414912 0 
7 0.148936 0.040831 0.060994 0.003467 0.422915 0.414912 0 
7 0.170213 0.046625 0.067093 0.003467 0.422915 0.414912 0 
7 0.191489 0.040831 0.074829 0.003467 0.422915 0.414912 0 
7 0.212766 0.046625 0.091342 0.003467 0.422915 0.414912 0 
7 0.234043 0.046655 0.10845 0.003467 0.422915 0.414912 0 
7 0.255319 0.056023 0.120797 0.003467 0.422915 0.414912 1 
7 0.276596 0.046625 0.159774 0.003467 0.422915 0.414912 0 
7 0.297872 0.06542 0.211544 0.003467 0.422915 0.414912 1 
7 0.319149 0.056023 0.259893 0.003467 0.422915 0.414912 1 
7 0.340426 0.06542 0.30482 0.003467 0.422915 0.414912 1 
7 0.361702 0.06542 0.332342 0.003467 0.422915 0.414912 1 
7 0.382979 0.045695 0.338887 0.003467 0.422915 0.414912 0 
7 0.404255 0.046625 0.336061 0.003467 0.422915 0.414912 0 
7 0.425532 0.046625 0.330259 0.003467 0.422915 0.414912 0 
7 0.446809 0.046625 0.332193 0.003467 0.422915 0.414912 0 
7 0.468085 0.056023 0.326986 0.003467 0.422915 0.414912 1 
7 0.489362 0.056023 0.322969 0.003467 0.422915 0.414912 1 
7 0.510638 0.056023 0.31568 0.003467 0.422915 0.414912 1 
7 0.531915 0.046625 0.30839 0.003467 0.422915 0.414912 0 
7 0.553191 0.06542 0.30006 0.003467 0.422915 0.414912 1 
7 0.574468 0.050859 0.295597 0.003467 0.422915 0.414912 1 
7 0.595745 0.06542 0.29396 0.003467 0.422915 0.414912 1 
7 0.617021 0.06542 0.295745 0.003467 0.422915 0.414912 1 
7 0.638298 0.06542 0.291877 0.003467 0.422915 0.414912 1 
7 0.659574 0.056023 0.293811 0.003467 0.422915 0.414912 1 
7 0.680851 0.056023 0.299613 0.003467 0.422915 0.414912 1 
7 0.702128 0.074847 0.314787 0.003467 0.422915 0.414912 1 
7 0.723404 0.046625 0.336209 0.003467 0.422915 0.414912 0 
7 0.744681 0.053351 0.354061 0.003467 0.422915 0.414912 1 
7 0.765957 0.074847 0.378608 0.003467 0.422915 0.414912 1 
7 0.787234 0.06542 0.387087 0.003467 0.422915 0.414912 1 
7 0.808511 0.046625 0.372508 0.003467 0.422915 0.414912 0 
7 0.829787 0.045334 0.358673 0.003467 0.422915 0.414912 0 
7 0.851064 0.045334 0.322969 0.003467 0.422915 0.414912 0 
7 0.87234 0.044134 0.290092 0.003467 0.422915 0.414912 0 
7 0.893617 0.045334 0.297828 0.003467 0.422915 0.414912 0 
7 0.914894 0.044134 0.30006 0.003467 0.422915 0.414912 0 
7 0.93617 0.046625 0.310176 0.003467 0.422915 0.414912 0 
7 0.957447 0.044134 0.295299 0.003467 0.422915 0.414912 0 
7 0.978723 0.044134 0.279827 0.003467 0.422915 0.414912 0 
7 1 0.044134 0.247099 0.003467 0.422915 0.414912 0 
