3 0 0.027681 0.333978 0.001701 0.336613 0.783772 1 
3 0.021277 0.02597 0.279976 0.001118 0.311756 0.792105 0 
3 0.042553 0.027111 0.22404 0.001263 0.368462 0.726316 0 
3 0.06383 0.02627 0.191015 0.001255 0.336613 0.726316 0 
3 0.085106 0.019305 0.158137 0.000989 0.29622 0.820614 0 
3 0.106383 0.017173 0.139096 0.000841 0.266183 0.842544 0 
3 0.12766 0.013 0.140137 0.000841 0.249094 0.87807 0 
3 0.148936 0.017173 0.149063 0.000841 0.250129 0.886404 0 
3 0.170213 0.022157 0.169295 0.000841 0.262299 0.879386 0 
3 0.191489 0.026991 0.211395 0.001263 0.285862 0.890351 1 
3 0.212766 0.036448 0.292175 0.001685 0.343863 0.846491 1 
3 0.234043 0.040501 0.371764 0.001685 0.395132 0.706579 1 
3 0.255319 0.02597 0.401815 0.001315 0.496893 0.656579 0 
3 0.276596 0.027651 0.457156 0.001799 0.568876 0.626316 1 
3 0.297872 0.02618 0.47471 0.001685 0.534956 0.700439 0 
3 0.319149 0.027561 0.498512 0.001768 0.532367 0.726754 1 
3 0.340426 0.028762 0.544778 0.001849 0.550751 0.658772 1 
3 0.361702 0.027651 0.567539 0.001751 0.560073 0.690351 1 
3 0.382979 0.0269 0.565754 0.001703 0.571466 0.710088 0 
3 0.404255 0.027561 0.56025 0.001743 0.58493 0.704825 1 
3 0.425532 0.030563 0.560101 0.001934 0.599948 0.722368 1 
3 0.446809 0.027051 0.550431 0.001701 0.617815 0.702632 1 
3 0.468085 0.027051 0.561143 0.001685 0.617297 0.710965 1 
3 0.489362 0.027081 0.55787 0.001714 0.627913 0.715789 1 
3 0.510638 0.027471 0.55906 0.001778 0.649922 0.704386 1 
3 0.531915 0.029242 0.556084 0.001832 0.658726 0.646491 1 
3 0.553191 0.027471 0.549688 0.00172 0.66986 0.639474 1 
3 0.574468 0.02684 0.538381 0.001685 0.68203 0.62193 1 
3 0.595745 0.0269 0.530348 0.001687 0.682548 0.630702 1 
3 0.617021 0.027711 0.52767 0.001739 0.695495 0.610965 1 
3 0.638298 0.031614 0.540018 0.002007 0.702486 0.546491 1 
3 0.659574 0.029813 0.544035 0.001905 0.715691 0.510088 1 
3 0.680851 0.027771 0.529902 0.001784 0.717763 0.49693 1 
3 0.702128 0.027441 0.522315 0.001766 0.694718 0.522368 1 
3 0.723404 0.02663 0.490479 0.00171 0.644485 0.521053 0 
3 0.744681 0.02681 0.46266 0.001726 0.581305 0.639035 1 
3 0.765957 0.032845 0.434841 0.002125 0.530295 0.702193 1 
3 0.787234 0.02681 0.425469 0.001732 0.507509 0.732456 0 
3 0.808511 0.028221 0.428295 0.001822 0.49508 0.753509 1 
3 0.829787 0.027891 0.425171 0.001803 0.51709 0.713596 1 
3 0.851064 0.02609 0.39512 0.001687 0.520715 0.725439 0 
3 0.87234 0.02597 0.365814 0.001421 0.489125 0.703947 0 
3 0.893617 0.027171 0.393633 0.001448 0.439151 0.794298 1 
3 0.914894 0.027261 0.405683 0.001685 0.389953 0.803509 1 
3 0.93617 0.028822 0.42889 0.001685 0.369239 0.803509 1 
3 0.957447 0.029332 0.436477 0.001685 0.350078 0.797807 1 
3 0.978723 0.036748 0.420262 0.00178 0.431383 0.710088 1 
3 1 0.038759 0.391699 0.001685 0.422061 0.732018 1 
