7 0 0.047526 0.225379 0.003467 0.422915 0.414912 0 
7 0.021277 0.047526 0.175841 0.003467 0.422915 0.414912 0 
7 0.042553 0.047526 0.144005 0.003467 0.422915 0.414912 0 
7 0.06383 0.047526 0.113359 0.003467 0.422915 0.414912 0 
7 0.085106 0.042933 0.090747 0.003467 0.422915 0.414912 0 
7 0.106383 0.042903 0.076317 0.003467 0.422915 0.414912 0 
7 0.12766 0.042903 0.063076 0.003467 0.422915 0.414912 0 
7 0.148936 0.042903 0.056084 0.003467 0.422915 0.414912 0 
7 0.170213 0.047526 0.055787 0.003467 0.422915 0.414912 0 
7 0.191489 0.047526 0.055638 0.003467 0.422915 0.414912 0 
7 0.212766 0.047526 0.069027 0.003467 0.422915 0.414912 0 
7 0.234043 0.047526 0.088515 0.003467 0.422915 0.414912 0 
7 0.255319 0.068242 0.114847 0.003467 0.422915 0.414912 1 
7 0.276596 0.051219 0.161113 0.003467 0.422915 0.414912 0 
7 0.297872 0.071815 0.210354 0.003467 0.422915 0.414912 1 
7 0.319149 0.050498 0.256025 0.003467 0.422915 0.414912 0 
7 0.340426 0.050498 0.303184 0.003467 0.422915 0.414912 0 
7 0.361702 0.051429 0.322821 0.003467 0.422915 0.414912 0 
7 0.382979 0.050498 0.325498 0.003467 0.422915 0.414912 0 
7 0.404255 0.050498 0.318358 0.003467 0.422915 0.414912 0 
7 0.425532 0.050498 0.310027 0.003467 0.422915 0.414912 0 
7 0.446809 0.050498 0.295448 0.003467 0.422915 0.414912 0 
7 0.468085 0.050498 0.285778 0.003467 0.422915 0.414912 0 
7 0.489362 0.050498 0.274621 0.003467 0.422915 0.414912 0 
7 0.510638 0.050498 0.254984 0.003467 0.422915 0.414912 0 
7 0.531915 0.048487 0.247992 0.003467 0.422915 0.414912 0 
7 0.553191 0.048487 0.236686 0.003467 0.422915 0.414912 0 
7 0.574468 0.048487 0.229247 0.003467 0.422915 0.414912 0 
7 0.595745 0.048487 0.229098 0.003467 0.422915 0.414912 0 
7 0.617021 0.048487 0.228355 0.003467 0.422915 0.414912 0 
7 0.638298 0.048487 0.223445 0.003467 0.422915 0.414912 0 
7 0.659574 0.048487 0.234752 0.003467 0.422915 0.414912 0 
7 0.680851 0.048487 0.239512 0.003467 0.422915 0.414912 0 
7 0.702128 0.050498 0.264505 0.003467 0.422915 0.414912 0 
7 0.723404 0.059865 0.293514 0.003467 0.422915 0.414912 1 
7 0.744681 0.072955 0.308539 0.003467 0.422915 0.414912 1 
7 0.765957 0.071815 0.315234 0.003467 0.422915 0.414912 1 
7 0.787234 0.071815 0.347664 0.003467 0.422915 0.414912 1 
7 0.808511 0.059865 0.368194 0.003467 0.422915 0.414912 1 
7 0.829787 0.050498 0.360607 0.003467 0.422915 0.414912 0 
7 0.851064 0.050498 0.326837 0.003467 0.422915 0.414912 0 
7 0.87234 0.048487 0.286819 0.003467 0.422915 0.414912 0 
7 0.893617 0.050498 0.304671 0.003467 0.422915 0.414912 0 
7 0.914894 0.048487 0.301398 0.003467 0.422915 0.414912 0 
7 0.93617 0.059865 0.318209 0.003467 0.422915 0.414912 1 
7 0.957447 0.050498 0.307795 0.003467 0.422915 0.414912 0 
7 0.978723 0.050498 0.290539 0.003467 0.422915 0.414912 0 
7 1 0.050498 0.25543 0.003467 0.422915 0.414912 0 
