3 0 0.028612 0.352127 0.001951 0.333765 0.508772 0 
3 0.021277 0.02687 0.300208 0.001828 0.307613 0.525439 0 
3 0.042553 0.027501 0.245909 0.001876 0.360176 0.425439 0 
3 0.06383 0.027171 0.208271 0.001853 0.331952 0.442105 0 
3 0.085106 0.02657 0.166171 0.001803 0.272398 0.567544 0 
3 0.106383 0.02621 0.147426 0.001768 0.232522 0.594737 0 
3 0.12766 0.026 0.133145 0.001749 0.210254 0.618421 0 
3 0.148936 0.02591 0.132401 0.001741 0.198602 0.660526 0 
3 0.170213 0.02591 0.157394 0.001743 0.205852 0.634649 0 
3 0.191489 0.032785 0.200833 0.002212 0.229933 0.592105 0 
3 0.212766 0.037048 0.272835 0.002516 0.285085 0.495175 0 
3 0.234043 0.042302 0.344243 0.002873 0.351372 0.491228 0 
3 0.255319 0.051759 0.366558 0.00354 0.456499 0.362281 1 
3 0.276596 0.05323 0.428741 0.003654 0.540135 0.289474 1 
3 0.297872 0.042212 0.452841 0.002916 0.506473 0.332018 0 
3 0.319149 0.044554 0.468015 0.003083 0.491196 0.338158 0 
3 0.340426 0.054221 0.512348 0.00372 0.494303 0.392544 1 
3 0.361702 0.058665 0.537638 0.004009 0.495598 0.412281 1 
3 0.382979 0.061036 0.52767 0.004186 0.495339 0.396491 1 
3 0.404255 0.060976 0.530051 0.004182 0.493527 0.358333 1 
3 0.425532 0.058154 0.524695 0.003982 0.490161 0.348246 1 
3 0.446809 0.055512 0.525588 0.003814 0.494303 0.342105 1 
3 0.468085 0.055512 0.523951 0.00381 0.483946 0.356579 1 
3 0.489362 0.05206 0.520827 0.003585 0.474883 0.340789 1 
3 0.510638 0.056353 0.513835 0.003878 0.495339 0.31886 1 
3 0.531915 0.055963 0.504463 0.003853 0.501554 0.322807 1 
3 0.553191 0.056083 0.508628 0.00386 0.505955 0.306579 1 
3 0.574468 0.051069 0.501934 0.003525 0.498446 0.300439 1 
3 0.595745 0.049087 0.493306 0.003398 0.49767 0.297368 1 
3 0.617021 0.046115 0.497025 0.003189 0.496116 0.30614 1 
3 0.638298 0.042302 0.496578 0.002935 0.501295 0.342982 1 
3 0.659574 0.042302 0.494793 0.00295 0.503366 0.339912 1 
3 0.680851 0.040651 0.492562 0.002831 0.49767 0.335965 0 
3 0.702128 0.032515 0.488396 0.002266 0.486535 0.376754 0 
3 0.723404 0.036928 0.469206 0.002115 0.443035 0.44386 0 
3 0.744681 0.029332 0.458941 0.002015 0.396427 0.529825 0 
3 0.765957 0.029602 0.449569 0.002029 0.354221 0.538158 0 
3 0.787234 0.029602 0.450015 0.002027 0.363542 0.482018 0 
3 0.808511 0.029843 0.448527 0.002052 0.399275 0.432018 0 
3 0.829787 0.029182 0.424427 0.002005 0.392543 0.497368 0 
3 0.851064 0.027981 0.384558 0.001911 0.366908 0.502193 0 
3 0.87234 0.02687 0.353615 0.001826 0.338167 0.565351 0 
3 0.893617 0.027771 0.384112 0.001878 0.299068 0.648246 0 
3 0.914894 0.027231 0.396459 0.001843 0.26696 0.627193 0 
3 0.93617 0.028822 0.416691 0.001955 0.244433 0.653947 0 
3 0.957447 0.028732 0.420708 0.00194 0.236924 0.640789 0 
3 0.978723 0.029212 0.42294 0.001988 0.330658 0.530702 0 
3 1 0.029212 0.401071 0.00199 0.331693 0.561842 0 
