2 0 0.024469 0.30958 0.001631 0.354221 0.682456 0 
2 0.021277 0.023838 0.274323 0.001587 0.338944 0.722368 0 
2 0.042553 0.023838 0.249926 0.001591 0.3884 0.623246 0 
2 0.06383 0.023688 0.215115 0.001581 0.362506 0.62807 0 
2 0.085106 0.024018 0.182237 0.00161 0.323925 0.642982 0 
2 0.106383 0.022607 0.156501 0.001523 0.278094 0.660526 0 
2 0.12766 0.021166 0.134484 0.001383 0.239254 0.723684 0 
2 0.148936 0.021136 0.1205 0.001413 0.211289 0.751316 0 
2 0.170213 0.021166 0.117078 0.001413 0.194977 0.790789 0 
2 0.191489 0.021136 0.121244 0.001404 0.180735 0.840789 0 
2 0.212766 0.021166 0.157542 0.00141 0.191352 0.825439 0 
2 0.234043 0.023478 0.206486 0.001572 0.222424 0.774123 0 
2 0.255319 0.027861 0.307051 0.001292 0.301398 0.710088 1 
2 0.276596 0.029122 0.397501 0.001961 0.391248 0.640351 1 
2 0.297872 0.024529 0.406129 0.001653 0.441222 0.561842 0 
2 0.319149 0.027801 0.464148 0.001857 0.514241 0.476754 1 
2 0.340426 0.028281 0.488843 0.00189 0.556189 0.457456 1 
2 0.361702 0.028522 0.492264 0.001911 0.562403 0.410088 1 
2 0.382979 0.031074 0.533026 0.002081 0.58001 0.442105 1 
2 0.404255 0.030203 0.552663 0.002032 0.575608 0.449123 1 
2 0.425532 0.028852 0.540167 0.001944 0.564992 0.464474 1 
2 0.446809 0.028462 0.526183 0.001913 0.560331 0.467982 1 
2 0.468085 0.028882 0.517108 0.00194 0.560073 0.472807 1 
2 0.489362 0.028972 0.511306 0.001946 0.560331 0.451754 1 
2 0.510638 0.028312 0.504017 0.001903 0.54376 0.464912 1 
2 0.531915 0.028372 0.499256 0.001903 0.54117 0.460088 1 
2 0.553191 0.027951 0.495537 0.001876 0.552822 0.455702 1 
2 0.574468 0.028492 0.494793 0.001911 0.549197 0.460965 1 
2 0.595745 0.02642 0.489438 0.001774 0.52667 0.477632 1 
2 0.617021 0.028011 0.481999 0.001878 0.527706 0.458333 1 
2 0.638298 0.02696 0.474115 0.001807 0.518384 0.485088 1 
2 0.659574 0.027831 0.47709 0.001865 0.519938 0.47807 1 
2 0.680851 0.028161 0.481999 0.001886 0.525375 0.514035 1 
2 0.702128 0.028432 0.485272 0.001903 0.534179 0.490789 1 
2 0.723404 0.028281 0.491372 0.001897 0.550751 0.449561 1 
2 0.744681 0.028342 0.529456 0.001901 0.578716 0.463596 1 
2 0.765957 0.031374 0.581077 0.002108 0.610306 0.393421 1 
2 0.787234 0.030053 0.571705 0.002032 0.609788 0.423246 1 
2 0.808511 0.027591 0.529753 0.001861 0.576644 0.480702 1 
2 0.829787 0.027141 0.481851 0.001822 0.540653 0.496053 1 
2 0.851064 0.027351 0.457304 0.001828 0.509839 0.548684 1 
2 0.87234 0.02594 0.438114 0.00173 0.488089 0.557018 0 
2 0.893617 0.025639 0.408509 0.001712 0.45624 0.607456 0 
2 0.914894 0.023718 0.359417 0.001583 0.418177 0.638596 0 
2 0.93617 0.028221 0.414609 0.001865 0.400052 0.7 1 
2 0.957447 0.02681 0.443172 0.001776 0.388141 0.729386 1 
2 0.978723 0.031104 0.456709 0.00205 0.467633 0.568421 1 
2 1 0.027261 0.455222 0.001816 0.460124 0.621053 1 
