6 0 0.076918 0.365219 0.003467 0.422915 0.414912 0 
6 0.021277 0.056593 0.299167 0.003467 0.422915 0.414912 0 
6 0.042553 0.073646 0.234454 0.003467 0.422915 0.414912 0 
6 0.06383 0.068152 0.194734 0.003467 0.422915 0.414912 0 
6 0.085106 0.073436 0.158733 0.003467 0.422915 0.414912 0 
6 0.106383 0.068152 0.130616 0.003467 0.422915 0.414912 0 
6 0.12766 0.073436 0.116781 0.003467 0.422915 0.414912 0 
6 0.148936 0.073436 0.113359 0.003467 0.422915 0.414912 0 
6 0.170213 0.055242 0.114252 0.003467 0.422915 0.414912 0 
6 0.191489 0.070734 0.125855 0.003467 0.422915 0.414912 0 
6 0.212766 0.070734 0.144897 0.003467 0.422915 0.414912 0 
6 0.234043 0.055242 0.160815 0.003467 0.422915 0.414912 0 
6 0.255319 0.070734 0.198007 0.003467 0.422915 0.414912 0 
6 0.276596 0.076408 0.253347 0.003467 0.422915 0.414912 0 
6 0.297872 0.072025 0.317911 0.003467 0.422915 0.414912 0 
6 0.319149 0.081122 0.367004 0.003467 0.422915 0.414912 0 
6 0.340426 0.087486 0.41684 0.003467 0.422915 0.414912 1 
6 0.361702 0.087486 0.443172 0.003467 0.422915 0.414912 1 
6 0.382979 0.087486 0.455519 0.003467 0.422915 0.414912 1 
6 0.404255 0.087486 0.449122 0.003467 0.422915 0.414912 1 
6 0.425532 0.087486 0.445701 0.003467 0.422915 0.414912 1 
6 0.446809 0.086436 0.44094 0.003467 0.422915 0.414912 1 
6 0.468085 0.087036 0.43737 0.003467 0.422915 0.414912 1 
6 0.489362 0.077369 0.43127 0.003467 0.422915 0.414912 0 
6 0.510638 0.081902 0.431122 0.003467 0.422915 0.414912 1 
6 0.531915 0.086436 0.42294 0.003467 0.422915 0.414912 1 
6 0.553191 0.081902 0.420262 0.003467 0.422915 0.414912 1 
6 0.574468 0.087036 0.415799 0.003467 0.422915 0.414912 1 
6 0.595745 0.087486 0.41684 0.003467 0.422915 0.414912 1 
6 0.617021 0.087486 0.41922 0.003467 0.422915 0.414912 1 
6 0.638298 0.090879 0.421749 0.003467 0.422915 0.414912 1 
6 0.659574 0.094272 0.420411 0.003467 0.422915 0.414912 1 
6 0.680851 0.087486 0.411187 0.003467 0.422915 0.414912 1 
6 0.702128 0.090879 0.419072 0.003467 0.422915 0.414912 1 
6 0.723404 0.089078 0.419667 0.003467 0.422915 0.414912 1 
6 0.744681 0.097694 0.417287 0.003467 0.422915 0.414912 1 
6 0.765957 0.089078 0.400774 0.003467 0.422915 0.414912 1 
6 0.787234 0.087486 0.390062 0.003467 0.422915 0.414912 1 
6 0.808511 0.090879 0.385302 0.003467 0.422915 0.414912 1 
6 0.829787 0.087486 0.387831 0.003467 0.422915 0.414912 1 
6 0.851064 0.086316 0.36626 0.003467 0.422915 0.414912 1 
6 0.87234 0.076408 0.334127 0.003467 0.422915 0.414912 0 
6 0.893617 0.086316 0.347367 0.003467 0.422915 0.414912 1 
6 0.914894 0.077369 0.342755 0.003467 0.422915 0.414912 0 
6 0.93617 0.077369 0.348111 0.003467 0.422915 0.414912 0 
6 0.957447 0.072025 0.325945 0.003467 0.422915 0.414912 0 
6 0.978723 0.056593 0.303481 0.003467 0.422915 0.414912 0 
6 1 0.056593 0.258852 0.003467 0.422915 0.414912 0 
