2 0 0.043503 0.262868 0.002823 0.34697 0.623684 1 
2 0.021277 0.043443 0.232223 0.002815 0.323149 0.635965 1 
2 0.042553 0.043833 0.203957 0.002875 0.382444 0.52807 1 
2 0.06383 0.043023 0.175394 0.002819 0.355256 0.661404 1 
2 0.085106 0.033055 0.143707 0.002137 0.314863 0.689474 0 
2 0.106383 0.02648 0.131062 0.001718 0.278353 0.677632 0 
2 0.12766 0.02648 0.127343 0.001718 0.256603 0.695614 0 
2 0.148936 0.02648 0.133591 0.001718 0.228638 0.729386 0 
2 0.170213 0.042783 0.166617 0.002769 0.241067 0.740351 1 
2 0.191489 0.044404 0.209908 0.002877 0.269291 0.685965 1 
2 0.212766 0.059115 0.298274 0.003845 0.330399 0.729825 1 
2 0.234043 0.070373 0.388872 0.004578 0.417918 0.69693 1 
2 0.255319 0.062748 0.4277 0.004146 0.543242 0.532456 1 
2 0.276596 0.0789 0.481553 0.005249 0.628172 0.460965 1 
2 0.297872 0.046565 0.486165 0.003087 0.566028 0.471491 1 
2 0.319149 0.044884 0.49152 0.002966 0.558001 0.484211 1 
2 0.340426 0.053921 0.538828 0.003544 0.549974 0.555263 1 
2 0.361702 0.063829 0.556828 0.004157 0.555153 0.558333 1 
2 0.382979 0.05218 0.548795 0.003419 0.543501 0.507018 1 
2 0.404255 0.050078 0.539125 0.003297 0.542465 0.487281 1 
2 0.425532 0.05227 0.535555 0.003444 0.549197 0.496053 1 
2 0.446809 0.058935 0.530794 0.003887 0.564215 0.485088 1 
2 0.468085 0.058424 0.519786 0.003845 0.554376 0.490789 1 
2 0.489362 0.053441 0.519042 0.003513 0.55593 0.495614 1 
2 0.510638 0.068122 0.517703 0.004466 0.557742 0.47807 1 
2 0.531915 0.059175 0.506397 0.003891 0.559555 0.480263 1 
2 0.553191 0.056503 0.505356 0.003718 0.561108 0.464474 1 
2 0.574468 0.050859 0.493454 0.003544 0.555153 0.468421 1 
2 0.595745 0.090729 0.492711 0.00603 0.547126 0.472368 1 
2 0.617021 0.049628 0.495686 0.00329 0.546867 0.458333 1 
2 0.638298 0.05284 0.499405 0.003492 0.550492 0.501316 1 
2 0.659574 0.056713 0.507438 0.003747 0.55593 0.480263 1 
2 0.680851 0.048637 0.503422 0.003216 0.552822 0.492105 0 
2 0.702128 0.047556 0.504909 0.003149 0.543501 0.474123 0 
2 0.723404 0.044284 0.483487 0.002919 0.488866 0.538158 0 
2 0.744681 0.044073 0.469057 0.002887 0.448731 0.528947 0 
2 0.765957 0.042632 0.456114 0.002779 0.413257 0.626754 0 
2 0.787234 0.042632 0.465635 0.002761 0.403159 0.546491 0 
2 0.808511 0.044104 0.465635 0.002879 0.429311 0.522807 0 
2 0.829787 0.043923 0.448527 0.002879 0.450803 0.49693 0 
2 0.851064 0.042662 0.411782 0.0028 0.432936 0.512719 0 
2 0.87234 0.041852 0.376227 0.002736 0.402382 0.573246 0 
2 0.893617 0.042632 0.4036 0.002757 0.358622 0.633333 0 
2 0.914894 0.042152 0.407468 0.002715 0.317452 0.689474 0 
2 0.93617 0.044013 0.435287 0.002825 0.295702 0.708772 0 
2 0.957447 0.047196 0.443916 0.003043 0.30088 0.649123 0 
2 0.978723 0.080041 0.43737 0.005208 0.419731 0.635088 1 
2 1 0.063348 0.428146 0.004148 0.427499 0.646491 1 
