5 0 0.088567 0.591491 0.003467 0.422915 0.414912 1 
5 0.021277 0.088567 0.568134 0.003467 0.422915 0.414912 1 
5 0.042553 0.088567 0.542696 0.003467 0.422915 0.414912 1 
5 0.06383 0.081002 0.480512 0.003467 0.422915 0.414912 1 
5 0.085106 0.071965 0.416245 0.003467 0.422915 0.414912 0 
5 0.106383 0.060496 0.365665 0.003467 0.422915 0.414912 0 
5 0.12766 0.051099 0.323118 0.003467 0.422915 0.414912 0 
5 0.148936 0.059926 0.283844 0.003467 0.422915 0.414912 0 
5 0.170213 0.060496 0.258108 0.003467 0.422915 0.414912 0 
5 0.191489 0.067491 0.257661 0.003467 0.422915 0.414912 0 
5 0.212766 0.071965 0.285183 0.003467 0.422915 0.414912 0 
5 0.234043 0.074667 0.3374 0.003467 0.422915 0.414912 0 
5 0.255319 0.097574 0.452693 0.003467 0.422915 0.414912 1 
5 0.276596 0.116909 0.586581 0.003467 0.422915 0.414912 1 
5 0.297872 0.097574 0.628831 0.003467 0.422915 0.414912 1 
5 0.319149 0.11784 0.711395 0.003467 0.422915 0.414912 1 
5 0.340426 0.119731 0.727016 0.003467 0.422915 0.414912 1 
5 0.361702 0.090068 0.714668 0.003467 0.422915 0.414912 1 
5 0.382979 0.119731 0.740256 0.003467 0.422915 0.414912 1 
5 0.404255 0.11784 0.734603 0.003467 0.422915 0.414912 1 
5 0.425532 0.097574 0.703957 0.003467 0.422915 0.414912 1 
5 0.446809 0.116909 0.664534 0.003467 0.422915 0.414912 1 
5 0.468085 0.104179 0.635823 0.003467 0.422915 0.414912 1 
5 0.489362 0.088567 0.611425 0.003467 0.422915 0.414912 0 
5 0.510638 0.097574 0.597144 0.003467 0.422915 0.414912 1 
5 0.531915 0.090068 0.578697 0.003467 0.422915 0.414912 0 
5 0.553191 0.076258 0.554894 0.003467 0.422915 0.414912 0 
5 0.574468 0.074817 0.542993 0.003467 0.422915 0.414912 0 
5 0.595745 0.057013 0.525141 0.003467 0.422915 0.414912 0 
5 0.617021 0.057013 0.50848 0.003467 0.422915 0.414912 0 
5 0.638298 0.057013 0.500446 0.003467 0.422915 0.414912 0 
5 0.659574 0.057013 0.508777 0.003467 0.422915 0.414912 0 
5 0.680851 0.074817 0.521422 0.003467 0.422915 0.414912 0 
5 0.702128 0.057013 0.559357 0.003467 0.422915 0.414912 0 
5 0.723404 0.104179 0.626004 0.003467 0.422915 0.414912 1 
5 0.744681 0.116909 0.7349 0.003467 0.422915 0.414912 1 
5 0.765957 0.124745 0.771199 0.003467 0.422915 0.414912 1 
5 0.787234 0.119731 0.759595 0.003467 0.422915 0.414912 1 
5 0.808511 0.11784 0.732074 0.003467 0.422915 0.414912 1 
5 0.829787 0.088567 0.699792 0.003467 0.422915 0.414912 1 
5 0.851064 0.119731 0.67956 0.003467 0.422915 0.414912 1 
5 0.87234 0.116909 0.648616 0.003467 0.422915 0.414912 1 
5 0.893617 0.088567 0.60607 0.003467 0.422915 0.414912 0 
5 0.914894 0.088567 0.548051 0.003467 0.422915 0.414912 0 
5 0.93617 0.116909 0.584499 0.003467 0.422915 0.414912 1 
5 0.957447 0.097574 0.593573 0.003467 0.422915 0.414912 1 
5 0.978723 0.116909 0.602202 0.003467 0.422915 0.414912 1 
5 1 0.11784 0.601755 0.003467 0.422915 0.414912 1 
