6 0 0.063318 0.42413 0.004256 0.397721 0.519737 0 
6 0.021277 0.056893 0.365219 0.003801 0.374158 0.505263 0 
6 0.042553 0.067251 0.315977 0.004514 0.422838 0.441228 1 
6 0.06383 0.050258 0.2651 0.003384 0.404713 0.42807 0 
6 0.085106 0.049147 0.219578 0.003286 0.346194 0.496053 0 
6 0.106383 0.045935 0.193692 0.003058 0.302434 0.560088 0 
6 0.12766 0.045034 0.174353 0.002981 0.273433 0.585526 0 
6 0.148936 0.043503 0.17837 0.002871 0.247799 0.625877 0 
6 0.170213 0.044974 0.20366 0.00296 0.251942 0.610526 0 
6 0.191489 0.055722 0.245909 0.003658 0.27913 0.663596 0 
6 0.212766 0.076378 0.328622 0.005044 0.350337 0.579386 1 
6 0.234043 0.094061 0.408212 0.006188 0.429052 0.589912 1 
6 0.255319 0.093191 0.430824 0.006261 0.553599 0.375877 1 
6 0.276596 0.098955 0.48795 0.006749 0.624806 0.256579 1 
6 0.297872 0.049448 0.492413 0.003392 0.566805 0.335088 0 
6 0.319149 0.049598 0.502827 0.003378 0.546608 0.346053 0 
6 0.340426 0.070674 0.559357 0.004759 0.559037 0.461404 1 
6 0.361702 0.06638 0.576763 0.004449 0.559296 0.439035 1 
6 0.382979 0.076618 0.569325 0.005139 0.563956 0.407456 1 
6 0.404255 0.053681 0.556531 0.003616 0.560331 0.382895 0 
6 0.425532 0.054341 0.541059 0.003673 0.563439 0.377193 0 
6 0.446809 0.051759 0.536299 0.003515 0.564215 0.361404 0 
6 0.468085 0.050679 0.529307 0.00345 0.556706 0.337719 0 
6 0.489362 0.048217 0.518298 0.00329 0.545831 0.348246 0 
6 0.510638 0.049057 0.515769 0.003344 0.54376 0.353947 0 
6 0.531915 0.045094 0.505207 0.003076 0.535733 0.326754 0 
6 0.553191 0.046986 0.50238 0.003207 0.530036 0.327193 0 
6 0.574468 0.044584 0.480512 0.003041 0.519938 0.34693 0 
6 0.595745 0.044824 0.480512 0.003049 0.504143 0.339912 0 
6 0.617021 0.044494 0.479768 0.003024 0.491455 0.341228 0 
6 0.638298 0.045034 0.475156 0.003064 0.487571 0.364912 0 
6 0.659574 0.047346 0.482148 0.003228 0.493786 0.326316 0 
6 0.680851 0.047886 0.483041 0.003274 0.489384 0.313158 0 
6 0.702128 0.048307 0.494347 0.003301 0.497411 0.301754 0 
6 0.723404 0.046265 0.47828 0.003168 0.483169 0.32193 0 
6 0.744681 0.043143 0.472032 0.002929 0.458312 0.389912 0 
6 0.765957 0.043803 0.46504 0.002948 0.445106 0.392982 0 
6 0.787234 0.043413 0.457751 0.002912 0.42957 0.380263 0 
6 0.808511 0.042392 0.448676 0.002854 0.438115 0.319737 0 
6 0.829787 0.042933 0.436924 0.002898 0.439151 0.366667 0 
6 0.851064 0.042212 0.412824 0.002833 0.401864 0.385526 0 
6 0.87234 0.040591 0.378905 0.002723 0.37623 0.433772 0 
6 0.893617 0.041852 0.409848 0.002788 0.340756 0.472807 0 
6 0.914894 0.042662 0.431717 0.002838 0.307613 0.515789 0 
6 0.93617 0.082623 0.457007 0.005465 0.292595 0.592982 1 
6 0.957447 0.057614 0.476941 0.003816 0.293371 0.564035 1 
6 0.978723 0.063919 0.455073 0.004306 0.419731 0.500439 1 
6 1 0.059175 0.448676 0.003997 0.419213 0.496491 1 
