4 0 0.072685 0.444511 0.003467 0.422915 0.414912 1 
4 0.021277 0.075057 0.433502 0.003467 0.422915 0.414912 1 
4 0.042553 0.056263 0.407022 0.003467 0.422915 0.414912 1 
4 0.06383 0.054762 0.347813 0.003467 0.422915 0.414912 1 
4 0.085106 0.048247 0.290241 0.003467 0.422915 0.414912 0 
4 0.106383 0.045034 0.24814 0.003467 0.422915 0.414912 0 
4 0.12766 0.045034 0.210503 0.003467 0.422915 0.414912 0 
4 0.148936 0.043953 0.180452 0.003467 0.422915 0.414912 0 
4 0.170213 0.044494 0.161559 0.003467 0.422915 0.414912 0 
4 0.191489 0.044494 0.163047 0.003467 0.422915 0.414912 0 
4 0.212766 0.045965 0.187593 0.003467 0.422915 0.414912 0 
4 0.234043 0.063618 0.227016 0.003467 0.422915 0.414912 1 
4 0.255319 0.072385 0.328325 0.003467 0.422915 0.414912 1 
4 0.276596 0.075057 0.426212 0.003467 0.422915 0.414912 1 
4 0.297872 0.046746 0.409551 0.003467 0.422915 0.414912 0 
4 0.319149 0.060436 0.464891 0.003467 0.422915 0.414912 1 
4 0.340426 0.054612 0.481999 0.003467 0.422915 0.414912 1 
4 0.361702 0.054581 0.479024 0.003467 0.422915 0.414912 1 
4 0.382979 0.088807 0.519637 0.003467 0.422915 0.414912 1 
4 0.404255 0.090369 0.539125 0.003467 0.422915 0.414912 1 
4 0.425532 0.101867 0.522761 0.003467 0.422915 0.414912 1 
4 0.446809 0.075057 0.506099 0.003467 0.422915 0.414912 1 
4 0.468085 0.075057 0.498066 0.003467 0.422915 0.414912 1 
4 0.489362 0.054612 0.495835 0.003467 0.422915 0.414912 0 
4 0.510638 0.054612 0.488099 0.003467 0.422915 0.414912 0 
4 0.531915 0.074757 0.483041 0.003467 0.422915 0.414912 1 
4 0.553191 0.075057 0.483338 0.003467 0.422915 0.414912 1 
4 0.574468 0.087006 0.482297 0.003467 0.422915 0.414912 1 
4 0.595745 0.087006 0.47828 0.003467 0.422915 0.414912 1 
4 0.617021 0.088807 0.469949 0.003467 0.422915 0.414912 1 
4 0.638298 0.088807 0.464891 0.003467 0.422915 0.414912 1 
4 0.659574 0.088807 0.465486 0.003467 0.422915 0.414912 1 
4 0.680851 0.088807 0.471586 0.003467 0.422915 0.414912 1 
4 0.702128 0.088807 0.471883 0.003467 0.422915 0.414912 1 
4 0.723404 0.060436 0.474859 0.003467 0.422915 0.414912 0 
4 0.744681 0.075057 0.508033 0.003467 0.422915 0.414912 1 
4 0.765957 0.075057 0.543886 0.003467 0.422915 0.414912 1 
4 0.787234 0.060436 0.547605 0.003467 0.422915 0.414912 0 
4 0.808511 0.054071 0.508628 0.003467 0.422915 0.414912 0 
4 0.829787 0.048097 0.478429 0.003467 0.422915 0.414912 0 
4 0.851064 0.054612 0.461767 0.003467 0.422915 0.414912 0 
4 0.87234 0.054612 0.443023 0.003467 0.422915 0.414912 0 
4 0.893617 0.047856 0.396013 0.003467 0.422915 0.414912 0 
4 0.914894 0.045965 0.361351 0.003467 0.422915 0.414912 0 
4 0.93617 0.054612 0.407617 0.003467 0.422915 0.414912 0 
4 0.957447 0.054551 0.437072 0.003467 0.422915 0.414912 0 
4 0.978723 0.054612 0.45909 0.003467 0.422915 0.414912 0 
4 1 0.054551 0.449271 0.003467 0.422915 0.414912 0 
