7 0 0.028642 0.366558 0.001616 0.33739 0.758772 0 
7 0.021277 0.028642 0.310771 0.000833 0.307095 0.762719 0 
7 0.042553 0.028642 0.249926 0.000841 0.351631 0.688158 0 
7 0.06383 0.028642 0.20604 0.000827 0.328845 0.683772 0 
7 0.085106 0.02615 0.175394 0.000821 0.267219 0.705702 0 
7 0.106383 0.027411 0.161708 0.000821 0.242879 0.732018 0 
7 0.12766 0.028642 0.148468 0.000821 0.217245 0.705702 0 
7 0.148936 0.02627 0.148616 0.000821 0.217245 0.714474 0 
7 0.170213 0.022397 0.158881 0.000958 0.225531 0.850439 0 
7 0.191489 0.024739 0.168253 0.000841 0.234076 0.850439 0 
7 0.212766 0.028312 0.201577 0.000841 0.246245 0.846053 0 
7 0.234043 0.028221 0.225231 0.000841 0.26696 0.837281 0 
7 0.255319 0.028221 0.261529 0.000841 0.286639 0.819737 0 
7 0.276596 0.028942 0.320887 0.001462 0.316157 0.819737 0 
7 0.297872 0.030713 0.372062 0.001587 0.312273 0.807456 0 
7 0.319149 0.032064 0.421303 0.001959 0.32755 0.898684 0 
7 0.340426 0.032725 0.457007 0.001959 0.346453 0.898684 1 
7 0.361702 0.032725 0.488248 0.001959 0.363542 0.898684 1 
7 0.382979 0.032395 0.488843 0.001959 0.366649 0.898684 1 
7 0.404255 0.032725 0.488099 0.001959 0.377266 0.898684 1 
7 0.425532 0.032545 0.487801 0.001959 0.378819 0.898684 1 
7 0.446809 0.032575 0.487355 0.001959 0.385034 0.898684 1 
7 0.468085 0.032935 0.490181 0.001959 0.370533 0.898684 1 
7 0.489362 0.032605 0.482743 0.001959 0.364837 0.898684 1 
7 0.510638 0.032575 0.481107 0.001959 0.353185 0.898684 1 
7 0.531915 0.032575 0.473222 0.001959 0.339202 0.898684 1 
7 0.553191 0.032395 0.461767 0.001959 0.327033 0.920614 1 
7 0.574468 0.032245 0.44942 0.001959 0.319782 0.90614 1 
7 0.595745 0.031794 0.445552 0.001959 0.305023 0.888596 1 
7 0.617021 0.031764 0.437221 0.001959 0.303729 0.864912 1 
7 0.638298 0.031794 0.429337 0.001959 0.301916 0.852632 1 
7 0.659574 0.031824 0.43499 0.001959 0.310202 0.880702 1 
7 0.680851 0.030143 0.412229 0.001201 0.315122 0.800439 0 
7 0.702128 0.030413 0.414014 0.001203 0.328586 0.813158 1 
7 0.723404 0.031434 0.412377 0.00172 0.32522 0.773684 1 
7 0.744681 0.029122 0.41089 0.000802 0.317193 0.791228 0 
7 0.765957 0.029602 0.420857 0.000953 0.308131 0.818421 0 
7 0.787234 0.031224 0.428741 0.001959 0.325479 0.813158 1 
7 0.808511 0.030533 0.417287 0.001045 0.339461 0.813158 1 
7 0.829787 0.029633 0.401815 0.000912 0.328586 0.791228 0 
7 0.851064 0.029422 0.371318 0.000764 0.305541 0.791228 0 
7 0.87234 0.028822 0.348259 0.000823 0.284568 0.775877 0 
7 0.893617 0.029993 0.353169 0.001199 0.263594 0.797368 0 
7 0.914894 0.029302 0.355698 0.00076 0.238219 0.775877 0 
7 0.93617 0.028822 0.357334 0.000769 0.237183 0.819737 0 
7 0.957447 0.028522 0.333829 0.000818 0.23537 0.797807 0 
7 0.978723 0.028732 0.313746 0.001396 0.295184 0.753947 0 
7 1 0.028221 0.266736 0.000841 0.292853 0.753947 0 
