7 0 0.057524 0.223743 0.003467 0.422915 0.414912 0 
7 0.021277 0.069983 0.175989 0.003467 0.422915 0.414912 0 
7 0.042553 0.047526 0.139096 0.003467 0.422915 0.414912 0 
7 0.06383 0.047526 0.106218 0.003467 0.422915 0.414912 0 
7 0.085106 0.047526 0.087028 0.003467 0.422915 0.414912 0 
7 0.106383 0.047526 0.066349 0.003467 0.422915 0.414912 0 
7 0.12766 0.057524 0.058018 0.003467 0.422915 0.414912 0 
7 0.148936 0.06563 0.051473 0.003467 0.422915 0.414912 0 
7 0.170213 0.06563 0.057423 0.003467 0.422915 0.414912 0 
7 0.191489 0.068242 0.05906 0.003467 0.422915 0.414912 0 
7 0.212766 0.068242 0.069771 0.003467 0.422915 0.414912 0 
7 0.234043 0.047526 0.090152 0.003467 0.422915 0.414912 0 
7 0.255319 0.069983 0.112615 0.003467 0.422915 0.414912 0 
7 0.276596 0.069983 0.164832 0.003467 0.422915 0.414912 0 
7 0.297872 0.07905 0.213478 0.003467 0.422915 0.414912 1 
7 0.319149 0.075718 0.257066 0.003467 0.422915 0.414912 1 
7 0.340426 0.083373 0.294853 0.003467 0.422915 0.414912 1 
7 0.361702 0.083373 0.323713 0.003467 0.422915 0.414912 1 
7 0.382979 0.083373 0.323416 0.003467 0.422915 0.414912 1 
7 0.404255 0.075718 0.315829 0.003467 0.422915 0.414912 1 
7 0.425532 0.075718 0.304522 0.003467 0.422915 0.414912 1 
7 0.446809 0.075718 0.300952 0.003467 0.422915 0.414912 1 
7 0.468085 0.074727 0.296935 0.003467 0.422915 0.414912 1 
7 0.489362 0.075718 0.279381 0.003467 0.422915 0.414912 1 
7 0.510638 0.054732 0.271794 0.003467 0.422915 0.414912 0 
7 0.531915 0.054732 0.263612 0.003467 0.422915 0.414912 0 
7 0.553191 0.054732 0.251116 0.003467 0.422915 0.414912 0 
7 0.574468 0.054732 0.248884 0.003467 0.422915 0.414912 0 
7 0.595745 0.054732 0.248289 0.003467 0.422915 0.414912 0 
7 0.617021 0.074517 0.252008 0.003467 0.422915 0.414912 1 
7 0.638298 0.074727 0.246058 0.003467 0.422915 0.414912 1 
7 0.659574 0.074517 0.252901 0.003467 0.422915 0.414912 1 
7 0.680851 0.074727 0.250967 0.003467 0.422915 0.414912 1 
7 0.702128 0.075718 0.273579 0.003467 0.422915 0.414912 1 
7 0.723404 0.083373 0.289051 0.003467 0.422915 0.414912 1 
7 0.744681 0.07905 0.297679 0.003467 0.422915 0.414912 1 
7 0.765957 0.087937 0.313746 0.003467 0.422915 0.414912 1 
7 0.787234 0.089978 0.349598 0.003467 0.422915 0.414912 1 
7 0.808511 0.089978 0.356144 0.003467 0.422915 0.414912 1 
7 0.829787 0.088597 0.34097 0.003467 0.422915 0.414912 1 
7 0.851064 0.075718 0.307349 0.003467 0.422915 0.414912 1 
7 0.87234 0.074517 0.275216 0.003467 0.422915 0.414912 1 
7 0.893617 0.07905 0.285629 0.003467 0.422915 0.414912 1 
7 0.914894 0.075718 0.287266 0.003467 0.422915 0.414912 1 
7 0.93617 0.075718 0.303927 0.003467 0.422915 0.414912 1 
7 0.957447 0.074517 0.285183 0.003467 0.422915 0.414912 1 
7 0.978723 0.074517 0.272092 0.003467 0.422915 0.414912 1 
7 1 0.054732 0.242487 0.003467 0.422915 0.414912 0 
