3 0 0.080491 0.401071 0.003467 0.422915 0.414912 0 
3 0.021277 0.080491 0.376674 0.003467 0.422915 0.414912 0 
3 0.042553 0.074607 0.353317 0.003467 0.422915 0.414912 0 
3 0.06383 0.056713 0.295448 0.003467 0.422915 0.414912 0 
3 0.085106 0.045455 0.236239 0.003467 0.422915 0.414912 0 
3 0.106383 0.045455 0.196221 0.003467 0.422915 0.414912 0 
3 0.12766 0.045455 0.168551 0.003467 0.422915 0.414912 0 
3 0.148936 0.045455 0.143856 0.003467 0.422915 0.414912 0 
3 0.170213 0.06545 0.137162 0.003467 0.422915 0.414912 0 
3 0.191489 0.06545 0.143707 0.003467 0.422915 0.414912 0 
3 0.212766 0.06545 0.165129 0.003467 0.422915 0.414912 0 
3 0.234043 0.066861 0.202321 0.003467 0.422915 0.414912 0 
3 0.255319 0.074457 0.303184 0.003467 0.422915 0.414912 0 
3 0.276596 0.081032 0.380839 0.003467 0.422915 0.414912 0 
3 0.297872 0.049117 0.376674 0.003467 0.422915 0.414912 0 
3 0.319149 0.074186 0.428146 0.003467 0.422915 0.414912 0 
3 0.340426 0.074457 0.4518 0.003467 0.422915 0.414912 0 
3 0.361702 0.074457 0.46028 0.003467 0.422915 0.414912 0 
3 0.382979 0.087847 0.51443 0.003467 0.422915 0.414912 1 
3 0.404255 0.087366 0.527819 0.003467 0.422915 0.414912 1 
3 0.425532 0.087366 0.530794 0.003467 0.422915 0.414912 1 
3 0.446809 0.087366 0.524695 0.003467 0.422915 0.414912 1 
3 0.468085 0.089618 0.518447 0.003467 0.422915 0.414912 1 
3 0.489362 0.10493 0.52172 0.003467 0.422915 0.414912 1 
3 0.510638 0.10493 0.51681 0.003467 0.422915 0.414912 1 
3 0.531915 0.089618 0.508182 0.003467 0.422915 0.414912 1 
3 0.553191 0.087366 0.51443 0.003467 0.422915 0.414912 1 
3 0.574468 0.086976 0.511009 0.003467 0.422915 0.414912 1 
3 0.595745 0.087366 0.506843 0.003467 0.422915 0.414912 1 
3 0.617021 0.086976 0.504017 0.003467 0.422915 0.414912 1 
3 0.638298 0.086976 0.50119 0.003467 0.422915 0.414912 1 
3 0.659574 0.087366 0.50119 0.003467 0.422915 0.414912 1 
3 0.680851 0.087366 0.498364 0.003467 0.422915 0.414912 1 
3 0.702128 0.087366 0.493901 0.003467 0.422915 0.414912 1 
3 0.723404 0.086976 0.485867 0.003467 0.422915 0.414912 1 
3 0.744681 0.086976 0.491223 0.003467 0.422915 0.414912 1 
3 0.765957 0.087366 0.51086 0.003467 0.422915 0.414912 1 
3 0.787234 0.086976 0.529604 0.003467 0.422915 0.414912 1 
3 0.808511 0.074457 0.495686 0.003467 0.422915 0.414912 0 
3 0.829787 0.074186 0.461916 0.003467 0.422915 0.414912 0 
3 0.851064 0.074457 0.430527 0.003467 0.422915 0.414912 0 
3 0.87234 0.054732 0.406129 0.003467 0.422915 0.414912 0 
3 0.893617 0.049117 0.365516 0.003467 0.422915 0.414912 0 
3 0.914894 0.047076 0.339334 0.003467 0.422915 0.414912 0 
3 0.93617 0.086976 0.389765 0.003467 0.422915 0.414912 1 
3 0.957447 0.086976 0.414014 0.003467 0.422915 0.414912 1 
3 0.978723 0.074457 0.423535 0.003467 0.422915 0.414912 0 
3 1 0.074457 0.413716 0.003467 0.422915 0.414912 0 
