2 0 0.053381 0.425171 0.003467 0.422915 0.414912 0 
2 0.021277 0.055632 0.400774 0.003467 0.422915 0.414912 0 
2 0.042553 0.051759 0.368938 0.003467 0.422915 0.414912 0 
2 0.06383 0.050198 0.318953 0.003467 0.422915 0.414912 0 
2 0.085106 0.051099 0.259298 0.003467 0.422915 0.414912 0 
2 0.106383 0.048877 0.220619 0.003467 0.422915 0.414912 0 
2 0.12766 0.048037 0.180899 0.003467 0.422915 0.414912 0 
2 0.148936 0.045485 0.1626 0.003467 0.422915 0.414912 0 
2 0.170213 0.046836 0.150402 0.003467 0.422915 0.414912 0 
2 0.191489 0.046836 0.150848 0.003467 0.422915 0.414912 0 
2 0.212766 0.046836 0.179857 0.003467 0.422915 0.414912 0 
2 0.234043 0.048337 0.226569 0.003467 0.422915 0.414912 0 
2 0.255319 0.050588 0.3072 0.003467 0.422915 0.414912 0 
2 0.276596 0.050198 0.392591 0.003467 0.422915 0.414912 0 
2 0.297872 0.051759 0.386195 0.003467 0.422915 0.414912 0 
2 0.319149 0.051759 0.449271 0.003467 0.422915 0.414912 0 
2 0.340426 0.05305 0.459238 0.003467 0.422915 0.414912 0 
2 0.361702 0.0532 0.460726 0.003467 0.422915 0.414912 0 
2 0.382979 0.073646 0.506248 0.003467 0.422915 0.414912 1 
2 0.404255 0.060946 0.528117 0.003467 0.422915 0.414912 1 
2 0.425532 0.058394 0.52172 0.003467 0.422915 0.414912 0 
2 0.446809 0.05305 0.514133 0.003467 0.422915 0.414912 0 
2 0.468085 0.0532 0.516364 0.003467 0.422915 0.414912 0 
2 0.489362 0.060946 0.518149 0.003467 0.422915 0.414912 1 
2 0.510638 0.058394 0.513538 0.003467 0.422915 0.414912 1 
2 0.531915 0.058394 0.508628 0.003467 0.422915 0.414912 1 
2 0.553191 0.055782 0.512199 0.003467 0.422915 0.414912 0 
2 0.574468 0.058394 0.498959 0.003467 0.422915 0.414912 1 
2 0.595745 0.0532 0.50238 0.003467 0.422915 0.414912 0 
2 0.617021 0.05305 0.492115 0.003467 0.422915 0.414912 0 
2 0.638298 0.051759 0.4759 0.003467 0.422915 0.414912 0 
2 0.659574 0.05305 0.499702 0.003467 0.422915 0.414912 0 
2 0.680851 0.05305 0.502975 0.003467 0.422915 0.414912 0 
2 0.702128 0.05305 0.515918 0.003467 0.422915 0.414912 0 
2 0.723404 0.058394 0.534365 0.003467 0.422915 0.414912 1 
2 0.744681 0.119491 0.584945 0.003467 0.422915 0.414912 1 
2 0.765957 0.111174 0.586433 0.003467 0.422915 0.414912 1 
2 0.787234 0.087066 0.553109 0.003467 0.422915 0.414912 1 
2 0.808511 0.055782 0.508628 0.003467 0.422915 0.414912 0 
2 0.829787 0.055782 0.467718 0.003467 0.422915 0.414912 0 
2 0.851064 0.055782 0.44704 0.003467 0.422915 0.414912 0 
2 0.87234 0.051759 0.422642 0.003467 0.422915 0.414912 0 
2 0.893617 0.0532 0.386195 0.003467 0.422915 0.414912 0 
2 0.914894 0.050198 0.360904 0.003467 0.422915 0.414912 0 
2 0.93617 0.051759 0.423535 0.003467 0.422915 0.414912 0 
2 0.957447 0.050198 0.441684 0.003467 0.422915 0.414912 0 
2 0.978723 0.050588 0.448378 0.003467 0.422915 0.414912 0 
2 1 0.050588 0.445254 0.003467 0.422915 0.414912 0 
