5 0 0.036388 0.473669 0.0023 0.386069 0.705702 1 
5 0.021277 0.038099 0.455668 0.002399 0.363801 0.714474 1 
5 0.042553 0.041672 0.414311 0.002665 0.422579 0.677193 1 
5 0.06383 0.042332 0.367004 0.00264 0.415329 0.675 1 
5 0.085106 0.035157 0.309134 0.00226 0.375971 0.753509 1 
5 0.106383 0.034556 0.2651 0.002212 0.353962 0.729825 1 
5 0.12766 0.029903 0.222255 0.001915 0.323666 0.765789 0 
5 0.148936 0.029032 0.193395 0.001859 0.318747 0.780702 0 
5 0.170213 0.028792 0.180303 0.001828 0.302952 0.808333 0 
5 0.191489 0.028702 0.183576 0.001795 0.300363 0.818421 0 
5 0.212766 0.031524 0.210949 0.002019 0.296479 0.755702 1 
5 0.234043 0.034016 0.259149 0.002185 0.314086 0.716667 1 
5 0.255319 0.047076 0.35064 0.003056 0.384775 0.630263 1 
5 0.276596 0.058364 0.450461 0.003857 0.460642 0.502193 1 
5 0.297872 0.033866 0.470842 0.0023 0.50492 0.358772 1 
5 0.319149 0.031224 0.524546 0.002162 0.576126 0.300877 1 
5 0.340426 0.029152 0.540315 0.002021 0.604091 0.289474 0 
5 0.361702 0.029122 0.524695 0.002011 0.613413 0.294737 0 
5 0.382979 0.028942 0.50238 0.002021 0.622475 0.316228 0 
5 0.404255 0.028942 0.487355 0.002042 0.613931 0.325 0 
5 0.425532 0.028702 0.505207 0.002023 0.60202 0.331579 0 
5 0.446809 0.028582 0.517257 0.002021 0.602538 0.326316 0 
5 0.468085 0.028882 0.509819 0.002036 0.59943 0.35 0 
5 0.489362 0.028912 0.502975 0.002036 0.59477 0.296491 0 
5 0.510638 0.028852 0.497917 0.002029 0.585189 0.313158 0 
5 0.531915 0.028191 0.490479 0.001984 0.58493 0.270614 0 
5 0.553191 0.028852 0.492264 0.002048 0.613154 0.248246 0 
5 0.574468 0.029002 0.487206 0.002061 0.618591 0.230263 0 
5 0.595745 0.029092 0.477239 0.002056 0.608493 0.237719 0 
5 0.617021 0.028942 0.467569 0.00205 0.605904 0.237719 0 
5 0.638298 0.027981 0.465486 0.001978 0.594252 0.241228 0 
5 0.659574 0.028822 0.470247 0.00204 0.603055 0.232456 0 
5 0.680851 0.029362 0.484975 0.002075 0.6116 0.215351 0 
5 0.702128 0.029843 0.511604 0.002117 0.64319 0.196053 0 
5 0.723404 0.033025 0.559209 0.002333 0.676334 0.187281 1 
5 0.744681 0.035937 0.630765 0.002528 0.734076 0.130263 1 
5 0.765957 0.035907 0.628236 0.002507 0.727084 0.2 1 
5 0.787234 0.031764 0.601607 0.002206 0.683584 0.257895 1 
5 0.808511 0.029993 0.563076 0.002081 0.636717 0.301316 0 
5 0.829787 0.034166 0.537489 0.002383 0.614966 0.283333 1 
5 0.851064 0.032785 0.522017 0.002289 0.588555 0.289035 1 
5 0.87234 0.032785 0.50476 0.002291 0.560849 0.350877 1 
5 0.893617 0.028852 0.458346 0.001996 0.520456 0.388596 0 
5 0.914894 0.027291 0.419964 0.001882 0.4855 0.407018 0 
5 0.93617 0.030173 0.462362 0.002044 0.454169 0.540351 0 
5 0.957447 0.029152 0.479024 0.001942 0.429311 0.553509 0 
5 0.978723 0.038639 0.483933 0.002586 0.481098 0.511842 1 
5 1 0.037288 0.482148 0.002462 0.461678 0.628947 1 
