2 0 0.028732 0.196073 0.001946 0.180218 0.599561 1 
2 0.021277 0.027021 0.165278 0.001826 0.152771 0.598684 0 
2 0.042553 0.028071 0.133889 0.001911 0.208959 0.493421 0 
2 0.06383 0.027411 0.112764 0.001863 0.189798 0.569298 0 
2 0.085106 0.024919 0.09283 0.001685 0.151217 0.63114 0 
2 0.106383 0.024799 0.085094 0.001672 0.122734 0.671491 0 
2 0.12766 0.024649 0.087325 0.001653 0.098912 0.695614 0 
2 0.148936 0.024799 0.09997 0.001662 0.088555 0.71886 0 
2 0.170213 0.027471 0.125855 0.001853 0.089332 0.604386 0 
2 0.191489 0.028041 0.144302 0.001899 0.102796 0.574561 0 
2 0.212766 0.030623 0.206784 0.002075 0.132315 0.59386 1 
2 0.234043 0.032365 0.265397 0.002206 0.173744 0.525877 1 
2 0.255319 0.032094 0.294704 0.002198 0.234076 0.442105 1 
2 0.276596 0.035007 0.358524 0.002422 0.290264 0.412719 1 
2 0.297872 0.032575 0.406129 0.00227 0.27421 0.392982 1 
2 0.319149 0.035727 0.446742 0.002507 0.303211 0.391228 1 
2 0.340426 0.03897 0.506694 0.002709 0.324184 0.424561 1 
2 0.361702 0.045154 0.52886 0.003105 0.333506 0.408333 1 
2 0.382979 0.046085 0.528117 0.00317 0.345158 0.366228 1 
2 0.404255 0.044884 0.525736 0.003093 0.354221 0.392544 1 
2 0.425532 0.05263 0.529158 0.003565 0.363283 0.405263 1 
2 0.446809 0.063949 0.535852 0.004375 0.371051 0.439912 1 
2 0.468085 0.06605 0.538233 0.004518 0.373641 0.425 1 
2 0.489362 0.082142 0.535257 0.005627 0.379337 0.444298 1 
2 0.510638 0.075297 0.53853 0.005152 0.378042 0.474561 1 
2 0.531915 0.079921 0.53258 0.005467 0.375453 0.442544 1 
2 0.553191 0.080131 0.530497 0.005478 0.381668 0.455702 1 
2 0.574468 0.07851 0.523207 0.005378 0.385293 0.435965 1 
2 0.595745 0.059775 0.518298 0.00398 0.380632 0.411404 1 
2 0.617021 0.064219 0.51324 0.004406 0.38115 0.342982 1 
2 0.638298 0.06587 0.498364 0.004526 0.377266 0.344737 1 
2 0.659574 0.044764 0.490628 0.003089 0.382962 0.310526 1 
2 0.680851 0.041492 0.478727 0.002869 0.386069 0.301754 1 
2 0.702128 0.03969 0.465189 0.00274 0.374676 0.295175 0 
2 0.723404 0.036027 0.434841 0.002482 0.337649 0.301316 0 
2 0.744681 0.035397 0.412675 0.002451 0.294148 0.383333 0 
2 0.765957 0.030563 0.379203 0.002125 0.253496 0.432018 0 
2 0.787234 0.029422 0.3554 0.002065 0.227602 0.467105 0 
2 0.808511 0.029482 0.366855 0.002021 0.195495 0.492982 0 
2 0.829787 0.030173 0.370425 0.002067 0.213102 0.454386 0 
2 0.851064 0.030803 0.350491 0.002119 0.242103 0.4 0 
2 0.87234 0.029482 0.317019 0.002025 0.241067 0.412719 0 
2 0.893617 0.031134 0.341565 0.002135 0.211548 0.442544 0 
2 0.914894 0.029663 0.351681 0.002036 0.185914 0.477632 0 
2 0.93617 0.032485 0.37355 0.002225 0.164164 0.524123 0 
2 0.957447 0.034226 0.379649 0.002331 0.161574 0.493421 0 
2 0.978723 0.035757 0.372657 0.002441 0.259192 0.349123 0 
2 1 0.035937 0.342309 0.002437 0.263335 0.363158 0 
