4 0 0.068962 0.498661 0.004639 0.416882 0.589474 1 
4 0.021277 0.058394 0.475751 0.003916 0.401088 0.541228 1 
4 0.042553 0.062087 0.449122 0.004194 0.452615 0.453509 1 
4 0.06383 0.049267 0.389914 0.003324 0.420249 0.50614 0 
4 0.085106 0.044914 0.334722 0.003006 0.372087 0.596491 0 
4 0.106383 0.042873 0.285629 0.002823 0.325997 0.675877 0 
4 0.12766 0.042002 0.241744 0.002734 0.28638 0.726754 0 
4 0.148936 0.040771 0.210503 0.002642 0.25246 0.727193 0 
4 0.170213 0.036538 0.188188 0.002374 0.217763 0.732018 0 
4 0.191489 0.033926 0.186105 0.00221 0.209218 0.720175 0 
4 0.212766 0.037228 0.126599 0.002397 0.216209 0.702632 0 
4 0.234043 0.040711 0.261827 0.002663 0.249871 0.713158 0 
4 0.255319 0.043173 0.356739 0.002835 0.326256 0.624561 0 
4 0.276596 0.045334 0.46742 0.003041 0.412222 0.575439 0 
4 0.297872 0.047826 0.494198 0.003226 0.46608 0.508333 0 
4 0.319149 0.048697 0.56992 0.003319 0.533402 0.445614 0 
4 0.340426 0.053381 0.569473 0.003583 0.562144 0.429386 0 
4 0.361702 0.061667 0.568134 0.004194 0.571983 0.380263 1 
4 0.382979 0.093941 0.601309 0.006342 0.58726 0.45307 1 
4 0.404255 0.083373 0.606962 0.00559 0.581564 0.50614 1 
4 0.425532 0.064399 0.588664 0.004337 0.576385 0.409211 1 
4 0.446809 0.054131 0.563374 0.003677 0.569912 0.384649 0 
4 0.468085 0.054251 0.543588 0.00372 0.562403 0.371491 0 
4 0.489362 0.051039 0.534514 0.003463 0.55334 0.426754 0 
4 0.510638 0.049207 0.523356 0.003288 0.539617 0.452193 0 
4 0.531915 0.048427 0.511009 0.003261 0.535474 0.42807 0 
4 0.553191 0.049358 0.510116 0.003336 0.557224 0.389474 0 
4 0.574468 0.071064 0.503273 0.004838 0.562144 0.383333 1 
4 0.595745 0.063048 0.483636 0.004312 0.561367 0.392105 1 
4 0.617021 0.051189 0.488545 0.003492 0.552822 0.39693 0 
4 0.638298 0.050829 0.480661 0.003461 0.540394 0.416228 0 
4 0.659574 0.051129 0.494793 0.003479 0.546349 0.409649 0 
4 0.680851 0.066591 0.5241 0.00451 0.555671 0.465351 1 
4 0.702128 0.093431 0.567539 0.006307 0.583118 0.467982 1 
4 0.723404 0.074487 0.63731 0.005008 0.628949 0.512719 1 
4 0.744681 0.083794 0.692353 0.0056 0.673485 0.471491 1 
4 0.765957 0.072055 0.676882 0.00483 0.651735 0.470614 1 
4 0.787234 0.06587 0.644154 0.004418 0.598395 0.460965 1 
4 0.808511 0.050258 0.603689 0.00339 0.547126 0.469298 0 
4 0.829787 0.05323 0.570217 0.003581 0.51709 0.494737 0 
4 0.851064 0.050288 0.546415 0.003392 0.489643 0.501316 0 
4 0.87234 0.056833 0.518298 0.003822 0.460642 0.521053 1 
4 0.893617 0.049778 0.474561 0.003357 0.439151 0.564035 0 
4 0.914894 0.048847 0.442428 0.003268 0.410668 0.592982 0 
4 0.93617 0.048006 0.485867 0.003211 0.394873 0.604825 0 
4 0.957447 0.046355 0.494644 0.003118 0.389953 0.544298 0 
4 0.978723 0.050078 0.499256 0.003407 0.458312 0.476754 0 
4 1 0.050829 0.485421 0.003465 0.457276 0.491228 0 
