7 0 0.056593 0.240553 0.003467 0.422915 0.414912 0 
7 0.021277 0.055242 0.193246 0.003467 0.422915 0.414912 0 
7 0.042553 0.055242 0.156352 0.003467 0.422915 0.414912 0 
7 0.06383 0.055242 0.126599 0.003467 0.422915 0.414912 0 
7 0.085106 0.055242 0.104136 0.003467 0.422915 0.414912 0 
7 0.106383 0.055242 0.084647 0.003467 0.422915 0.414912 0 
7 0.12766 0.055242 0.079589 0.003467 0.422915 0.414912 0 
7 0.148936 0.055242 0.078251 0.003467 0.422915 0.414912 0 
7 0.170213 0.055242 0.081672 0.003467 0.422915 0.414912 0 
7 0.191489 0.068242 0.086433 0.003467 0.422915 0.414912 0 
7 0.212766 0.068242 0.092383 0.003467 0.422915 0.414912 0 
7 0.234043 0.055242 0.096995 0.003467 0.422915 0.414912 0 
7 0.255319 0.068242 0.119905 0.003467 0.422915 0.414912 0 
7 0.276596 0.073526 0.161113 0.003467 0.422915 0.414912 0 
7 0.297872 0.076348 0.206932 0.003467 0.422915 0.414912 0 
7 0.319149 0.080071 0.248289 0.003467 0.422915 0.414912 1 
7 0.340426 0.077369 0.294258 0.003467 0.422915 0.414912 1 
7 0.361702 0.076348 0.330854 0.003467 0.422915 0.414912 0 
7 0.382979 0.077369 0.342309 0.003467 0.422915 0.414912 1 
7 0.404255 0.068242 0.346623 0.003467 0.422915 0.414912 0 
7 0.425532 0.076348 0.346623 0.003467 0.422915 0.414912 1 
7 0.446809 0.068242 0.349598 0.003467 0.422915 0.414912 0 
7 0.468085 0.076258 0.350491 0.003467 0.422915 0.414912 1 
7 0.489362 0.076258 0.341714 0.003467 0.422915 0.414912 1 
7 0.510638 0.068242 0.334871 0.003467 0.422915 0.414912 0 
7 0.531915 0.068242 0.325796 0.003467 0.422915 0.414912 0 
7 0.553191 0.058034 0.313151 0.003467 0.422915 0.414912 0 
7 0.574468 0.058034 0.302142 0.003467 0.422915 0.414912 0 
7 0.595745 0.058034 0.299762 0.003467 0.422915 0.414912 0 
7 0.617021 0.058034 0.298721 0.003467 0.422915 0.414912 0 
7 0.638298 0.068242 0.29396 0.003467 0.422915 0.414912 0 
7 0.659574 0.058034 0.298126 0.003467 0.422915 0.414912 0 
7 0.680851 0.058034 0.296192 0.003467 0.422915 0.414912 0 
7 0.702128 0.058034 0.313895 0.003467 0.422915 0.414912 0 
7 0.723404 0.068242 0.323267 0.003467 0.422915 0.414912 0 
7 0.744681 0.058034 0.322226 0.003467 0.422915 0.414912 0 
7 0.765957 0.058034 0.312853 0.003467 0.422915 0.414912 0 
7 0.787234 0.058034 0.320887 0.003467 0.422915 0.414912 0 
7 0.808511 0.06611 0.338292 0.003467 0.422915 0.414912 0 
7 0.829787 0.058034 0.346177 0.003467 0.422915 0.414912 0 
7 0.851064 0.058034 0.32773 0.003467 0.422915 0.414912 0 
7 0.87234 0.055242 0.293811 0.003467 0.422915 0.414912 0 
7 0.893617 0.056593 0.306605 0.003467 0.422915 0.414912 0 
7 0.914894 0.056593 0.306308 0.003467 0.422915 0.414912 0 
7 0.93617 0.056593 0.317614 0.003467 0.422915 0.414912 0 
7 0.957447 0.055242 0.292026 0.003467 0.422915 0.414912 0 
7 0.978723 0.055242 0.279679 0.003467 0.422915 0.414912 0 
7 1 0.055242 0.24338 0.003467 0.422915 0.414912 0 
