6 0 0.046445 0.405385 0.003467 0.422915 0.414912 0 
6 0.021277 0.047166 0.382773 0.003467 0.422915 0.414912 0 
6 0.042553 0.046445 0.351681 0.003467 0.422915 0.414912 0 
6 0.06383 0.040351 0.285481 0.003467 0.422915 0.414912 0 
6 0.085106 0.040351 0.226718 0.003467 0.422915 0.414912 0 
6 0.106383 0.040351 0.186403 0.003467 0.422915 0.414912 0 
6 0.12766 0.040351 0.153972 0.003467 0.422915 0.414912 0 
6 0.148936 0.040351 0.13255 0.003467 0.422915 0.414912 0 
6 0.170213 0.062658 0.116483 0.003467 0.422915 0.414912 0 
6 0.191489 0.063348 0.116037 0.003467 0.422915 0.414912 0 
6 0.212766 0.061277 0.123178 0.003467 0.422915 0.414912 0 
6 0.234043 0.063468 0.134186 0.003467 0.422915 0.414912 0 
6 0.255319 0.044494 0.150104 0.003467 0.422915 0.414912 0 
6 0.276596 0.044494 0.184469 0.003467 0.422915 0.414912 0 
6 0.297872 0.045965 0.223148 0.003467 0.422915 0.414912 0 
6 0.319149 0.045965 0.278786 0.003467 0.422915 0.414912 0 
6 0.340426 0.070824 0.328622 0.003467 0.422915 0.414912 1 
6 0.361702 0.070824 0.368492 0.003467 0.422915 0.414912 1 
6 0.382979 0.074817 0.405683 0.003467 0.422915 0.414912 1 
6 0.404255 0.072475 0.417584 0.003467 0.422915 0.414912 1 
6 0.425532 0.072775 0.403303 0.003467 0.422915 0.414912 1 
6 0.446809 0.072475 0.385897 0.003467 0.422915 0.414912 1 
6 0.468085 0.072475 0.375037 0.003467 0.422915 0.414912 1 
6 0.489362 0.072475 0.369384 0.003467 0.422915 0.414912 1 
6 0.510638 0.072475 0.359417 0.003467 0.422915 0.414912 1 
6 0.531915 0.072475 0.347069 0.003467 0.422915 0.414912 1 
6 0.553191 0.072475 0.326688 0.003467 0.422915 0.414912 1 
6 0.574468 0.070824 0.316721 0.003467 0.422915 0.414912 1 
6 0.595745 0.069143 0.301845 0.003467 0.422915 0.414912 1 
6 0.617021 0.070824 0.287117 0.003467 0.422915 0.414912 1 
6 0.638298 0.068272 0.273133 0.003467 0.422915 0.414912 1 
6 0.659574 0.06563 0.266439 0.003467 0.422915 0.414912 1 
6 0.680851 0.06563 0.264058 0.003467 0.422915 0.414912 1 
6 0.702128 0.057794 0.282505 0.003467 0.422915 0.414912 0 
6 0.723404 0.069143 0.278191 0.003467 0.422915 0.414912 1 
6 0.744681 0.069143 0.314639 0.003467 0.422915 0.414912 1 
6 0.765957 0.072475 0.370277 0.003467 0.422915 0.414912 1 
6 0.787234 0.070824 0.411633 0.003467 0.422915 0.414912 1 
6 0.808511 0.070824 0.38798 0.003467 0.422915 0.414912 1 
6 0.829787 0.057794 0.351681 0.003467 0.422915 0.414912 0 
6 0.851064 0.070824 0.324903 0.003467 0.422915 0.414912 1 
6 0.87234 0.069143 0.312407 0.003467 0.422915 0.414912 1 
6 0.893617 0.069143 0.287563 0.003467 0.422915 0.414912 1 
6 0.914894 0.069143 0.264653 0.003467 0.422915 0.414912 1 
6 0.93617 0.073256 0.289943 0.003467 0.422915 0.414912 1 
6 0.957447 0.070824 0.307944 0.003467 0.422915 0.414912 1 
6 0.978723 0.070824 0.315085 0.003467 0.422915 0.414912 1 
6 1 0.069143 0.294109 0.003467 0.422915 0.414912 1 
