4 0 0.041311 0.563076 0.002657 0.498446 0.645614 0 
4 0.021277 0.040921 0.539572 0.002615 0.469446 0.694298 0 
4 0.042553 0.041311 0.515174 0.002646 0.523822 0.581579 0 
4 0.06383 0.040441 0.469354 0.002592 0.49767 0.645614 0 
4 0.085106 0.037589 0.41327 0.002351 0.452874 0.765789 0 
4 0.106383 0.014171 0.367153 0.000769 0.404195 0.765789 0 
4 0.12766 0.01318 0.31925 0.000825 0.344381 0.669737 0 
4 0.148936 0.01276 0.281315 0.000802 0.305023 0.579825 0 
4 0.170213 0.010808 0.261529 0.000685 0.27188 0.574561 0 
4 0.191489 0.008076 0.256769 0.000513 0.255567 0.582018 0 
4 0.212766 0.0133 0.288307 0.000839 0.264112 0.72193 0 
4 0.234043 0.025639 0.345135 0.001051 0.305541 0.765789 0 
4 0.255319 0.041401 0.455519 0.002075 0.401088 0.765789 0 
4 0.276596 0.06572 0.571407 0.004144 0.496634 0.561404 1 
4 0.297872 0.044914 0.618566 0.00296 0.55101 0.460965 0 
4 0.319149 0.081152 0.701577 0.005436 0.63827 0.394737 1 
4 0.340426 0.071334 0.72166 0.004877 0.67478 0.333772 1 
4 0.361702 0.071544 0.710354 0.004969 0.688503 0.310965 1 
4 0.382979 0.077039 0.735049 0.005326 0.700155 0.362281 1 
4 0.404255 0.083433 0.732669 0.005744 0.692387 0.337719 1 
4 0.425532 0.07959 0.701131 0.005511 0.682289 0.334211 1 
4 0.446809 0.064309 0.671973 0.004493 0.677369 0.303509 1 
4 0.468085 0.053711 0.650253 0.003349 0.658467 0.414912 1 
4 0.489362 0.058034 0.642368 0.004044 0.661315 0.305263 1 
4 0.510638 0.071034 0.635376 0.00494 0.64811 0.283333 1 
4 0.531915 0.067972 0.625558 0.004726 0.653806 0.259649 1 
4 0.553191 0.060226 0.620649 0.004491 0.681253 0.229386 1 
4 0.574468 0.057584 0.622583 0.004485 0.672191 0.230702 1 
4 0.595745 0.063498 0.61931 0.004651 0.672191 0.25307 1 
4 0.617021 0.066561 0.610979 0.004749 0.673485 0.251316 1 
4 0.638298 0.067011 0.610086 0.004663 0.66753 0.283333 1 
4 0.659574 0.081992 0.633889 0.005644 0.669601 0.326316 1 
4 0.680851 0.071034 0.666171 0.004879 0.670119 0.332895 1 
4 0.702128 0.080791 0.730735 0.005546 0.703263 0.375877 1 
4 0.723404 0.09262 0.817465 0.006309 0.753237 0.376316 1 
4 0.744681 0.102318 0.889467 0.006855 0.790523 0.327632 1 
4 0.765957 0.094512 0.880244 0.006346 0.762558 0.288158 1 
4 0.787234 0.095262 0.853466 0.006493 0.708441 0.338596 1 
4 0.808511 0.073376 0.816572 0.005048 0.663905 0.378947 1 
4 0.829787 0.077909 0.78429 0.005351 0.629984 0.395614 1 
4 0.851064 0.088327 0.754537 0.00602 0.595805 0.500439 1 
4 0.87234 0.083914 0.71809 0.005667 0.563698 0.557895 1 
4 0.893617 0.062778 0.672419 0.004204 0.525893 0.555263 1 
4 0.914894 0.03987 0.612913 0.00263 0.487312 0.617544 0 
4 0.93617 0.042632 0.639393 0.002777 0.470482 0.636842 0 
4 0.957447 0.03951 0.629426 0.002547 0.450544 0.680702 0 
4 0.978723 0.041972 0.610681 0.002703 0.532626 0.564035 0 
4 1 0.041582 0.589854 0.002688 0.521233 0.607018 0 
