7 0 0.040531 0.577209 0.002763 0.477214 0.505702 0 
7 0.021277 0.060076 0.567093 0.004119 0.44174 0.506579 1 
7 0.042553 0.073436 0.534216 0.005091 0.4855 0.421491 1 
7 0.06383 0.050799 0.481256 0.003542 0.455981 0.480263 1 
7 0.085106 0.050138 0.417733 0.003463 0.415588 0.55614 1 
7 0.106383 0.038369 0.363434 0.002468 0.365873 0.614912 0 
7 0.12766 0.036958 0.305564 0.002154 0.334024 0.607895 0 
7 0.148936 0.029332 0.265397 0.002002 0.29363 0.666228 0 
7 0.170213 0.032905 0.232669 0.002229 0.263594 0.78114 0 
7 0.191489 0.029933 0.221214 0.002017 0.243138 0.771491 0 
7 0.212766 0.030143 0.223892 0.002032 0.237442 0.784649 0 
7 0.234043 0.031404 0.238471 0.002115 0.234852 0.822368 0 
7 0.255319 0.033025 0.275216 0.002229 0.249094 0.784649 0 
7 0.276596 0.033626 0.322077 0.001803 0.26463 0.724561 0 
7 0.297872 0.037589 0.382327 0.000976 0.251942 0.658772 0 
7 0.319149 0.037799 0.493008 0.002036 0.292336 0.617544 0 
7 0.340426 0.042963 0.568134 0.002029 0.344122 0.628509 0 
7 0.361702 0.037859 0.620797 0.001986 0.383739 0.644737 0 
7 0.382979 0.036598 0.659625 0.002453 0.416624 0.670175 0 
7 0.404255 0.034346 0.659774 0.002283 0.428017 0.709649 0 
7 0.425532 0.037348 0.626004 0.002468 0.421025 0.703947 0 
7 0.446809 0.037138 0.585242 0.002453 0.409891 0.727632 0 
7 0.468085 0.035367 0.545968 0.002333 0.396945 0.740789 0 
7 0.489362 0.038099 0.519637 0.002522 0.382962 0.75 0 
7 0.510638 0.033025 0.486016 0.002187 0.362506 0.771491 0 
7 0.531915 0.033505 0.458643 0.002206 0.353962 0.767105 0 
7 0.553191 0.034136 0.440345 0.002106 0.364578 0.726754 0 
7 0.574468 0.033025 0.42294 0.002198 0.356033 0.741667 0 
7 0.595745 0.033025 0.404344 0.002038 0.33972 0.741667 0 
7 0.617021 0.033025 0.390806 0.001818 0.328068 0.741667 0 
7 0.638298 0.033025 0.392591 0.001986 0.312532 0.776316 0 
7 0.659574 0.033025 0.407319 0.002042 0.311756 0.798246 0 
7 0.680851 0.033025 0.426212 0.001903 0.301398 0.823684 0 
7 0.702128 0.033025 0.472032 0.001948 0.326515 0.788596 0 
7 0.723404 0.035097 0.551026 0.002287 0.374417 0.75307 0 
7 0.744681 0.098475 0.718387 0.006381 0.484205 0.651316 1 
7 0.765957 0.049748 0.74814 0.003311 0.535215 0.558772 1 
7 0.787234 0.04002 0.731627 0.002696 0.514241 0.611404 0 
7 0.808511 0.053351 0.6867 0.003621 0.476178 0.572368 1 
7 0.829787 0.041041 0.650253 0.002804 0.457535 0.599561 0 
7 0.851064 0.038579 0.620649 0.002621 0.426981 0.633772 0 
7 0.87234 0.037799 0.58911 0.002555 0.405748 0.680702 0 
7 0.893617 0.037138 0.55787 0.002495 0.38115 0.735088 0 
7 0.914894 0.037288 0.525439 0.002497 0.367685 0.764474 0 
7 0.93617 0.036658 0.53258 0.002441 0.362248 0.741228 0 
7 0.957447 0.036568 0.518744 0.002449 0.362506 0.745614 0 
7 0.978723 0.051009 0.508628 0.003417 0.440186 0.606579 1 
7 1 0.038639 0.473222 0.002605 0.435526 0.662719 0 
