1 0 0.043953 0.283844 0.002941 0.357587 0.479386 1 
1 0.021277 0.043863 0.24576 0.002912 0.322631 0.551754 1 
1 0.042553 0.047196 0.224784 0.003143 0.37623 0.507018 1 
1 0.06383 0.043143 0.188188 0.002867 0.340756 0.531579 1 
1 0.085106 0.043863 0.154567 0.002887 0.288969 0.579386 1 
1 0.106383 0.042542 0.129872 0.002788 0.249612 0.654386 1 
1 0.12766 0.029873 0.109491 0.001948 0.205852 0.690789 0 
1 0.148936 0.025129 0.090747 0.001643 0.171155 0.666228 0 
1 0.170213 0.022847 0.088367 0.001494 0.139824 0.682456 0 
1 0.191489 0.019485 0.088664 0.001278 0.137494 0.691228 0 
1 0.212766 0.018194 0.093276 0.001186 0.128431 0.717544 0 
1 0.234043 0.024138 0.109045 0.00157 0.122734 0.77193 0 
1 0.255319 0.028522 0.1385 0.001843 0.136717 0.749123 0 
1 0.276596 0.028672 0.167063 0.001861 0.165717 0.70614 0 
1 0.297872 0.033115 0.22047 0.002144 0.159503 0.764035 0 
1 0.319149 0.037318 0.263166 0.00241 0.176334 0.75614 0 
1 0.340426 0.042362 0.310473 0.002738 0.195236 0.736404 1 
1 0.361702 0.043383 0.33859 0.002813 0.216468 0.736842 1 
1 0.382979 0.044704 0.358524 0.002904 0.233558 0.701754 1 
1 0.404255 0.044854 0.358375 0.002916 0.248058 0.721491 1 
1 0.425532 0.047736 0.360309 0.003091 0.262817 0.729386 1 
1 0.446809 0.045184 0.359119 0.002923 0.270067 0.716228 1 
1 0.468085 0.045725 0.355698 0.002968 0.27421 0.702193 1 
1 0.489362 0.041281 0.336656 0.002688 0.26696 0.672368 1 
1 0.510638 0.040921 0.331449 0.002673 0.266183 0.653509 1 
1 0.531915 0.035307 0.32163 0.002316 0.261781 0.624561 0 
1 0.553191 0.042993 0.30958 0.002856 0.258933 0.569737 1 
1 0.574468 0.040621 0.300655 0.002707 0.253237 0.555263 1 
1 0.595745 0.02636 0.296043 0.001741 0.245987 0.684211 0 
1 0.617021 0.02672 0.287117 0.001751 0.245987 0.609649 0 
1 0.638298 0.034076 0.290985 0.002243 0.246504 0.611842 0 
1 0.659574 0.041131 0.297828 0.002713 0.251165 0.626316 1 
1 0.680851 0.041221 0.285332 0.002727 0.258933 0.585526 1 
1 0.702128 0.038249 0.29753 0.002547 0.26463 0.560526 0 
1 0.723404 0.035997 0.313597 0.002418 0.275764 0.510965 0 
1 0.744681 0.038669 0.326242 0.002609 0.273433 0.54693 0 
1 0.765957 0.03978 0.359714 0.002667 0.27913 0.57193 1 
1 0.787234 0.043803 0.398393 0.002921 0.295702 0.59693 1 
1 0.808511 0.043803 0.399286 0.002933 0.343863 0.541667 1 
1 0.829787 0.046535 0.395567 0.00312 0.343086 0.55307 1 
1 0.851064 0.043593 0.365367 0.002914 0.320818 0.526754 1 
1 0.87234 0.035307 0.333234 0.002362 0.288193 0.550877 0 
1 0.893617 0.041281 0.335912 0.002757 0.263594 0.600439 1 
1 0.914894 0.029723 0.317019 0.001978 0.230709 0.574561 0 
1 0.93617 0.036298 0.319548 0.002408 0.226049 0.609649 0 
1 0.957447 0.031794 0.300803 0.00211 0.223459 0.553947 0 
1 0.978723 0.041702 0.287712 0.002815 0.325479 0.423246 1 
1 1 0.037889 0.252008 0.002576 0.329622 0.393421 1 
