1 0 0.044134 0.23252 0.003467 0.422915 0.414912 0 
1 0.021277 0.044134 0.191312 0.003467 0.422915 0.414912 0 
1 0.042553 0.042032 0.156947 0.003467 0.422915 0.414912 0 
1 0.06383 0.043383 0.135376 0.003467 0.422915 0.414912 0 
1 0.085106 0.040351 0.12169 0.003467 0.422915 0.414912 0 
1 0.106383 0.043383 0.11202 0.003467 0.422915 0.414912 0 
1 0.12766 0.046625 0.112615 0.003467 0.422915 0.414912 0 
1 0.148936 0.056023 0.117078 0.003467 0.422915 0.414912 1 
1 0.170213 0.043383 0.15055 0.003467 0.422915 0.414912 0 
1 0.191489 0.044644 0.186403 0.003467 0.422915 0.414912 0 
1 0.212766 0.045605 0.276703 0.003467 0.422915 0.414912 0 
1 0.234043 0.045605 0.363582 0.003467 0.422915 0.414912 0 
1 0.255319 0.059115 0.383666 0.003467 0.422915 0.414912 1 
1 0.276596 0.049538 0.445849 0.003467 0.422915 0.414912 0 
1 0.297872 0.051039 0.468462 0.003467 0.422915 0.414912 0 
1 0.319149 0.049538 0.477685 0.003467 0.422915 0.414912 0 
1 0.340426 0.071484 0.524993 0.003467 0.422915 0.414912 1 
1 0.361702 0.071484 0.539423 0.003467 0.422915 0.414912 1 
1 0.382979 0.059115 0.529158 0.003467 0.422915 0.414912 1 
1 0.404255 0.059115 0.515769 0.003467 0.422915 0.414912 1 
1 0.425532 0.049538 0.507141 0.003467 0.422915 0.414912 0 
1 0.446809 0.051039 0.503124 0.003467 0.422915 0.414912 0 
1 0.468085 0.046685 0.48676 0.003467 0.422915 0.414912 0 
1 0.489362 0.046685 0.475602 0.003467 0.422915 0.414912 0 
1 0.510638 0.045605 0.478132 0.003467 0.422915 0.414912 0 
1 0.531915 0.049538 0.489438 0.003467 0.422915 0.414912 0 
1 0.553191 0.046685 0.486016 0.003467 0.422915 0.414912 0 
1 0.574468 0.046685 0.478578 0.003467 0.422915 0.414912 0 
1 0.595745 0.046685 0.469354 0.003467 0.422915 0.414912 0 
1 0.617021 0.045605 0.471586 0.003467 0.422915 0.414912 0 
1 0.638298 0.049538 0.482743 0.003467 0.422915 0.414912 0 
1 0.659574 0.049538 0.487206 0.003467 0.422915 0.414912 0 
1 0.680851 0.046685 0.48438 0.003467 0.422915 0.414912 0 
1 0.702128 0.049538 0.473817 0.003467 0.422915 0.414912 0 
1 0.723404 0.051039 0.451354 0.003467 0.422915 0.414912 1 
1 0.744681 0.051039 0.432609 0.003467 0.422915 0.414912 1 
1 0.765957 0.075958 0.43737 0.003467 0.422915 0.414912 1 
1 0.787234 0.059115 0.444064 0.003467 0.422915 0.414912 1 
1 0.808511 0.059115 0.446296 0.003467 0.422915 0.414912 1 
1 0.829787 0.046685 0.428593 0.003467 0.422915 0.414912 0 
1 0.851064 0.046685 0.39393 0.003467 0.422915 0.414912 0 
1 0.87234 0.046685 0.358971 0.003467 0.422915 0.414912 0 
1 0.893617 0.059115 0.382327 0.003467 0.422915 0.414912 1 
1 0.914894 0.046685 0.408807 0.003467 0.422915 0.414912 0 
1 0.93617 0.059115 0.43127 0.003467 0.422915 0.414912 1 
1 0.957447 0.045605 0.433502 0.003467 0.422915 0.414912 0 
1 0.978723 0.046685 0.427254 0.003467 0.422915 0.414912 0 
1 1 0.045605 0.40598 0.003467 0.422915 0.414912 0 
