6 0 0.064609 0.508628 0.003467 0.422915 0.414912 1 
6 0.021277 0.073976 0.484528 0.003467 0.422915 0.414912 1 
6 0.042553 0.073856 0.453288 0.003467 0.422915 0.414912 1 
6 0.06383 0.045965 0.387831 0.003467 0.422915 0.414912 1 
6 0.085106 0.051549 0.323713 0.003467 0.422915 0.414912 1 
6 0.106383 0.051549 0.27715 0.003467 0.422915 0.414912 1 
6 0.12766 0.051549 0.229545 0.003467 0.422915 0.414912 1 
6 0.148936 0.051549 0.193841 0.003467 0.422915 0.414912 1 
6 0.170213 0.041131 0.167063 0.003467 0.422915 0.414912 0 
6 0.191489 0.041131 0.152336 0.003467 0.422915 0.414912 0 
6 0.212766 0.041131 0.157096 0.003467 0.422915 0.414912 0 
6 0.234043 0.045755 0.176287 0.003467 0.422915 0.414912 1 
6 0.255319 0.045755 0.214966 0.003467 0.422915 0.414912 1 
6 0.276596 0.045755 0.253198 0.003467 0.422915 0.414912 1 
6 0.297872 0.045755 0.313746 0.003467 0.422915 0.414912 1 
6 0.319149 0.045755 0.403005 0.003467 0.422915 0.414912 1 
6 0.340426 0.072985 0.475454 0.003467 0.422915 0.414912 1 
6 0.361702 0.045755 0.510711 0.003467 0.422915 0.414912 0 
6 0.382979 0.072985 0.542993 0.003467 0.422915 0.414912 1 
6 0.404255 0.045755 0.546564 0.003467 0.422915 0.414912 0 
6 0.425532 0.045755 0.517852 0.003467 0.422915 0.414912 0 
6 0.446809 0.045154 0.479173 0.003467 0.422915 0.414912 0 
6 0.468085 0.045034 0.442428 0.003467 0.422915 0.414912 0 
6 0.489362 0.045755 0.416245 0.003467 0.422915 0.414912 0 
6 0.510638 0.041431 0.392591 0.003467 0.422915 0.414912 0 
6 0.531915 0.045755 0.374293 0.003467 0.422915 0.414912 0 
6 0.553191 0.041431 0.35302 0.003467 0.422915 0.414912 0 
6 0.574468 0.045755 0.333978 0.003467 0.422915 0.414912 0 
6 0.595745 0.041431 0.313002 0.003467 0.422915 0.414912 0 
6 0.617021 0.041431 0.301101 0.003467 0.422915 0.414912 0 
6 0.638298 0.041431 0.300952 0.003467 0.422915 0.414912 0 
6 0.659574 0.045755 0.308093 0.003467 0.422915 0.414912 0 
6 0.680851 0.045755 0.319697 0.003467 0.422915 0.414912 0 
6 0.702128 0.045755 0.349598 0.003467 0.422915 0.414912 0 
6 0.723404 0.045755 0.386641 0.003467 0.422915 0.414912 0 
6 0.744681 0.045755 0.50238 0.003467 0.422915 0.414912 0 
6 0.765957 0.045755 0.571705 0.003467 0.422915 0.414912 0 
6 0.787234 0.045755 0.564415 0.003467 0.422915 0.414912 0 
6 0.808511 0.045034 0.52886 0.003467 0.422915 0.414912 0 
6 0.829787 0.045755 0.494049 0.003467 0.422915 0.414912 0 
6 0.851064 0.045034 0.46742 0.003467 0.422915 0.414912 0 
6 0.87234 0.041431 0.453139 0.003467 0.422915 0.414912 0 
6 0.893617 0.045755 0.416394 0.003467 0.422915 0.414912 0 
6 0.914894 0.041431 0.378608 0.003467 0.422915 0.414912 0 
6 0.93617 0.045755 0.401815 0.003467 0.422915 0.414912 0 
6 0.957447 0.045755 0.408063 0.003467 0.422915 0.414912 0 
6 0.978723 0.045755 0.422493 0.003467 0.422915 0.414912 0 
6 1 0.045755 0.404344 0.003467 0.422915 0.414912 0 
