6 0 0.139006 0.629128 0.009148 0.486794 0.786842 1 
6 0.021277 0.124925 0.603243 0.007131 0.45624 0.826754 1 
6 0.042553 0.286448 0.577507 0.018625 0.522268 0.743421 1 
6 0.06383 0.115378 0.513984 0.007511 0.496634 0.781579 1 
6 0.085106 0.103038 0.46028 0.006454 0.461678 0.765789 1 
6 0.106383 0.063468 0.406873 0.003963 0.426204 0.809649 0 
6 0.12766 0.058905 0.358822 0.003486 0.4029 0.809649 0 
6 0.148936 0.058064 0.322077 0.003058 0.374158 0.80307 0 
6 0.170213 0.058935 0.298126 0.003326 0.363542 0.809649 0 
6 0.191489 0.058064 0.294555 0.002943 0.350854 0.808333 0 
6 0.212766 0.064129 0.326242 0.004073 0.353444 0.832018 0 
6 0.234043 0.125766 0.379946 0.004125 0.368462 0.817982 1 
6 0.255319 0.072175 0.487504 0.004649 0.437856 0.664474 0 
6 0.276596 0.165186 0.608896 0.010837 0.493268 0.639035 1 
6 0.297872 0.051969 0.669444 0.003415 0.524599 0.648684 0 
6 0.319149 0.114927 0.769563 0.007439 0.589591 0.596053 1 
6 0.340426 0.140387 0.800803 0.00913 0.647592 0.615789 1 
6 0.361702 0.094902 0.78801 0.006153 0.671673 0.600877 1 
6 0.382979 0.112075 0.785034 0.007316 0.697566 0.588158 1 
6 0.404255 0.102198 0.769116 0.007032 0.678405 0.570175 1 
6 0.425532 0.082202 0.744421 0.005351 0.668307 0.519737 0 
6 0.446809 0.066831 0.667956 0.00441 0.657431 0.503947 0 
6 0.468085 0.06602 0.655608 0.004742 0.647074 0.52807 0 
6 0.489362 0.088597 0.676733 0.005856 0.644744 0.503509 0 
6 0.510638 0.07935 0.652484 0.005204 0.627395 0.501316 0 
6 0.531915 0.07902 0.63493 0.005187 0.628172 0.497807 0 
6 0.553191 0.077519 0.6205 0.005135 0.64086 0.466667 0 
6 0.574468 0.077519 0.613805 0.005127 0.636199 0.470175 0 
6 0.595745 0.077129 0.601755 0.004674 0.626877 0.529825 0 
6 0.617021 0.062267 0.591044 0.003421 0.620404 0.449561 0 
6 0.638298 0.066681 0.583457 0.004481 0.610306 0.434649 0 
6 0.659574 0.06596 0.606367 0.004402 0.606163 0.546491 0 
6 0.680851 0.077519 0.644302 0.005096 0.592698 0.589912 0 
6 0.702128 0.087967 0.711098 0.005727 0.620404 0.652193 0 
6 0.723404 0.124985 0.792919 0.008166 0.673485 0.570175 1 
6 0.744681 0.150925 0.846474 0.009915 0.730709 0.528509 1 
6 0.765957 0.148223 0.834127 0.009778 0.709736 0.557895 1 
6 0.787234 0.114027 0.809432 0.007472 0.682289 0.55 1 
6 0.808511 0.082653 0.768521 0.005424 0.637494 0.508333 0 
6 0.829787 0.06629 0.728355 0.004364 0.570171 0.532456 0 
6 0.851064 0.054251 0.712139 0.003585 0.573796 0.561842 0 
6 0.87234 0.068632 0.687742 0.004574 0.555671 0.509211 0 
6 0.893617 0.035847 0.647278 0.002383 0.512429 0.460088 0 
6 0.914894 0.029152 0.600714 0.001946 0.477473 0.438158 0 
6 0.93617 0.058695 0.633442 0.003951 0.449767 0.603509 0 
6 0.957447 0.062838 0.641327 0.003322 0.44899 0.56886 0 
6 0.978723 0.164885 0.629575 0.011105 0.52434 0.632018 1 
6 1 0.110034 0.627343 0.007333 0.520974 0.708333 1 
