5 0 0.036298 0.547605 0.002385 0.469187 0.690789 1 
5 0.021277 0.036328 0.53734 0.002339 0.447437 0.690789 1 
5 0.042553 0.035817 0.511157 0.002376 0.49275 0.620614 1 
5 0.06383 0.035697 0.46742 0.002354 0.469964 0.594737 1 
5 0.085106 0.035247 0.408807 0.002322 0.425427 0.617105 1 
5 0.106383 0.032485 0.355995 0.001683 0.374676 0.636842 0 
5 0.12766 0.031314 0.310919 0.001494 0.32755 0.702632 0 
5 0.148936 0.02657 0.265992 0.001622 0.302175 0.780702 0 
5 0.170213 0.021917 0.246802 0.001452 0.274469 0.807456 0 
5 0.191489 0.021526 0.246504 0.001427 0.264889 0.828947 0 
5 0.212766 0.024228 0.274769 0.001597 0.276282 0.87807 0 
5 0.234043 0.029482 0.327879 0.001554 0.308907 0.812281 0 
5 0.255319 0.030833 0.453734 0.001965 0.382703 0.732018 0 
5 0.276596 0.034106 0.577953 0.002133 0.467115 0.628947 1 
5 0.297872 0.033475 0.593276 0.002254 0.503884 0.585965 0 
5 0.319149 0.038579 0.655906 0.00259 0.575091 0.582018 1 
5 0.340426 0.038219 0.665129 0.002572 0.614448 0.52807 1 
5 0.361702 0.036268 0.635228 0.002445 0.607198 0.52193 1 
5 0.382979 0.03948 0.658435 0.002659 0.611341 0.544298 1 
5 0.404255 0.037949 0.650253 0.002567 0.592439 0.551754 1 
5 0.425532 0.036628 0.623475 0.002474 0.581564 0.560965 1 
5 0.446809 0.034826 0.582267 0.002362 0.569135 0.544737 1 
5 0.468085 0.033085 0.554002 0.002246 0.563956 0.556579 0 
5 0.489362 0.033085 0.548646 0.002243 0.563439 0.545175 0 
5 0.510638 0.031644 0.537489 0.002154 0.542206 0.539912 0 
5 0.531915 0.030383 0.51562 0.002073 0.534438 0.501754 0 
5 0.553191 0.030984 0.514579 0.002119 0.55101 0.496491 0 
5 0.574468 0.030353 0.500744 0.002077 0.548421 0.495614 0 
5 0.595745 0.030353 0.493306 0.002075 0.549197 0.496491 0 
5 0.617021 0.030353 0.477536 0.002071 0.541688 0.507456 0 
5 0.638298 0.030353 0.46623 0.002069 0.522786 0.528947 0 
5 0.659574 0.030353 0.470396 0.002069 0.514759 0.51886 0 
5 0.680851 0.030353 0.479322 0.002071 0.518902 0.528947 0 
5 0.702128 0.030353 0.496578 0.002023 0.537027 0.514035 0 
5 0.723404 0.030353 0.529902 0.001813 0.562403 0.430702 0 
5 0.744681 0.031584 0.627343 0.002196 0.604091 0.480702 0 
5 0.765957 0.036238 0.686254 0.002464 0.644226 0.479825 1 
5 0.787234 0.038459 0.688039 0.002603 0.631797 0.495614 1 
5 0.808511 0.037078 0.664981 0.002505 0.598136 0.55614 1 
5 0.829787 0.037198 0.634335 0.002493 0.568099 0.601316 1 
5 0.851064 0.037318 0.62407 0.002493 0.537545 0.577193 1 
5 0.87234 0.037498 0.599821 0.002513 0.512947 0.60307 1 
5 0.893617 0.034496 0.558614 0.002318 0.484982 0.623684 1 
5 0.914894 0.031374 0.511009 0.002119 0.451062 0.598684 0 
5 0.93617 0.033355 0.549539 0.002239 0.428276 0.689474 1 
5 0.957447 0.033566 0.559952 0.002204 0.418695 0.670175 1 
5 0.978723 0.035727 0.551919 0.002405 0.501295 0.548246 1 
5 1 0.036718 0.542993 0.002457 0.485241 0.604825 1 
