7 0 0.033566 0.524398 0.002239 0.45883 0.6 0 
7 0.021277 0.032725 0.513389 0.002167 0.433713 0.617105 0 
7 0.042553 0.035187 0.473669 0.002366 0.462714 0.411404 1 
7 0.06383 0.034977 0.428295 0.002341 0.432418 0.455263 1 
7 0.085106 0.033115 0.363582 0.002262 0.385034 0.317544 0 
7 0.106383 0.033445 0.312109 0.002237 0.33506 0.343421 0 
7 0.12766 0.031224 0.258703 0.002144 0.288193 0.392544 0 
7 0.148936 0.029963 0.217197 0.002071 0.253755 0.430702 0 
7 0.170213 0.02567 0.185808 0.001892 0.227084 0.484211 0 
7 0.191489 0.02606 0.171675 0.001772 0.210513 0.548246 0 
7 0.212766 0.022157 0.173758 0.001496 0.203263 0.651754 0 
7 0.234043 0.021166 0.187593 0.001421 0.210772 0.686842 0 
7 0.255319 0.025309 0.224636 0.001701 0.229933 0.684649 0 
7 0.276596 0.02687 0.266736 0.001807 0.243397 0.659211 0 
7 0.297872 0.028432 0.322523 0.001699 0.239513 0.685965 0 
7 0.319149 0.031494 0.412229 0.001762 0.275246 0.630263 0 
7 0.340426 0.032785 0.482594 0.00216 0.323666 0.594737 0 
7 0.361702 0.033145 0.517257 0.00221 0.357069 0.555263 0 
7 0.382979 0.034136 0.549093 0.002291 0.382962 0.550877 1 
7 0.404255 0.034016 0.545671 0.002285 0.375453 0.528947 1 
7 0.425532 0.032905 0.516215 0.002212 0.374676 0.525439 1 
7 0.446809 0.032725 0.481702 0.002196 0.370274 0.519298 1 
7 0.468085 0.032665 0.452098 0.002202 0.379337 0.488596 1 
7 0.489362 0.032725 0.429634 0.002198 0.377784 0.492544 1 
7 0.510638 0.032695 0.404344 0.002192 0.367944 0.51886 1 
7 0.531915 0.032665 0.38069 0.002187 0.363283 0.521491 1 
7 0.553191 0.032485 0.362541 0.002181 0.368721 0.489912 1 
7 0.574468 0.032635 0.344689 0.002196 0.387882 0.465789 1 
7 0.595745 0.032425 0.333829 0.002187 0.397204 0.474123 0 
7 0.617021 0.032605 0.323713 0.002202 0.406784 0.442982 1 
7 0.638298 0.031854 0.310771 0.002156 0.40523 0.448246 0 
7 0.659574 0.032515 0.324159 0.002202 0.412998 0.426316 0 
7 0.680851 0.031704 0.325796 0.002152 0.409632 0.430263 0 
7 0.702128 0.030833 0.35659 0.002106 0.428017 0.39693 0 
7 0.723404 0.030533 0.379798 0.0021 0.462196 0.322807 0 
7 0.744681 0.034016 0.483487 0.002327 0.511911 0.325439 1 
7 0.765957 0.037408 0.543588 0.002547 0.544795 0.312719 1 
7 0.787234 0.036688 0.537638 0.002499 0.526411 0.338596 1 
7 0.808511 0.033806 0.504909 0.002306 0.494303 0.337719 1 
7 0.829787 0.032785 0.468759 0.002229 0.457017 0.394737 1 
7 0.851064 0.032815 0.452841 0.002223 0.435785 0.417544 1 
7 0.87234 0.032455 0.441833 0.0022 0.415588 0.449123 1 
7 0.893617 0.031704 0.416989 0.002162 0.394355 0.449561 0 
7 0.914894 0.030293 0.394228 0.002069 0.373641 0.446491 0 
7 0.93617 0.031764 0.420559 0.002164 0.368462 0.505263 0 
7 0.957447 0.032425 0.42294 0.002196 0.368203 0.473684 1 
7 0.978723 0.033445 0.428146 0.002268 0.45391 0.361842 1 
7 1 0.033686 0.403451 0.002279 0.455205 0.351316 1 
