1 0 0.033686 0.250669 0.002106 0.261264 0.814912 0 
1 0.021277 0.031734 0.217644 0.001994 0.242103 0.789035 0 
1 0.042553 0.032034 0.193097 0.002036 0.293112 0.709649 0 
1 0.06383 0.030773 0.155906 0.001969 0.274469 0.761842 0 
1 0.085106 0.029903 0.120946 0.00193 0.232781 0.727193 0 
1 0.106383 0.029422 0.095061 0.001836 0.204557 0.74386 0 
1 0.12766 0.028552 0.073341 0.00183 0.187727 0.767105 0 
1 0.148936 0.027711 0.063523 0.001778 0.167012 0.790789 0 
1 0.170213 0.027171 0.057721 0.001739 0.144485 0.816228 0 
1 0.191489 0.02678 0.057572 0.00171 0.13361 0.851754 0 
1 0.212766 0.027321 0.065308 0.001599 0.119627 0.864474 0 
1 0.234043 0.027531 0.070366 0.00085 0.104609 0.864474 0 
1 0.255319 0.028822 0.087623 0.000841 0.106163 0.853509 0 
1 0.276596 0.028822 0.110086 0.000839 0.100466 0.838158 0 
1 0.297872 0.029422 0.138352 0.000837 0.102538 0.838158 0 
1 0.319149 0.031104 0.190271 0.001169 0.120145 0.838158 0 
1 0.340426 0.032034 0.238173 0.001498 0.151217 0.838158 0 
1 0.361702 0.032545 0.281166 0.001163 0.175039 0.789474 0 
1 0.382979 0.033445 0.303927 0.001066 0.195495 0.794298 0 
1 0.404255 0.032335 0.310919 0.000908 0.207405 0.838158 0 
1 0.425532 0.032935 0.316126 0.001689 0.225531 0.809211 0 
1 0.446809 0.032935 0.309878 0.002046 0.229156 0.838158 0 
1 0.468085 0.031434 0.30125 0.001516 0.244174 0.838158 0 
1 0.489362 0.031434 0.301398 0.001786 0.248835 0.838158 0 
1 0.510638 0.031434 0.293216 0.001396 0.24754 0.838158 0 
1 0.531915 0.030443 0.281166 0.000872 0.230968 0.838158 0 
1 0.553191 0.029422 0.261976 0.001005 0.235629 0.838158 0 
1 0.574468 0.029422 0.248289 0.00085 0.232004 0.794298 0 
1 0.595745 0.029422 0.236834 0.000841 0.219057 0.794298 0 
1 0.617021 0.029422 0.237578 0.000841 0.21854 0.794298 0 
1 0.638298 0.029422 0.236537 0.000841 0.215691 0.794298 0 
1 0.659574 0.029422 0.245165 0.000841 0.221129 0.794298 0 
1 0.680851 0.029753 0.265248 0.000841 0.23537 0.787719 0 
1 0.702128 0.031434 0.284885 0.000951 0.264371 0.765789 0 
1 0.723404 0.031734 0.305564 0.001059 0.295702 0.765789 0 
1 0.744681 0.034826 0.359566 0.002194 0.345417 0.755263 1 
1 0.765957 0.035427 0.386195 0.002206 0.364837 0.744737 1 
1 0.787234 0.034166 0.371913 0.001944 0.361212 0.735088 1 
1 0.808511 0.031434 0.344987 0.00168 0.339979 0.765789 0 
1 0.829787 0.031434 0.311514 0.00102 0.307613 0.787719 0 
1 0.851064 0.031434 0.294109 0.001354 0.299068 0.809649 1 
1 0.87234 0.032935 0.283547 0.000841 0.282496 0.787719 1 
1 0.893617 0.031434 0.260785 0.00085 0.254013 0.774561 1 
1 0.914894 0.031434 0.243677 0.00085 0.243397 0.783333 1 
1 0.93617 0.032695 0.271348 0.001288 0.227602 0.775877 1 
1 0.957447 0.032214 0.279679 0.00129 0.233558 0.831579 1 
1 0.978723 0.032545 0.278786 0.001747 0.289746 0.809649 1 
1 1 0.030443 0.251562 0.001575 0.285085 0.822807 0 
