4 0 0.03975 0.468759 0.002482 0.397204 0.69693 1 
4 0.021277 0.042662 0.447932 0.002665 0.368721 0.70307 1 
4 0.042553 0.0523 0.411485 0.003405 0.427499 0.641667 1 
4 0.06383 0.046685 0.358524 0.003022 0.416106 0.691667 1 
4 0.085106 0.042092 0.301547 0.002707 0.382444 0.725439 1 
4 0.106383 0.036808 0.256025 0.002368 0.347229 0.750877 1 
4 0.12766 0.028522 0.213924 0.00183 0.326774 0.755702 0 
4 0.148936 0.028552 0.186552 0.001789 0.3058 0.787719 0 
4 0.170213 0.028822 0.176436 0.00183 0.299845 0.803509 0 
4 0.191489 0.028462 0.17465 0.00177 0.280943 0.809649 0 
4 0.212766 0.029062 0.202767 0.001786 0.284568 0.809649 0 
4 0.234043 0.030473 0.242041 0.001944 0.307095 0.780702 0 
4 0.255319 0.042482 0.342458 0.002744 0.366132 0.709649 1 
4 0.276596 0.044734 0.435287 0.002933 0.44666 0.571491 1 
4 0.297872 0.029362 0.458197 0.001967 0.484723 0.495614 0 
4 0.319149 0.029332 0.52053 0.00199 0.541429 0.400877 0 
4 0.340426 0.029152 0.533175 0.001982 0.573278 0.382456 0 
4 0.361702 0.028942 0.525141 0.001973 0.571207 0.382018 0 
4 0.382979 0.028942 0.542249 0.001988 0.578457 0.389035 0 
4 0.404255 0.028942 0.547754 0.001996 0.566546 0.399561 0 
4 0.425532 0.028942 0.546415 0.001986 0.555412 0.420175 0 
4 0.446809 0.028732 0.534365 0.001971 0.546349 0.441667 0 
4 0.468085 0.027591 0.525141 0.001901 0.534697 0.419298 0 
4 0.489362 0.027321 0.518744 0.001888 0.529259 0.421053 0 
4 0.510638 0.027321 0.513686 0.001884 0.515018 0.45 0 
4 0.531915 0.027981 0.508331 0.001919 0.509322 0.472368 0 
4 0.553191 0.028942 0.504463 0.001973 0.52434 0.473246 0 
4 0.574468 0.028702 0.497471 0.001957 0.523563 0.489912 0 
4 0.595745 0.027141 0.494198 0.001872 0.513982 0.404386 0 
4 0.617021 0.027141 0.485123 0.001874 0.503625 0.423246 0 
4 0.638298 0.027141 0.4759 0.001872 0.503625 0.424561 0 
4 0.659574 0.027171 0.476346 0.001876 0.518384 0.399123 0 
4 0.680851 0.027261 0.486909 0.001882 0.523822 0.419298 0 
4 0.702128 0.027741 0.50476 0.001921 0.559037 0.384211 0 
4 0.723404 0.028221 0.552217 0.00199 0.6116 0.361842 0 
4 0.744681 0.028942 0.626004 0.002052 0.665199 0.307895 0 
4 0.765957 0.029032 0.625855 0.001971 0.645262 0.311404 0 
4 0.787234 0.028942 0.602053 0.001973 0.612636 0.364035 0 
4 0.808511 0.028221 0.559209 0.001948 0.569653 0.403947 0 
4 0.829787 0.027351 0.530646 0.00189 0.539358 0.446491 0 
4 0.851064 0.027471 0.506992 0.001888 0.509839 0.482895 0 
4 0.87234 0.027201 0.488099 0.001849 0.475919 0.502632 0 
4 0.893617 0.027111 0.449717 0.001822 0.444847 0.546491 0 
4 0.914894 0.02579 0.413567 0.001741 0.410927 0.515789 0 
4 0.93617 0.029212 0.465635 0.001861 0.381668 0.595175 0 
4 0.957447 0.027921 0.480363 0.001805 0.354997 0.642982 0 
4 0.978723 0.031854 0.482446 0.002069 0.417659 0.626316 1 
4 1 0.033986 0.483785 0.002181 0.416624 0.65614 1 
