3 0 0.056593 0.349152 0.003467 0.422915 0.414912 0 
3 0.021277 0.056593 0.285332 0.003467 0.422915 0.414912 0 
3 0.042553 0.055242 0.229694 0.003467 0.422915 0.414912 0 
3 0.06383 0.055242 0.193692 0.003467 0.422915 0.414912 0 
3 0.085106 0.055242 0.155906 0.003467 0.422915 0.414912 0 
3 0.106383 0.055242 0.138798 0.003467 0.422915 0.414912 0 
3 0.12766 0.055242 0.129575 0.003467 0.422915 0.414912 0 
3 0.148936 0.067551 0.132252 0.003467 0.422915 0.414912 0 
3 0.170213 0.073676 0.154418 0.003467 0.422915 0.414912 0 
3 0.191489 0.07902 0.198453 0.003467 0.422915 0.414912 1 
3 0.212766 0.082863 0.264802 0.003467 0.422915 0.414912 1 
3 0.234043 0.07902 0.355549 0.003467 0.422915 0.414912 1 
3 0.255319 0.083193 0.37712 0.003467 0.422915 0.414912 1 
3 0.276596 0.059265 0.422345 0.003467 0.422915 0.414912 0 
3 0.297872 0.059265 0.440494 0.003467 0.422915 0.414912 0 
3 0.319149 0.058034 0.441238 0.003467 0.422915 0.414912 0 
3 0.340426 0.085655 0.49152 0.003467 0.422915 0.414912 1 
3 0.361702 0.096854 0.515174 0.003467 0.422915 0.414912 1 
3 0.382979 0.099075 0.503868 0.003467 0.422915 0.414912 1 
3 0.404255 0.085655 0.509372 0.003467 0.422915 0.414912 1 
3 0.425532 0.089408 0.512794 0.003467 0.422915 0.414912 1 
3 0.446809 0.0916 0.519786 0.003467 0.422915 0.414912 1 
3 0.468085 0.085655 0.523505 0.003467 0.422915 0.414912 1 
3 0.489362 0.089408 0.529753 0.003467 0.422915 0.414912 1 
3 0.510638 0.0916 0.541059 0.003467 0.422915 0.414912 1 
3 0.531915 0.096854 0.548646 0.003467 0.422915 0.414912 1 
3 0.553191 0.096854 0.548349 0.003467 0.422915 0.414912 1 
3 0.574468 0.089408 0.537043 0.003467 0.422915 0.414912 1 
3 0.595745 0.089408 0.529307 0.003467 0.422915 0.414912 1 
3 0.617021 0.089408 0.531241 0.003467 0.422915 0.414912 1 
3 0.638298 0.093071 0.535257 0.003467 0.422915 0.414912 1 
3 0.659574 0.093071 0.535704 0.003467 0.422915 0.414912 1 
3 0.680851 0.096854 0.529009 0.003467 0.422915 0.414912 1 
3 0.702128 0.0916 0.51205 0.003467 0.422915 0.414912 1 
3 0.723404 0.085655 0.483041 0.003467 0.422915 0.414912 1 
3 0.744681 0.067551 0.453288 0.003467 0.422915 0.414912 0 
3 0.765957 0.067551 0.421749 0.003467 0.422915 0.414912 0 
3 0.787234 0.059265 0.410443 0.003467 0.422915 0.414912 0 
3 0.808511 0.075387 0.425469 0.003467 0.422915 0.414912 0 
3 0.829787 0.075387 0.438709 0.003467 0.422915 0.414912 0 
3 0.851064 0.083193 0.407468 0.003467 0.422915 0.414912 1 
3 0.87234 0.058034 0.372954 0.003467 0.422915 0.414912 0 
3 0.893617 0.085655 0.407319 0.003467 0.422915 0.414912 1 
3 0.914894 0.089408 0.414014 0.003467 0.422915 0.414912 1 
3 0.93617 0.087066 0.429188 0.003467 0.422915 0.414912 1 
3 0.957447 0.085655 0.419816 0.003467 0.422915 0.414912 1 
3 0.978723 0.083193 0.409104 0.003467 0.422915 0.414912 1 
3 1 0.077999 0.383814 0.003467 0.422915 0.414912 0 
