2 0 0.122703 0.487355 0.003467 0.422915 0.414912 0 
2 0.021277 0.113306 0.468759 0.003467 0.422915 0.414912 0 
2 0.042553 0.044134 0.448676 0.003467 0.422915 0.414912 0 
2 0.06383 0.087366 0.384856 0.003467 0.422915 0.414912 0 
2 0.085106 0.081122 0.325945 0.003467 0.422915 0.414912 0 
2 0.106383 0.081122 0.284737 0.003467 0.422915 0.414912 0 
2 0.12766 0.081122 0.236983 0.003467 0.422915 0.414912 0 
2 0.148936 0.081122 0.20366 0.003467 0.422915 0.414912 0 
2 0.170213 0.076438 0.187742 0.003467 0.422915 0.414912 0 
2 0.191489 0.074877 0.185064 0.003467 0.422915 0.414912 0 
2 0.212766 0.077999 0.214073 0.003467 0.422915 0.414912 0 
2 0.234043 0.082112 0.262571 0.003467 0.422915 0.414912 0 
2 0.255319 0.087426 0.372954 0.003467 0.422915 0.414912 0 
2 0.276596 0.044134 0.486462 0.003467 0.422915 0.414912 0 
2 0.297872 0.043833 0.513835 0.003467 0.422915 0.414912 0 
2 0.319149 0.043983 0.591788 0.003467 0.422915 0.414912 0 
2 0.340426 0.043983 0.611723 0.003467 0.422915 0.414912 0 
2 0.361702 0.044134 0.595805 0.003467 0.422915 0.414912 0 
2 0.382979 0.044254 0.62169 0.003467 0.422915 0.414912 0 
2 0.404255 0.044254 0.624219 0.003467 0.422915 0.414912 0 
2 0.425532 0.044254 0.596102 0.003467 0.422915 0.414912 0 
2 0.446809 0.044134 0.572151 0.003467 0.422915 0.414912 0 
2 0.468085 0.044134 0.546415 0.003467 0.422915 0.414912 0 
2 0.489362 0.044134 0.526034 0.003467 0.422915 0.414912 0 
2 0.510638 0.043983 0.510265 0.003467 0.422915 0.414912 0 
2 0.531915 0.043983 0.494049 0.003467 0.422915 0.414912 0 
2 0.553191 0.043983 0.480512 0.003467 0.422915 0.414912 0 
2 0.574468 0.043833 0.472776 0.003467 0.422915 0.414912 0 
2 0.595745 0.043833 0.467272 0.003467 0.422915 0.414912 0 
2 0.617021 0.043833 0.450907 0.003467 0.422915 0.414912 0 
2 0.638298 0.043683 0.444957 0.003467 0.422915 0.414912 0 
2 0.659574 0.043833 0.459685 0.003467 0.422915 0.414912 0 
2 0.680851 0.043983 0.47947 0.003467 0.422915 0.414912 0 
2 0.702128 0.044134 0.52648 0.003467 0.422915 0.414912 0 
2 0.723404 0.043983 0.625707 0.003467 0.422915 0.414912 0 
2 0.744681 0.044254 0.70485 0.003467 0.422915 0.414912 0 
2 0.765957 0.044134 0.69994 0.003467 0.422915 0.414912 0 
2 0.787234 0.043983 0.672419 0.003467 0.422915 0.414912 0 
2 0.808511 0.043983 0.634633 0.003467 0.422915 0.414912 0 
2 0.829787 0.043833 0.612169 0.003467 0.422915 0.414912 0 
2 0.851064 0.043983 0.587474 0.003467 0.422915 0.414912 0 
2 0.87234 0.043833 0.56144 0.003467 0.422915 0.414912 0 
2 0.893617 0.043833 0.507885 0.003467 0.422915 0.414912 0 
2 0.914894 0.043683 0.454627 0.003467 0.422915 0.414912 0 
2 0.93617 0.044134 0.486165 0.003467 0.422915 0.414912 0 
2 0.957447 0.044134 0.489438 0.003467 0.422915 0.414912 0 
2 0.978723 0.043983 0.501785 0.003467 0.422915 0.414912 0 
2 1 0.043983 0.50357 0.003467 0.422915 0.414912 0 
