6 0 0.048337 0.328474 0.003467 0.422915 0.414912 0 
6 0.021277 0.048337 0.296638 0.003467 0.422915 0.414912 0 
6 0.042553 0.047886 0.267331 0.003467 0.422915 0.414912 0 
6 0.06383 0.047046 0.221214 0.003467 0.422915 0.414912 0 
6 0.085106 0.047046 0.173312 0.003467 0.422915 0.414912 0 
6 0.106383 0.047046 0.137757 0.003467 0.422915 0.414912 0 
6 0.12766 0.045605 0.10607 0.003467 0.422915 0.414912 0 
6 0.148936 0.045605 0.083457 0.003467 0.422915 0.414912 0 
6 0.170213 0.045605 0.072597 0.003467 0.422915 0.414912 0 
6 0.191489 0.047796 0.072151 0.003467 0.422915 0.414912 0 
6 0.212766 0.053831 0.077209 0.003467 0.422915 0.414912 1 
6 0.234043 0.066771 0.091342 0.003467 0.422915 0.414912 1 
6 0.255319 0.06551 0.11812 0.003467 0.422915 0.414912 1 
6 0.276596 0.048037 0.149658 0.003467 0.422915 0.414912 0 
6 0.297872 0.047796 0.193395 0.003467 0.422915 0.414912 0 
6 0.319149 0.048337 0.253942 0.003467 0.422915 0.414912 0 
6 0.340426 0.049898 0.319994 0.003467 0.422915 0.414912 0 
6 0.361702 0.049898 0.354061 0.003467 0.422915 0.414912 0 
6 0.382979 0.049898 0.391401 0.003467 0.422915 0.414912 0 
6 0.404255 0.049898 0.399435 0.003467 0.422915 0.414912 0 
6 0.425532 0.049898 0.380244 0.003467 0.422915 0.414912 0 
6 0.446809 0.048337 0.362987 0.003467 0.422915 0.414912 0 
6 0.468085 0.049898 0.348706 0.003467 0.422915 0.414912 0 
6 0.489362 0.048337 0.32892 0.003467 0.422915 0.414912 0 
6 0.510638 0.048337 0.319845 0.003467 0.422915 0.414912 0 
6 0.531915 0.048037 0.304671 0.003467 0.422915 0.414912 0 
6 0.553191 0.047796 0.30125 0.003467 0.422915 0.414912 0 
6 0.574468 0.048337 0.287266 0.003467 0.422915 0.414912 0 
6 0.595745 0.048337 0.282803 0.003467 0.422915 0.414912 0 
6 0.617021 0.048337 0.267629 0.003467 0.422915 0.414912 0 
6 0.638298 0.048337 0.267034 0.003467 0.422915 0.414912 0 
6 0.659574 0.049898 0.274026 0.003467 0.422915 0.414912 0 
6 0.680851 0.049898 0.281464 0.003467 0.422915 0.414912 0 
6 0.702128 0.051759 0.301845 0.003467 0.422915 0.414912 1 
6 0.723404 0.053831 0.331598 0.003467 0.422915 0.414912 1 
6 0.744681 0.058575 0.424874 0.003467 0.422915 0.414912 1 
6 0.765957 0.053321 0.453585 0.003467 0.422915 0.414912 1 
6 0.787234 0.051759 0.425915 0.003467 0.422915 0.414912 1 
6 0.808511 0.051759 0.381285 0.003467 0.422915 0.414912 1 
6 0.829787 0.051759 0.350342 0.003467 0.422915 0.414912 1 
6 0.851064 0.053831 0.324308 0.003467 0.422915 0.414912 1 
6 0.87234 0.051759 0.306159 0.003467 0.422915 0.414912 1 
6 0.893617 0.053831 0.288753 0.003467 0.422915 0.414912 1 
6 0.914894 0.049898 0.268968 0.003467 0.422915 0.414912 0 
6 0.93617 0.051759 0.300357 0.003467 0.422915 0.414912 1 
6 0.957447 0.049898 0.308242 0.003467 0.422915 0.414912 0 
6 0.978723 0.049898 0.322374 0.003467 0.422915 0.414912 0 
6 1 0.049898 0.299167 0.003467 0.422915 0.414912 0 
