6 0 0.084334 0.502678 0.003467 0.422915 0.414912 1 
6 0.021277 0.084965 0.475602 0.003467 0.422915 0.414912 1 
6 0.042553 0.07842 0.453734 0.003467 0.422915 0.414912 1 
6 0.06383 0.06644 0.384409 0.003467 0.422915 0.414912 0 
6 0.085106 0.071334 0.316424 0.003467 0.422915 0.414912 1 
6 0.106383 0.06644 0.269116 0.003467 0.422915 0.414912 0 
6 0.12766 0.060346 0.222999 0.003467 0.422915 0.414912 0 
6 0.148936 0.060346 0.189229 0.003467 0.422915 0.414912 0 
6 0.170213 0.060406 0.156947 0.003467 0.422915 0.414912 0 
6 0.191489 0.060406 0.150104 0.003467 0.422915 0.414912 0 
6 0.212766 0.060406 0.153675 0.003467 0.422915 0.414912 0 
6 0.234043 0.066591 0.171675 0.003467 0.422915 0.414912 0 
6 0.255319 0.066591 0.203362 0.003467 0.422915 0.414912 0 
6 0.276596 0.066591 0.253347 0.003467 0.422915 0.414912 0 
6 0.297872 0.074667 0.303332 0.003467 0.422915 0.414912 1 
6 0.319149 0.074667 0.380095 0.003467 0.422915 0.414912 1 
6 0.340426 0.086736 0.435585 0.003467 0.422915 0.414912 1 
6 0.361702 0.090219 0.471288 0.003467 0.422915 0.414912 1 
6 0.382979 0.108863 0.496876 0.003467 0.422915 0.414912 1 
6 0.404255 0.077519 0.497322 0.003467 0.422915 0.414912 1 
6 0.425532 0.087637 0.470544 0.003467 0.422915 0.414912 1 
6 0.446809 0.074667 0.433948 0.003467 0.422915 0.414912 1 
6 0.468085 0.066591 0.405534 0.003467 0.422915 0.414912 0 
6 0.489362 0.047466 0.389319 0.003467 0.422915 0.414912 0 
6 0.510638 0.066591 0.368045 0.003467 0.422915 0.414912 0 
6 0.531915 0.066591 0.349747 0.003467 0.422915 0.414912 0 
6 0.553191 0.047346 0.325945 0.003467 0.422915 0.414912 0 
6 0.574468 0.047346 0.310324 0.003467 0.422915 0.414912 0 
6 0.595745 0.047346 0.288456 0.003467 0.422915 0.414912 0 
6 0.617021 0.045244 0.276703 0.003467 0.422915 0.414912 0 
6 0.638298 0.045244 0.271794 0.003467 0.422915 0.414912 0 
6 0.659574 0.047346 0.275364 0.003467 0.422915 0.414912 0 
6 0.680851 0.046385 0.270455 0.003467 0.422915 0.414912 0 
6 0.702128 0.045244 0.298721 0.003467 0.422915 0.414912 0 
6 0.723404 0.045244 0.31806 0.003467 0.422915 0.414912 0 
6 0.744681 0.045244 0.404344 0.003467 0.422915 0.414912 0 
6 0.765957 0.047466 0.497917 0.003467 0.422915 0.414912 0 
6 0.787234 0.051279 0.505951 0.003467 0.422915 0.414912 0 
6 0.808511 0.047466 0.476495 0.003467 0.422915 0.414912 0 
6 0.829787 0.047466 0.443023 0.003467 0.422915 0.414912 0 
6 0.851064 0.066591 0.411485 0.003467 0.422915 0.414912 1 
6 0.87234 0.047466 0.394228 0.003467 0.422915 0.414912 0 
6 0.893617 0.047346 0.366409 0.003467 0.422915 0.414912 0 
6 0.914894 0.047346 0.335763 0.003467 0.422915 0.414912 0 
6 0.93617 0.066591 0.360607 0.003467 0.422915 0.414912 1 
6 0.957447 0.047346 0.367004 0.003467 0.422915 0.414912 0 
6 0.978723 0.047466 0.384112 0.003467 0.422915 0.414912 0 
6 1 0.047466 0.354954 0.003467 0.422915 0.414912 0 
