7 0 0.072385 0.619607 0.00399 0.530036 0.599561 1 
7 0.021277 0.064489 0.598483 0.002167 0.500777 0.602632 1 
7 0.042553 0.085475 0.562035 0.004192 0.554117 0.523684 1 
7 0.06383 0.032004 0.501934 0.002117 0.534697 0.550439 0 
7 0.085106 0.068092 0.431866 0.003577 0.501813 0.621053 1 
7 0.106383 0.03957 0.379203 0.002102 0.459347 0.696491 0 
7 0.12766 0.031584 0.323862 0.002011 0.437338 0.727193 0 
7 0.148936 0.028822 0.284737 0.001836 0.401864 0.741667 0 
7 0.170213 0.028822 0.25424 0.001793 0.386328 0.759211 0 
7 0.191489 0.030203 0.243826 0.00184 0.359917 0.807018 0 
7 0.212766 0.053621 0.245016 0.00177 0.349301 0.719737 1 
7 0.234043 0.027711 0.264653 0.001764 0.341274 0.74386 0 
7 0.255319 0.028942 0.30363 0.001849 0.351113 0.772368 0 
7 0.276596 0.073646 0.347962 0.001836 0.358622 0.59693 1 
7 0.297872 0.499009 0.419072 0.000833 0.325997 0.414912 1 
7 0.319149 0.827819 0.533621 0.000833 0.344899 0.414912 1 
7 0.340426 0.695419 0.616186 0.000837 0.397462 0.414912 1 
7 0.361702 0.745647 0.67465 0.000839 0.452356 0.414912 1 
7 0.382979 0.753993 0.703213 0.001766 0.488348 0.414912 1 
7 0.404255 0.603128 0.698007 0.001786 0.501036 0.414912 1 
7 0.425532 0.641498 0.671229 0.001786 0.5 0.414912 1 
7 0.446809 0.220968 0.626748 0.001786 0.50492 0.414912 1 
7 0.468085 0.162904 0.584647 0.001786 0.4855 0.414912 1 
7 0.489362 0.707398 0.55296 0.001786 0.469446 0.414912 1 
7 0.510638 0.637775 0.52648 0.001764 0.457535 0.414912 1 
7 0.531915 0.740633 0.497917 0.001759 0.445365 0.414912 1 
7 0.553191 0.714603 0.473817 0.001766 0.465044 0.414912 1 
7 0.574468 0.608412 0.449717 0.001766 0.457535 0.414912 1 
7 0.595745 0.792242 0.438411 0.000839 0.441999 0.414912 1 
7 0.617021 0.642278 0.427551 0.000839 0.424392 0.414912 1 
7 0.638298 0.76327 0.423237 0.000839 0.414811 0.414912 1 
7 0.659574 0.303951 0.437667 0.000837 0.40782 0.414912 1 
7 0.680851 0.176594 0.464891 0.000837 0.408597 0.414912 0 
7 0.702128 0.120211 0.549241 0.000839 0.438115 0.414912 0 
7 0.723404 0.348175 0.653079 0.001786 0.523563 0.414912 1 
7 0.744681 0.812267 0.751265 0.002009 0.613154 0.414912 1 
7 0.765957 0.648673 0.764207 0.002009 0.626359 0.442105 1 
7 0.787234 0.251771 0.734752 0.015671 0.599171 0.569737 0 
7 0.808511 0.088207 0.688932 0.00312 0.556706 0.591667 0 
7 0.829787 0.085715 0.647575 0.002075 0.531072 0.596053 0 
7 0.851064 0.206107 0.623624 0.002009 0.501554 0.574561 0 
7 0.87234 0.444037 0.609491 0.002009 0.483428 0.578947 1 
7 0.893617 0.169839 0.572746 0.002106 0.452874 0.644737 0 
7 0.914894 0.231086 0.541506 0.002009 0.437338 0.649123 0 
7 0.93617 0.431218 0.559952 0.002009 0.419213 0.671053 1 
7 0.957447 0.273118 0.552514 0.002009 0.420249 0.671053 0 
7 0.978723 0.133902 0.540762 0.003938 0.476178 0.627193 0 
7 1 0.060826 0.505951 0.002075 0.470223 0.625 0 
