6 0 0.029092 0.38069 0.001957 0.313309 0.471491 0 
6 0.021277 0.028822 0.325052 0.001934 0.2913 0.464474 0 
6 0.042553 0.031434 0.266587 0.002108 0.339979 0.451754 0 
6 0.06383 0.028281 0.219131 0.001899 0.314604 0.501316 0 
6 0.085106 0.028281 0.181642 0.001897 0.259451 0.47807 0 
6 0.106383 0.02609 0.156501 0.001737 0.156655 0.638596 0 
6 0.12766 0.027711 0.142666 0.00184 0.188503 0.595614 0 
6 0.148936 0.028191 0.146236 0.001867 0.187468 0.578509 0 
6 0.170213 0.031734 0.171526 0.002104 0.195495 0.55614 0 
6 0.191489 0.03918 0.212883 0.002611 0.222941 0.521053 0 
6 0.212766 0.03981 0.290539 0.002673 0.274728 0.463596 0 
6 0.234043 0.046806 0.380542 0.003216 0.341015 0.360088 1 
6 0.255319 0.050648 0.376079 0.003442 0.448213 0.258333 1 
6 0.276596 0.056983 0.432758 0.003847 0.523304 0.317105 1 
6 0.297872 0.050919 0.459982 0.00344 0.483428 0.317982 1 
6 0.319149 0.048337 0.478429 0.003272 0.482134 0.286404 1 
6 0.340426 0.055662 0.52172 0.003772 0.493527 0.361842 1 
6 0.361702 0.054311 0.552812 0.003656 0.502071 0.355263 1 
6 0.382979 0.052 0.551175 0.003486 0.50233 0.335965 1 
6 0.404255 0.05278 0.548795 0.003533 0.513465 0.317544 1 
6 0.425532 0.054281 0.550878 0.003633 0.514759 0.360965 1 
6 0.446809 0.057644 0.558465 0.003847 0.511393 0.367105 1 
6 0.468085 0.057193 0.553555 0.003833 0.505179 0.34386 1 
6 0.489362 0.056203 0.55668 0.003768 0.498446 0.371053 1 
6 0.510638 0.058154 0.559357 0.003889 0.501036 0.392544 1 
6 0.531915 0.057223 0.549688 0.003828 0.503625 0.362281 1 
6 0.553191 0.053291 0.546266 0.003571 0.506732 0.313596 1 
6 0.574468 0.05284 0.538828 0.003546 0.502589 0.322368 1 
6 0.595745 0.047346 0.529604 0.003182 0.483946 0.352632 1 
6 0.617021 0.048006 0.529604 0.003222 0.472294 0.368421 1 
6 0.638298 0.047616 0.524695 0.003193 0.474883 0.383333 1 
6 0.659574 0.049748 0.518149 0.003326 0.46116 0.390351 1 
6 0.680851 0.046986 0.495983 0.003137 0.456499 0.392544 1 
6 0.702128 0.045755 0.477239 0.003062 0.442517 0.373684 1 
6 0.723404 0.037889 0.440196 0.002549 0.405489 0.425877 0 
6 0.744681 0.030743 0.414609 0.002073 0.366649 0.45 0 
6 0.765957 0.030473 0.398096 0.002042 0.340497 0.494737 0 
6 0.787234 0.036117 0.417287 0.00242 0.339202 0.511842 0 
6 0.808511 0.041762 0.423386 0.002804 0.355515 0.462281 1 
6 0.829787 0.037709 0.398988 0.002536 0.364578 0.425877 0 
6 0.851064 0.038759 0.380988 0.002609 0.335318 0.389035 0 
6 0.87234 0.030263 0.339482 0.002032 0.298291 0.464912 0 
6 0.893617 0.038369 0.382327 0.002572 0.270844 0.533772 0 
6 0.914894 0.037919 0.401517 0.002526 0.241585 0.573684 0 
6 0.93617 0.043293 0.428444 0.002858 0.241326 0.637281 1 
6 0.957447 0.044524 0.429932 0.002923 0.237442 0.646053 1 
6 0.978723 0.051759 0.414758 0.003415 0.334542 0.5 1 
6 1 0.050138 0.395716 0.00329 0.330399 0.510965 1 
