5 0 0.054551 0.435585 0.003467 0.422915 0.414912 0 
5 0.021277 0.054551 0.415501 0.003467 0.422915 0.414912 0 
5 0.042553 0.047856 0.388575 0.003467 0.422915 0.414912 0 
5 0.06383 0.045965 0.326837 0.003467 0.422915 0.414912 0 
5 0.085106 0.045965 0.269265 0.003467 0.422915 0.414912 0 
5 0.106383 0.045965 0.226421 0.003467 0.422915 0.414912 0 
5 0.12766 0.045965 0.192651 0.003467 0.422915 0.414912 0 
5 0.148936 0.044494 0.164683 0.003467 0.422915 0.414912 0 
5 0.170213 0.044494 0.151592 0.003467 0.422915 0.414912 0 
5 0.191489 0.044494 0.153377 0.003467 0.422915 0.414912 0 
5 0.212766 0.045965 0.17956 0.003467 0.422915 0.414912 0 
5 0.234043 0.053981 0.223297 0.003467 0.422915 0.414912 0 
5 0.255319 0.054281 0.317911 0.003467 0.422915 0.414912 0 
5 0.276596 0.060436 0.401964 0.003467 0.422915 0.414912 0 
5 0.297872 0.045965 0.395418 0.003467 0.422915 0.414912 0 
5 0.319149 0.054281 0.446147 0.003467 0.422915 0.414912 0 
5 0.340426 0.047856 0.477834 0.003467 0.422915 0.414912 0 
5 0.361702 0.050318 0.481256 0.003467 0.422915 0.414912 0 
5 0.382979 0.088237 0.524844 0.003467 0.422915 0.414912 1 
5 0.404255 0.060436 0.542844 0.003467 0.422915 0.414912 0 
5 0.425532 0.054281 0.528265 0.003467 0.422915 0.414912 0 
5 0.446809 0.053981 0.506546 0.003467 0.422915 0.414912 0 
5 0.468085 0.054281 0.497917 0.003467 0.422915 0.414912 0 
5 0.489362 0.053981 0.492264 0.003467 0.422915 0.414912 0 
5 0.510638 0.054281 0.482148 0.003467 0.422915 0.414912 0 
5 0.531915 0.054281 0.465486 0.003467 0.422915 0.414912 0 
5 0.553191 0.053981 0.460726 0.003467 0.422915 0.414912 0 
5 0.574468 0.054281 0.440345 0.003467 0.422915 0.414912 0 
5 0.595745 0.054281 0.44332 0.003467 0.422915 0.414912 0 
5 0.617021 0.054281 0.429485 0.003467 0.422915 0.414912 0 
5 0.638298 0.060436 0.421898 0.003467 0.422915 0.414912 1 
5 0.659574 0.053981 0.421601 0.003467 0.422915 0.414912 0 
5 0.680851 0.054281 0.421303 0.003467 0.422915 0.414912 0 
5 0.702128 0.047856 0.428741 0.003467 0.422915 0.414912 0 
5 0.723404 0.046746 0.434097 0.003467 0.422915 0.414912 0 
5 0.744681 0.050318 0.465486 0.003467 0.422915 0.414912 0 
5 0.765957 0.047856 0.50238 0.003467 0.422915 0.414912 0 
5 0.787234 0.047856 0.510265 0.003467 0.422915 0.414912 0 
5 0.808511 0.046746 0.477834 0.003467 0.422915 0.414912 0 
5 0.829787 0.045965 0.443172 0.003467 0.422915 0.414912 0 
5 0.851064 0.049297 0.425915 0.003467 0.422915 0.414912 0 
5 0.87234 0.045965 0.406278 0.003467 0.422915 0.414912 0 
5 0.893617 0.045965 0.367896 0.003467 0.422915 0.414912 0 
5 0.914894 0.045965 0.340375 0.003467 0.422915 0.414912 0 
5 0.93617 0.053981 0.390062 0.003467 0.422915 0.414912 1 
5 0.957447 0.050318 0.419667 0.003467 0.422915 0.414912 0 
5 0.978723 0.053981 0.450015 0.003467 0.422915 0.414912 1 
5 1 0.050318 0.445254 0.003467 0.422915 0.414912 0 
