4 0 0.038579 0.573936 0.00257 0.5 0.69386 1 
4 0.021277 0.041762 0.560547 0.002827 0.474366 0.662281 1 
4 0.042553 0.051309 0.535555 0.004113 0.533661 0.508772 1 
4 0.06383 0.051279 0.48795 0.003739 0.505697 0.571053 1 
4 0.085106 0.041882 0.43008 0.002862 0.470223 0.610088 1 
4 0.106383 0.034136 0.36983 0.002179 0.428793 0.642105 0 
4 0.12766 0.033085 0.327135 0.002127 0.384775 0.661404 0 
4 0.148936 0.033025 0.290539 0.002229 0.339202 0.717544 0 
4 0.170213 0.032845 0.272538 0.002204 0.32522 0.783772 0 
4 0.191489 0.031734 0.270158 0.002119 0.309943 0.795614 0 
4 0.212766 0.032305 0.30006 0.002162 0.32289 0.798684 0 
4 0.234043 0.033025 0.349747 0.002219 0.347747 0.744298 0 
4 0.255319 0.035067 0.471883 0.002374 0.426981 0.650439 0 
4 0.276596 0.043743 0.59283 0.002948 0.511652 0.507895 1 
4 0.297872 0.040801 0.62645 0.00275 0.567323 0.467982 1 
4 0.319149 0.042542 0.706486 0.002862 0.64319 0.413158 1 
4 0.340426 0.037559 0.718387 0.002516 0.698343 0.419298 1 
4 0.361702 0.036658 0.699197 0.002447 0.702227 0.438596 0 
4 0.382979 0.041161 0.72166 0.00274 0.709736 0.446491 1 
4 0.404255 0.037949 0.724338 0.002528 0.692387 0.488596 1 
4 0.425532 0.038519 0.689229 0.002582 0.677628 0.47807 1 
4 0.446809 0.03978 0.654567 0.002686 0.663905 0.461842 1 
4 0.468085 0.033025 0.62288 0.002237 0.651994 0.469298 0 
4 0.489362 0.033025 0.601755 0.002227 0.634386 0.492544 0 
4 0.510638 0.033025 0.58911 0.002223 0.617038 0.545175 0 
4 0.531915 0.033025 0.567837 0.002216 0.617038 0.531579 0 
4 0.553191 0.033025 0.553258 0.002219 0.644485 0.454386 0 
4 0.574468 0.033025 0.546415 0.002227 0.650181 0.478509 0 
4 0.595745 0.033025 0.533918 0.002223 0.642413 0.483772 0 
4 0.617021 0.033025 0.520381 0.002221 0.634127 0.492544 0 
4 0.638298 0.033025 0.506992 0.002216 0.618332 0.518421 0 
4 0.659574 0.033025 0.518298 0.00221 0.615225 0.519298 0 
4 0.680851 0.033025 0.535555 0.002208 0.611082 0.535526 0 
4 0.702128 0.033145 0.586581 0.002223 0.622734 0.492982 0 
4 0.723404 0.035217 0.674799 0.002339 0.664682 0.492982 0 
4 0.744681 0.03921 0.803035 0.002565 0.718281 0.465351 1 
4 0.765957 0.04011 0.827135 0.002626 0.721647 0.510526 1 
4 0.787234 0.06572 0.816721 0.004331 0.684102 0.526754 1 
4 0.808511 0.042452 0.786373 0.002846 0.636976 0.56886 1 
4 0.829787 0.041552 0.765695 0.002804 0.608493 0.567982 1 
4 0.851064 0.037438 0.737876 0.002522 0.575867 0.608333 0 
4 0.87234 0.034316 0.711395 0.002297 0.550233 0.617544 0 
4 0.893617 0.035397 0.665278 0.002378 0.505697 0.579386 0 
4 0.914894 0.033025 0.60235 0.002221 0.46841 0.634649 0 
4 0.93617 0.03882 0.634633 0.002588 0.446401 0.669737 1 
4 0.957447 0.042302 0.623326 0.002842 0.428793 0.657456 1 
4 0.978723 0.040561 0.608896 0.002742 0.497152 0.505263 1 
4 1 0.037949 0.595507 0.002584 0.491455 0.567105 1 
