4 0 0.074667 0.405683 0.003467 0.422915 0.414912 0 
4 0.021277 0.051459 0.342904 0.003467 0.422915 0.414912 0 
4 0.042553 0.051459 0.28801 0.003467 0.422915 0.414912 0 
4 0.06383 0.060796 0.247843 0.003467 0.422915 0.414912 0 
4 0.085106 0.049478 0.198007 0.003467 0.422915 0.414912 0 
4 0.106383 0.048607 0.171973 0.003467 0.422915 0.414912 0 
4 0.12766 0.048607 0.149955 0.003467 0.422915 0.414912 0 
4 0.148936 0.048607 0.143856 0.003467 0.422915 0.414912 0 
4 0.170213 0.054912 0.165873 0.003467 0.422915 0.414912 0 
4 0.191489 0.072745 0.20604 0.003467 0.422915 0.414912 0 
4 0.212766 0.095923 0.284737 0.003467 0.422915 0.414912 1 
4 0.234043 0.098475 0.384558 0.003467 0.422915 0.414912 1 
4 0.255319 0.098475 0.406278 0.003467 0.422915 0.414912 1 
4 0.276596 0.119131 0.470098 0.003467 0.422915 0.414912 1 
4 0.297872 0.057404 0.484826 0.003467 0.422915 0.414912 0 
4 0.319149 0.077819 0.489735 0.003467 0.422915 0.414912 0 
4 0.340426 0.098775 0.529753 0.003467 0.422915 0.414912 1 
4 0.361702 0.102918 0.542547 0.003467 0.422915 0.414912 1 
4 0.382979 0.106221 0.536745 0.003467 0.422915 0.414912 1 
4 0.404255 0.106221 0.517257 0.003467 0.422915 0.414912 1 
4 0.425532 0.098775 0.50848 0.003467 0.422915 0.414912 1 
4 0.446809 0.098775 0.503422 0.003467 0.422915 0.414912 1 
4 0.468085 0.095443 0.493008 0.003467 0.422915 0.414912 1 
4 0.489362 0.095443 0.487355 0.003467 0.422915 0.414912 1 
4 0.510638 0.087186 0.486611 0.003467 0.422915 0.414912 1 
4 0.531915 0.094932 0.480958 0.003467 0.422915 0.414912 1 
4 0.553191 0.087336 0.476346 0.003467 0.422915 0.414912 1 
4 0.574468 0.10475 0.46623 0.003467 0.422915 0.414912 1 
4 0.595745 0.097694 0.458197 0.003467 0.422915 0.414912 1 
4 0.617021 0.084965 0.465189 0.003467 0.422915 0.414912 1 
4 0.638298 0.098775 0.471883 0.003467 0.422915 0.414912 1 
4 0.659574 0.10532 0.478132 0.003467 0.422915 0.414912 1 
4 0.680851 0.098775 0.480065 0.003467 0.422915 0.414912 1 
4 0.702128 0.114357 0.495091 0.003467 0.422915 0.414912 1 
4 0.723404 0.119131 0.48914 0.003467 0.422915 0.414912 1 
4 0.744681 0.113366 0.485719 0.003467 0.422915 0.414912 1 
4 0.765957 0.106221 0.481107 0.003467 0.422915 0.414912 1 
4 0.787234 0.112195 0.482446 0.003467 0.422915 0.414912 1 
4 0.808511 0.106221 0.485867 0.003467 0.422915 0.414912 1 
4 0.829787 0.106431 0.466528 0.003467 0.422915 0.414912 1 
4 0.851064 0.098775 0.426064 0.003467 0.422915 0.414912 1 
4 0.87234 0.095443 0.386641 0.003467 0.422915 0.414912 1 
4 0.893617 0.10475 0.408063 0.003467 0.422915 0.414912 1 
4 0.914894 0.102888 0.422196 0.003467 0.422915 0.414912 1 
4 0.93617 0.112195 0.440494 0.003467 0.422915 0.414912 1 
4 0.957447 0.106221 0.435138 0.003467 0.422915 0.414912 1 
4 0.978723 0.10475 0.433502 0.003467 0.422915 0.414912 1 
4 1 0.098775 0.418923 0.003467 0.422915 0.414912 1 
