5 0 0.049958 0.445254 0.003477 0.380114 0.30614 1 
5 0.021277 0.045334 0.42889 0.003087 0.35448 0.323684 0 
5 0.042553 0.049838 0.392443 0.003457 0.398498 0.246053 1 
5 0.06383 0.038489 0.343499 0.002671 0.374417 0.273246 0 
5 0.085106 0.029182 0.290092 0.002025 0.321854 0.283333 0 
5 0.106383 0.032905 0.242636 0.00227 0.281201 0.349561 0 
5 0.12766 0.027381 0.193841 0.001878 0.243397 0.40307 0 
5 0.148936 0.027321 0.164088 0.001872 0.220352 0.439912 0 
5 0.170213 0.02687 0.149212 0.001836 0.204557 0.487719 0 
5 0.191489 0.027231 0.153526 0.001857 0.197048 0.478509 0 
5 0.212766 0.027651 0.180155 0.001886 0.19912 0.484211 0 
5 0.234043 0.030293 0.228652 0.002073 0.222683 0.442982 0 
5 0.255319 0.048967 0.326242 0.003369 0.292077 0.37807 1 
5 0.276596 0.051969 0.414162 0.003575 0.365873 0.297368 1 
5 0.297872 0.033415 0.400476 0.002316 0.409632 0.25 0 
5 0.319149 0.046265 0.450461 0.003224 0.471517 0.240789 1 
5 0.340426 0.055572 0.468462 0.003833 0.509581 0.204825 1 
5 0.361702 0.058514 0.473817 0.004055 0.496375 0.214035 1 
5 0.382979 0.068662 0.512943 0.004738 0.502071 0.30307 1 
5 0.404255 0.073046 0.528414 0.005021 0.493527 0.315789 1 
5 0.425532 0.073466 0.52053 0.00505 0.49275 0.289035 1 
5 0.446809 0.069413 0.506843 0.004774 0.491455 0.259211 1 
5 0.468085 0.074667 0.49762 0.005133 0.492491 0.271491 1 
5 0.489362 0.068602 0.497917 0.004717 0.490678 0.257456 1 
5 0.510638 0.069653 0.492413 0.00479 0.483687 0.254386 1 
5 0.531915 0.069923 0.488991 0.004811 0.483687 0.233333 1 
5 0.553191 0.071364 0.48914 0.004909 0.494303 0.242105 1 
5 0.574468 0.068212 0.480065 0.004699 0.493009 0.204825 1 
5 0.595745 0.068032 0.48676 0.004684 0.491196 0.192544 1 
5 0.617021 0.064999 0.479173 0.004495 0.491973 0.170175 1 
5 0.638298 0.060316 0.475454 0.004175 0.485759 0.17193 1 
5 0.659574 0.058815 0.478132 0.004073 0.479285 0.183772 1 
5 0.680851 0.054131 0.475007 0.003754 0.477473 0.214035 1 
5 0.702128 0.055152 0.475454 0.00383 0.473848 0.223246 1 
5 0.723404 0.051819 0.465933 0.003608 0.471517 0.214912 1 
5 0.744681 0.047946 0.476644 0.003344 0.465821 0.210965 0 
5 0.765957 0.049658 0.488099 0.003465 0.441481 0.283333 0 
5 0.787234 0.056473 0.522464 0.00392 0.436044 0.275439 1 
5 0.808511 0.059235 0.511306 0.004105 0.470482 0.224561 1 
5 0.829787 0.047016 0.481999 0.00334 0.464008 0.212281 0 
5 0.851064 0.044614 0.456263 0.003108 0.438633 0.257456 0 
5 0.87234 0.042662 0.430675 0.002968 0.417659 0.272807 0 
5 0.893617 0.035577 0.390211 0.002474 0.382962 0.265789 0 
5 0.914894 0.031074 0.348855 0.002158 0.358364 0.307018 0 
5 0.93617 0.036268 0.408361 0.002528 0.338944 0.354386 0 
5 0.957447 0.037709 0.431568 0.002624 0.335318 0.337281 0 
5 0.978723 0.040381 0.442874 0.002829 0.416882 0.216228 0 
5 1 0.044554 0.444213 0.003118 0.416365 0.27193 0 
