4 0 0.057884 0.391104 0.003467 0.422915 0.414912 0 
4 0.021277 0.057884 0.372211 0.003467 0.422915 0.414912 0 
4 0.042553 0.055482 0.35183 0.003467 0.422915 0.414912 0 
4 0.06383 0.046445 0.292026 0.003467 0.422915 0.414912 0 
4 0.085106 0.055482 0.235347 0.003467 0.422915 0.414912 0 
4 0.106383 0.046445 0.193692 0.003467 0.422915 0.414912 0 
4 0.12766 0.046445 0.157542 0.003467 0.422915 0.414912 0 
4 0.148936 0.046445 0.134186 0.003467 0.422915 0.414912 0 
4 0.170213 0.045455 0.119012 0.003467 0.422915 0.414912 0 
4 0.191489 0.040351 0.119012 0.003467 0.422915 0.414912 0 
4 0.212766 0.045455 0.143112 0.003467 0.422915 0.414912 0 
4 0.234043 0.046445 0.172568 0.003467 0.422915 0.414912 0 
4 0.255319 0.047286 0.242785 0.003467 0.422915 0.414912 0 
4 0.276596 0.050408 0.32654 0.003467 0.422915 0.414912 0 
4 0.297872 0.046445 0.333532 0.003467 0.422915 0.414912 0 
4 0.319149 0.057584 0.383071 0.003467 0.422915 0.414912 0 
4 0.340426 0.047286 0.422493 0.003467 0.422915 0.414912 0 
4 0.361702 0.059595 0.447635 0.003467 0.422915 0.414912 1 
4 0.382979 0.076138 0.493454 0.003467 0.422915 0.414912 1 
4 0.404255 0.074937 0.513389 0.003467 0.422915 0.414912 1 
4 0.425532 0.059926 0.502529 0.003467 0.422915 0.414912 1 
4 0.446809 0.071334 0.492711 0.003467 0.422915 0.414912 1 
4 0.468085 0.074937 0.489289 0.003467 0.422915 0.414912 1 
4 0.489362 0.071334 0.488991 0.003467 0.422915 0.414912 1 
4 0.510638 0.074937 0.489289 0.003467 0.422915 0.414912 1 
4 0.531915 0.074937 0.488843 0.003467 0.422915 0.414912 1 
4 0.553191 0.074937 0.49033 0.003467 0.422915 0.414912 1 
4 0.574468 0.074937 0.487355 0.003467 0.422915 0.414912 1 
4 0.595745 0.059926 0.484826 0.003467 0.422915 0.414912 1 
4 0.617021 0.059926 0.479619 0.003467 0.422915 0.414912 1 
4 0.638298 0.059926 0.470247 0.003467 0.422915 0.414912 1 
4 0.659574 0.059926 0.469354 0.003467 0.422915 0.414912 1 
4 0.680851 0.059926 0.463255 0.003467 0.422915 0.414912 1 
4 0.702128 0.048487 0.468015 0.003467 0.422915 0.414912 0 
4 0.723404 0.071334 0.464445 0.003467 0.422915 0.414912 1 
4 0.744681 0.074937 0.478727 0.003467 0.422915 0.414912 1 
4 0.765957 0.071334 0.489289 0.003467 0.422915 0.414912 1 
4 0.787234 0.059926 0.511455 0.003467 0.422915 0.414912 1 
4 0.808511 0.056293 0.48914 0.003467 0.422915 0.414912 0 
4 0.829787 0.046445 0.454924 0.003467 0.422915 0.414912 0 
4 0.851064 0.059926 0.437221 0.003467 0.422915 0.414912 1 
4 0.87234 0.056293 0.412229 0.003467 0.422915 0.414912 0 
4 0.893617 0.046445 0.36388 0.003467 0.422915 0.414912 0 
4 0.914894 0.045455 0.333085 0.003467 0.422915 0.414912 0 
4 0.93617 0.059926 0.384112 0.003467 0.422915 0.414912 1 
4 0.957447 0.059926 0.409253 0.003467 0.422915 0.414912 1 
4 0.978723 0.057584 0.429485 0.003467 0.422915 0.414912 0 
4 1 0.056293 0.419964 0.003467 0.422915 0.414912 0 
