7 0 0.041281 0.405385 0.003467 0.422915 0.414912 0 
7 0.021277 0.041642 0.350937 0.003467 0.422915 0.414912 0 
7 0.042553 0.041281 0.328325 0.003467 0.422915 0.414912 0 
7 0.06383 0.041642 0.276852 0.003467 0.422915 0.414912 0 
7 0.085106 0.041041 0.225379 0.003467 0.422915 0.414912 0 
7 0.106383 0.041281 0.18551 0.003467 0.422915 0.414912 0 
7 0.12766 0.041281 0.153377 0.003467 0.422915 0.414912 0 
7 0.148936 0.041281 0.130318 0.003467 0.422915 0.414912 0 
7 0.170213 0.041281 0.1144 0.003467 0.422915 0.414912 0 
7 0.191489 0.041281 0.108747 0.003467 0.422915 0.414912 0 
7 0.212766 0.041281 0.113805 0.003467 0.422915 0.414912 0 
7 0.234043 0.041281 0.116632 0.003467 0.422915 0.414912 0 
7 0.255319 0.041281 0.139244 0.003467 0.422915 0.414912 0 
7 0.276596 0.041642 0.162154 0.003467 0.422915 0.414912 0 
7 0.297872 0.064969 0.194139 0.003467 0.422915 0.414912 1 
7 0.319149 0.068422 0.25543 0.003467 0.422915 0.414912 1 
7 0.340426 0.041642 0.330854 0.003467 0.422915 0.414912 0 
7 0.361702 0.041732 0.40598 0.003467 0.422915 0.414912 0 
7 0.382979 0.068422 0.470544 0.003467 0.422915 0.414912 1 
7 0.404255 0.068422 0.518596 0.003467 0.422915 0.414912 1 
7 0.425532 0.076018 0.53258 0.003467 0.422915 0.414912 1 
7 0.446809 0.068422 0.540762 0.003467 0.422915 0.414912 1 
7 0.468085 0.084304 0.53377 0.003467 0.422915 0.414912 1 
7 0.489362 0.081692 0.544183 0.003467 0.422915 0.414912 1 
7 0.510638 0.084304 0.531538 0.003467 0.422915 0.414912 1 
7 0.531915 0.077039 0.510265 0.003467 0.422915 0.414912 1 
7 0.553191 0.078029 0.479024 0.003467 0.422915 0.414912 1 
7 0.574468 0.078029 0.46028 0.003467 0.422915 0.414912 1 
7 0.595745 0.077039 0.438411 0.003467 0.422915 0.414912 1 
7 0.617021 0.076018 0.416245 0.003467 0.422915 0.414912 1 
7 0.638298 0.076018 0.414014 0.003467 0.422915 0.414912 1 
7 0.659574 0.077039 0.408807 0.003467 0.422915 0.414912 1 
7 0.680851 0.076018 0.42532 0.003467 0.422915 0.414912 1 
7 0.702128 0.077039 0.476793 0.003467 0.422915 0.414912 1 
7 0.723404 0.088657 0.543588 0.003467 0.422915 0.414912 1 
7 0.744681 0.088237 0.625558 0.003467 0.422915 0.414912 1 
7 0.765957 0.084454 0.660518 0.003467 0.422915 0.414912 1 
7 0.787234 0.076018 0.641625 0.003467 0.422915 0.414912 1 
7 0.808511 0.041732 0.609194 0.003467 0.422915 0.414912 0 
7 0.829787 0.041732 0.585094 0.003467 0.422915 0.414912 0 
7 0.851064 0.041732 0.565457 0.003467 0.422915 0.414912 0 
7 0.87234 0.041732 0.546415 0.003467 0.422915 0.414912 0 
7 0.893617 0.041732 0.49881 0.003467 0.422915 0.414912 0 
7 0.914894 0.041642 0.447486 0.003467 0.422915 0.414912 0 
7 0.93617 0.068422 0.461767 0.003467 0.422915 0.414912 1 
7 0.957447 0.041642 0.447635 0.003467 0.422915 0.414912 0 
7 0.978723 0.041732 0.452246 0.003467 0.422915 0.414912 0 
7 1 0.041732 0.423088 0.003467 0.422915 0.414912 0 
