6 0 0.05326 0.386641 0.003467 0.422915 0.414912 0 
6 0.021277 0.057554 0.355549 0.003467 0.422915 0.414912 1 
6 0.042553 0.049027 0.319399 0.003467 0.422915 0.414912 0 
6 0.06383 0.048817 0.262868 0.003467 0.422915 0.414912 0 
6 0.085106 0.046505 0.198899 0.003467 0.422915 0.414912 0 
6 0.106383 0.046836 0.164534 0.003467 0.422915 0.414912 0 
6 0.12766 0.046806 0.134335 0.003467 0.422915 0.414912 0 
6 0.148936 0.044734 0.111276 0.003467 0.422915 0.414912 0 
6 0.170213 0.049868 0.102053 0.003467 0.422915 0.414912 0 
6 0.191489 0.054551 0.097888 0.003467 0.422915 0.414912 0 
6 0.212766 0.046806 0.10488 0.003467 0.422915 0.414912 0 
6 0.234043 0.0662 0.122136 0.003467 0.422915 0.414912 1 
6 0.255319 0.071514 0.146385 0.003467 0.422915 0.414912 1 
6 0.276596 0.049868 0.177031 0.003467 0.422915 0.414912 0 
6 0.297872 0.049868 0.222255 0.003467 0.422915 0.414912 0 
6 0.319149 0.046836 0.278935 0.003467 0.422915 0.414912 0 
6 0.340426 0.048337 0.330408 0.003467 0.422915 0.414912 0 
6 0.361702 0.048337 0.371616 0.003467 0.422915 0.414912 0 
6 0.382979 0.048337 0.408509 0.003467 0.422915 0.414912 0 
6 0.404255 0.049868 0.422196 0.003467 0.422915 0.414912 0 
6 0.425532 0.049898 0.40241 0.003467 0.422915 0.414912 0 
6 0.446809 0.049868 0.389765 0.003467 0.422915 0.414912 0 
6 0.468085 0.049868 0.375186 0.003467 0.422915 0.414912 0 
6 0.489362 0.054551 0.36626 0.003467 0.422915 0.414912 0 
6 0.510638 0.059265 0.35778 0.003467 0.422915 0.414912 1 
6 0.531915 0.054551 0.345582 0.003467 0.422915 0.414912 0 
6 0.553191 0.049868 0.336656 0.003467 0.422915 0.414912 0 
6 0.574468 0.054551 0.323862 0.003467 0.422915 0.414912 0 
6 0.595745 0.070163 0.312258 0.003467 0.422915 0.414912 1 
6 0.617021 0.054551 0.304225 0.003467 0.422915 0.414912 1 
6 0.638298 0.059265 0.298721 0.003467 0.422915 0.414912 1 
6 0.659574 0.059265 0.299018 0.003467 0.422915 0.414912 1 
6 0.680851 0.049868 0.301993 0.003467 0.422915 0.414912 0 
6 0.702128 0.048337 0.309729 0.003467 0.422915 0.414912 0 
6 0.723404 0.046836 0.310324 0.003467 0.422915 0.414912 0 
6 0.744681 0.046445 0.355846 0.003467 0.422915 0.414912 0 
6 0.765957 0.048337 0.419667 0.003467 0.422915 0.414912 0 
6 0.787234 0.048337 0.414162 0.003467 0.422915 0.414912 0 
6 0.808511 0.046836 0.379351 0.003467 0.422915 0.414912 0 
6 0.829787 0.048337 0.340821 0.003467 0.422915 0.414912 0 
6 0.851064 0.046806 0.320143 0.003467 0.422915 0.414912 0 
6 0.87234 0.048337 0.301845 0.003467 0.422915 0.414912 0 
6 0.893617 0.049868 0.275067 0.003467 0.422915 0.414912 0 
6 0.914894 0.046836 0.255579 0.003467 0.422915 0.414912 0 
6 0.93617 0.048337 0.286819 0.003467 0.422915 0.414912 0 
6 0.957447 0.044884 0.300506 0.003467 0.422915 0.414912 0 
6 0.978723 0.046445 0.311068 0.003467 0.422915 0.414912 0 
6 1 0.046445 0.292324 0.003467 0.422915 0.414912 0 
