2 0 0.027771 0.236239 0.001853 0.268773 0.520614 0 
2 0.021277 0.02657 0.207676 0.00177 0.251165 0.496053 0 
2 0.042553 0.028101 0.173907 0.001884 0.319006 0.366228 0 
2 0.06383 0.027621 0.146385 0.001855 0.29622 0.450877 0 
2 0.085106 0.025279 0.127492 0.001695 0.251683 0.427193 0 
2 0.106383 0.024859 0.117673 0.001668 0.219834 0.459211 0 
2 0.12766 0.024919 0.111128 0.001674 0.188762 0.463596 0 
2 0.148936 0.024979 0.117971 0.001674 0.180994 0.484649 0 
2 0.170213 0.02693 0.1446 0.001801 0.189798 0.576316 0 
2 0.191489 0.036208 0.186105 0.00241 0.217763 0.560526 1 
2 0.212766 0.03921 0.264356 0.002621 0.285603 0.502632 1 
2 0.234043 0.049297 0.345433 0.00329 0.365096 0.4 1 
2 0.255319 0.049448 0.359566 0.003317 0.478767 0.269298 1 
2 0.276596 0.05275 0.423088 0.003529 0.571207 0.229825 1 
2 0.297872 0.047166 0.444213 0.003151 0.530295 0.268421 1 
2 0.319149 0.05251 0.461172 0.003511 0.519679 0.292544 1 
2 0.340426 0.074727 0.507736 0.004975 0.53159 0.437719 1 
2 0.361702 0.075567 0.52529 0.005002 0.523563 0.445175 1 
2 0.382979 0.072055 0.520827 0.004774 0.516831 0.420614 1 
2 0.404255 0.061337 0.511604 0.004073 0.514759 0.422368 1 
2 0.425532 0.055632 0.506397 0.003716 0.516054 0.394298 1 
2 0.446809 0.047466 0.49524 0.003195 0.500259 0.410965 1 
2 0.468085 0.050228 0.502975 0.003376 0.488089 0.448684 1 
2 0.489362 0.047466 0.502529 0.003178 0.488348 0.423684 1 
2 0.510638 0.049147 0.502231 0.003292 0.48783 0.409211 1 
2 0.531915 0.050859 0.503273 0.003409 0.494562 0.429386 1 
2 0.553191 0.049057 0.502231 0.003282 0.489643 0.409211 1 
2 0.574468 0.046415 0.493157 0.003103 0.488866 0.417544 1 
2 0.595745 0.045905 0.484975 0.003081 0.475919 0.436404 1 
2 0.617021 0.045515 0.486909 0.003066 0.465044 0.465789 1 
2 0.638298 0.046415 0.485421 0.003108 0.470741 0.460526 1 
2 0.659574 0.045334 0.478429 0.003039 0.467374 0.486404 1 
2 0.680851 0.044824 0.471437 0.003012 0.475401 0.467105 1 
2 0.702128 0.044584 0.46623 0.003002 0.471258 0.487281 1 
2 0.723404 0.035907 0.447337 0.002424 0.454169 0.458772 0 
2 0.744681 0.029813 0.440643 0.002011 0.413516 0.499123 0 
2 0.765957 0.028942 0.418774 0.001948 0.382703 0.508333 0 
2 0.787234 0.028582 0.414906 0.001919 0.370533 0.524561 0 
2 0.808511 0.029002 0.425617 0.001948 0.377525 0.492544 0 
2 0.829787 0.029062 0.413567 0.001955 0.394096 0.488158 0 
2 0.851064 0.028702 0.384707 0.001924 0.383998 0.501316 0 
2 0.87234 0.028011 0.338738 0.001876 0.354997 0.536842 0 
2 0.893617 0.028552 0.37712 0.001907 0.306836 0.632018 0 
2 0.914894 0.028131 0.392145 0.00183 0.270844 0.685526 0 
2 0.93617 0.028822 0.413121 0.001824 0.249094 0.707895 0 
2 0.957447 0.029002 0.420708 0.001911 0.242361 0.716228 0 
2 0.978723 0.038519 0.418923 0.002557 0.337649 0.590351 0 
2 1 0.033806 0.396311 0.002248 0.343086 0.610088 0 
