2 0 0.048787 0.405088 0.002594 0.414034 0.672368 0 
2 0.021277 0.046295 0.366706 0.002781 0.403159 0.694298 0 
2 0.042553 0.051159 0.33368 0.003189 0.450803 0.639035 0 
2 0.06383 0.053771 0.299911 0.002119 0.407561 0.650439 0 
2 0.085106 0.050198 0.268968 0.002748 0.39798 0.666228 0 
2 0.106383 0.0399 0.235049 0.002603 0.363542 0.671053 0 
2 0.12766 0.028191 0.212139 0.00183 0.315381 0.646491 0 
2 0.148936 0.025129 0.196073 0.001641 0.293112 0.632895 0 
2 0.170213 0.024168 0.183428 0.001585 0.286898 0.611404 0 
2 0.191489 0.025009 0.193395 0.001639 0.273692 0.644737 0 
2 0.212766 0.029693 0.227908 0.00193 0.284309 0.734211 0 
2 0.234043 0.030323 0.282803 0.001973 0.310202 0.72807 0 
2 0.255319 0.05245 0.397947 0.002881 0.390471 0.688158 0 
2 0.276596 0.057554 0.518001 0.003257 0.472812 0.613596 0 
2 0.297872 0.060136 0.563225 0.003833 0.551528 0.468421 0 
2 0.319149 0.072835 0.647575 0.004913 0.625842 0.435088 1 
2 0.340426 0.081332 0.668402 0.005461 0.666753 0.482895 1 
2 0.361702 0.082413 0.673312 0.005532 0.679959 0.463158 1 
2 0.382979 0.084754 0.717644 0.00569 0.696271 0.450439 1 
2 0.404255 0.087547 0.72895 0.005829 0.692905 0.453509 1 
2 0.425532 0.084905 0.710949 0.005661 0.684619 0.508333 1 
2 0.446809 0.082593 0.694585 0.005486 0.681771 0.496053 1 
2 0.468085 0.084364 0.681642 0.005573 0.676075 0.47807 1 
2 0.489362 0.084064 0.680006 0.005507 0.665458 0.494737 1 
2 0.510638 0.083193 0.672716 0.005442 0.651994 0.591228 1 
2 0.531915 0.082743 0.668997 0.005386 0.642672 0.629386 1 
2 0.553191 0.083614 0.678518 0.00538 0.666753 0.600877 1 
2 0.574468 0.084814 0.681047 0.005501 0.681771 0.588596 1 
2 0.595745 0.087216 0.685808 0.005573 0.688244 0.602632 1 
2 0.617021 0.087066 0.682237 0.005548 0.680994 0.596491 1 
2 0.638298 0.087697 0.68075 0.00558 0.669601 0.614035 1 
2 0.659574 0.119611 0.70961 0.007432 0.661574 0.653509 1 
2 0.680851 0.090579 0.739066 0.0057 0.662869 0.700877 1 
2 0.702128 0.107482 0.78801 0.006764 0.687727 0.671491 1 
2 0.723404 0.135343 0.849598 0.008602 0.741067 0.628947 1 
2 0.744681 0.161042 0.917882 0.010264 0.785603 0.659649 1 
2 0.765957 0.154137 0.911187 0.009884 0.767996 0.657018 1 
2 0.787234 0.128888 0.878012 0.008247 0.725272 0.762719 1 
2 0.808511 0.087066 0.829961 0.00555 0.687468 0.707456 1 
2 0.829787 0.086346 0.788456 0.005561 0.650699 0.682895 1 
2 0.851064 0.085985 0.761381 0.005559 0.618332 0.723684 1 
2 0.87234 0.076738 0.731181 0.004996 0.583118 0.614912 1 
2 0.893617 0.061967 0.675989 0.00409 0.544019 0.533772 0 
2 0.914894 0.033956 0.613954 0.002246 0.511393 0.514474 0 
2 0.93617 0.070614 0.620649 0.004375 0.490419 0.55307 0 
2 0.957447 0.060856 0.608747 0.003496 0.463749 0.57193 0 
2 0.978723 0.069473 0.594615 0.004609 0.519679 0.498246 0 
2 1 0.061006 0.576763 0.003986 0.504402 0.571491 0 
