6 0 0.0786 0.625855 0.004906 0.544795 0.695614 0 
6 0.021277 0.083704 0.603838 0.004287 0.514241 0.695614 1 
6 0.042553 0.11907 0.569325 0.007759 0.576644 0.597807 1 
6 0.06383 0.084574 0.513686 0.005478 0.562662 0.609649 1 
6 0.085106 0.05311 0.458643 0.003513 0.516313 0.64693 0 
6 0.106383 0.059355 0.400327 0.003799 0.493527 0.700877 0 
6 0.12766 0.045785 0.353169 0.002898 0.459865 0.732895 0 
6 0.148936 0.038429 0.312853 0.002424 0.443035 0.704825 0 
6 0.170213 0.043203 0.290539 0.00269 0.415588 0.749123 0 
6 0.191489 0.040651 0.287414 0.002399 0.404972 0.772368 0 
6 0.212766 0.03981 0.316126 0.002545 0.406266 0.772368 0 
6 0.234043 0.042272 0.367748 0.002723 0.425945 0.739474 0 
6 0.255319 0.054672 0.460726 0.003529 0.489125 0.72193 0 
6 0.276596 0.087336 0.555489 0.005688 0.556189 0.695175 1 
6 0.297872 0.050228 0.600565 0.003307 0.578975 0.609649 0 
6 0.319149 0.069863 0.699197 0.004607 0.654583 0.569737 0 
6 0.340426 0.093371 0.758554 0.006167 0.719316 0.571491 1 
6 0.361702 0.150805 0.814936 0.009969 0.755567 0.498246 1 
6 0.382979 0.15777 0.856888 0.010546 0.774728 0.511404 1 
6 0.404255 0.159061 0.846921 0.010613 0.772657 0.516667 1 
6 0.425532 0.14438 0.829664 0.009589 0.755826 0.545614 1 
6 0.446809 0.115768 0.809878 0.007624 0.747799 0.536404 1 
6 0.468085 0.150805 0.800803 0.009975 0.736665 0.570614 1 
6 0.489362 0.180347 0.793365 0.01178 0.729933 0.610965 1 
6 0.510638 0.183079 0.780422 0.011784 0.709477 0.691667 1 
6 0.531915 0.150805 0.760637 0.00968 0.714915 0.649123 1 
6 0.553191 0.150805 0.735347 0.009724 0.731227 0.620614 1 
6 0.574468 0.1445 0.713181 0.009304 0.734335 0.632456 1 
6 0.595745 0.102468 0.685957 0.006577 0.702227 0.630702 1 
6 0.617021 0.088447 0.655906 0.005721 0.694459 0.594737 0 
6 0.638298 0.082443 0.6446 0.005332 0.674003 0.60307 0 
6 0.659574 0.076858 0.645641 0.004958 0.666494 0.633772 0 
6 0.680851 0.072805 0.676436 0.004751 0.644226 0.636842 0 
6 0.702128 0.088777 0.732223 0.005812 0.665458 0.595614 0 
6 0.723404 0.085955 0.8072 0.005648 0.704298 0.553947 0 
6 0.744681 0.095052 0.870425 0.006327 0.765148 0.492982 0 
6 0.765957 0.09214 0.867301 0.006192 0.758933 0.436842 0 
6 0.787234 0.086406 0.843945 0.005823 0.725531 0.464035 0 
6 0.808511 0.074997 0.805415 0.005029 0.679441 0.467982 0 
6 0.829787 0.075147 0.773728 0.004992 0.644226 0.515351 0 
6 0.851064 0.074457 0.749331 0.004929 0.619627 0.541228 0 
6 0.87234 0.064219 0.721363 0.004248 0.595805 0.56886 0 
6 0.893617 0.053381 0.677477 0.003533 0.562921 0.568421 0 
6 0.914894 0.042752 0.631657 0.002871 0.524858 0.614912 0 
6 0.93617 0.050018 0.6626 0.003317 0.502848 0.677193 0 
6 0.957447 0.050859 0.662452 0.003351 0.489643 0.629825 0 
6 0.978723 0.061427 0.642666 0.004028 0.551528 0.589035 0 
6 1 0.06563 0.625409 0.004314 0.539099 0.627632 0 
