7 0 0.094362 0.509223 0.00629 0.479285 0.526754 1 
7 0.021277 0.102738 0.501488 0.006803 0.450803 0.544737 1 
7 0.042553 0.140717 0.463255 0.009364 0.494562 0.505702 1 
7 0.06383 0.086105 0.409253 0.005708 0.464267 0.570175 1 
7 0.085106 0.083163 0.356144 0.00549 0.425427 0.568421 1 
7 0.106383 0.070013 0.290985 0.004607 0.381926 0.599561 0 
7 0.12766 0.063318 0.245314 0.0042 0.343345 0.55 0 
7 0.148936 0.050318 0.207528 0.003349 0.310202 0.571491 0 
7 0.170213 0.044374 0.182535 0.002902 0.290782 0.682895 0 
7 0.191489 0.045665 0.178072 0.002973 0.274987 0.675439 0 
7 0.212766 0.046806 0.183428 0.003045 0.269549 0.705702 0 
7 0.234043 0.047436 0.195924 0.003074 0.27188 0.7 0 
7 0.255319 0.070824 0.235347 0.004614 0.302175 0.688158 0 
7 0.276596 0.082052 0.281464 0.005301 0.32522 0.707456 1 
7 0.297872 0.084844 0.345582 0.005428 0.314345 0.773246 1 
7 0.319149 0.089678 0.42651 0.005696 0.349301 0.705702 1 
7 0.340426 0.087937 0.477536 0.005555 0.38348 0.658333 1 
7 0.361702 0.089768 0.514877 0.005683 0.407561 0.615789 1 
7 0.382979 0.089468 0.546415 0.005671 0.40523 0.632895 1 
7 0.404255 0.088117 0.537489 0.005598 0.406784 0.655263 1 
7 0.425532 0.085415 0.511752 0.005453 0.389177 0.665351 1 
7 0.446809 0.084364 0.478578 0.00539 0.380114 0.681579 1 
7 0.468085 0.082202 0.445552 0.005274 0.36406 0.704825 1 
7 0.489362 0.082593 0.41922 0.005289 0.357328 0.717544 1 
7 0.510638 0.078239 0.401815 0.005023 0.337131 0.677632 1 
7 0.531915 0.070584 0.376971 0.004535 0.33014 0.741667 0 
7 0.553191 0.073076 0.356293 0.004697 0.332211 0.758333 0 
7 0.574468 0.055993 0.333383 0.003585 0.326256 0.714474 0 
7 0.595745 0.059535 0.317019 0.003835 0.307613 0.668421 0 
7 0.617021 0.05206 0.306754 0.003365 0.292336 0.708772 0 
7 0.638298 0.049988 0.301398 0.003234 0.281719 0.711842 0 
7 0.659574 0.048307 0.300803 0.003132 0.275246 0.732018 0 
7 0.680851 0.050799 0.312556 0.003284 0.279648 0.75307 0 
7 0.702128 0.05326 0.338292 0.003438 0.299845 0.690789 0 
7 0.723404 0.05326 0.357037 0.003463 0.317711 0.708333 0 
7 0.744681 0.078149 0.459238 0.005054 0.3739 0.699561 1 
7 0.765957 0.089318 0.560845 0.00569 0.453133 0.579825 1 
7 0.787234 0.091149 0.566349 0.005845 0.474625 0.545614 1 
7 0.808511 0.088357 0.524546 0.005665 0.454428 0.559649 1 
7 0.829787 0.086556 0.499851 0.005563 0.435526 0.565351 1 
7 0.851064 0.086346 0.47471 0.005567 0.416624 0.599123 1 
7 0.87234 0.084544 0.460577 0.005455 0.391507 0.65614 1 
7 0.893617 0.083944 0.443618 0.005405 0.369239 0.682456 1 
7 0.914894 0.077849 0.41327 0.005052 0.346453 0.683333 1 
7 0.93617 0.077939 0.439453 0.005068 0.345935 0.659649 1 
7 0.957447 0.07926 0.440048 0.005143 0.348265 0.634649 1 
7 0.978723 0.085865 0.432758 0.005621 0.433972 0.555702 1 
7 1 0.082953 0.412824 0.00543 0.426463 0.560526 1 
