3 0 0.028732 0.289795 0.001789 0.286898 0.838158 0 
3 0.021277 0.027201 0.263017 0.001005 0.260487 0.818421 0 
3 0.042553 0.027711 0.235198 0.001631 0.324443 0.731579 0 
3 0.06383 0.02588 0.198453 0.00167 0.313309 0.735088 0 
3 0.085106 0.023718 0.153972 0.001209 0.288452 0.765789 0 
3 0.106383 0.025489 0.123029 0.001163 0.255826 0.739474 0 
3 0.12766 0.025549 0.101012 0.000976 0.227602 0.732895 0 
3 0.148936 0.019125 0.088367 0.001064 0.210772 0.811842 0 
3 0.170213 0.018014 0.08792 0.000841 0.202486 0.838158 0 
3 0.191489 0.018554 0.088515 0.000841 0.1942 0.838158 0 
3 0.212766 0.021706 0.116186 0.000841 0.189539 0.838158 0 
3 0.234043 0.025279 0.151741 0.000839 0.204298 0.785526 0 
3 0.255319 0.027861 0.223743 0.000904 0.257639 0.765789 0 
3 0.276596 0.027381 0.288307 0.001647 0.302693 0.685088 0 
3 0.297872 0.02645 0.297084 0.001735 0.32522 0.679825 0 
3 0.319149 0.027741 0.353169 0.00183 0.390212 0.632018 0 
3 0.340426 0.029422 0.398096 0.001951 0.435267 0.606579 1 
3 0.361702 0.029422 0.421303 0.001946 0.462973 0.639912 1 
3 0.382979 0.031104 0.450312 0.002059 0.473589 0.657895 1 
3 0.404255 0.029422 0.451205 0.001942 0.467115 0.642105 1 
3 0.425532 0.029422 0.45299 0.001934 0.46349 0.612719 1 
3 0.446809 0.029422 0.441982 0.001938 0.460901 0.64386 1 
3 0.468085 0.028762 0.436477 0.001886 0.457535 0.635526 0 
3 0.489362 0.028492 0.431866 0.001878 0.46116 0.649561 0 
3 0.510638 0.028191 0.431568 0.001863 0.455463 0.639912 0 
3 0.531915 0.027351 0.425617 0.001809 0.450026 0.637281 0 
3 0.553191 0.027441 0.419964 0.001822 0.458053 0.617982 0 
3 0.574468 0.027441 0.416989 0.001824 0.455463 0.607018 0 
3 0.595745 0.027201 0.408361 0.001813 0.444329 0.626754 0 
3 0.617021 0.027141 0.394823 0.001805 0.436044 0.615351 0 
3 0.638298 0.029002 0.391401 0.001913 0.433972 0.638158 1 
3 0.659574 0.027501 0.392145 0.00182 0.437597 0.634211 0 
3 0.680851 0.027471 0.396311 0.001818 0.432418 0.627632 0 
3 0.702128 0.029422 0.416394 0.001955 0.451321 0.613158 1 
3 0.723404 0.028972 0.433502 0.001919 0.477473 0.609649 1 
3 0.744681 0.031284 0.487801 0.002067 0.5145 0.608333 1 
3 0.765957 0.033535 0.521571 0.002216 0.545831 0.582895 1 
3 0.787234 0.031794 0.500744 0.002096 0.546349 0.573246 1 
3 0.808511 0.029212 0.455817 0.001938 0.510357 0.593421 1 
3 0.829787 0.027561 0.421898 0.00183 0.477214 0.624561 0 
3 0.851064 0.027321 0.401369 0.001811 0.457017 0.642105 0 
3 0.87234 0.027201 0.383963 0.001793 0.42465 0.664912 0 
3 0.893617 0.02696 0.34945 0.001778 0.39798 0.619737 0 
3 0.914894 0.024318 0.31568 0.00161 0.368203 0.692982 0 
3 0.93617 0.028732 0.374888 0.00183 0.353444 0.761404 1 
3 0.957447 0.027651 0.399732 0.001776 0.33739 0.768421 1 
3 0.978723 0.028762 0.413121 0.001847 0.403936 0.701316 1 
3 1 0.028852 0.419072 0.00182 0.388141 0.757018 1 
