5 0 0.028822 0.353764 0.000841 0.379337 0.725439 0 
5 0.021277 0.028041 0.302291 0.000841 0.344381 0.725439 0 
5 0.042553 0.028492 0.241595 0.001107 0.39798 0.668421 0 
5 0.06383 0.02669 0.208271 0.000837 0.371828 0.690351 0 
5 0.085106 0.024409 0.173907 0.000827 0.324184 0.703509 0 
5 0.106383 0.020055 0.156204 0.00098 0.300104 0.835088 0 
5 0.12766 0.021016 0.156055 0.000841 0.286639 0.857018 0 
5 0.148936 0.021706 0.164832 0.000841 0.2913 0.857018 0 
5 0.170213 0.023388 0.186552 0.000868 0.301398 0.857018 0 
5 0.191489 0.027381 0.23252 0.001215 0.32289 0.823246 0 
5 0.212766 0.050739 0.308688 0.003209 0.389694 0.766228 1 
5 0.234043 0.038669 0.393335 0.002462 0.467633 0.686404 1 
5 0.255319 0.034046 0.423386 0.002216 0.562921 0.551316 1 
5 0.276596 0.034166 0.478132 0.00226 0.637235 0.502193 1 
5 0.297872 0.028702 0.48557 0.00187 0.620404 0.471491 0 
5 0.319149 0.029242 0.503422 0.001909 0.649146 0.408333 0 
5 0.340426 0.031884 0.563076 0.002108 0.686432 0.474123 1 
5 0.361702 0.034556 0.580482 0.002289 0.716727 0.427193 1 
5 0.382979 0.031074 0.589557 0.002044 0.746763 0.412281 0 
5 0.404255 0.031494 0.588367 0.002075 0.778612 0.370614 1 
5 0.425532 0.035217 0.598036 0.002339 0.807872 0.326754 1 
5 0.446809 0.037048 0.608747 0.002489 0.839979 0.260965 1 
5 0.468085 0.038549 0.61083 0.002605 0.850854 0.242105 1 
5 0.489362 0.043353 0.622583 0.002946 0.877007 0.180702 1 
5 0.510638 0.040471 0.638203 0.002765 0.906007 0.185088 1 
5 0.531915 0.033926 0.641773 0.002312 0.920766 0.184649 1 
5 0.553191 0.030563 0.647278 0.002046 0.94899 0.053947 0 
5 0.574468 0.029392 0.649807 0.022781 0.967374 0.060965 0 
5 0.595745 0.029332 0.654716 0.014096 0.964008 0.082895 0 
5 0.617021 0.029332 0.662898 0.046468 0.97566 0.087281 0 
5 0.638298 0.032935 0.667063 0.021068 0.983687 0.086842 1 
5 0.659574 0.031164 0.668105 0.01914 0.991196 0.115351 0 
5 0.680851 0.044013 0.656501 0.006383 0.974883 0.100439 1 
5 0.702128 0.064819 0.646831 0.004476 0.952356 0.07807 1 
5 0.723404 0.037108 0.61083 0.002549 0.878042 0.229386 1 
5 0.744681 0.035607 0.578548 0.002403 0.749353 0.417105 1 
5 0.765957 0.033656 0.55177 0.002216 0.673226 0.562719 1 
5 0.787234 0.034947 0.567688 0.002285 0.661056 0.535526 1 
5 0.808511 0.036808 0.568283 0.002424 0.660021 0.505702 1 
5 0.829787 0.033806 0.536596 0.002227 0.646297 0.526754 1 
5 0.851064 0.029302 0.479768 0.001903 0.603314 0.514474 0 
5 0.87234 0.028492 0.432163 0.001834 0.560849 0.596491 0 
5 0.893617 0.028552 0.441833 0.001826 0.505179 0.642544 0 
5 0.914894 0.028432 0.441833 0.001487 0.449767 0.703509 0 
5 0.93617 0.034856 0.459833 0.001973 0.414552 0.743421 1 
5 0.957447 0.030773 0.457453 0.001863 0.393061 0.791228 0 
5 0.978723 0.034136 0.438411 0.002171 0.464785 0.703509 1 
5 1 0.031554 0.40241 0.002032 0.451579 0.749123 0 
