4 0 0.067942 0.417435 0.003467 0.422915 0.414912 1 
4 0.021277 0.078269 0.398245 0.003467 0.422915 0.414912 1 
4 0.042553 0.076438 0.367153 0.003467 0.422915 0.414912 1 
4 0.06383 0.072775 0.313002 0.003467 0.422915 0.414912 1 
4 0.085106 0.067942 0.254835 0.003467 0.422915 0.414912 0 
4 0.106383 0.067942 0.21809 0.003467 0.422915 0.414912 0 
4 0.12766 0.067942 0.181345 0.003467 0.422915 0.414912 0 
4 0.148936 0.057614 0.158286 0.003467 0.422915 0.414912 0 
4 0.170213 0.062748 0.145195 0.003467 0.422915 0.414912 0 
4 0.191489 0.065089 0.14579 0.003467 0.422915 0.414912 0 
4 0.212766 0.059475 0.175841 0.003467 0.422915 0.414912 0 
4 0.234043 0.070494 0.217495 0.003467 0.422915 0.414912 0 
4 0.255319 0.076108 0.309432 0.003467 0.422915 0.414912 1 
4 0.276596 0.070704 0.402559 0.003467 0.422915 0.414912 0 
4 0.297872 0.081122 0.402559 0.003467 0.422915 0.414912 1 
4 0.319149 0.081962 0.44942 0.003467 0.422915 0.414912 1 
4 0.340426 0.087607 0.462362 0.003467 0.422915 0.414912 1 
4 0.361702 0.081962 0.469503 0.003467 0.422915 0.414912 1 
4 0.382979 0.093221 0.506248 0.003467 0.422915 0.414912 1 
4 0.404255 0.093221 0.520678 0.003467 0.422915 0.414912 1 
4 0.425532 0.093221 0.516662 0.003467 0.422915 0.414912 1 
4 0.446809 0.087066 0.50357 0.003467 0.422915 0.414912 1 
4 0.468085 0.081962 0.493008 0.003467 0.422915 0.414912 1 
4 0.489362 0.081962 0.491074 0.003467 0.422915 0.414912 1 
4 0.510638 0.081962 0.489438 0.003467 0.422915 0.414912 1 
4 0.531915 0.087607 0.484826 0.003467 0.422915 0.414912 1 
4 0.553191 0.087607 0.482743 0.003467 0.422915 0.414912 1 
4 0.574468 0.076348 0.483636 0.003467 0.422915 0.414912 1 
4 0.595745 0.081962 0.470991 0.003467 0.422915 0.414912 1 
4 0.617021 0.076348 0.472181 0.003467 0.422915 0.414912 1 
4 0.638298 0.076348 0.46147 0.003467 0.422915 0.414912 1 
4 0.659574 0.076348 0.464445 0.003467 0.422915 0.414912 0 
4 0.680851 0.070704 0.461172 0.003467 0.422915 0.414912 0 
4 0.702128 0.076348 0.468313 0.003467 0.422915 0.414912 0 
4 0.723404 0.076348 0.474859 0.003467 0.422915 0.414912 0 
4 0.744681 0.10508 0.526927 0.003467 0.422915 0.414912 1 
4 0.765957 0.111955 0.560994 0.003467 0.422915 0.414912 1 
4 0.787234 0.099075 0.544927 0.003467 0.422915 0.414912 1 
4 0.808511 0.081962 0.50848 0.003467 0.422915 0.414912 1 
4 0.829787 0.081962 0.48557 0.003467 0.422915 0.414912 1 
4 0.851064 0.076348 0.469206 0.003467 0.422915 0.414912 0 
4 0.87234 0.065089 0.44332 0.003467 0.422915 0.414912 0 
4 0.893617 0.053831 0.403303 0.003467 0.422915 0.414912 0 
4 0.914894 0.048877 0.369384 0.003467 0.422915 0.414912 0 
4 0.93617 0.076108 0.412526 0.003467 0.422915 0.414912 0 
4 0.957447 0.059475 0.43737 0.003467 0.422915 0.414912 0 
4 0.978723 0.059475 0.451354 0.003467 0.422915 0.414912 0 
4 1 0.059475 0.446891 0.003467 0.422915 0.414912 0 
