6 0 0.048727 0.470544 0.003199 0.436044 0.667544 1 
6 0.021277 0.041942 0.45537 0.002732 0.413775 0.686404 1 
6 0.042553 0.058965 0.418625 0.00388 0.472035 0.589035 1 
6 0.06383 0.048457 0.367004 0.003184 0.455981 0.622368 1 
6 0.085106 0.03984 0.306754 0.002601 0.419472 0.644737 1 
6 0.106383 0.041131 0.264058 0.002665 0.386846 0.673684 1 
6 0.12766 0.043023 0.219429 0.0028 0.348006 0.629825 1 
6 0.148936 0.043923 0.195031 0.002862 0.323666 0.626754 1 
6 0.170213 0.0393 0.180006 0.002572 0.315122 0.588596 1 
6 0.191489 0.031104 0.179113 0.00205 0.302175 0.602632 0 
6 0.212766 0.031254 0.212139 0.002069 0.305541 0.570614 0 
6 0.234043 0.032845 0.25424 0.002189 0.327809 0.559211 0 
6 0.255319 0.082923 0.35421 0.00555 0.392543 0.480702 1 
6 0.276596 0.155728 0.448527 0.010633 0.475142 0.22807 1 
6 0.297872 0.092951 0.484826 0.006581 0.519679 0.079386 1 
6 0.319149 0.122493 0.549093 0.008758 0.573796 0.060965 1 
6 0.340426 0.106311 0.570961 0.007603 0.641378 0.104386 1 
6 0.361702 0.274258 0.562035 0.019798 0.628431 0.098246 1 
6 0.382979 0.059385 0.564267 0.004242 0.631279 0.161842 1 
6 0.404255 0.036538 0.55787 0.002559 0.620663 0.260526 0 
6 0.425532 0.031344 0.544927 0.002162 0.569653 0.292544 0 
6 0.446809 0.030473 0.529009 0.002119 0.595287 0.325877 0 
6 0.468085 0.029753 0.520827 0.002077 0.58726 0.315789 0 
6 0.489362 0.028942 0.512199 0.002021 0.577421 0.332456 0 
6 0.510638 0.028912 0.50119 0.002023 0.561367 0.342105 0 
6 0.531915 0.028612 0.493454 0.002005 0.559296 0.283333 0 
6 0.553191 0.029723 0.483487 0.00209 0.581564 0.246053 0 
6 0.574468 0.031854 0.477685 0.002243 0.582859 0.230263 0 
6 0.595745 0.029843 0.467718 0.002106 0.566805 0.256579 0 
6 0.617021 0.028852 0.454775 0.002048 0.557742 0.269298 0 
6 0.638298 0.027351 0.442874 0.001924 0.538581 0.339474 0 
6 0.659574 0.027141 0.450461 0.001894 0.527188 0.380702 0 
6 0.680851 0.027141 0.465933 0.001892 0.535733 0.397807 0 
6 0.702128 0.027981 0.499405 0.001942 0.554894 0.42807 0 
6 0.723404 0.030473 0.556233 0.00209 0.588814 0.428947 0 
6 0.744681 0.033926 0.632104 0.002304 0.65303 0.392105 0 
6 0.765957 0.037979 0.635525 0.00257 0.673485 0.395175 0 
6 0.787234 0.036568 0.616037 0.002468 0.642672 0.417105 0 
6 0.808511 0.035667 0.577358 0.002426 0.605127 0.374561 0 
6 0.829787 0.035517 0.551473 0.00243 0.564733 0.397368 0 
6 0.851064 0.036898 0.538679 0.00254 0.538322 0.390789 0 
6 0.87234 0.035727 0.524398 0.002472 0.515795 0.372807 0 
6 0.893617 0.028071 0.487652 0.001951 0.474107 0.410088 0 
6 0.914894 0.027141 0.451949 0.001888 0.440186 0.39693 0 
6 0.93617 0.068242 0.502678 0.004699 0.423097 0.535965 1 
6 0.957447 0.071815 0.525736 0.004859 0.409891 0.478509 1 
6 0.978723 0.091179 0.52172 0.006174 0.464785 0.484211 1 
6 1 0.094782 0.511009 0.006315 0.444588 0.554386 1 
