2 0 0.024889 0.225082 0.000839 0.23537 0.812719 0 
2 0.021277 0.023148 0.19518 0.000841 0.216468 0.856579 0 
2 0.042553 0.023418 0.161857 0.0013 0.282496 0.834649 0 
2 0.06383 0.022157 0.137757 0.000881 0.264889 0.834649 0 
2 0.085106 0.022187 0.117376 0.000837 0.215691 0.812719 0 
2 0.106383 0.020355 0.106665 0.000837 0.190575 0.812719 0 
2 0.12766 0.021917 0.110533 0.000827 0.162351 0.834649 0 
2 0.148936 0.021706 0.116483 0.000825 0.153806 0.834649 0 
2 0.170213 0.021917 0.149658 0.000829 0.148628 0.835088 0 
2 0.191489 0.025519 0.192502 0.000825 0.139047 0.835088 0 
2 0.212766 0.030203 0.271348 0.000833 0.153288 0.835088 1 
2 0.234043 0.031524 0.357334 0.000835 0.160539 0.857018 1 
2 0.255319 0.024529 0.372359 0.000837 0.171155 0.857018 0 
2 0.276596 0.02585 0.423683 0.000823 0.172708 0.857018 0 
2 0.297872 0.025309 0.43975 0.000821 0.160539 0.857018 0 
2 0.319149 0.025399 0.45061 0.000821 0.175298 0.857018 0 
2 0.340426 0.028822 0.505951 0.000821 0.195236 0.857018 1 
2 0.361702 0.030113 0.520976 0.000821 0.211548 0.857018 1 
2 0.382979 0.024559 0.514579 0.000821 0.225013 0.857018 0 
2 0.404255 0.024589 0.509372 0.000821 0.232004 0.857018 0 
2 0.425532 0.024559 0.505504 0.000715 0.241844 0.857018 0 
2 0.446809 0.024559 0.506546 0.000821 0.24754 0.857018 0 
2 0.468085 0.024559 0.501041 0.000821 0.249353 0.857018 0 
2 0.489362 0.024559 0.505058 0.000818 0.255826 0.857018 0 
2 0.510638 0.024559 0.506992 0.000821 0.249353 0.857018 0 
2 0.531915 0.024559 0.503719 0.000812 0.257121 0.857018 0 
2 0.553191 0.024559 0.504612 0.000667 0.251424 0.857018 0 
2 0.574468 0.025339 0.503422 0.000968 0.261264 0.857018 0 
2 0.595745 0.024919 0.501041 0.000814 0.25738 0.857018 0 
2 0.617021 0.024919 0.505207 0.000823 0.267996 0.857018 0 
2 0.638298 0.02588 0.50967 0.001265 0.278353 0.857456 0 
2 0.659574 0.02678 0.512348 0.001703 0.292853 0.838596 1 
2 0.680851 0.025219 0.500893 0.000972 0.307872 0.824123 0 
2 0.702128 0.02645 0.487057 0.001556 0.318488 0.821491 1 
2 0.723404 0.028822 0.461619 0.000767 0.301916 0.813158 1 
2 0.744681 0.025579 0.436031 0.000567 0.277317 0.813158 0 
2 0.765957 0.024919 0.418625 0.000519 0.259451 0.813158 0 
2 0.787234 0.02621 0.437816 0.000519 0.255567 0.813158 0 
2 0.808511 0.02687 0.446147 0.000839 0.300104 0.813158 1 
2 0.829787 0.024919 0.426956 0.000827 0.312532 0.813158 0 
2 0.851064 0.024649 0.385004 0.000769 0.291818 0.795614 0 
2 0.87234 0.023178 0.346772 0.000567 0.264371 0.791228 0 
2 0.893617 0.024649 0.36983 0.000519 0.228379 0.795614 0 
2 0.914894 0.024559 0.37355 0.000519 0.195753 0.791228 0 
2 0.93617 0.02621 0.40122 0.000482 0.193682 0.835088 1 
2 0.957447 0.02621 0.411336 0.000569 0.193941 0.835088 1 
2 0.978723 0.028822 0.403451 0.000854 0.282755 0.764912 1 
2 1 0.028822 0.37355 0.000823 0.288711 0.760526 1 
