0.014268
0.031561
0.046485
0.059258
0.074026
0.087878
0.104767
0.113933
0.133325
0.135853
0.111885
0.109782
0.134139
0.138759
0.148394
0.157985
0.172397
0.152113
0.253883
0.264163
0.283435
0.29231
0.215154
0.222383
0.236907
0.342387
0.254275
0.375107
0.172013
0.213553
0.21107
0.251249
0.435196
0.443305
0.211539
0.466219
0.323954
0.260296
0.230053
0.518613
0.406043
0.204377
0.32202
0.332662
0.582137
0.614368
0.626554
0.650664
0.235171
0.258575
0.224581
0.684649
0.689871
0.41258
0.428916
0.430146
0.325634
0.4549
0.284534
0.365668
0.39461
0.505448
0.278499
0.319416
0.419868
0.26444
0.258392
0.441677
0.286328
0.28625
0.596006
0.327204
0.292265
0.268289
0.643243
0.308953
accuracy: 0.860000
