0.007147550582885742
0.013503313064575195
0.020420312881469727
0.026381492614746094
0.03381228446960449
0.04166746139526367
0.04871964454650879
0.07308793067932129
0.06321907043457031
0.06933188438415527
0.07467770576477051
0.08785390853881836
0.08815479278564453
0.09418058395385742
0.10155749320983887
0.11043930053710938
0.1142580509185791
0.12517309188842773
0.12755322456359863
0.1345522403717041
0.14052176475524902
0.15221405029296875
0.15745067596435547
0.1602921485900879
0.1665630340576172
0.18021821975708008
0.18035602569580078
0.18650364875793457
0.20252609252929688
0.19868850708007812
0.20845389366149902
0.21999430656433105
0.21866941452026367
0.2288515567779541
0.23648786544799805
0.24010992050170898
0.25028467178344727
0.2528877258300781
0.25900793075561523
0.27049922943115234
0.2697610855102539
0.28531718254089355
0.28267383575439453
0.2973601818084717
0.30170249938964844
0.3086566925048828
0.30985212326049805
0.3300466537475586
0.32305192947387695
0.33893394470214844
0.3561985492706299
0.34764719009399414
0.3539276123046875
0.35850977897644043
0.37551450729370117
0.3668692111968994
0.3731980323791504
0.38098740577697754
0.3932046890258789
0.3957350254058838
0.3985559940338135
0.40985560417175293
0.4129054546356201
0.42673707008361816
0.4331378936767578
0.45676350593566895
0.4428975582122803
0.4436922073364258
0.44889163970947266
0.4552121162414551
0.4653468132019043
0.4744102954864502
0.4895780086517334
0.5010166168212891
0.4943554401397705
0.852
