.122041
0.237949
0.346918
0.396501
0.495088
0.5281
0.614854
0.678224
0.616006
0.689059
0.780053
0.813015
0.839181
0.867076
0.726866
0.822021
0.843053
0.753704
0.966177
1.00566
0.736604
0.968429
0.920697
1.01228
0.998398
0.865862
0.896296
0.923192
0.838052
0.817179
0.840042
0.757048
0.73782
0.673284
0.73363
0.628642
0.645995
0.574246
0.620083
0.60482
0.543421
0.496189
0.529021
0.556619
0.575449
0.621754
0.81478
0.784645
0.802375
0.779753
1.03784
0.912436
0.925688
0.946917
0.849584
0.844776
1.14528
1.0261
0.995886
1.03906
0.803904
0.926673
0.958101
0.737328
0.861822
0.901623
0.618966
0.798057
0.808298
0.618464
0.712891
0.70598
0.544212
0.599403
0.600194
0.421905
accuracy: 0.799000
