0.13191
0.253073
0.35752
0.420084
0.479534
0.52621
0.63589
0.581471
0.727219
0.664168
0.762375
0.769134
0.750703
0.839779
0.652952
0.810374
0.81076
0.850559
0.696424
1.0129
0.769209
0.963679
0.65429
0.988316
1.00729
0.832771
0.925615
0.916907
0.638446
0.833812
0.733289
0.794427
0.67644
0.596954
0.554441
0.728796
0.540779
0.603579
0.451753
0.513855
0.55825
0.449387
0.472295
0.435134
0.468743
0.471616
0.743608
0.59633
0.94707
0.720604
0.795005
1.04464
0.794119
0.87617
0.762923
0.948304
1.11611
0.965619
0.978673
1.07138
1.1349
1.04396
0.923593
1.02003
0.806817
0.962996
1.26255
1.0279
0.960933
0.812964
0.968536
0.800671
0.793081
0.757941
0.744977
0.583929
accuracy: 0.838000
