0.079738
0.174734
0.259558
0.323064
0.455520
0.384100
0.442827
0.568703
0.551111
0.573258
0.445332
0.571313
0.525365
0.562427
0.498508
0.565636
0.889978
1.126274
0.694455
0.686575
0.805349
0.712597
0.845569
0.789043
0.921900
0.745290
1.051008
0.676944
1.116145
1.723565
0.849431
1.018296
2.134446
1.220735
0.879865
1.450747
1.184869
1.995408
0.819592
0.872104
1.772329
1.059617
0.991960
2.346763
0.983415
1.564021
0.893580
1.043652
1.729503
1.135687
2.431703
1.997332
1.081978
1.065225
1.966254
1.798317
4.047802
1.013393
1.187460
1.180569
1.089748
1.199319
1.382245
1.565184
1.285342
2.878885
4.104720
4.206427
2.373513
2.748819
1.359606
3.606848
3.218878
1.617463
1.314368
1.555467
1.382145
3.526874
1.579962
4.536859
1.413210
1.513808
1.567746
1.958542
3.746215
1.873667
1.526283
3.941136
1.517676
1.644499
1.558845
5.608831
1.585791
3.003097
1.627022
3.926449
4.154684
2.834816

0.626708
