0.196143
1.218146
1.17556
1.829284
2.083282
2.428887
3.023889
3.661921
4.359357
4.654636
6.031083
4.587134
5.719721
6.628007
5.040262
6.621702
6.678746
6.9515
7.750493
4.918753
10.056281
6.941411
9.646797
9.696551
9.544251
6.307367
11.019785
8.651919
11.812082
11.344499
10.815628
7.630906
11.726512
7.483607
11.325724
11.450297
10.97508
8.258151
11.033018
12.034671
11.965036
9.481897
12.576336
12.325492
14.27581
9.953304
13.252837
12.856303
9.998754
13.689627
9.762934
12.818021
13.527643
11.194378
12.953685
15.257246
12.314837
13.401642
12.97057
13.291767
10.871877
12.231366
11.753435
12.823655
11.226231
11.674512
14.295011
11.174788
13.282142
12.96278
13.410712
13.820806
13.076917
11.780745
14.172245
13.958889
12.50855
14.440373
14.276565
12.300814
13.366192
14.154278
12.36662
12.547399
13.272648
12.544208
12.830546
13.108403
13.522967
14.470911
12.452351
13.366682
13.481204
12.56548
12.653175
13.029955
14.691883
14.393865

0.580245

