0.773635
1.672942
2.411514
3.597926
4.278735
5.337003
6.098826
5.715755
7.32876
7.657519
11.731033
8.076904
10.773492
11.135576
12.203334
13.404031
10.499886
9.581687
7.818561
13.64584
16.708461
10.020951
15.87569
11.779873
15.453068
12.060738
17.224072
12.106121
15.788009
19.894866
14.450976
19.764789
20.484097
20.028522
19.628883
19.417579
13.550281
20.436736
19.044434
19.339456
15.741632
18.277131
18.194781
29.051263
17.79227
22.631083
18.688623
24.86763
17.798588
21.493703
22.042041
22.360375
19.816469
26.474932
25.057283
24.14506
22.670022
24.462861
17.836098
26.130976
27.632868
25.007978
15.905767
22.479945
21.008126
23.118691
19.438128
23.266562
19.563828
21.13289
22.143816
22.919704
23.026441
21.755794
23.827525
24.37497
24.863517
23.906168
26.63195
20.503064
27.226003
27.668758
31.300843
22.159051
31.163386
22.67971
23.799593
25.915952
27.757444
24.520905
25.373298
24.597148
24.953427
22.914106
26.211059
25.630542
25.80004
25.05814

0.628653

