0.006279
0.024954
0.028563
0.051651
0.056195
0.05005
0.077891
0.064706
0.069205
0.054802
0.087571
0.088524
0.096287
0.101027
0.102335
0.135299
0.140234
0.067102
0.066512
0.065728
0.069028
0.067254
0.072754
0.071786
0.076063
0.074187
0.074012
0.070452
0.071071
0.07605
0.074576
0.107021
0.078428
0.078654
0.078229
0.079308
0.079344
0.087652
0.083717
0.083483
0.221169
0.08789
0.088449
0.091443
0.193236
0.097715
0.092007
0.212124
0.407493
0.363783
0.347229
0.137229
0.401079
0.104821
0.36839
0.108283
0.100604
0.105189
0.103035
0.406807
0.100236
0.099538
0.105093
accuracy: 0.995000
