0.069736
0.321483
0.285137
0.404192
0.534583
0.559283
0.721726
0.623123
0.735581
0.738714
0.817507
0.711564
0.494031
0.923076
0.987741
0.639735
0.971446
0.874466
0.914863
0.822292
0.845509
0.78316
0.671119
0.548898
1.1456
0.54098
1.1421
0.976228
1.03041
0.671204
0.913694
0.948753
1.12484
0.979218
1.0603
0.97921
1.21523
1.49806
0.869529
1.29022
1.19686
1.23326
1.12946
1.02575
1.14153
1.16463
0.763439
1.25821
0.858987
1.40351
1.49659
0.76948
1.30971
1.19924
1.22692
0.960371
1.08668
1.12668
1.17153
2.11215
0.719755
1.7551
1.65816
accuracy: 0.991000
