0.067792
0.239502
0.299291
0.38896
0.527009
0.55646
0.607983
0.634517
0.72603
0.740907
0.925545
0.717342
0.554233
0.876891
0.979479
0.709729
0.949892
0.865473
0.936279
0.884402
0.936308
0.852693
0.808219
0.683715
1.13978
0.644805
1.07501
0.947006
1.00315
0.681138
1.14542
1.01908
1.10576
0.985491
1.07669
1.02164
1.1829
1.31421
0.973696
1.06835
1.20646
1.17506
1.13906
0.825898
1.06167
1.05982
0.790325
1.22185
0.914351
1.26217
1.35284
1.05669
1.22654
1.04815
1.12583
0.993712
1.06149
1.15084
1.07216
1.59487
1.15521
1.30879
1.38912
accuracy: 0.994000
